  0.00000009450711510  0.00000009628193239  0.00000009845784794  0.00000010023965261
  0.00000010207302414  0.00000010407588881  0.00000010610935335  0.00000010816669430
  0.00000011021447545  0.00000011223308213  0.00000011432857275  0.00000011663604223
  0.00000011914792698  0.00000012164224528  0.00000012415731847  0.00000012681589707
  0.00000012955759555  0.00000013232425535  0.00000013509414905  0.00000013797324613
  0.00000014096370067  0.00000014410241295  0.00000014736306848  0.00000015077607024
  0.00000015444670331  0.00000015834383324  0.00000016220832259  0.00000016610727693
  0.00000017007865712  0.00000017434547486  0.00000017877509411  0.00000018328071985
  0.00000018799168992  0.00000019279984608  0.00000019769472864  0.00000020319495991
  0.00000020929011416  0.00000021537005441  0.00000022127306070  0.00000022724667573
  0.00000023317423667  0.00000023941877990  0.00000024625059166  0.00000025364632220
  0.00000026147927054  0.00000026968030034  0.00000027787004423  0.00000028645753989
  0.00000029572236743  0.00000030593732000  0.00000031669067921  0.00000032744959502
  0.00000033830036268  0.00000034960224135  0.00000036154765362  0.00000037419963782
  0.00000038744958665  0.00000040103928878  0.00000041555123153  0.00000043091885858
  0.00000044752064211  0.00000046562772231  0.00000048420797150  0.00000050356772727
  0.00000052441826318  0.00000054687222965  0.00000056998041277  0.00000059427067839
  0.00000061945676788  0.00000064970638413  0.00000068117130605  0.00000071410747295
  0.00000074920655742  0.00000078788262006  0.00000083067322134  0.00000087509854522
  0.00000092558567168  0.00000098604984601  0.00000104828600524  0.00000111732892026
  0.00000119648136925  0.00000128516300394  0.00000138490163642  0.00000149701709191
  0.00000162555532526  0.00000177271765095  0.00000194610292589  0.00000215951473692
  0.00000243991656682  0.00000282323178101  0.00000334974809075  0.00000416667285513
  0.00000565950253925  0.00001283481091985  0.00015335781988243  1.00000000000000000
  0.00000008504485833  0.00000017490126127  0.00000023443576692  0.00000028697995585
  0.00000033861140250  0.00000039046240705  0.00000044265181442  0.00000049569162189
  0.00000055092688356  0.00000060783951905  0.00000066640478558  0.00000072626824002
  0.00000079096694762  0.00000086021377117  0.00000093128035615  0.00000100412140666
  0.00000107962231839  0.00000116063297518  0.00000124670291851  0.00000133277626192
  0.00000142392906292  0.00000151485856764  0.00000160898226460  0.00000170804548173
  0.00000180673856718  0.00000191103847784  0.00000201889598091  0.00000212923790408
  0.00000223794355353  0.00000235314508265  0.00000247757997965  0.00000260770195799
  0.00000274017739630  0.00000287581864746  0.00000301457072785  0.00000315863832413
  0.00000330898999270  0.00000346595870031  0.00000363733525979  0.00000381019784680
  0.00000398455941787  0.00000416616961961  0.00000435570547444  0.00000455254483548
  0.00000475814603895  0.00000497418773708  0.00000519884675354  0.00000542859826135
  0.00000565679099793  0.00000588894065100  0.00000613442758913  0.00000638742379798
  0.00000664038654290  0.00000689693143725  0.00000718458977923  0.00000748939240529
  0.00000780179276667  0.00000812054486616  0.00000844270915495  0.00000879489681583
  0.00000915838353414  0.00000952401465069  0.00000989518858286  0.00001028151540541
  0.00001069675273278  0.00001114501227721  0.00001161554042472  0.00001210489162128
  0.00001262629024421  0.00001319624084739  0.00001379857991231  0.00001440143795656
  0.00001503346369007  0.00001572456691496  0.00001645963062150  0.00001721280634383
  0.00001798923704343  0.00001879938080997  0.00001971402481840  0.00002065164086321
  0.00002167457169957  0.00002280198947184  0.00002404798265141  0.00002540549871879
  0.00002691245270341  0.00002866662799202  0.00003072518555300  0.00003313006860342
  0.00003611375241678  0.00004039307448911  0.00004709577601070  0.00005680041465838
  0.00006767010038235  0.00008197341391413  0.00239446144490328  1.00000000000000000
 -0.00277857969266418  0.01053568276202857  0.02198498104064641  0.03383320820301421
  0.04531253444024869  0.05640245686633761  0.06734082300850396  0.07850535329359459
  0.08984717707961698  0.10109413222303416  0.11241025838598440  0.12381634895394948
  0.13461629161423513  0.14496899970669927  0.15555087752474148  0.16625130603028707
  0.17712433116018531  0.18744852755632777  0.19784706516724160  0.20858283191993934
  0.21942244583189635  0.23030868348338931  0.24101425545318317  0.25162593887272111
  0.26171114424794584  0.27156479471101175  0.28130471341864705  0.29129114898968000
  0.30111775263797674  0.31069242228493571  0.32041079433717068  0.33010805843501523
  0.33976671659312313  0.34916112700273999  0.35880433696354314  0.36889625934548526
  0.37892965511929994  0.38882394223746491  0.39893043732721251  0.40947058987000989
  0.41978222820550776  0.42972897515911046  0.43964224818009789  0.44966623645777193
  0.46000579109641049  0.47037708422006713  0.48100593134404518  0.49158829931953230
  0.50202206080721079  0.51254492530359397  0.52290498585221523  0.53324979749113066
  0.54342191808859208  0.55365436670484480  0.56428818387736279  0.57478955394120468
  0.58522633033233817  0.59557742029231209  0.60611634917929225  0.61701285490434754
  0.62773507946634155  0.63830944643839782  0.64857240558992590  0.65864145248688566
  0.66867225037450972  0.67879184080353583  0.68913380724615592  0.69966334417018983
  0.71030030476530381  0.72092347809686819  0.73164868462305632  0.74258922431110896
  0.75326488427826044  0.76363046849934313  0.77409143742769393  0.78477816365637876
  0.79533833314917390  0.80576196129208699  0.81624033937728113  0.82710768514574706
  0.83797610178525506  0.84896482228962611  0.86011363970519550  0.87156430597973444
  0.88299206704216071  0.89394662048845996  0.90437579133543922  0.91501895496558316
  0.92616352628610665  0.93730632824042348  0.94817121551944339  0.95866750460877836
  0.96913375134089108  0.97953087011309148  0.98977714733351385  1.00000000000000000
 -0.00261505540776930  0.00972657629344959  0.02021091917156826  0.03108724110045271
  0.04166094453875514  0.05176369834482462  0.06155298776659442  0.07178413897451005
  0.08199516764892135  0.09258219125562327  0.10307628044857280  0.11402003473083591
  0.12458292609307245  0.13504825761025707  0.14578671661317869  0.15704760896318326
  0.16841715294101772  0.17943086883324144  0.19065954639581700  0.20144746955714005
  0.21210414644695247  0.22306189938511506  0.23333858370618032  0.24304427207948803
  0.25270412961807254  0.26246932604318662  0.27218192302887667  0.28169609178311300
  0.29145496733703580  0.30218579628524694  0.31308929363072652  0.32357095741651115
  0.33387197947814073  0.34393026680936956  0.35423784095835881  0.36483248189187989
  0.37559010245749508  0.38641329065172925  0.39717859261718280  0.40829477710237405
  0.41946737809543588  0.43040166261337159  0.44130222850699319  0.45218868637128379
  0.46300924340847011  0.47332844696826060  0.48394169912030993  0.49489346390460381
  0.50594988794988549  0.51655817632002410  0.52652921758260218  0.53623957752641749
  0.54629234890100453  0.55649715368594144  0.56658868045646715  0.57664450402861256
  0.58689132909488728  0.59772383115168470  0.60822161929535123  0.61825638434126862
  0.62833675370628361  0.63858771028067840  0.64897894004656742  0.65975279639194928
  0.67064667935206745  0.68189554535714103  0.69348016594481565  0.70483291721258345
  0.71620688406782906  0.72709992099821441  0.73782821564728518  0.74826247893153008
  0.75876139920214192  0.76918423811647918  0.77972722075588197  0.79033518141615744
  0.80067928654271958  0.81131358250293961  0.82208270827004837  0.83292243260784515
  0.84327064800570850  0.85310447394116684  0.86287455079718312  0.87291929731892681
  0.88330464919595408  0.89427359108366666  0.90530583316405300  0.91654777960675149
  0.92767120738698128  0.93897670962628987  0.94915144995169398  0.95962512201708916
  0.96966057496512525  0.98010136299509276  0.99017431236848763  1.00000000000000000
 -0.00217804791894631  0.00848289023589520  0.01725262213985568  0.02665160477256812
  0.03577728159323559  0.04450137373981113  0.05297556380761821  0.06137596314414019
  0.06997466336771557  0.07892846155520135  0.08784816276195211  0.09746160361933628
  0.10690261706773220  0.11702398148063792  0.12697682698013923  0.13752190875508569
  0.14764116041933792  0.15792762846424840  0.16798920386211605  0.17837349813649830
  0.18875429836971808  0.19943094516809151  0.21000675349639197  0.22051280080037297
  0.23117721767180871  0.24205563112163744  0.25344990730556227  0.26501794343110846
  0.27663030557534196  0.28773037106131072  0.29872898268742554  0.30965376062124522
  0.32048969389735121  0.33127478964856555  0.34206342518514049  0.35309233231149989
  0.36446265470364703  0.37587444671072440  0.38689936107237810  0.39784926195303461
  0.40887353262758958  0.41974938564190395  0.43072542272676573  0.44120974461892259
  0.45105878460890159  0.46113448321603928  0.47134558050362513  0.48265824320944795
  0.49384600670964468  0.50541064201058961  0.51712606112290682  0.52890481778289111
  0.54069498640770119  0.55234931570153523  0.56411966939321478  0.57563336353025119
  0.58725341869385694  0.59876101214786692  0.61084711751367082  0.62284708224321994
  0.63454840966193049  0.64587738759851987  0.65708758800931377  0.66841762182835729
  0.67949849463362200  0.69060904291542891  0.70180516892601219  0.71317723391643928
  0.72451879654185813  0.73593547398669223  0.74734181822435342  0.75847066598956170
  0.76929577283504169  0.78002030314797166  0.79065199666657338  0.80071941879740882
  0.81066794648688123  0.82034249032613138  0.83006455997103845  0.83978108085477376
  0.84993316298950561  0.86046804514418584  0.87124752966942520  0.88180076381203087
  0.89191266867517349  0.90186586268464786  0.91162964416509040  0.92167529832730921
  0.93153722461810085  0.94153048214888180  0.95156789678804343  0.96167827302973885
  0.97176908401467654  0.98117477722089308  0.99074744609927845  1.00000000000000000
 -0.00234480534208217  0.00903433193945980  0.01870199822886645  0.02899107794122122
  0.03956553003660693  0.05005535978666347  0.06051734607800736  0.07138829702569748
  0.08255530211246936  0.09343293263123349  0.10401260627749345  0.11463834559998651
  0.12570530026264720  0.13701709228219414  0.14786029277885629  0.15810615273785925
  0.16845203833485020  0.17891058562039366  0.18937033139331200  0.19944185338851608
  0.20975870220840542  0.22027771437513433  0.23090613255205711  0.24127775944755203
  0.25152884751522658  0.26185601577315237  0.27196193026989945  0.28174778159638186
  0.29137967970775269  0.30062142460979963  0.30992479971101794  0.31969308767957028
  0.32942885918744474  0.33962995973533872  0.35049331683377688  0.36135966846420653
  0.37176548771593126  0.38212841667199354  0.39307739910460726  0.40368166009025253
  0.41421877535280854  0.42472395869686097  0.43547115278346721  0.44670049118806299
  0.45794827498150442  0.46926340234922642  0.48042017841150214  0.49155655661031994
  0.50265651391807520  0.51315983384422281  0.52354160898513280  0.53369137791973920
  0.54401836885847810  0.55429829439083211  0.56453573712037741  0.57459066345594045
  0.58449981097681636  0.59422642251790614  0.60386240120882073  0.61384469102958306
  0.62389323784344519  0.63375872054481086  0.64357943782097604  0.65340531635248578
  0.66354422835857774  0.67397230259402019  0.68479578294415533  0.69579693306004187
  0.70663076813950032  0.71733800527306113  0.72800669968039300  0.73891786516688052
  0.74986200054654373  0.76066142861863140  0.77139195870474908  0.78177647959350793
  0.79210464118523227  0.80257348170227849  0.81335452228963778  0.82452731428557480
  0.83570241598838568  0.84705583832068143  0.85810968535820087  0.86899004597339535
  0.88013941835332232  0.89151290408352357  0.90247782300230028  0.91269472066178947
  0.92279373606397164  0.93342226522006888  0.94433371048224435  0.95520287421953243
  0.96599484243548983  0.97704283816922954  0.98830850063041065  1.00000000000000000
 -0.00175552133362499  0.00670774212881227  0.01435626774990798  0.02230000624599298
  0.03054516337955339  0.03909665889579474  0.04798056814256173  0.05724684941561341
  0.06683852655859691  0.07667954273639030  0.08642082277417845  0.09591520445194722
  0.10530770305649276  0.11479981029249919  0.12435050009786364  0.13383797832588032
  0.14339684718066620  0.15305566662661108  0.16295269036485141  0.17305550035050182
  0.18314664690640770  0.19325402657957230  0.20338570479007051  0.21379300210995433
  0.22461516288823882  0.23570482974209372  0.24696448292004128  0.25836871091033498
  0.26980495813778782  0.28130980408477824  0.29301159642456931  0.30485811170418081
  0.31651522834745416  0.32794411275824265  0.33967600900632722  0.35171987197610793
  0.36392178253147678  0.37640292974898470  0.38900182937650729  0.40158810811911760
  0.41423826846714529  0.42741998830619238  0.44057836972760250  0.45313051368762874
  0.46546495754233402  0.47763661486354170  0.48937087388424100  0.50053374081385482
  0.51223905843929218  0.52367990651457608  0.53500351577258998  0.54674343204919817
  0.55919167104048517  0.57160779505167225  0.58347760534398463  0.59497002119521836
  0.60675861780542095  0.61909672033631991  0.63155463330086326  0.64371541010275724
  0.65553791855112786  0.66719654640771964  0.67885365001627107  0.69042541234680355
  0.70186521554539161  0.71325111971847766  0.72462490652639366  0.73554071957801370
  0.74590114036339539  0.75627140676776350  0.76687995545774301  0.77773824856627161
  0.78863927404984868  0.79962379775182690  0.81058296497564419  0.82128186035891571
  0.83165119489826167  0.84184953667996965  0.85185953448316865  0.86182624055001711
  0.87162455468591338  0.88160346501770370  0.89147995931351565  0.90095784036872528
  0.90987989321153340  0.91861547150167100  0.92716297851886376  0.93596383657723703
  0.94414334352492690  0.95217945721773156  0.96015851418058917  0.96809690746305099
  0.97608006705560635  0.98390347933758204  0.99224190371728749  1.00000000000000000
 -0.00283940457950814  0.01052947276241290  0.02121137473255515  0.03174106679781634
  0.04204603236733104  0.05275602646119321  0.06345811318951067  0.07462824947054640
  0.08552831723474850  0.09601509550643492  0.10619614638501806  0.11657208364286684
  0.12698573964208495  0.13724935019767201  0.14772948959402857  0.15848000459773154
  0.16933271160524352  0.17954773112424760  0.18982981166440394  0.20049069370368416
  0.21105729622811711  0.22108476794022297  0.23137467259327082  0.24247767393694647
  0.25382595958695986  0.26457976302364600  0.27541106906187518  0.28646031932047084
  0.29711272560655966  0.30697691786445258  0.31660644488047396  0.32652529894459992
  0.33688910749113016  0.34717680302470877  0.35741293397611601  0.36785967850596757
  0.37888655036267810  0.39002835690622567  0.40083279709114306  0.41130916165995945
  0.42204563584431054  0.43289935227445309  0.44370024951339959  0.45446397270988959
  0.46540135683570455  0.47629331374785666  0.48697875831814580  0.49787674157772716
  0.50901517753824987  0.52036129606820902  0.53126920535611544  0.54136780649336158
  0.55143473789798592  0.56111873656712019  0.57139124223743742  0.58156291739332622
  0.59207740654060736  0.60252805601353321  0.61324736160204507  0.62407942493867086
  0.63514806412627467  0.64627002965571212  0.65714134567464288  0.66775642288360615
  0.67850559624347129  0.68916514733168999  0.69981819447278670  0.71028439457348136
  0.72078990136780730  0.73112732386804424  0.74133265594494435  0.75189948386889172
  0.76270077463680674  0.77272900612012096  0.78235570662527443  0.79180225170237217
  0.80162739160212904  0.81144350073623239  0.82151427602145422  0.83163893245566278
  0.84186508359191925  0.85245799999400151  0.86320730536982282  0.87390394142208694
  0.88448827510928996  0.89485387927057225  0.90515683349917886  0.91497305432142151
  0.92536857512210779  0.93570293450666275  0.94661841866421326  0.95755162882723643
  0.96817518142882941  0.97886747884845260  0.98924206810447413  1.00000000000000000
 -0.00317741158588753  0.01353668532770307  0.02542303432225556  0.03570829864990395
  0.04554164906035989  0.05580074180046663  0.06665387729605607  0.07735890442007085
  0.08765692220659710  0.09831112186050531  0.10916263871085015  0.12055230206648757
  0.13137441681430809  0.14187239024564591  0.15223968139213762  0.16265415741488018
  0.17300324462307315  0.18312402437302550  0.19341227517508694  0.20405578885888409
  0.21484495977065821  0.22583155770353069  0.23690845240957509  0.24739518174093614
  0.25769134943302474  0.26727701815001198  0.27772950519181938  0.28815108695030295
  0.29901574981720491  0.31010382149728660  0.32144617189763242  0.33229471344881029
  0.34246517122018449  0.35255615687475689  0.36280269096680595  0.37312864136223384
  0.38344717751132518  0.39386185604766732  0.40438637378080938  0.41483372091087001
  0.42498917440086958  0.43490153231124945  0.44514750337200298  0.45557289043029181
  0.46624718935434895  0.47698076016564334  0.48798357229042694  0.49924657267814510
  0.51012149070084933  0.52071159606006401  0.53114656814684125  0.54165960881555197
  0.55217714197454348  0.56267788301028465  0.57303355660984323  0.58356079034087827
  0.59440640279913148  0.60529977380925382  0.61607058726295660  0.62653954853574534
  0.63758046821588699  0.64838787321795355  0.65931889924361076  0.66975168620930881
  0.68000711436559835  0.69008661216258671  0.70056678321376742  0.71121804554738843
  0.72250467522634321  0.73335259540910669  0.74410145009240880  0.75487052859589998
  0.76559441903755288  0.77637741309507136  0.78728789699440638  0.79807867336183880
  0.80895666066547245  0.81979311169694036  0.83039723349717776  0.84015566969693090
  0.84944746691377249  0.85916458357579573  0.86897128012567237  0.87859824528348851
  0.88799884350063174  0.89748253010488988  0.90708204711115337  0.91656040825378515
  0.92637950686253745  0.93677556524265271  0.94769474869698045  0.95850909967166154
  0.96893980521296474  0.97907081026216880  0.98931599095265099  1.00000000000000000
 -0.02632652557198395  0.13090595475712252  0.17796517751045210  0.21087926035525620
  0.23707604692807183  0.25984018116163377  0.27968976414621310  0.29764397460163911
  0.31449140538016712  0.33012100728590810  0.34465439915402968  0.35821735795987264
  0.37122339930908721  0.38351682278069193  0.39562702033455571  0.40737444566109621
  0.41903366673449061  0.43015601019441213  0.44107883210531146  0.45226689217881122
  0.46298573128406889  0.47302482217098590  0.48264668786321402  0.49184588803068446
  0.50135493619717209  0.51117795829442181  0.52075707235895996  0.52985135750171719
  0.53864423168722242  0.54752282536918073  0.55662987357390781  0.56561621378037463
  0.57442914683529989  0.58305234053285226  0.59132842063638169  0.59945717656405895
  0.60732490341539258  0.61507933922526481  0.62291349230258231  0.63024749706917804
  0.63733219763267335  0.64415762164781631  0.65085542111805561  0.65730557844993420
  0.66395294191857324  0.67063572112275660  0.67704385616662843  0.68330293373809636
  0.68958350693115589  0.69575650831830460  0.70191519900145405  0.70761117454039735
  0.71303958824949720  0.71826376801347680  0.72347729473002387  0.72886971369554221
  0.73427191373550438  0.73952478514199083  0.74468805284693707  0.74969412762485510
  0.75465489708095845  0.75960039239933119  0.76460047709982026  0.76957103367507806
  0.77444235266789874  0.77920242772800730  0.78388415245010046  0.78853139415978224
  0.79319778073851499  0.79786218668231823  0.80250994374341467  0.80701337031626486
  0.81147663894321154  0.81596848896919272  0.82049113821463926  0.82511871701539874
  0.82992803300022289  0.83505322595395015  0.84000050323598252  0.84498860968386069
  0.85001096087198502  0.85498379295515525  0.86002629715388978  0.86508195794111398
  0.87027704819205676  0.87564108010342590  0.88119500909119863  0.88694160138709732
  0.89297964029598598  0.89958181006940152  0.90693382654250410  0.91502149263713728
  0.92439127408159794  0.93607885581975969  0.95531483776961035  1.00000000000000000
   3.0172067423646406E-008  -1.0000000000000000     
 T T T T T F F F T F F T T T T T F F F F F F F F F F F F F F F F F F F F F F F F F F F F T F F F T T T T T F F T T F F T T T T T T T T T T F F F T F F T T T T T F F F F F F F F F F F F F F F F F F F F F F F F F F F F T F F F T T T T T F F T T F F T T T T T
  <DiscreteSampler_grid>
  grouped_processes
  1 # 1 for a reference and 2 for a running grid.
  10 # Attribute 'min_bin_probing_points' of the grid.
  1 # Attribute 'grid_mode' of the grid. 1=='default',2=='initialization'
  0.0000000000000000 # Attribute 'small_contrib_threshold' of the grid.
  0.5000000000000000 # Attribute 'damping_power' of the grid.
 # binID   n_entries weight   weight_sqr   abs_weight
    10   10   3.925526780625511E+001   1.425428860752026E+004   3.925526780625511E+001
    11   10   3.925526780624692E+001   1.425428860752033E+004   3.925526780624692E+001
    16   10   4.584414000150861E+001   1.976628423195854E+004   4.584414000150861E+001
    17   10   4.584414000150156E+001   1.976628423195864E+004   4.584414000150156E+001
  </DiscreteSampler_grid>
