  0.00191672924929641  0.00194696794183829  0.00198717474114271  0.00202582831603882
  0.00206441479723743  0.00210478307485650  0.00214684107524841  0.00218959976654313
  0.00223382268915062  0.00228235577308741  0.00233057366776326  0.00238117888540943
  0.00243430992649512  0.00248944318360839  0.00254559390558454  0.00260347245029661
  0.00266383212264089  0.00272496946779024  0.00278660160280613  0.00285163412906493
  0.00291750630875333  0.00298316205691089  0.00305268734433625  0.00312615434564706
  0.00320368191764537  0.00328556927635711  0.00337056051253296  0.00345837472982224
  0.00354685478249805  0.00363810790524166  0.00373406449320792  0.00383314279518185
  0.00393372190334518  0.00403689714321821  0.00414353847565240  0.00425436334977637
  0.00437470571695832  0.00449566690708950  0.00461945082254830  0.00474814069309428
  0.00487786118708671  0.00501780883097419  0.00517158855694322  0.00533215692435845
  0.00549428843271117  0.00565416038166209  0.00581824903378142  0.00598632047490846
  0.00615855987144184  0.00633912317226111  0.00653476297325788  0.00674721103067715
  0.00697147494345907  0.00720839134187143  0.00745433519593970  0.00771015442685044
  0.00797598260769683  0.00825464482296853  0.00854991672220396  0.00886238853918526
  0.00918997733506295  0.00953626173020335  0.00991915034725518  0.01033454426784166
  0.01076894974566376  0.01123299121410245  0.01172040816124260  0.01222757000004305
  0.01276041094639486  0.01332782731397149  0.01392093457658631  0.01454856985507003
  0.01524003739022893  0.01598967954679955  0.01680568820142296  0.01771470069471808
  0.01871440762375978  0.01979712242986166  0.02098035709578636  0.02225432663519954
  0.02366624093907086  0.02525331965894667  0.02704415203424986  0.02904729911399652
  0.03132621849757352  0.03399155158179346  0.03710294282758248  0.04070438396387784
  0.04502442962321476  0.05056320896492127  0.05766722599720941  0.06756752555922341
  0.08197703499868468  0.10675566209530861  0.18177026842793870  1.00000000000000000
  0.00190421833924615  0.00344855798576381  0.00448991574464630  0.00545779832037604
  0.00634997372875392  0.00725411965305829  0.00818122211120922  0.00913186107250752
  0.01009761100073773  0.01113021636027360  0.01221330833215943  0.01330288259440265
  0.01440885824042433  0.01558475594649219  0.01677514584631165  0.01802949489921840
  0.01936011546229435  0.02075859159647937  0.02216836751852711  0.02357022387073125
  0.02499787034787649  0.02648001169686217  0.02803948322974498  0.02971363498260539
  0.03147655695780568  0.03330390905275838  0.03522275533324808  0.03719056742174462
  0.03925853875327638  0.04135587071880086  0.04356184651481166  0.04582103969097633
  0.04810490580885822  0.05043090651569779  0.05277686781716885  0.05521391105906968
  0.05778715930389376  0.06052604570138546  0.06337446728842593  0.06635067475802270
  0.06944294541739106  0.07262484034510390  0.07585240744396757  0.07919172998358390
  0.08270137420535713  0.08635890095853527  0.09015780172497842  0.09405910936051239
  0.09804508391189863  0.10208483361362987  0.10621449829373628  0.11054732061564633
  0.11518502810934657  0.12016455606821896  0.12542871784508916  0.13081921445478650
  0.13622450793971566  0.14171733681626081  0.14735184025229764  0.15312293625413326
  0.15942811032014623  0.16593886864996524  0.17276448783566811  0.17982813097430364
  0.18713969410956152  0.19462429697554917  0.20238927128056064  0.21062892667603797
  0.21939028314781905  0.22874871589951695  0.23899659115976243  0.24914905824901995
  0.25978363622687206  0.27063224707361405  0.28183051639570345  0.29351543776818373
  0.30572138985145558  0.31843774032193933  0.33172358774098493  0.34630226095622507
  0.36158434556552088  0.37767402205721667  0.39463411038551194  0.41267576224247776
  0.43214654007066433  0.45353931973719630  0.47722421780735597  0.50355679005894327
  0.53312067229858084  0.56624517178549549  0.60251587352791913  0.64309804762963907
  0.68886787953750750  0.74856901630895667  0.84047846074664256  1.00000000000000000
 -0.00249388091078369  0.00962977085933799  0.02003106662093402  0.03069828867464540
  0.04169894717043778  0.05224829005284477  0.06235787404503207  0.07217080204089214
  0.08202890171121754  0.09205975616613916  0.10239027240605419  0.11282514208530567
  0.12333891226193348  0.13399260960299531  0.14463487117265370  0.15535126278284059
  0.16589304995575654  0.17623197271988114  0.18664358227624950  0.19701591334013382
  0.20724901892641115  0.21759630955760470  0.22806880082076550  0.23888309589997950
  0.24973387521113277  0.26075761973941103  0.27196981899532124  0.28322409325497538
  0.29441676599707417  0.30522308746614502  0.31568547386278895  0.32607289613000284
  0.33647023575766621  0.34698952674557171  0.35737711198272798  0.36760047606850660
  0.37785579486056636  0.38832645836121432  0.39910999709684419  0.40990508486266264
  0.42074078117154273  0.43176331120456080  0.44254704251009591  0.45315060947999941
  0.46368562549616538  0.47399763036148873  0.48422741950153186  0.49433026176979383
  0.50427148082087592  0.51417416451493281  0.52409292133812979  0.53454973813215889
  0.54516387474916339  0.55577668925595614  0.56624196482416800  0.57643940477985056
  0.58650562912510562  0.59653465972143671  0.60667231760619533  0.61709118480085756
  0.62698866252535190  0.63738524386597173  0.64776911040861329  0.65892841442967520
  0.67005571678438924  0.68210726667887245  0.69350806073769533  0.70480105791143288
  0.71498497831702001  0.72567254143646232  0.73585200754432567  0.74613748116682233
  0.75642553856753925  0.76687722777954170  0.77735587735960721  0.78785651006409729
  0.79866793693774840  0.80949444856755270  0.82046128044551481  0.83051025897433284
  0.84138454625474068  0.85194592766597732  0.86333317647664476  0.87351988920706436
  0.88373913925533287  0.89406840355777861  0.90494545852346853  0.91578793084685728
  0.92670674023326827  0.93770201694456734  0.94866471787392426  0.95964722386545465
  0.97064260041462291  0.98113444647407710  0.99074071031925814  1.00000000000000000
 -0.00237393705951738  0.00923555137733320  0.01914642210832975  0.02952028223169476
  0.03960780565409187  0.04953035473234626  0.05896028124350967  0.06898097205562037
  0.07917679330369581  0.09002268891894309  0.10082205471617718  0.11145839568535036
  0.12241546149303653  0.13323380829995599  0.14415788666215212  0.15469820693747979
  0.16525742569226040  0.17587897353276144  0.18692868024310783  0.19766276058536225
  0.20836216698335841  0.21883829669816557  0.22915561810850332  0.23936469203372146
  0.24982691827214443  0.26075624948631976  0.27156190705489985  0.28206214194202894
  0.29273539935339948  0.30352053666511197  0.31404008626651725  0.32438280716297996
  0.33461362022028002  0.34488848204605266  0.35475468693696716  0.36472933852513728
  0.37512429246188533  0.38584227612296851  0.39650427782183434  0.40693746793603386
  0.41731432558785286  0.42778501261981361  0.43818928989190981  0.44876199823107232
  0.45934940077492370  0.46975604093479179  0.47988628597498018  0.48994852954892665
  0.50024449663570048  0.51088458569318607  0.52169751146986543  0.53245722567123555
  0.54306337973130137  0.55371509742932823  0.56441726604717912  0.57504159872742655
  0.58557904263296001  0.59599621900901834  0.60635480200693292  0.61680856361024627
  0.62736306400156927  0.63793156060949452  0.64837807169367523  0.65876044045019522
  0.66937274093357801  0.68021251540852290  0.69108995360057057  0.70189390125286055
  0.71268515560298251  0.72329776887371600  0.73367494126705013  0.74381708371787514
  0.75402100252158821  0.76426231751650464  0.77454690410181259  0.78508433231713093
  0.79581376562234674  0.80672956912487270  0.81769479320932337  0.82839847812481537
  0.83877927375028138  0.84902497123892706  0.85952567391705914  0.87037573967318638
  0.88128323066609671  0.89188351365624263  0.90252963606667924  0.91327974682019886
  0.92436055896200631  0.93547708408393426  0.94639902768362461  0.95712060200166815
  0.96756040053177228  0.97824816582888929  0.98904588993371734  1.00000000000000000
 -0.00253582762307219  0.00971536996892146  0.01965113358099005  0.02916680759742160
  0.03900362320842969  0.04966791201357605  0.06034557981827194  0.07056875072973887
  0.08058709858036388  0.09076983312009666  0.10125248554997553  0.11184926202500578
  0.12279341460597830  0.13379136048228235  0.14460639021412014  0.15498934688660906
  0.16555796733859321  0.17649028819685900  0.18755801932173111  0.19825360092158190
  0.20866946764853947  0.21927595880102346  0.23047176442321091  0.24181465393408724
  0.25260879702539252  0.26304328812891364  0.27328681200848132  0.28382284449325096
  0.29458592763113012  0.30556819865816792  0.31613675028388494  0.32640017984803299
  0.33627350332539846  0.34599206269215510  0.35565789045509666  0.36541780948182784
  0.37548460949151824  0.38537345799876882  0.39516918919928123  0.40558232847300740
  0.41669152402443815  0.42763849167552359  0.43839616392348857  0.44915604408017196
  0.46029239627605045  0.47079781935299420  0.48119191059026434  0.49138889265459856
  0.50200290815291537  0.51273907433181765  0.52351016747271861  0.53401169047238328
  0.54419145283811388  0.55465578114906366  0.56503209256969511  0.57529385040816861
  0.58529991226021560  0.59537887939241740  0.60567633681233624  0.61625175700896428
  0.62682156830007618  0.63724917496769107  0.64761593968641373  0.65809579694403497
  0.66880030685085878  0.67944984272148234  0.69004748091040857  0.70067339727373834
  0.71138347495157905  0.72215545916045942  0.73325833335313417  0.74453118386670514
  0.75564416434432058  0.76650852231382083  0.77743892103054968  0.78822670740774059
  0.79886384294662782  0.80976363500509230  0.82055899265245180  0.83154363014452848
  0.84239138378438760  0.85304657685242236  0.86343326157619316  0.87315902205618778
  0.88365794975432477  0.89439393657466992  0.90569284658348259  0.91686694000858082
  0.92801644354124657  0.93857116088051762  0.94886063121353870  0.95921039720167567
  0.96932644190648154  0.97955283119660930  0.98958050826676747  1.00000000000000000
 -0.00219992937463501  0.00867694913860426  0.01865472402075025  0.02952867720187323
  0.04005130581594111  0.05042250897465646  0.06112394470561161  0.07171601593429675
  0.08236777403986666  0.09261684700365810  0.10301980202352218  0.11304950975582585
  0.12331706273929860  0.13438109429401204  0.14549965989974023  0.15646728382309977
  0.16679193202263698  0.17656451524055608  0.18598455125792565  0.19545563399185717
  0.20530684630850357  0.21564753352803548  0.22597546438561003  0.23568781372958852
  0.24536281054626757  0.25549005830185356  0.26656401125738605  0.27737262325895146
  0.28812779219100787  0.29872665703982576  0.30986489922546401  0.32011533500597278
  0.33037549962553747  0.34079568980618347  0.35159275885006991  0.36235919918976689
  0.37270742949568125  0.38356130602170785  0.39437249805518193  0.40526056848142833
  0.41573550449345548  0.42624105551512248  0.43683872191900386  0.44757573941110596
  0.45838376828211908  0.46908293050083927  0.47947442925295802  0.48968835965696178
  0.49978731723245967  0.50978107715101384  0.52005519002025813  0.53081662674693719
  0.54221721216614982  0.55322857365133715  0.56410256299254935  0.57460761160124196
  0.58541400218817052  0.59636535835498439  0.60727441103530533  0.61771479532777074
  0.62782489188385016  0.63798459930108242  0.64823590679132148  0.65833998656728709
  0.66869917208220608  0.67926526286384026  0.68991568418078653  0.70053403638654066
  0.71108774300641531  0.72174889873817250  0.73215367070999926  0.74247737694865090
  0.75291553807821887  0.76377545108366030  0.77481854019673568  0.78583348973801337
  0.79684329683199739  0.80755379932073290  0.81793839691724035  0.82797843874931443
  0.83809717152512075  0.84816672669465965  0.85831901145669376  0.86852895475827829
  0.87898181119300978  0.88978289217813467  0.90087900648996322  0.91192558518402778
  0.92312382029156970  0.93406429850571615  0.94505911148402433  0.95591193705944377
  0.96695441802107984  0.97812661025130743  0.98904336618404765  1.00000000000000000
 -0.00222729561733036  0.00863196423430913  0.01864070564127238  0.02945711373207832
  0.04031790013801297  0.05061389108347367  0.06070917327686633  0.07053955784136132
  0.08056911792203307  0.09091371495038607  0.10190785034645392  0.11299247587931430
  0.12397614655452700  0.13503376123542041  0.14604925504026822  0.15654642487811388
  0.16689499870796648  0.17731675396917465  0.18789209799470735  0.19843456686692598
  0.20862038838883909  0.21947453151643850  0.23029975002786651  0.24059122520716031
  0.25067215828429917  0.26093470090012055  0.27144707570919518  0.28238577280873001
  0.29285706965548786  0.30354177830022411  0.31442456464938862  0.32533733154278022
  0.33588396846421770  0.34600697802815122  0.35620493343524151  0.36641899394704519
  0.37684372299500130  0.38722610697002136  0.39734943485263219  0.40751962871843134
  0.41790171480822774  0.42864943457046450  0.43919574960567304  0.45004571260595283
  0.46070426251455188  0.47138357672028736  0.48164264213675329  0.49199629625997848
  0.50238072144346335  0.51309723022019638  0.52373356060839615  0.53425531744133159
  0.54480720166421226  0.55559048097919217  0.56592614639640793  0.57606390242654226
  0.58583840986438085  0.59625097910800406  0.60658374835148188  0.61739606077301545
  0.62837489234272448  0.63921402770709768  0.64974076704384909  0.65993631330546154
  0.67006984892330890  0.68038922404623714  0.69090911132674349  0.70164238922931210
  0.71228999944262039  0.72276064583807664  0.73310526491843286  0.74352746567318151
  0.75403650535388766  0.76484587640992896  0.77554455064411743  0.78658123140516456
  0.79760721175968829  0.80866200598871973  0.81977524509542654  0.83027473051205547
  0.84086656543216354  0.85138489591100419  0.86193630517723230  0.87209251535044974
  0.88225348272073478  0.89253845499525142  0.90316923920861170  0.91390380592033504
  0.92472934167028353  0.93547892474899419  0.94616300853809931  0.95659488988645747
  0.96730050312672866  0.97806585071304575  0.98905748911497549  1.00000000000000000
 -0.00245315267357860  0.00976912037001089  0.02012440335214680  0.03100010998640610
  0.04157106585874511  0.05252380403355091  0.06362039059411752  0.07473550668747028
  0.08567874800980699  0.09622188919531519  0.10749444807943397  0.11792101855036477
  0.12814374866551514  0.13801754702400384  0.14819766033513768  0.15826017659988320
  0.16829841047329480  0.17792668912500573  0.18785024244555940  0.19739359159847783
  0.20684036189125254  0.21611587396328458  0.22574562622127439  0.23617632555724946
  0.24685869883532480  0.25734573323362331  0.26764604172601475  0.27817347012602667
  0.28899831928567493  0.29978496270541005  0.31073193943114935  0.32160553249049889
  0.33235949710350993  0.34276779752248215  0.35301419955168856  0.36330293449519685
  0.37365468868265422  0.38414551320682389  0.39473584978531989  0.40590983614686127
  0.41694461657844828  0.42784164991482948  0.43859378629156859  0.44922950605221212
  0.45970873683848501  0.46992219948329678  0.48014733948018612  0.49057189664598017
  0.50109083043231162  0.51193416526292501  0.52284426168751619  0.53330183684613108
  0.54370599777105533  0.55417566322169043  0.56495991148014801  0.57591355622943419
  0.58665911719004382  0.59771200588123319  0.60834860828134152  0.61894819727658013
  0.62921134924194966  0.63970259801234752  0.65044328383357586  0.66149226612830148
  0.67243718983993916  0.68282657196391572  0.69316397141289021  0.70370594918815488
  0.71462921670557600  0.72502109642324908  0.73566736235860886  0.74609223180625073
  0.75676263115337039  0.76688988902597466  0.77728632951477372  0.78758634105688108
  0.79792715759884869  0.80822820404265416  0.81872362886743166  0.82922467507867303
  0.83964734991071466  0.85011253930907038  0.86061201262943865  0.87109534275856271
  0.88160332068969183  0.89193198265387275  0.90245436577059790  0.91313785143805293
  0.92450219582559612  0.93563645526829864  0.94616047057043418  0.95655384768083085
  0.96702573373519962  0.97828943526971879  0.98902822236978905  1.00000000000000000
   4.1848653458504560E-012  -1.0000000000000000     
 T T T T T F F F T F F T T T T T T T T T T F F T T F F T T T T T T T T T T F F T F F F T T T T T F F F F F F F F F F F F F F F F F F F F F F F F F F F F F F F F F F F F F F F F F F F F F F F F
  <DiscreteSampler_grid>
  grouped_processes
  1 # 1 for a reference and 2 for a running grid.
  10 # Attribute 'min_bin_probing_points' of the grid.
  1 # Attribute 'grid_mode' of the grid. 1=='default',2=='initialization'
  0.0000000000000000 # Attribute 'small_contrib_threshold' of the grid.
  0.5000000000000000 # Attribute 'damping_power' of the grid.
 # binID   n_entries weight   weight_sqr   abs_weight
    10   10   4.091466906515657E+004   1.249050360365881E+010   4.091466906515657E+004
    16   10   4.077604824353597E+004   1.235798780860595E+010   4.077604824353597E+004
  </DiscreteSampler_grid>
