  0.00000009418112053  0.00000009631860070  0.00000009833770229  0.00000010010862564
  0.00000010201905927  0.00000010425917871  0.00000010665422741  0.00000010908324517
  0.00000011153614750  0.00000011410651057  0.00000011673491176  0.00000011939913060
  0.00000012206563320  0.00000012475535603  0.00000012751693391  0.00000013035215132
  0.00000013327917199  0.00000013626381371  0.00000013937560629  0.00000014286554383
  0.00000014646247914  0.00000015006175917  0.00000015370052631  0.00000015746253935
  0.00000016140977534  0.00000016552040994  0.00000016977709761  0.00000017423178017
  0.00000017881393817  0.00000018346354413  0.00000018821278288  0.00000019311428792
  0.00000019831204588  0.00000020368840223  0.00000020922123053  0.00000021480732158
  0.00000022063794000  0.00000022670501463  0.00000023280710741  0.00000023865979180
  0.00000024492947802  0.00000025169282211  0.00000025877767269  0.00000026623781970
  0.00000027392348704  0.00000028174301968  0.00000028978496210  0.00000029820813858
  0.00000030719906033  0.00000031651715630  0.00000032615464408  0.00000033620367976
  0.00000034666476161  0.00000035814833028  0.00000037038219742  0.00000038274221298
  0.00000039527995197  0.00000040823440518  0.00000042205121666  0.00000043687311747
  0.00000045253304741  0.00000046885072919  0.00000048567270335  0.00000050360083902
  0.00000052305736367  0.00000054364869627  0.00000056563854406  0.00000058868143368
  0.00000061354458608  0.00000064115048057  0.00000067137166803  0.00000070292958458
  0.00000073668521985  0.00000077382642630  0.00000081409686583  0.00000085647990030
  0.00000090313439784  0.00000095688505832  0.00000101662479258  0.00000108209562899
  0.00000115702929690  0.00000124041723873  0.00000133666752088  0.00000144892312440
  0.00000157579338558  0.00000173260989624  0.00000191121796723  0.00000213907864708
  0.00000241564580369  0.00000279473609179  0.00000331479979605  0.00000414657998688
  0.00000573654783519  0.00001302859420112  0.00084668110939940  1.00000000000000000
  0.00000027238362893  0.00000030471123261  0.00000034301583319  0.00000038127681456
  0.00000042032766194  0.00000046154816321  0.00000050336946450  0.00000054665039674
  0.00000059077410423  0.00000063875732196  0.00000069063311067  0.00000074439426581
  0.00000080148819649  0.00000086003162643  0.00000092045577629  0.00000098609444351
  0.00000105249508874  0.00000112049152986  0.00000119310895215  0.00000126527128990
  0.00000134255538217  0.00000142375439149  0.00000150543917856  0.00000159004302787
  0.00000168046688421  0.00000177495983273  0.00000187147406304  0.00000197172808223
  0.00000207719763163  0.00000218530753614  0.00000229627753488  0.00000241672609350
  0.00000254326800322  0.00000266884550950  0.00000279438630586  0.00000292955757224
  0.00000306733475195  0.00000320548998511  0.00000335080471834  0.00000350697322548
  0.00000367244135427  0.00000384537208686  0.00000402309841127  0.00000420856562193
  0.00000440714707237  0.00000460525189143  0.00000481552290414  0.00000504197977166
  0.00000528783416150  0.00000553051324046  0.00000577173633260  0.00000603292957491
  0.00000631094214072  0.00000659846789595  0.00000689568260275  0.00000721323400159
  0.00000754751631132  0.00000787814376203  0.00000820562196870  0.00000854700922290
  0.00000891800700810  0.00000931979006610  0.00000973819750398  0.00001016774077864
  0.00001062177291551  0.00001111149140339  0.00001162602314656  0.00001215253763998
  0.00001272691682428  0.00001334814328344  0.00001398376666384  0.00001464273069797
  0.00001535006240747  0.00001616738023438  0.00001706255406353  0.00001801585478454
  0.00001907109363092  0.00002020388357566  0.00002140556860426  0.00002274392043906
  0.00002424700699601  0.00002588442269358  0.00002776396623737  0.00002997087822620
  0.00003244887704017  0.00003567177606200  0.00003960557484633  0.00004622410734221
  0.00005505340305961  0.00006482079439306  0.00007597632275018  0.00008974754980193
  0.00010829201592353  0.00013744370598774  0.00253517972649471  1.00000000000000000
 -0.00281450329179431  0.01035012094764038  0.02163354380429984  0.03270549835902620
  0.04366253138737686  0.05425638582653039  0.06498628094836220  0.07607248223978877
  0.08749764492237408  0.09937334144837510  0.11114558595832193  0.12294039829493840
  0.13454552589308250  0.14578749677785474  0.15656746594662338  0.16743336044891080
  0.17818573722041722  0.18883367712689236  0.19929649750643189  0.21021958764099855
  0.22116622965171964  0.23234512968375107  0.24297923161593596  0.25337036386654482
  0.26357881260392307  0.27375174749704373  0.28378591833645084  0.29428152055630474
  0.30509779617268490  0.31614004004205548  0.32638511233429723  0.33659128124601012
  0.34661526313156749  0.35669034477792327  0.36678643941196770  0.37696359640226901
  0.38749728114387488  0.39791905718761655  0.40837252714135447  0.41865972033015209
  0.42875044557752734  0.43880202789680678  0.44896387044624375  0.45904858431229517
  0.46879935159994152  0.47860799833528678  0.48883686318776703  0.49917078354049732
  0.50928603615465995  0.51939578087299931  0.52983928324660423  0.54044021507635298
  0.55083336601482014  0.56116515163198499  0.57150588948735714  0.58160284302668219
  0.59162192244179712  0.60174466184239539  0.61222339610755794  0.62272361661554920
  0.63309799364916575  0.64344584378180969  0.65408965344268510  0.66503776974795215
  0.67577629497938174  0.68640847841976138  0.69678928463919876  0.70732701079023297
  0.71784265641272804  0.72862352951107756  0.73905293765010815  0.74928071451738909
  0.75842775405366514  0.76723465684405134  0.77694152301390074  0.78668342807406000
  0.79687804826980535  0.80689612930164600  0.81761841784096434  0.82825066413505977
  0.83905781950561287  0.84973021855148034  0.86069621596020718  0.87169021360331389
  0.88266576645984862  0.89315330402910620  0.90347830545544405  0.91390693532726175
  0.92442080162830087  0.93456402817901429  0.94474956024062839  0.95528532116255116
  0.96593827783290764  0.97687029685024929  0.98808251122966761  1.00000000000000000
 -0.00245136324489274  0.00937128398502475  0.01957397092907775  0.02972265574312136
  0.04020494080863813  0.05119172328344710  0.06220923002376756  0.07288268828240581
  0.08370292885477074  0.09455848573664274  0.10554445334566483  0.11620805953510395
  0.12696025395476451  0.13778396163493706  0.14821363874024424  0.15880122515304179
  0.16948967464446399  0.17997382699409259  0.19015395610145197  0.20038368395596534
  0.21122669297791366  0.22224140854745042  0.23307763652315713  0.24374683075907025
  0.25465002523527858  0.26544130472008926  0.27611994364255721  0.28620922688095957
  0.29610418257693022  0.30602135056836521  0.31657493525003078  0.32715136058860611
  0.33751145797391591  0.34723295737744037  0.35767389761454732  0.36844484076806061
  0.38023420936992525  0.39157274939100223  0.40278662907959129  0.41396322922631112
  0.42507284425991237  0.43583379319914289  0.44625457528403822  0.45611373737763700
  0.46617035812730306  0.47612490489548281  0.48649021564006928  0.49636143474502331
  0.50665666494440076  0.51675727687223227  0.52733422300033095  0.53734506541498139
  0.54781233798507722  0.55829429961166321  0.56926711551856257  0.57965001436798491
  0.59046333627816128  0.60087003171090936  0.61137808564233587  0.62182163507644939
  0.63260829441530164  0.64334396949100747  0.65389509073903929  0.66443334250969988
  0.67534044342625132  0.68625956035075353  0.69711090521736463  0.70777047705435869
  0.71857547591320337  0.72924538972327502  0.73975913247524294  0.75042001952994120
  0.76102218107633901  0.77162074227226785  0.78221676803576246  0.79280413113816661
  0.80359932021486657  0.81436366271358795  0.82504068380290851  0.83516506689129122
  0.84504289145400402  0.85464957723370316  0.86484414455097236  0.87505605137200959
  0.88577253794667954  0.89612323785848891  0.90687009172843169  0.91746423708418978
  0.92774049077650400  0.93777831604986783  0.94780776146811307  0.95778296043840871
  0.96800901249921378  0.97849910285023900  0.98930921202665567  1.00000000000000000
 -0.00200291301146456  0.00797339892959091  0.01698649499482863  0.02660954383224988
  0.03629069656774560  0.04603084113825549  0.05535622099418831  0.06532682697833114
  0.07504969074379496  0.08457857237875149  0.09406141504535712  0.10380891756037959
  0.11416594749761273  0.12472760992302595  0.13530847540056065  0.14613877942529285
  0.15684881247550825  0.16703601175588928  0.17683222849023966  0.18671848122768897
  0.19738376210748165  0.20819030105562333  0.21870776273672893  0.22918256967601980
  0.23991872507114817  0.25067861420278670  0.26098030044163040  0.27161189823901916
  0.28289507615848430  0.29460621524231745  0.30627174558038966  0.31755308196388216
  0.32888227380239177  0.34013153428545045  0.35121872231916829  0.36231722617223100
  0.37331104967812412  0.38397430696404472  0.39443428082087340  0.40517303032304675
  0.41611403727445828  0.42707564802672338  0.43789870611748755  0.44887850531309781
  0.46027086355471186  0.47073733533310169  0.48091996242599061  0.49126562001898899
  0.50237775664489215  0.51380787598370825  0.52541797022533199  0.53749999179035401
  0.54937852036247725  0.56089130529222131  0.57241367621191985  0.58375821214986956
  0.59505746896394662  0.60633612733082132  0.61815681168876813  0.62967843721063610
  0.64075641018218221  0.65146047921197769  0.66219594042085095  0.67331913426547496
  0.68443532311503219  0.69522269980199980  0.70599284647659566  0.71682877066507344
  0.72759716649632555  0.73820960595660823  0.74904787336494849  0.76036133685441953
  0.77151323354696766  0.78196725310497539  0.79187149459792439  0.80182172993279288
  0.81190453844368504  0.82219769308020729  0.83266404252783277  0.84321918958976205
  0.85374955745056691  0.86410900262529367  0.87446002195287498  0.88495236715010372
  0.89549088144356304  0.90598764503448748  0.91624834104407038  0.92608230508074385
  0.93540956569080169  0.94483128096619062  0.95434526484106952  0.96404082030946947
  0.97289052792537767  0.98176147781459555  0.99057914803248615  1.00000000000000000
 -0.00235968635788708  0.00902473373736279  0.01931381579807953  0.02980416227456999
  0.04032133140724463  0.05083150637109067  0.06141917232218608  0.07151759353675741
  0.08200478761595659  0.09266806687216930  0.10349177401586843  0.11441095631001685
  0.12504151938285754  0.13537143514816097  0.14622271115668578  0.15677184175259526
  0.16748064251322278  0.17811759311183636  0.18842455734173663  0.19874306839364403
  0.20903246342659712  0.21957058001496388  0.23033467885862263  0.24130377924446023
  0.25240888979254722  0.26351683864855541  0.27447903972996235  0.28516898599395341
  0.29581698949898072  0.30656653667522726  0.31718402268150658  0.32776271031675958
  0.33842083908668208  0.34962940682265886  0.36045649033647670  0.37087993246352091
  0.38074128524294010  0.39057757837658935  0.40054643642288146  0.41096752907788398
  0.42167585602949542  0.43269089325635379  0.44366937564836939  0.45448973781676588
  0.46520949373916504  0.47598774756752449  0.48697055518850457  0.49787353049773164
  0.50859452601070465  0.51897380063277121  0.52944446402891177  0.54007150975999318
  0.55076966354858647  0.56116445166343787  0.57122733055332076  0.58130454812725740
  0.59148346892271009  0.60196667977100971  0.61245912417234372  0.62277219139230278
  0.63291923725521859  0.64321938348927743  0.65339792074993752  0.66375801666873924
  0.67403047612652978  0.68415440960270812  0.69398061560183821  0.70408215169285482
  0.71458603040852164  0.72514236325050152  0.73557068836400374  0.74615701877519436
  0.75721960777795616  0.76818452102365209  0.77884385595593597  0.78923634779450402
  0.79961933376567229  0.81042040555785266  0.82105313830308713  0.83213228902632930
  0.84328540294612486  0.85422642736089927  0.86513170064551759  0.87567320960549211
  0.88566178814825292  0.89619487669207232  0.90671299288392193  0.91788187304518487
  0.92848767264018184  0.93909174416621732  0.94922600151600256  0.95907060798551103
  0.96863226525745738  0.97865560594146828  0.98916303940919914  1.00000000000000000
 -0.00170081171609010  0.00617719329232231  0.01373309357555828  0.02180402900620579
  0.03007333936522892  0.03846457719376357  0.04703767452462161  0.05585707481837559
  0.06495576204968935  0.07427619319457501  0.08354427622910614  0.09252754616282025
  0.10126932894857969  0.11007812695210450  0.11920148076210366  0.12840711535171484
  0.13745704157617347  0.14656013145853042  0.15608890952120708  0.16601566919053840
  0.17626401506854658  0.18673201969077152  0.19729773425560965  0.20786770718275813
  0.21849374727229864  0.22937235129344816  0.24042671441399888  0.25136581534253150
  0.26222833065669998  0.27339112979782931  0.28471348118917833  0.29607551374649005
  0.30765134204977179  0.31958781037696726  0.33126117414880529  0.34248034049240927
  0.35365329921576810  0.36539011817028916  0.37776630436421488  0.39046780591297009
  0.40298524029790650  0.41567503086244723  0.42848871978335523  0.44124091706576751
  0.45355589326008972  0.46590397914013915  0.47840730206626841  0.49108835386849103
  0.50366324915241756  0.51569411666562348  0.52739615135536710  0.53888797315736581
  0.55127218921294296  0.56354272647347992  0.57647110885823749  0.58902631020693197
  0.60140935137017293  0.61357672302139710  0.62562450746424525  0.63740862870262460
  0.64909996152568117  0.66088468441642301  0.67261810422138113  0.68418035311517800
  0.69568031458338841  0.70713671240400955  0.71863432133662997  0.72972288909607064
  0.74037726352048350  0.75128506014248353  0.76278265547413338  0.77433457784201309
  0.78558501486884524  0.79676150664538081  0.80767097421308642  0.81799853800788613
  0.82799420711053029  0.83805012004404666  0.84805134828716622  0.85789188108859826
  0.86749481212656121  0.87710547927543225  0.88686864996570824  0.89652848904845450
  0.90583145971603252  0.91460713903571444  0.92327354538393713  0.93202672241600304
  0.94095979967981525  0.94972008670008834  0.95820407826499188  0.96660795467053395
  0.97502416237131750  0.98359296013519726  0.99166677153201910  1.00000000000000000
 -0.00218420049841805  0.00864944367452923  0.01858402862576810  0.02920126518952974
  0.03952589762064403  0.05006938484860516  0.06067743465902317  0.07121940976773347
  0.08178683404849135  0.09210111972791457  0.10250939190611977  0.11273816628769096
  0.12331121380243255  0.13409806160754628  0.14471971503934214  0.15489747847664029
  0.16493545148091776  0.17563450276766421  0.18678984122490125  0.19792747166229582
  0.20877486957935643  0.21966519010679317  0.23057080783543804  0.24092518997084986
  0.25088798910199889  0.26039786867630177  0.27051938897508432  0.28107774804094959
  0.29198847122842420  0.30259721708655557  0.31289068702082706  0.32298581087513628
  0.33304122739737635  0.34307499413700898  0.35327553559271324  0.36372332593461881
  0.37417301582073231  0.38444894531647700  0.39477076000227990  0.40538917395901064
  0.41636744115802971  0.42709418122220377  0.43774873525363839  0.44864942739874181
  0.45979945950237860  0.47044432172711675  0.48099018162582180  0.49169479552171186
  0.50217721300145302  0.51216245834943319  0.52193246058389275  0.53206871300992298
  0.54277117989851287  0.55333706948735284  0.56397292329023796  0.57484277566006470
  0.58573944659879251  0.59668748063482113  0.60746901794534536  0.61831684569267220
  0.62913036085107010  0.63959233908411484  0.64984963967997278  0.66024031291126817
  0.67077849380308607  0.68132367098767033  0.69198279686313779  0.70275521566923804
  0.71370271444315569  0.72484207152906466  0.73604891487886570  0.74709846579579364
  0.75796925151945471  0.76848493693521458  0.77897218749128216  0.78944954725502170
  0.79983676356191513  0.81013833495404941  0.82032828602105756  0.83066581611597623
  0.84106985030154136  0.85160626715523591  0.86211870334365737  0.87251917036581284
  0.88329411944045477  0.89420614035105273  0.90539556235408802  0.91590888101229373
  0.92681153727536425  0.93758048614874412  0.94827610634015214  0.95886567250886900
  0.96926510892506546  0.97979824468917964  0.98980099530195653  1.00000000000000000
 -0.00237851162656608  0.01157226367222346  0.02213284504597274  0.03302402524746723
  0.04393369039838518  0.05458027098906937  0.06489677755705504  0.07533007537144687
  0.08593624520621478  0.09664286158075164  0.10728942977398263  0.11816355654360799
  0.12875651492882664  0.13913926725736672  0.14963842777934616  0.16032465988724515
  0.17088384864993711  0.18132282980927936  0.19158848781511620  0.20206233380001018
  0.21238984239406256  0.22263520494721648  0.23264124925695381  0.24248284424871286
  0.25272037110580065  0.26331341532244185  0.27381411919812054  0.28421461715471324
  0.29507032493002128  0.30625230170435608  0.31691235935433565  0.32713691440637577
  0.33733393414737067  0.34775897460423216  0.35792451929952629  0.36777345440230552
  0.37768947833042560  0.38815357444328419  0.39913201020216194  0.41053538541065326
  0.42176370366765170  0.43280250824644156  0.44342816235607385  0.45386464181667008
  0.46417255886381931  0.47424252783521592  0.48415249815355293  0.49414793931747475
  0.50472391566321706  0.51581343407692137  0.52686382333380055  0.53735003259096648
  0.54742037594627802  0.55727427834369903  0.56714230263663634  0.57719161966167121
  0.58720820802458529  0.59726584188088172  0.60718860279069609  0.61753005286260632
  0.62809035953041847  0.63871191169914099  0.64933283259382668  0.65940772131517578
  0.66952883089353921  0.67979499823313960  0.69016810723581690  0.70055192659846444
  0.71052933598020485  0.72033581895644316  0.72998519643166027  0.74039900089108523
  0.75137990013899747  0.76274580345579690  0.77347575623325737  0.78392735213478060
  0.79433328021860361  0.80497855429851317  0.81619393930092898  0.82748375136977481
  0.83869674603404720  0.84956324512737547  0.86011379684627098  0.87015517177132395
  0.88038956394317391  0.89057855784978790  0.90114341155992006  0.91172637417147417
  0.92247702253179886  0.93385813118559180  0.94490286699827286  0.95596062678076932
  0.96646662854623200  0.97693341105548759  0.98791432103216470  1.00000000000000000
 -0.02462958030629642  0.12294031810314388  0.16346317081815082  0.18804010134941374
  0.20714588324256894  0.22338004557057317  0.23956940694970594  0.25357132307639685
  0.26658727442626762  0.27942449185926999  0.29195897056188042  0.30388784749546083
  0.31526021754867667  0.32621375913386980  0.33669043956773498  0.34667252755406697
  0.35641503808323394  0.36624081328729030  0.37615588540347633  0.38583027898632610
  0.39519886716588593  0.40453800387203748  0.41389640164702801  0.42299764376085763
  0.43159542277929697  0.43998786376421101  0.44846115574919876  0.45717280031872382
  0.46587741234053526  0.47429604018859794  0.48257223103082375  0.49098347167540352
  0.49951271463475105  0.50804267793867453  0.51648216368059385  0.52455679906239672
  0.53237758961621851  0.54010136556644583  0.54740342960283828  0.55465925940007454
  0.56187386004041229  0.56889059467010428  0.57589940087325597  0.58272827911814706
  0.58958812185832410  0.59637602077482854  0.60335278713623408  0.61043108291967207
  0.61740636652845360  0.62408062968768874  0.63053167366310714  0.63701833895417026
  0.64367280651534076  0.65044539465240903  0.65705520541382290  0.66345926923142862
  0.66977700413545738  0.67606177307931670  0.68245949895816482  0.68875901264255324
  0.69498319917347462  0.70124347212912097  0.70736734113335431  0.71335703219380875
  0.71922147000094205  0.72488596043139297  0.73039924993639904  0.73590804524136777
  0.74154086094165428  0.74732382892193039  0.75308992526358698  0.75871103133088869
  0.76430611191387621  0.76999133445191392  0.77582646552444501  0.78157164013086455
  0.78710339454825562  0.79264448110898578  0.79831201030957699  0.80418007513211964
  0.81015240252334930  0.81625610842183449  0.82238149309262920  0.82846939326572155
  0.83471236183514852  0.84128954652434751  0.84828692030592301  0.85571132241876258
  0.86353676399570778  0.87191774525014132  0.88100717806714268  0.89100369132417589
  0.90238779017301440  0.91671641927379199  0.94023889908442726  1.00000000000000000
   2.9048525135355714E-008  -1.0000000000000000     
 T T T T T F T F T T F T T F T T T F F T F F T F F T F F T F F T T F F T F F T F F T F F T F F T T T T T T F T T T T F T T T T T T T T T T F T F T T F T T F T T T F F T F F T F F T F F T F F T T F F T F F T F F T F F T F F T T T T T T F T T T T F T T T T T
  <DiscreteSampler_grid>
  grouped_processes
  1 # 1 for a reference and 2 for a running grid.
  10 # Attribute 'min_bin_probing_points' of the grid.
  1 # Attribute 'grid_mode' of the grid. 1=='default',2=='initialization'
  0.0000000000000000 # Attribute 'small_contrib_threshold' of the grid.
  0.5000000000000000 # Attribute 'damping_power' of the grid.
 # binID   n_entries weight   weight_sqr   abs_weight
    10   10   5.100101405265624E-002   1.020791516472132E-002   5.100101405265624E-002
    11   10   5.100101405265624E-002   1.020791516472132E-002   5.100101405265624E-002
    16   10   3.350360967210941E-002   2.985446686417448E-003   3.350360967210941E-002
    17   10   3.350360967210943E-002   2.985446686417452E-003   3.350360967210943E-002
    22   10   3.350360967210942E-002   2.985446686417450E-003   3.350360967210942E-002
    23   10   3.350360967210943E-002   2.985446686417452E-003   3.350360967210943E-002
    28   10   5.100101405265624E-002   1.020791516472132E-002   5.100101405265624E-002
    29   10   5.100101405265624E-002   1.020791516472132E-002   5.100101405265624E-002
    34   10   5.100101405265626E-002   1.020791516472132E-002   5.100101405265626E-002
    35   10   5.100101405265626E-002   1.020791516472132E-002   5.100101405265626E-002
    40   10   3.350360967210942E-002   2.985446686417452E-003   3.350360967210942E-002
    41   10   3.350360967210944E-002   2.985446686417455E-003   3.350360967210944E-002
    46   10   5.100101405265624E-002   1.020791516472132E-002   5.100101405265624E-002
    47   10   5.100101405265624E-002   1.020791516472132E-002   5.100101405265624E-002
    52   10   3.350360967210942E-002   2.985446686417451E-003   3.350360967210942E-002
    53   10   3.350360967210944E-002   2.985446686417455E-003   3.350360967210944E-002
  </DiscreteSampler_grid>
