  0.00191185976494268  0.00195454787565913  0.00199991445867079  0.00204294931639187
  0.00208699138229086  0.00213346220708435  0.00218139069857064  0.00223048742597907
  0.00228210559985004  0.00233771891173050  0.00239396662980491  0.00245395167971128
  0.00251428389568316  0.00257662922815557  0.00264022029476180  0.00270282499091782
  0.00276505078679897  0.00282834636733131  0.00289370181003791  0.00296222685007233
  0.00303747753803921  0.00311679820929218  0.00319617966361518  0.00327879533967712
  0.00336584567418374  0.00345965926563402  0.00355897521912677  0.00365876236928508
  0.00375968643878415  0.00386208564015656  0.00396589813726449  0.00408204294817818
  0.00420125608526485  0.00432262311851903  0.00444663778661039  0.00457167554521232
  0.00469546102267388  0.00482314474284877  0.00495736096349934  0.00509956795638457
  0.00525206878949168  0.00540969792271613  0.00557296504738856  0.00574757234783884
  0.00592761652220125  0.00611017642436031  0.00629924374896788  0.00649587726184524
  0.00670263050215514  0.00693549002143970  0.00716443060506276  0.00739481621242118
  0.00763400170528574  0.00789304748563029  0.00816355556467919  0.00845663381216332
  0.00876199657609554  0.00910149520493317  0.00945642288667457  0.00981489370835487
  0.01019119849082327  0.01058646274542173  0.01101095705194117  0.01145728028188155
  0.01193821514942397  0.01245480024527996  0.01300009947348589  0.01359320925645639
  0.01423874872483473  0.01493478076841301  0.01568135519819637  0.01649024054863377
  0.01737418170483511  0.01833358441957828  0.01935557920009789  0.02045841464184314
  0.02165666694345737  0.02297180948831874  0.02441066644810416  0.02602900665596354
  0.02781660278414621  0.02979717784256235  0.03196849576460215  0.03443542680579311
  0.03730185664863993  0.04065088517321274  0.04468851124778454  0.04954501350248490
  0.05543550774760299  0.06304387743547017  0.07308958478249873  0.08699236575201114
  0.10881471671734771  0.14726581785338566  0.24699619162575792  1.00000000000000000
  0.00514723049872766  0.00595577342922544  0.00657899960397888  0.00714621838589272
  0.00771169700096530  0.00828159708939214  0.00887344129966311  0.00949473946011689
  0.01016395471428102  0.01087217745762641  0.01161775666161423  0.01238942724696076
  0.01319337158608620  0.01402163064820613  0.01484966300848715  0.01571042226248233
  0.01660901620999272  0.01752625413545125  0.01849669571978657  0.01951365788216599
  0.02058616087746997  0.02171871982983003  0.02291088492719474  0.02416428500436687
  0.02549404029601199  0.02688183533580925  0.02831640340084416  0.02978561846838913
  0.03135077486641888  0.03300052441062901  0.03472239567938175  0.03647500150871241
  0.03823746795948601  0.04012978136413686  0.04214643663534329  0.04428482302014453
  0.04646918769771487  0.04876040621677464  0.05095681831056919  0.05321541802947995
  0.05556440672995874  0.05803652939330592  0.06063774002646254  0.06349152236119310
  0.06646665123880549  0.06956755181444592  0.07280364927202662  0.07617608353547924
  0.07954869532264411  0.08280970238480714  0.08609124151355141  0.08958098265462884
  0.09333997508880579  0.09736146765256445  0.10176929517959690  0.10651680025018243
  0.11146449780706827  0.11660086780442515  0.12175672288645817  0.12709429909349332
  0.13244601011242202  0.13800322355068512  0.14371530891047610  0.14971519512848283
  0.15598208903776367  0.16275968003911537  0.17001428422783041  0.17785007601251512
  0.18613981447492192  0.19496685518473533  0.20443773320425437  0.21449545748879853
  0.22493971192183312  0.23572985365502361  0.24717307435550664  0.25884741300823039
  0.27081703214538294  0.28314788138477975  0.29606689959680432  0.31026721509808092
  0.32619790757379141  0.34369196644887140  0.36218910120829423  0.38169546863829190
  0.40268955596805134  0.42561773974697831  0.45079700711383053  0.47803115975614385
  0.50819521354847053  0.54339290538733143  0.58462279372473014  0.63304756333321810
  0.68949087526165420  0.75495591963912578  0.84863877201600346  1.00000000000000000
 -0.00242884561490562  0.00925222020675926  0.01969245043360742  0.03049021354747742
  0.04152482477716298  0.05265984556317580  0.06389928777820034  0.07536262678649104
  0.08620182385406858  0.09658792844287123  0.10684998172289387  0.11740844412446003
  0.12822448704340186  0.13910966236761507  0.15017835931923590  0.16181820982661752
  0.17329194837558243  0.18482250070921191  0.19565341208177514  0.20666802499559878
  0.21682362799595581  0.22710207559391268  0.23737762990027597  0.24813577488840824
  0.25922444316467508  0.27029602546171094  0.28104057177148944  0.29180950893155139
  0.30212963577104684  0.31248454130679038  0.32250659131633402  0.33256990966690164
  0.34316828338578204  0.35402736514237476  0.36471301262599176  0.37530202923600114
  0.38568476209900276  0.39605089586494507  0.40649975955288808  0.41698571140640389
  0.42736663036849121  0.43738946110716598  0.44709226317913203  0.45707847901339360
  0.46734760133545483  0.47769863368226878  0.48820040029016759  0.49884779699359449
  0.50917912451457903  0.51893029465954266  0.52876433289709857  0.53910259288827067
  0.54995191771185581  0.56030930617872610  0.57029171829733050  0.58006975199028077
  0.59007162179414641  0.60026885667027052  0.61074415798622816  0.62111357854511073
  0.63136142639697679  0.64149144269994796  0.65183526776303258  0.66297520797767917
  0.67457568021479741  0.68646736278426901  0.69776059906426324  0.70881706113487464
  0.71963265505513796  0.73036944372900037  0.74102782811026968  0.75155428353760889
  0.76213194361042180  0.77223312671966504  0.78195861560153868  0.79174253603117184
  0.80191309736648475  0.81224098544823531  0.82283146478762004  0.83360253942613893
  0.84446994256676555  0.85511812039704604  0.86604417952498214  0.87674597589722481
  0.88756747860948304  0.89807420347473055  0.90902015115231205  0.91992780551925446
  0.93027640091345865  0.94036997116117205  0.95018109096218806  0.96013278954009473
  0.97019898980068164  0.98026373016723378  0.99034190497443353  1.00000000000000000
 -0.00253657905965253  0.00997619605260072  0.02052024936245032  0.03101570501303433
  0.04103247215229069  0.05110288913374158  0.06067219322393975  0.07051797338574214
  0.08028209746808264  0.09132883301814833  0.10274347044581435  0.11461555380427733
  0.12610175312567937  0.13707035406282569  0.14761368387256205  0.15778653822314087
  0.16830388105732144  0.17896508250763790  0.18931148583296362  0.19998665406429245
  0.21056590434057798  0.22220742801892412  0.23327989950377520  0.24350936218196098
  0.25390834386456634  0.26439170628522646  0.27523825560416537  0.28566809833377588
  0.29636482617206661  0.30738317826171896  0.31827136825029306  0.32906028227788386
  0.33965557932692353  0.35018047701931582  0.36021181394241958  0.36990392344039597
  0.37972716003036766  0.38954403684828781  0.39973542397946710  0.41016844178216855
  0.42100848041873956  0.43223169498424846  0.44340212868166340  0.45490820337223059
  0.46604704865614871  0.47703185635092721  0.48747559984510985  0.49787413463018015
  0.50796472456444830  0.51826016858084756  0.52863910310773066  0.53873401909606999
  0.54858110361053891  0.55812826898251910  0.56768480041588953  0.57755922025037632
  0.58787340985509440  0.59897987939608277  0.61028179371945801  0.62155245159882377
  0.63264542509066368  0.64355630198609759  0.65430328539878513  0.66486761989712651
  0.67561353029519366  0.68671086585557839  0.69778510532591287  0.70889547738805503
  0.71972112750303818  0.73090015933461716  0.74187585327471217  0.75276065146360760
  0.76317418599280340  0.77348046730526887  0.78378456454892109  0.79371383903106729
  0.80325363418840690  0.81251014381351905  0.82260028670759766  0.83271746547024106
  0.84308916737965334  0.85368469259734159  0.86454640207560274  0.87570944512343019
  0.88593127152412854  0.89608958961849061  0.90598297255719085  0.91637434887309233
  0.92690167878285956  0.93706870136032339  0.94758526565535217  0.95816419541799425
  0.96891651273964186  0.97946034481007826  0.98979813094941316  1.00000000000000000
 -0.00266544581903611  0.01032987219644909  0.02081661998810156  0.03173693170838342
  0.04263998808402883  0.05331383123764839  0.06415574618459291  0.07555638088945235
  0.08644690564834355  0.09686781042607694  0.10729644854387753  0.11842379695296860
  0.12916121629194607  0.13937592096461851  0.14956113913854230  0.15998100166465867
  0.17043027559433921  0.18015485356456110  0.19060749342715372  0.20131664061024751
  0.21204726820192468  0.22256431051151204  0.23322278149659637  0.24411509631316888
  0.25505997951679638  0.26541166246783432  0.27587894070199365  0.28604116889186892
  0.29674458963888278  0.30732914756730290  0.31806165502117967  0.32848503659995260
  0.33877998878431193  0.34897324645690186  0.35946562236189067  0.37056502902820737
  0.38193950882234395  0.39328836291642094  0.40424123898532188  0.41489523858864052
  0.42501996089914545  0.43542095374558176  0.44582891182423801  0.45665263148589191
  0.46688642610057046  0.47679627357938847  0.48670514908626311  0.49677017150402963
  0.50704905367184561  0.51722457365153796  0.52758306370555752  0.53788599123521053
  0.54846540021171331  0.55922779348365548  0.57052544894040580  0.58149113552475740
  0.59207284519899406  0.60260776742811628  0.61342527374675049  0.62405475439011715
  0.63473743522476023  0.64527948746942476  0.65614987827603422  0.66688314630203571
  0.67763758954419095  0.68784160283397877  0.69773501470324018  0.70764615482201609
  0.71784763929627504  0.72830706485373586  0.73866568019234791  0.74931112914590181
  0.75979470859457165  0.76978280074211514  0.77950338973489075  0.78939242097385576
  0.79987432870624331  0.81048281576981562  0.82087218681958485  0.83109612113032760
  0.84122157629799998  0.85137793430397146  0.86150513530329054  0.87194634017532380
  0.88273268631196511  0.89349797968541389  0.90387268577101354  0.91433975238390330
  0.92486670515609382  0.93550489681961724  0.94602795238573067  0.95666130341149469
  0.96756909288370985  0.97843082633558398  0.98914385070425836  1.00000000000000000
 -0.00228294007801093  0.00895854920530741  0.01905480660198505  0.02909389617495420
  0.03924920648098586  0.04944636279807010  0.05987123443430881  0.07050773418308359
  0.08083360793910091  0.09156952374892686  0.10206968426742842  0.11263233338128077
  0.12331009091006585  0.13443390430726915  0.14529109623013697  0.15603174947109141
  0.16645381630734263  0.17643435959374643  0.18694715853316526  0.19697066763566429
  0.20733567090886645  0.21717578752920730  0.22728105666443318  0.23737560837371760
  0.24764704726162870  0.25784564263795012  0.26871020513093741  0.27963492093593184
  0.29038439431553470  0.30056219350389884  0.31045401794248317  0.32079195170050334
  0.33096700204868146  0.34096678980420836  0.35106394241042577  0.36153765970999369
  0.37234504553326803  0.38304361296841954  0.39372472051348972  0.40453237519670610
  0.41539316391171005  0.42607295573630227  0.43663386511421343  0.44725853673606009
  0.45745388530927428  0.46730499772399542  0.47708664095969183  0.48741016671262527
  0.49845833179244936  0.50961693248990991  0.52043394111419450  0.53072810821814631
  0.54082175527005827  0.55108792477692603  0.56191875817936165  0.57283991456965311
  0.58363695497168444  0.59431879017238198  0.60492630699214267  0.61558848243967390
  0.62631685411825611  0.63731867191127556  0.64845855989767787  0.65938072595493491
  0.67004490288546625  0.68009517430753508  0.69003130117406131  0.69968045746451901
  0.70957875700825990  0.72006674343362564  0.73111605527777435  0.74249664671210658
  0.75354494996180876  0.76447924330847572  0.77521764774905766  0.78587019998475194
  0.79641693061324015  0.80652682902398354  0.81689558102505799  0.82746509267112456
  0.83824621881973194  0.84907682470597123  0.85986957833162048  0.87056799183807820
  0.88106054136792111  0.89149155003505298  0.90198539792417365  0.91259230544461545
  0.92374595753729494  0.93535199579942985  0.94678997365845396  0.95787271196616242
  0.96876851520085283  0.97968130747125481  0.99001870724825869  1.00000000000000000
 -0.00236923147285331  0.00962073054119262  0.01949509868276866  0.02992213225828903
  0.04039873744368440  0.05144951226422653  0.06233151548380013  0.07342195950985871
  0.08441143290215418  0.09494649297177277  0.10509456575960752  0.11560914409835078
  0.12618871771516069  0.13711278441145203  0.14760992681932258  0.15888286325424170
  0.16968332482331291  0.18029792955158616  0.19067745448690862  0.20091928412514512
  0.21114758805555914  0.22149847078626764  0.23181551591750732  0.24183690806439365
  0.25157283502419392  0.26149460500094501  0.27207533070902312  0.28310941977649196
  0.29391192166579005  0.30397494894483018  0.31361542332999109  0.32372644218468449
  0.33358549391994785  0.34328213925035800  0.35281266612172557  0.36353836959272512
  0.37461508231849788  0.38541903711504111  0.39613498639121508  0.40698396891535965
  0.41824716559743924  0.42929213605908362  0.43977823003520866  0.44999107397157467
  0.46003615062738745  0.47086228052535861  0.48159516959952903  0.49227482115385518
  0.50273226795467152  0.51327308159507157  0.52384249251069981  0.53423711972360377
  0.54452477578910097  0.55496899865262561  0.56572669142933119  0.57689364507224072
  0.58771057530050641  0.59904394134257599  0.61009920951229724  0.62136299257249383
  0.63237140604955688  0.64282767805836161  0.65357950345153160  0.66421048528864501
  0.67504750465156516  0.68594923577009026  0.69627537396389716  0.70704398077186170
  0.71735216009883018  0.72827288612836127  0.73908621265292274  0.74992246319788214
  0.76072091294861810  0.77158193108264717  0.78238093853869484  0.79291186552320370
  0.80323870357251792  0.81368689986828069  0.82442209183938120  0.83473449135200573
  0.84450544921707549  0.85395260166616671  0.86344011453153413  0.87365084677741023
  0.88456479082855721  0.89550895411116371  0.90558275429519353  0.91574849175829542
  0.92603604844754606  0.93643564592220951  0.94667099840335756  0.95702484797262255
  0.96780284422610929  0.97858783986297027  0.98927382921328377  1.00000000000000000
 -0.00233227896649224  0.00875823220998383  0.01859972448699999  0.02867972853703423
  0.03890721602207747  0.04919973815324481  0.05930667450351735  0.06981713069701349
  0.08013764733976604  0.09090991900152676  0.10187334876393038  0.11274863811647842
  0.12352415438139125  0.13456987513938687  0.14573040645455992  0.15648273907537899
  0.16755125397002496  0.17887310839274689  0.19008700572391482  0.20060406190790608
  0.21104927777289442  0.22248893527474689  0.23320023100494788  0.24420070339830618
  0.25500438413943111  0.26633563115206182  0.27712657530990215  0.28762217662513145
  0.29818172339655469  0.30864183282100860  0.31852756690776918  0.32844808539054887
  0.33850791271651259  0.34951650468907886  0.36084003494513828  0.37191232385316253
  0.38274064471400904  0.39325564261187229  0.40385543127301582  0.41401227828389925
  0.42406040470603212  0.43405374096229565  0.44432778041322374  0.45478509393054833
  0.46538328678040985  0.47611142055542915  0.48671771841320211  0.49740567676584291
  0.50810737186605293  0.51867862851264657  0.52907251802926636  0.53960271852177599
  0.55067582472789400  0.56206982972013064  0.57332128502201207  0.58411083381541495
  0.59469512858491191  0.60511636624333065  0.61556747268220791  0.62605707729737847
  0.63686306709058382  0.64804658373767399  0.65930508830817469  0.67023692691330405
  0.68080088638033465  0.69111798694868132  0.70102352422034486  0.71060271565625643
  0.71993475743790136  0.72944993489190302  0.73921120160318521  0.74933004715550966
  0.76011821598189111  0.77150813907814675  0.78293194480460182  0.79397683740762737
  0.80457879542153610  0.81496051660156543  0.82500682141415305  0.83482474599793899
  0.84441618442878230  0.85393130898555136  0.86390700932265729  0.87418961708567733
  0.88472036851596192  0.89555125846974970  0.90642871121400181  0.91800750863738823
  0.92927110759742737  0.94027615434492640  0.95054338338765709  0.96070542725997843
  0.97088469115944953  0.98082923753494022  0.99048160492531256  1.00000000000000000
   8.2765832314235911E-012  -1.0000000000000000     
 T T T T T T T T T T T T T T T T T T T T T F T T T T F T T T T T T T T T T T T T T T T T T T T T F F F F F F F F F F F F F F F F F F F F F F F F F F F F F F F F F F F F F F F F F F F F F F F F
  <DiscreteSampler_grid>
  grouped_processes
  1 # 1 for a reference and 2 for a running grid.
  10 # Attribute 'min_bin_probing_points' of the grid.
  1 # Attribute 'grid_mode' of the grid. 1=='default',2=='initialization'
  0.0000000000000000 # Attribute 'small_contrib_threshold' of the grid.
  0.5000000000000000 # Attribute 'damping_power' of the grid.
 # binID   n_entries weight   weight_sqr   abs_weight
    10   10   1.481855171893973E+004   1.164522894063260E+009   1.481855171893973E+004
    16   10   1.164103432357414E+004   7.334933975306221E+008   1.164103432357414E+004
    22   10   1.164103432357414E+004   7.334933975306222E+008   1.164103432357414E+004
    28   10   1.481855171893973E+004   1.164522894063260E+009   1.481855171893973E+004
    34   10   1.481855171893973E+004   1.164522894063260E+009   1.481855171893973E+004
    40   10   1.164103432357414E+004   7.334933975306222E+008   1.164103432357414E+004
    46   10   1.481855171893973E+004   1.164522894063261E+009   1.481855171893973E+004
    52   10   1.164103432357412E+004   7.334933975306221E+008   1.164103432357412E+004
  </DiscreteSampler_grid>
