  0.00172309637089787  0.00370823358778488  0.00581944443490523  0.00819050677238593
  0.01054591079711146  0.01280799616741833  0.01517270013772972  0.01763457494452213
  0.02013057811938995  0.02255154275087968  0.02495123786511605  0.02736845335025507
  0.02959550476780156  0.03179895289036020  0.03404572429199615  0.03658698689277427
  0.03971271898657271  0.04307969485643295  0.04601003263420823  0.04870454716218164
  0.05158190865459707  0.05437071858386709  0.05768601720804388  0.06094467784225071
  0.06386243556621883  0.06673045070947532  0.06961955905184479  0.07274912024824651
  0.07579046641741341  0.07879696166917566  0.08184875298739547  0.08493705143854775
  0.08840631375505310  0.09213945137449690  0.09584093313679574  0.09944792819137716
  0.10303937843136415  0.10680595292729181  0.11090415274876694  0.11532246386793540
  0.11988647947276032  0.12443092729157132  0.12914776089548749  0.13362939308646604
  0.13814108501586911  0.14320755165525248  0.14885056705917291  0.15574993904759918
  0.16348568352807258  0.17172910699533092  0.18040211734381539  0.18965868502843281
  0.19964898961863067  0.21034425327678657  0.22120741287869333  0.23155624628395599
  0.24152857651011400  0.25095182175356623  0.26003936611475142  0.26886658995133167
  0.27751794999840418  0.28605800248210356  0.29438673758259004  0.30319747368233385
  0.31204816293951004  0.32127390947279982  0.33034958999925024  0.33873889023549614
  0.34666501707512715  0.35464552677652222  0.36267472348765012  0.37081259560267360
  0.37911758788456579  0.38758360375599693  0.39633202617444080  0.40527576566372614
  0.41447466878172251  0.42392783804003981  0.43353404236169729  0.44352257883433915
  0.45412295439191991  0.46575361337919668  0.47734726795426285  0.48922193703584793
  0.50199418985257138  0.51695094686022147  0.53499132700598084  0.55485163718301089
  0.57633677128116467  0.59850011777131729  0.62368245355497076  0.65107491938632889
  0.68316841359974778  0.71989261769043478  0.75055661674534513  1.00000000000000000
  0.00161652232819966  0.00527076528836563  0.00844396185740109  0.01131523131440636
  0.01386666391084171  0.01639151363613507  0.01916394504392289  0.02190918858919266
  0.02443403453915072  0.02710356189372195  0.03014562114748686  0.03328921231724025
  0.03639906238810326  0.03963159406758660  0.04273002150534064  0.04566901554634890
  0.04857515965981890  0.05143032554629769  0.05441234810889457  0.05754347943964477
  0.06065490294423971  0.06362506175665618  0.06666437148950748  0.06968855234813337
  0.07274243804297595  0.07599913281369132  0.07943888540683897  0.08307179034768612
  0.08684716076287849  0.09085561053631427  0.09534185910131368  0.09990113511001421
  0.10456492008934491  0.10919380289731868  0.11360508780163169  0.11796997130015750
  0.12225033319479985  0.12648266382241674  0.13089310618035152  0.13569290348519444
  0.14095336601462335  0.14664899266441817  0.15285319416410537  0.15998832320702328
  0.16773415452287899  0.17590089359217953  0.18452561511918011  0.19366439289633208
  0.20309150930129904  0.21270065777496167  0.22227958941222831  0.23176598794898259
  0.24145798277818559  0.25133506085726293  0.26102037135798234  0.27012283896801598
  0.27913576921515953  0.28763237467586661  0.29575370888528779  0.30378277700492146
  0.31172969203865708  0.31944996543823045  0.32697470557768626  0.33395218203312588
  0.34102992420215511  0.34829500665480745  0.35582404006858104  0.36388466835554106
  0.37283511430365990  0.38224699084005220  0.39159286078081901  0.40073608218176804
  0.40969454847374859  0.41872689935989044  0.42804524467192878  0.43754995256334078
  0.44764823395363451  0.45780346851874315  0.46814272508352572  0.47897698621172236
  0.49079902412620535  0.50406622288398417  0.51805937632530374  0.53312915924642879
  0.54914266507676990  0.56541304636032963  0.58312667604452173  0.60220396531861375
  0.62309019204861327  0.64625674143521550  0.67317154745409113  0.70697611842659447
  0.75185617100687807  0.83164953870608738  0.85905408504501868  1.00000000000000000
 -0.00235041171819001  0.01075569251609832  0.02154207409065326  0.03288889185666724
  0.04386783089157534  0.05488760456851348  0.06571413419984037  0.07669014194440918
  0.08794470628639556  0.09964394233016079  0.11087423720058860  0.12153586072996388
  0.13094295934967198  0.14025573365351293  0.14948741996175599  0.15840534860755681
  0.16711363145282590  0.17570662972494161  0.18465244297809871  0.19477887422729981
  0.20551255061829449  0.21560430499751251  0.22528842665340129  0.23500912199393240
  0.24388485795189999  0.25270068390667444  0.26202327025968358  0.27167992119091477
  0.28199689294609104  0.29264746313616002  0.30310484866599374  0.31379620769007871
  0.32406541059011423  0.33392872081007857  0.34349588550672766  0.35320972792723487
  0.36368849187362928  0.37416989338947676  0.38434138161402465  0.39429373514541205
  0.40492791338399609  0.41576674123046092  0.42663161180296061  0.43736227180262788
  0.44838612962975771  0.45952056280524872  0.47072105659612190  0.48259570405534502
  0.49345052537872064  0.50574442615468584  0.51719376363400038  0.52808616341475445
  0.53814241529154616  0.54849412137418230  0.55923544011920645  0.56997218801345928
  0.57938399559566778  0.58864483565146319  0.59810734636642759  0.60841345522281720
  0.61960198164374380  0.63116259293858268  0.64228684090648003  0.65307391375484081
  0.66341287891304024  0.67515062275403559  0.68784131988377939  0.69953441360234758
  0.71121612033017012  0.72160632513118228  0.73199215667073769  0.74178958620232183
  0.75214054165698851  0.76284829637471196  0.77309224442596325  0.78373857912987233
  0.79432543243444920  0.80540938865542100  0.81652812929452989  0.82785622504392431
  0.83861935252221120  0.84870823570976250  0.85887177708806750  0.86921245913385814
  0.87948120287434450  0.88964966631029985  0.89997373811051884  0.91054249382366081
  0.92117066467153752  0.93257928432496595  0.94432836935565323  0.95552050039723158
  0.96643422037403881  0.97742783256984311  0.98854263969452238  1.00000000000000000
 -0.00179778102723386  0.00908332463657121  0.01875355821327575  0.02860200488619172
  0.03914325781101647  0.04994263805804826  0.06063303057390913  0.07142966484058158
  0.08222397410714548  0.09292175525660065  0.10362340291462831  0.11425611851653961
  0.12493498515215616  0.13573168850708101  0.14607398511046010  0.15550925108785160
  0.16480591804333999  0.17482832691449815  0.18504582635572378  0.19466026566370739
  0.20399110798878115  0.21391909066091333  0.22438376080382577  0.23488675401176315
  0.24554432877799098  0.25698106178524488  0.26935691848893928  0.28203208796782991
  0.29479434237095098  0.30786895463529246  0.32045511094905466  0.33180347729528537
  0.34242632061326694  0.35251221893261853  0.36281357546264659  0.37275660259606364
  0.38198025422946363  0.39142272619436919  0.40128447023469815  0.41215306054446971
  0.42335980394919115  0.43464186723626652  0.44558164471403017  0.45662360833955451
  0.46798487246355486  0.47984474300142266  0.49131199415789717  0.50234928054834749
  0.51181708774411727  0.52105424592611327  0.53013152435541044  0.53940972466469927
  0.54889185494525816  0.55857116373864601  0.56942604147215947  0.58122751641576431
  0.59223881702431136  0.60295765650495026  0.61345941635338164  0.62449731482093074
  0.63476041118354909  0.64502897244835589  0.65501700662087448  0.66502655854057080
  0.67466917471798471  0.68435425514472514  0.69453578204323596  0.70506099736252048
  0.71539165698373686  0.72585100127051083  0.73635609016422332  0.74775595186961541
  0.75958083633395723  0.77211931482050944  0.78568514765163455  0.79806972266354692
  0.80926068364642401  0.81960571712439312  0.82970429595921968  0.84011761891849956
  0.85083341966199644  0.86186328320391903  0.87319310816323026  0.88423079149286898
  0.89441097811539638  0.90378738774226752  0.91338976536113392  0.92395066404531767
  0.93501901375578356  0.94526871010974334  0.95537445366582219  0.96582110492248985
  0.97529636258132435  0.98364078493462048  0.99142380122444218  1.00000000000000000
 -0.00243231525077098  0.01081815479711815  0.02123247612604569  0.03177597510826926
  0.04217836556718148  0.05206607781497076  0.06175885357360528  0.07124828010203522
  0.08142208206884004  0.09155798171312188  0.10111986212249148  0.11134660045421904
  0.12242751198983982  0.13322410034431065  0.14352334803317907  0.15347582034408150
  0.16350552756010142  0.17430921791375661  0.18570188815335792  0.19733125849731681
  0.20902195434548165  0.22026789930628518  0.23092882397886144  0.24118016440280096
  0.25125706063795461  0.26164107666557196  0.27265925872329577  0.28362937130074983
  0.29429699060139253  0.30489731412219373  0.31618598957193828  0.32869647199400415
  0.34255400140301601  0.35559254775210364  0.36699737021790213  0.37756220738272406
  0.38768370383935874  0.39727549102994353  0.40613228978118560  0.41533507913066886
  0.42472882015805619  0.43454511610764091  0.44423767691755489  0.45431059897135301
  0.46420531913476620  0.47392708541336620  0.48306996988621342  0.49195395269751141
  0.50151425154263418  0.51219520570027244  0.52376707720873550  0.53566049760648293
  0.54748937404308806  0.55953349911760464  0.57120984353394610  0.58190718635878391
  0.59208531970956768  0.60238858734347200  0.61242190597891588  0.62219866842665272
  0.63210685757155505  0.64277555040897971  0.65358259271124530  0.66453846563669494
  0.67595784273359127  0.68663197115868269  0.69710977508051519  0.70771077669323812
  0.71844473155376365  0.72877132036315562  0.73875785327545973  0.74843667156817095
  0.75817159970810744  0.76825223279454347  0.77881006660851848  0.79066840045359599
  0.80267674859102256  0.81453261846273883  0.82642560233238016  0.83735326202686755
  0.84738625224678443  0.85703927893069731  0.86614782028369808  0.87604827784688288
  0.88550650888482352  0.89545457001461681  0.90564173435798323  0.91631383686832879
  0.92751567162132409  0.93888912192292806  0.95056638160759332  0.96080671380939375
  0.97013322423564263  0.97975740942280420  0.98971545291858343  1.00000000000000000
 -0.00271894390515850  0.00983160191913186  0.02103814749360426  0.03341024911721035
  0.04541384996134619  0.05735151939836976  0.06901759790373194  0.08066395536150774
  0.09265961668322738  0.10454632884132531  0.11607582398234483  0.12695072315350520
  0.13721269681235512  0.14749898390185937  0.15784722596442044  0.16793614340826488
  0.17784043215235693  0.18741313068644486  0.19654611865968738  0.20547535995540592
  0.21448096591720212  0.22368849435145521  0.23364579563237592  0.24451891751347415
  0.25560473552805046  0.26664246491472038  0.27729573981626726  0.28759987878700599
  0.29828063909741104  0.30911014101514833  0.31936564902696118  0.33061436503612263
  0.34210428129511516  0.35331750195717238  0.36411698207449444  0.37498480570176851
  0.38592954970852739  0.39634483053594366  0.40673600127172221  0.41690374113616346
  0.42702661468096687  0.43744054928667042  0.44840653427694560  0.45980806158416054
  0.47116514994477021  0.48261131732829299  0.49426496705892109  0.50593683780282772
  0.51804528739506261  0.53043079145327532  0.54227007863500742  0.55303238830588153
  0.56335185467134752  0.57427575585225521  0.58560789189944085  0.59712315966872442
  0.60838794813787089  0.61929015165398615  0.62995885639291327  0.63962183729246713
  0.64900523723424153  0.65906573644871980  0.66902065212868533  0.67949752614056358
  0.69006169347409696  0.70013090923314503  0.71000517630466453  0.71959764439948315
  0.72956259868398832  0.73965977793843951  0.74951322351014005  0.75913134513264890
  0.76847437523027262  0.77742863235820003  0.78663153343055137  0.79624543626281707
  0.80597507168406646  0.81576344268046763  0.82544259457665947  0.83577296047868888
  0.84724441370789694  0.85917535245456467  0.87084528446807041  0.88171408873130552
  0.89184330275974344  0.90177243073631130  0.91179559179533387  0.92198049992292053
  0.93191585659241616  0.94181731333064755  0.95177642517197569  0.96163434367990386
  0.97096894511787479  0.97992590673195135  0.98920551576266347  1.00000000000000000
 -0.00283745728065556  0.01085736366334013  0.02178032569894364  0.03331470209471910
  0.04420676623852886  0.05528882451365390  0.06747100562820289  0.08048847933080672
  0.09327605335379162  0.10562153145438652  0.11806588036563540  0.12974855587102724
  0.14007712929358968  0.15135995772848509  0.16285016204415934  0.17408697022945682
  0.18433010918314696  0.19556163178489683  0.20696682941667544  0.21874130430617503
  0.23001328890203748  0.24045533462125510  0.25091694308821405  0.26142345904344244
  0.27190696887089522  0.28202686532197035  0.29228327184708008  0.30266531425732879
  0.31298240035562780  0.32293430247098442  0.33289923566403457  0.34362804493204413
  0.35525524886376508  0.36767224394246539  0.37999346467583461  0.39133133979369217
  0.40236605264529740  0.41262120122137197  0.42257966705348804  0.43224403488381974
  0.44196823626246062  0.45189176764891581  0.46205522374052677  0.47248814903778974
  0.48348113563674266  0.49467311943276454  0.50498353398074192  0.51461908750765561
  0.52415239616785614  0.53390794448649526  0.54404184149645918  0.55450122527247681
  0.56496904424472882  0.57588483480534569  0.58685411529986942  0.59777819543316801
  0.60891885886578156  0.62045598373966260  0.63241741048685385  0.64524259835247000
  0.65568627571256155  0.66628946934573063  0.67556765478664593  0.68491548187144047
  0.69404360284655431  0.70325337501870644  0.71247242256322330  0.72167632122515357
  0.73081490164851626  0.74003755808267235  0.74942165163102137  0.75929454172874489
  0.76986554322061140  0.78044302478555161  0.79124152919503410  0.80275148400218854
  0.81437952079955755  0.82513542745933965  0.83503552911446599  0.84438618065784521
  0.85347764955036975  0.86228846401244563  0.87173652508041888  0.88263477580163463
  0.89363661013227391  0.90413043344306443  0.91427133168274077  0.92424795347329469
  0.93390658707105789  0.94306559248160038  0.95244368606471530  0.96222484936999619
  0.97186860216242121  0.98113413970658669  0.99027930530287600  1.00000000000000000
 -0.00191381747723384  0.00974998279391131  0.01890022520031266  0.02825880383869094
  0.03789361161270509  0.04774315409213314  0.05785700414201474  0.06817554824087126
  0.07917297867244447  0.08989296789203995  0.10093583334344630  0.11241917033226949
  0.12334962989410292  0.13342996425700507  0.14252800075355734  0.15156917219521521
  0.16103870950451105  0.17141868915428748  0.18243075847390358  0.19286440802436217
  0.20316136420263489  0.21313618837872314  0.22350834735682454  0.23458427977860813
  0.24572435918517896  0.25629267697849684  0.26641387462359400  0.27644192928706979
  0.28645795931856277  0.29631211710587996  0.30611817226033378  0.31632730794760783
  0.32665667627812855  0.33684577921084347  0.34696288319496205  0.35695934350456349
  0.36730403203695555  0.37831884344891842  0.39013586004837675  0.40205733825684081
  0.41347504155941389  0.42413628459239811  0.43405737883822715  0.44381919533219788
  0.45419781353575844  0.46531626805338705  0.47617820140214195  0.48674071304230837
  0.49710538755172445  0.50763234225405884  0.51857377590513420  0.52980813881551159
  0.54115649295641410  0.55148783292101378  0.56167481531458152  0.57133515868849627
  0.58073911350470986  0.59082757796350993  0.59991065134791333  0.60865917311793427
  0.61714618739887050  0.62649878198034792  0.63674961016297493  0.64707732183004418
  0.65695172325810491  0.66682426908166115  0.67739833345079825  0.68891398480187893
  0.70098475119633574  0.71277058678395822  0.72386714183398049  0.73458382099154118
  0.74600246225705458  0.75822810790041861  0.77071432916196814  0.78319484165969244
  0.79572463142887329  0.80845734291283256  0.82092499300583488  0.83270294321785343
  0.84334376987439119  0.85326778794992852  0.86278917546221490  0.87218661428326749
  0.88177593475872651  0.89125537807106625  0.90112480589519117  0.91158346164084414
  0.92305809881568301  0.93538383411050396  0.94641537070622728  0.95707635369105570
  0.96793941459922528  0.97926419108684248  0.98977696631587075  1.00000000000000000
   1.1381522210052510E-020  -1.0000000000000000     
 T T T T T T T T T T T T T T T T T T T T T T T T T T T T T T T T T T T T T T T T T T T T T T T T F F F F F F F F F F F F F F F F F F F F F F F F F F F F F F F F F F F F F F F F F F F F F F F F
  <DiscreteSampler_grid>
  grouped_processes
  1 # 1 for a reference and 2 for a running grid.
  10 # Attribute 'min_bin_probing_points' of the grid.
  1 # Attribute 'grid_mode' of the grid. 1=='default',2=='initialization'
  0.0000000000000000 # Attribute 'small_contrib_threshold' of the grid.
  0.5000000000000000 # Attribute 'damping_power' of the grid.
 # binID   n_entries weight   weight_sqr   abs_weight
    10   10   6.953183821769481E-007   1.651381466705538E-012   6.953183821769481E-007
  </DiscreteSampler_grid>
