  0.00191714599016995  0.00194662111144622  0.00198624546327668  0.00202402848631066
  0.00206482638189564  0.00210873721040592  0.00215379494844678  0.00219956544188209
  0.00224738056755360  0.00229766631236135  0.00234801955376728  0.00239787724794199
  0.00244884622180396  0.00250163798650788  0.00255741414271842  0.00261561573068622
  0.00267511943519127  0.00273540232101892  0.00280065267215202  0.00286854474467881
  0.00293645470296264  0.00300511565570150  0.00307456202416786  0.00314564361611584
  0.00322122548356484  0.00330085792883303  0.00338174652736429  0.00346462012177840
  0.00354969624561537  0.00363388096598790  0.00372048027188994  0.00381091019018996
  0.00390751466707367  0.00400753836824096  0.00411076406607284  0.00422022413821536
  0.00432683302459843  0.00443343465677828  0.00454107918456141  0.00465577915372090
  0.00477624233734574  0.00489954660667784  0.00503073724465272  0.00516772278112771
  0.00531291515265012  0.00546720902463710  0.00562732240310018  0.00579190901632649
  0.00596486972867497  0.00614738657331703  0.00633459098446698  0.00653446911133092
  0.00674321773944840  0.00696434040555567  0.00719584891921108  0.00744340367364133
  0.00771232280022751  0.00800298669656591  0.00831354909964618  0.00863025982709439
  0.00894820260761422  0.00927958869983637  0.00962869088759982  0.00999851352419269
  0.01039634935831136  0.01081898871951477  0.01126897645430786  0.01174071399454227
  0.01226052620270145  0.01280581596228812  0.01340052040981719  0.01403298354267004
  0.01468998120737986  0.01538841591372959  0.01615367221713369  0.01698107028540127
  0.01787300701594948  0.01886829252717531  0.02000900872587910  0.02122831792729232
  0.02256874784329220  0.02406929312232275  0.02576206554696419  0.02762240480566185
  0.02971865125163612  0.03217920211358525  0.03510232360835859  0.03868373659284028
  0.04310444799941562  0.04863933079390693  0.05571926238778141  0.06566538527698980
  0.08041418119111558  0.10545215948326812  0.18274035918723866  1.00000000000000000
  0.00468257617697124  0.00511232992237771  0.00564350531345861  0.00612370481848674
  0.00664604749833311  0.00722970258017097  0.00784174075543206  0.00848863069616421
  0.00916387069263150  0.00986207281238485  0.01055781217225625  0.01129324962675249
  0.01207543158720108  0.01288644808888578  0.01372487612185868  0.01459018513239417
  0.01548641511835292  0.01641283611904152  0.01740981028512794  0.01845255912284646
  0.01957060667216403  0.02076944009332751  0.02200478002133831  0.02325318663338189
  0.02458489772605673  0.02600758265017833  0.02746917286207495  0.02892547223387589
  0.03043716783909454  0.03205402809243318  0.03379683965681935  0.03562378123923268
  0.03747595348496326  0.03937859219517410  0.04139328646553462  0.04352731997409461
  0.04577414862267003  0.04814009489825845  0.05060565289854594  0.05316752091443208
  0.05582253315822161  0.05859276350939397  0.06143704826234961  0.06435266693897090
  0.06732341218060178  0.07032032529414768  0.07342256238418997  0.07672127523786448
  0.08020950827430810  0.08379666364496381  0.08735745823969204  0.09094296471803094
  0.09473190750536606  0.09885092314245982  0.10333922193875425  0.10809857613914894
  0.11303936479889161  0.11810360513164339  0.12321962284362428  0.12849141762688959
  0.13391050442789640  0.13971271882783001  0.14588593295656405  0.15245703857339887
  0.15917162782917821  0.16596272683943095  0.17313157565980877  0.18055500976379335
  0.18836964945534851  0.19651232608570054  0.20505296913621263  0.21414821707855888
  0.22380389880245380  0.23390837471194412  0.24437914379133177  0.25554214362861527
  0.26779025722825772  0.28094352046595139  0.29513761486122714  0.31000554421542448
  0.32604216852940671  0.34287662190869322  0.36169207687923088  0.38189803292907010
  0.40366590669337477  0.42755849857681749  0.45369847995164836  0.48225057137153221
  0.51344750483994805  0.54757606656747282  0.58602817020408471  0.62983068059830605
  0.68198683737125920  0.74696657460825999  0.84409344159364497  1.00000000000000000
 -0.00235993877985156  0.00921878226616252  0.01906855391686712  0.02961468576688672
  0.04030368010102686  0.05135457859503591  0.06255983389903740  0.07400064481426545
  0.08539542675845467  0.09626374267679538  0.10702674342863772  0.11754805157522133
  0.12807994480660451  0.13864899329573410  0.14927013502240064  0.15976135605586395
  0.16957630873091456  0.17954501505457202  0.18976603953005369  0.20019087322696125
  0.21033890185407123  0.22013010773048447  0.23005517015877505  0.24024135190019882
  0.25048994911429878  0.26089439020987526  0.27116617100839596  0.28166105230513233
  0.29221557342544147  0.30286816557755653  0.31315883281787932  0.32316915172749411
  0.33323106091429383  0.34355707216349207  0.35377103909007529  0.36353985166193259
  0.37322412684511302  0.38300300121730052  0.39299366229289501  0.40324929403416815
  0.41368844486713408  0.42423804410394250  0.43457303690994009  0.44466327966584918
  0.45492550924817982  0.46550291410627037  0.47619746054910655  0.48669763379732922
  0.49713695198048097  0.50775120826513609  0.51855577515631757  0.52937341712694441
  0.54004586609321881  0.55037978801011422  0.56081066432226145  0.57164292470740696
  0.58287238164877497  0.59405327804349572  0.60532733312335663  0.61648577189842113
  0.62746507035691135  0.63835433009713283  0.64908610764029573  0.65961313946563704
  0.67005192767130839  0.68055267417038257  0.69117475924642524  0.70178783726395189
  0.71234624077085107  0.72293246993569948  0.73337300989806198  0.74389040934523276
  0.75441739528343388  0.76500571210571278  0.77570672977659771  0.78668769820257445
  0.79788841616025452  0.80903307673546232  0.81993661888658220  0.83063419694657115
  0.84127818183209169  0.85204036513267145  0.86306220648568488  0.87410633339382005
  0.88493975503023403  0.89558898846910340  0.90637533368693524  0.91716118703749383
  0.92780110161377272  0.93824941876110246  0.94860261922074995  0.95915025468612403
  0.96973299117361866  0.98019094777226468  0.99029989560797493  1.00000000000000000
 -0.00258664966997970  0.00921865229391430  0.01977947306037032  0.03061123404802799
  0.04151171419369244  0.05209378370473803  0.06248227259821637  0.07310861019147925
  0.08385997762869056  0.09469994173318627  0.10560806210559495  0.11677339297581393
  0.12794370102610969  0.13869333784148780  0.14941978942944378  0.15999872702163986
  0.17067265188284306  0.18113685072876226  0.19174194596628438  0.20262808992270195
  0.21390435166384472  0.22564194565506704  0.23714019799654487  0.24821827690869985
  0.25891755948069772  0.26955415234745400  0.28020932416195748  0.29081301261114290
  0.30100973612442627  0.31078750154906287  0.32060897424040358  0.33062464963345845
  0.34100964879463680  0.35149267561520475  0.36235263405921581  0.37334498963367024
  0.38415639352504283  0.39481047108868744  0.40513132171991639  0.41543535216090538
  0.42545442766238517  0.43571284599086829  0.44639669065299309  0.45683979933570346
  0.46733344750113520  0.47766787798217425  0.48851529253376741  0.49919470659455678
  0.50997608758959312  0.52096109985806816  0.53245000964617140  0.54367739624929390
  0.55425879470695050  0.56435226533673943  0.57447020892790823  0.58475588572331871
  0.59507160087805844  0.60542107228355080  0.61592803970476728  0.62670598049863113
  0.63754044680596389  0.64829925037233382  0.65908837934315456  0.66973769135835548
  0.68047509801579875  0.69074085208020886  0.70105356002837871  0.71133499385715071
  0.72187524386729363  0.73257591749213369  0.74307076223717483  0.75368122490327205
  0.76390025251626537  0.77388173621752121  0.78374579869239414  0.79372766421864349
  0.80376134037022706  0.81378772249337861  0.82389165886315996  0.83422068989888243
  0.84427791066533853  0.85408670608954540  0.86399704496152341  0.87421418592901301
  0.88500985090200879  0.89601012978225547  0.90697402651506664  0.91752617543794013
  0.92750861822887265  0.93750324910597738  0.94763499475023194  0.95790153807005374
  0.96832423791834010  0.97855741907472049  0.98947240695593730  1.00000000000000000
 -0.00260232598038544  0.01020795551924039  0.02017434392173117  0.03105207907563204
  0.04174633014760174  0.05305045322785865  0.06439116830449700  0.07570061998661270
  0.08651426071808796  0.09703500360341277  0.10763420075941230  0.11867109442389286
  0.12963940952851621  0.14000042028522583  0.14968894884214246  0.15892152163850570
  0.16865993712897551  0.17890288852658143  0.18950541823884492  0.20010643637415257
  0.21085151256059673  0.22180559763612656  0.23262100507442038  0.24326057036115423
  0.25363423991798828  0.26373886246905520  0.27377212551690194  0.28380605782794399
  0.29383664456705083  0.30368848796563813  0.31343203593394892  0.32346707337343694
  0.33393196263107572  0.34465433651020771  0.35558886245258292  0.36666157861673093
  0.37769841813902799  0.38841372676719466  0.39885558161824380  0.40926071467560649
  0.41968633821639711  0.43029562833013180  0.44074561135914386  0.45117981450195283
  0.46142274688516127  0.47190669122845508  0.48258957158278576  0.49347005004004424
  0.50445202382022436  0.51517865134967644  0.52585724366182718  0.53631723994602787
  0.54693810783062258  0.55756066685548145  0.56839794392520404  0.57953874421097618
  0.59062538727690550  0.60120745959846700  0.61147013948211215  0.62194929775538688
  0.63256514616074599  0.64338339461418426  0.65392395350615518  0.66477468901038517
  0.67562486543196842  0.68638614267814180  0.69692780144361310  0.70718617760824876
  0.71720483110389044  0.72718149885762218  0.73729461972667587  0.74752664870871133
  0.75768197436430962  0.76777758593337242  0.77840169878627807  0.78957299934343228
  0.80083101601625717  0.81159064413853355  0.82211275814206308  0.83260708615511680
  0.84311923651010467  0.85373549874092070  0.86444234814644061  0.87485155401189063
  0.88512132407765554  0.89546490404299628  0.90638490141884342  0.91674882505907607
  0.92621368062592235  0.93558051575199896  0.94517058927471687  0.95558679940519708
  0.96657575501177806  0.97811842059144605  0.98920117655613937  1.00000000000000000
 -0.00220507763168956  0.00858859567486538  0.01829647010162933  0.02913438935257100
  0.03910338665849729  0.04931827077562067  0.05978166543483193  0.07080431677825598
  0.08126598526897227  0.09174078362499351  0.10266852604945460  0.11349867260783499
  0.12459099541723707  0.13541566641317143  0.14588516691113790  0.15621850061108047
  0.16645444107223914  0.17742360236430532  0.18834217447543938  0.19918037433169755
  0.20961427702490101  0.22031668992810652  0.23145281934112252  0.24250864916198173
  0.25350756839374211  0.26360888910886277  0.27401795818115710  0.28446568514339488
  0.29549556872947214  0.30666145647146120  0.31781623569110162  0.32851992070345465
  0.33915742804169957  0.34976501530991372  0.36060598854415732  0.37097823041417932
  0.38143279566605942  0.39184501636437524  0.40232316058656603  0.41301283297409980
  0.42379200825606317  0.43425540465046109  0.44454106361904994  0.45479637711118343
  0.46553424577642211  0.47638073706204709  0.48752378300825572  0.49851784987425490
  0.50927170453635895  0.52033248866195114  0.53116588444797697  0.54188678235880783
  0.55212375823206683  0.56214797851068932  0.57219761324231622  0.58217397633642221
  0.59236761476618172  0.60253037233889573  0.61267782128409920  0.62256326398880724
  0.63219069321340893  0.64214582421872290  0.65221266911522335  0.66280691552263105
  0.67293044978550998  0.68343807548473934  0.69362481058807390  0.70463555612188911
  0.71556116967145866  0.72681680241786728  0.73703243180332689  0.74724550819928270
  0.75775828195318928  0.76777113557732857  0.77729867063778324  0.78679577929892264
  0.79670887235872956  0.80731995931156375  0.81794395738678882  0.82840850256227971
  0.83893992973262588  0.84919966560989613  0.86017610020043722  0.87067556195776197
  0.88159989525157223  0.89210208257497103  0.90282143698489203  0.91367888462051228
  0.92470673775291090  0.93554640460159366  0.94619571346932441  0.95662104683612925
  0.96751758578920000  0.97837670088842044  0.98929367264548074  1.00000000000000000
 -0.00263800217020481  0.00937046929264232  0.02000390986701846  0.03090886409657597
  0.04191634045032228  0.05299870172493584  0.06386054116566200  0.07487918644531563
  0.08586796202006754  0.09702350688694747  0.10810181087746151  0.11878006467852650
  0.12899648488566548  0.13904346221413896  0.14933059582014668  0.16011840286363663
  0.17091225633563933  0.18179195785619512  0.19245704955959286  0.20341041043354188
  0.21409572142648545  0.22446196737173038  0.23520938893856869  0.24574001552079364
  0.25615738088949386  0.26640086713082978  0.27661722767836555  0.28703494124119394
  0.29698623145082648  0.30668613198244166  0.31631894659504578  0.32635509576778682
  0.33672062972772865  0.34740490894813675  0.35828908507113733  0.36940293883518593
  0.38001548959755327  0.39068363902299491  0.40149838910027907  0.41262499269870917
  0.42329445112301511  0.43368531953752082  0.44397619516100173  0.45428727532654745
  0.46450200353642968  0.47467399630907908  0.48505687148885557  0.49549009561584745
  0.50584099870113364  0.51594561414873019  0.52606699054359030  0.53628648528455358
  0.54663974890005040  0.55719171502391751  0.56757104345439491  0.57795763747386730
  0.58841529916758484  0.59902447481129129  0.60950059548885449  0.61986195489813012
  0.63038703372664218  0.64146548360253530  0.65252771345236771  0.66334297570293754
  0.67337985806108491  0.68316837445234790  0.69329101288852746  0.70381469026912458
  0.71447740489355760  0.72489008894320406  0.73493113357911488  0.74453603787067735
  0.75425334344541817  0.76437919198552062  0.77489409956725885  0.78558296474458278
  0.79596959503126197  0.80663267503151426  0.81715024040727979  0.82828742583574078
  0.83917299317741723  0.84980672447439087  0.86037494357354694  0.87078589249561800
  0.88163941292422354  0.89217653019782628  0.90320081609303893  0.91406519424887045
  0.92498081602966198  0.93570620853553854  0.94646128556774312  0.95732771886542645
  0.96838532397255528  0.97893335736588016  0.98950968876845979  1.00000000000000000
 -0.00227529870804207  0.00920122141380661  0.01889044635221035  0.02848667029511952
  0.03807536843412812  0.04785837331445619  0.05790795996530186  0.06826718752766001
  0.07881307625529914  0.08922928028657526  0.09955090796072449  0.10961227399834143
  0.11977508004998837  0.13039606188036329  0.14123397584496614  0.15210472196837641
  0.16278055840931419  0.17333893971432943  0.18396415551019960  0.19441605261087674
  0.20462749439716443  0.21510729089013586  0.22583693982315090  0.23633335839402539
  0.24631622718957907  0.25607670909109548  0.26624642331258169  0.27658812092315438
  0.28694750740377456  0.29741055999912080  0.30779512131911735  0.31840969508485151
  0.32887299845959145  0.33927369753674214  0.34978846864293855  0.36033232852897673
  0.37068655916183763  0.38084272776010003  0.39095794038790099  0.40154586173357038
  0.41226320027121788  0.42354329197377188  0.43478202917363912  0.44608534691663432
  0.45725546721924309  0.46816747226272670  0.47906657353998983  0.48985242072187651
  0.50070846173759831  0.51115334131666978  0.52155188023062016  0.53202834883640016
  0.54243877534376805  0.55282736616296801  0.56325645567683569  0.57385442886932159
  0.58449266130056943  0.59502550402694165  0.60586574142488336  0.61683420005808665
  0.62765895580008391  0.63843754643143136  0.64915827834280349  0.65997124740194979
  0.67060335593511922  0.68123746819240305  0.69165599489618512  0.70180520266881885
  0.71234870507546988  0.72308419166087412  0.73372688040786094  0.74445453624339619
  0.75483417717112167  0.76523785434368718  0.77546017763026942  0.78588129092540060
  0.79638587165519437  0.80685711774644231  0.81751619112349139  0.82808914783287502
  0.83868055870547153  0.84918417119797385  0.85994349893164856  0.87059188991654379
  0.88128524405936293  0.89167317400267321  0.90246285659589742  0.91331816621433581
  0.92405386774710652  0.93461088964028061  0.94552813785194711  0.95666347595702228
  0.96815495559178300  0.97892232804468304  0.98992161433321579  1.00000000000000000
   4.1363324121780193E-012  -1.0000000000000000     
 T T T T T T T T T T T T T T T T T T T T T T T T T T T T T T T T T T T T T T T T T T T T T T T T F F F F F F F F F F F F F F F F F F F F F F F F F F F F F F F F F F F F F F F F F F F F F F F F
  <DiscreteSampler_grid>
  grouped_processes
  1 # 1 for a reference and 2 for a running grid.
  10 # Attribute 'min_bin_probing_points' of the grid.
  1 # Attribute 'grid_mode' of the grid. 1=='default',2=='initialization'
  0.0000000000000000 # Attribute 'small_contrib_threshold' of the grid.
  0.5000000000000000 # Attribute 'damping_power' of the grid.
 # binID   n_entries weight   weight_sqr   abs_weight
    10   10   2.181783175510884E+004   3.655335174131932E+009   2.181783175510884E+004
    16   10   5.568126021311352E+004   1.594417804668745E+010   5.568126021311352E+004
    22   10   5.568126021311353E+004   1.594417804668746E+010   5.568126021311353E+004
    28   10   2.181783175510884E+004   3.655335174131932E+009   2.181783175510884E+004
    34   10   2.181783175510884E+004   3.655335174131932E+009   2.181783175510884E+004
    40   10   5.568126021311352E+004   1.594417804668745E+010   5.568126021311352E+004
    46   10   2.181783175510884E+004   3.655335174131932E+009   2.181783175510884E+004
    52   10   5.568126021311353E+004   1.594417804668746E+010   5.568126021311353E+004
  </DiscreteSampler_grid>
