  0.00191554057656775  0.00195047674464455  0.00199207715899698  0.00203404044425235
  0.00207556399343963  0.00212091912194299  0.00216847367928762  0.00221567458897590
  0.00226400490539826  0.00231508863952261  0.00236755848022463  0.00242096578002218
  0.00247548995076629  0.00253078249899078  0.00258669489737582  0.00264532801393745
  0.00270454230844238  0.00276516469762657  0.00282818083961467  0.00289016928418763
  0.00295369365173578  0.00302020495337401  0.00308866739202676  0.00315838082971828
  0.00323004980926772  0.00330573745822243  0.00338537022264792  0.00346737218785215
  0.00355356355238453  0.00364144079616257  0.00373224715022815  0.00383212519314842
  0.00392749095739161  0.00403017070154035  0.00413199928676306  0.00423651577174339
  0.00434609869565702  0.00445822800841347  0.00457620355016063  0.00469922685721251
  0.00482677428177997  0.00495669721157910  0.00509343657862557  0.00523569648309369
  0.00538480902523432  0.00554246174195380  0.00570533761204825  0.00587924440783468
  0.00606145722012042  0.00624515914405056  0.00643626843086339  0.00663422254195907
  0.00684552758210616  0.00706942735176852  0.00731238133750820  0.00756621399416473
  0.00782378549130130  0.00808781396590395  0.00836053929276525  0.00864954880828112
  0.00896151602840897  0.00929344657036888  0.00964212230855445  0.01000218521794846
  0.01037996599668023  0.01077632837643031  0.01119951710285890  0.01164886069517247
  0.01211655283734103  0.01261877929262630  0.01315426163217133  0.01372450093084735
  0.01433616188954090  0.01498907391058677  0.01570137258183043  0.01649441782236381
  0.01738120792535030  0.01835332512344806  0.01942768306283485  0.02060193431508868
  0.02193188043012279  0.02339598257479809  0.02502339030168186  0.02686673086992891
  0.02905326415444120  0.03166928111721342  0.03496123657868892  0.03926554928395967
  0.04438708915104968  0.05009386855147649  0.05716814207148543  0.06704767134229397
  0.08210320835117682  0.10727648506493596  0.18164995939809803  1.00000000000000000
  0.00422105667164326  0.00516542133145560  0.00595189727758097  0.00676648390893300
  0.00760705347275628  0.00843609828729500  0.00923614081510802  0.01004670697465745
  0.01088080136741128  0.01175202586439819  0.01264629173782132  0.01362450165265125
  0.01459045758369017  0.01558703465291703  0.01662486811773604  0.01768496464301945
  0.01878131276874316  0.01992511506829891  0.02114290499881151  0.02245720067349954
  0.02383967722623846  0.02527438008661347  0.02673159541403096  0.02826340805131095
  0.02980439586758944  0.03143075237078823  0.03312010632994578  0.03490183989082133
  0.03669703519747357  0.03844993299784376  0.04031027546035581  0.04232945714892596
  0.04448520374796994  0.04672212640576352  0.04899259269642939  0.05132474193042548
  0.05367952968998502  0.05605944358657550  0.05849854466605851  0.06105571222942432
  0.06373657970311085  0.06650257896619882  0.06937810067161551  0.07241511281887333
  0.07559697394979913  0.07888233098675569  0.08223269689668505  0.08570666588755742
  0.08921333571770265  0.09279910361609447  0.09637534141262566  0.10042964754851895
  0.10460867236719440  0.10896716006077611  0.11344459923459109  0.11807910892098561
  0.12282233749949338  0.12769973398052542  0.13279018654390384  0.13820838414950540
  0.14397429474433984  0.15005254767591406  0.15657630575602199  0.16344632745219459
  0.17061217753458377  0.17764874603915515  0.18501375029477213  0.19269363075284052
  0.20079923935890970  0.20932401942235790  0.21822159514745196  0.22748440428583344
  0.23730771607283307  0.24779289731006990  0.25890163256297088  0.27050174462182236
  0.28249753626865204  0.29522900483722297  0.30888741443524120  0.32347353164110298
  0.33882772841092201  0.35543507209030950  0.37354129017194776  0.39353795246874601
  0.41539426253277056  0.43870775395971284  0.46363605876939645  0.49084658571870410
  0.52099780316471689  0.55545259704840444  0.59533897045499062  0.64158483003890809
  0.69468614506778015  0.75759073097532992  0.85024011101948649  1.00000000000000000
 -0.00225059254285376  0.00907467316459847  0.01932523859603909  0.02965131162868456
  0.04040191311971850  0.05100288109352872  0.06184897515743483  0.07181047322519654
  0.08190538142636207  0.09253217430328628  0.10336304907295440  0.11389583795023844
  0.12387447782162531  0.13381092456304991  0.14382926417965072  0.15387618170662459
  0.16433266654932607  0.17510603340927833  0.18639244108696157  0.19703978960387192
  0.20736664315850828  0.21737233854153581  0.22738341525562575  0.23760892599796693
  0.24791495508801503  0.25835904869071474  0.26906376589980580  0.27989938833416622
  0.29065888352395364  0.30106564669013292  0.31148870594246419  0.32237195777682742
  0.33347868769274119  0.34424818949106178  0.35446643910455367  0.36467760860991560
  0.37497504199497228  0.38542527829404555  0.39579721744249824  0.40624601506174540
  0.41710385992909715  0.42830788927983648  0.43960328339681337  0.45052521555153624
  0.46121974842105917  0.47166604947450008  0.48224624015759426  0.49233686049782310
  0.50238884269887030  0.51230720799143881  0.52222690072453448  0.53211501451421162
  0.54234089004213137  0.55328763106824730  0.56483824608584121  0.57625820226352631
  0.58753295226326918  0.59860504025470640  0.60969186970916356  0.62054102829957170
  0.63163062399537151  0.64261786932209652  0.65342325346025287  0.66373881910279120
  0.67396185636538253  0.68406519000720589  0.69438622007651496  0.70503498169698320
  0.71591424533268821  0.72676737907673317  0.73735181721701304  0.74821994559450333
  0.75937534227532211  0.77022226367637814  0.78053917866752076  0.79085269530526403
  0.80155287868468905  0.81242969655579100  0.82295311669238358  0.83324497802953512
  0.84336601649216747  0.85363324398356155  0.86375672821093863  0.87402387870695553
  0.88402688284943320  0.89457842357333250  0.90529125559041557  0.91590311103319044
  0.92635691306674750  0.93654408146970347  0.94700308533691047  0.95750298826211799
  0.96814123361579263  0.97918338341029409  0.98956145025132403  1.00000000000000000
 -0.00254472910318901  0.00957646926744557  0.02004573050732045  0.03004516470697097
  0.04014817208792454  0.05031221558358975  0.06087361057647676  0.07113540380542693
  0.08125550297815200  0.09167291487292734  0.10271240695103412  0.11416740180523563
  0.12542672618201325  0.13663859050411042  0.14759657679118562  0.15875548751208537
  0.16965288659525399  0.18045519855208675  0.19071122957551792  0.20024814319529863
  0.20978869147723578  0.21970715171322522  0.22979487839389634  0.23992595761747462
  0.24975636755492189  0.26029789431821776  0.27090747319668718  0.28167679102519882
  0.29194321034508891  0.30245018587106443  0.31310535038111542  0.32439689293591312
  0.33591337590716275  0.34705968297007012  0.35781976986445130  0.36826792461031388
  0.37869237003932432  0.38900905273713737  0.39958974380316026  0.41033121847758025
  0.42124522110549317  0.43213781619921160  0.44294358031638348  0.45373488485022206
  0.46448925782234191  0.47502616073107112  0.48562528853068077  0.49598877943110592
  0.50688527435750297  0.51769353422417985  0.52846557139118544  0.53877047730303529
  0.54885104674167462  0.55896957308912099  0.56928811044517103  0.57990921883092217
  0.59048950159486280  0.60085531218149391  0.61126546359452583  0.62162562100616636
  0.63235353417601969  0.64318546497866591  0.65413956771155701  0.66507894010945479
  0.67558881776649504  0.68576412099905737  0.69561282388696055  0.70577716821715086
  0.71624823307826158  0.72686791749980506  0.73756946711336913  0.74859763399162516
  0.75996081574409047  0.77128506207632108  0.78199920281414037  0.79217332714018396
  0.80225716476895281  0.81228624914610104  0.82198603743118337  0.83153929094694201
  0.84154604464065252  0.85187322060187831  0.86248874714454593  0.87305442659551957
  0.88352870378753345  0.89396963088861536  0.90383661761095990  0.91380649686939175
  0.92408321549018901  0.93452914409217580  0.94514379896069922  0.95540485606792147
  0.96630795546067183  0.97724240807017160  0.98858745546984417  1.00000000000000000
 -0.00244242406607577  0.00966682582743462  0.02053329252957117  0.03170902356664301
  0.04238023442556575  0.05241192207312435  0.06286694557800548  0.07378724864787180
  0.08502968927821586  0.09619257171531782  0.10684860567325789  0.11723832276268685
  0.12780660541123084  0.13886983697598190  0.15006134224244239  0.16117551579966152
  0.17192580901885146  0.18245680400976236  0.19280125394427713  0.20299133424114238
  0.21346686926332561  0.22410839861925980  0.23484876581238701  0.24514349813239578
  0.25572047402076747  0.26641931725579548  0.27691566659455336  0.28714005624236000
  0.29769267640217240  0.30831575029608133  0.31857949500158933  0.32849826238914553
  0.33812270430170782  0.34785071602377243  0.35786089831206863  0.36865206067870743
  0.37955893158699727  0.39078300837860402  0.40166462325002716  0.41337521310534148
  0.42466865044187518  0.43614797865491806  0.44655242320992228  0.45723608922022441
  0.46748619359917676  0.47800935922508714  0.48776304484401378  0.49779613473686574
  0.50796111005348998  0.51857233271536873  0.52952822727506610  0.54057005626146593
  0.55073298199179344  0.56043607079530733  0.57018287550219116  0.58054237208338610
  0.59126512022703803  0.60198983862069688  0.61225608661562425  0.62252311171889851
  0.63256343340560195  0.64283002749615914  0.65310304038295242  0.66302544490021631
  0.67328343065207108  0.68372373859081192  0.69432388766752973  0.70491191734429814
  0.71504006728150482  0.72512879569191802  0.73566437010018382  0.74626196767977881
  0.75716723654059759  0.76795692747968658  0.77853918366294106  0.78894131918670185
  0.79988803248863283  0.81091087676159224  0.82192799937424688  0.83249369563223918
  0.84267560677898379  0.85308718005875261  0.86323457086539468  0.87349754680741221
  0.88334014719159082  0.89339178159225285  0.90369685990146009  0.91429943240447964
  0.92503328004254359  0.93605324087730490  0.94662701991238651  0.95738836115160098
  0.96779830943576994  0.97863692855692841  0.98908736048737511  1.00000000000000000
 -0.00272523471247611  0.01044777289542392  0.02143876043556183  0.03272954970901964
  0.04335741416380955  0.05342406159424672  0.06341846644135792  0.07360650715091407
  0.08411672968982217  0.09433666572773537  0.10433682528723810  0.11433429214762350
  0.12446062996023030  0.13460130641711945  0.14487925450019432  0.15532090561149867
  0.16583051047275202  0.17622603117695945  0.18640965346793367  0.19687778346053597
  0.20725789832260519  0.21780488239975285  0.22822636357315759  0.23889260013457714
  0.24963589046552029  0.26027734620038501  0.27089937442479894  0.28153308461610882
  0.29248268043306141  0.30366882915541332  0.31466284216252993  0.32520473616481038
  0.33530028496420261  0.34512696843742363  0.35478985195707557  0.36450568988017040
  0.37424387132831766  0.38404220341200895  0.39405289673649441  0.40422059124402693
  0.41414614183057130  0.42395083974227665  0.43401050813996056  0.44456839840173135
  0.45537239361968401  0.46623126819917216  0.47709422494869902  0.48758569090271808
  0.49791881497978580  0.50829742239404441  0.51893561691093770  0.52941402431272999
  0.53965399858970198  0.54992734193666681  0.56060162748195697  0.57165230419900592
  0.58276002876832145  0.59401540108719308  0.60517568034634339  0.61620186747439509
  0.62700423473150102  0.63760539998264187  0.64800532756224716  0.65805442794731284
  0.66824703404446162  0.67866214926628310  0.68927223767612655  0.69965287959504163
  0.70976786508038148  0.71996744820440239  0.73045437305756944  0.74125650485306716
  0.75244464809409928  0.76406571273253576  0.77541234500132639  0.78617952738348384
  0.79646104414330365  0.80681425276158047  0.81753312768658326  0.82843459663664343
  0.83955696000453073  0.85060580854067669  0.86112643204511163  0.87157474106804533
  0.88207563129235100  0.89255401784044142  0.90275701437326383  0.91299295144067649
  0.92336670694795786  0.93355030386629023  0.94390134981412710  0.95454307430151730
  0.96570470469272407  0.97706483843613057  0.98849087137664948  1.00000000000000000
 -0.00234316271297672  0.00922511300719563  0.01915144746215737  0.02968775906387324
  0.04027964201856816  0.05050904828962329  0.06082296279639378  0.07124040454831619
  0.08181504546022091  0.09206985714084318  0.10247502996527184  0.11278674610402886
  0.12365250287134950  0.13412705485828616  0.14459875185338064  0.15449386773226298
  0.16496096191940907  0.17504264840805106  0.18539793818168876  0.19547477630436530
  0.20569438088798292  0.21588753528202090  0.22588476624979784  0.23625948665803301
  0.24704683408197617  0.25793504781697835  0.26851948211572485  0.27851485326128950
  0.28836062528053180  0.29840822225014207  0.30879318121003019  0.31946369481891318
  0.33036088124408586  0.34114559286060975  0.35181063973231752  0.36223075600193211
  0.37258270451787662  0.38291100764689107  0.39334006475346461  0.40381225652479535
  0.41390503600853590  0.42395092919393812  0.43409518078305198  0.44473318865812222
  0.45504100059566605  0.46573528743355042  0.47628944746439345  0.48706544892426179
  0.49818427372897001  0.50949855663940591  0.52086959289790058  0.53170567676982827
  0.54237437618646189  0.55287702961578655  0.56372650519090839  0.57477894330883161
  0.58558087497964306  0.59586725730369439  0.60565144960409534  0.61572169000098986
  0.62597923030529468  0.63639599408905667  0.64668164052902444  0.65687909132521671
  0.66746809578730115  0.67854714929834947  0.68984915682497794  0.70062937052583496
  0.71109034088793988  0.72141628909350120  0.73184833151524031  0.74249618808740736
  0.75371334295247361  0.76498213774381218  0.77555385743817706  0.78568897152895023
  0.79627625135443825  0.80716423665841996  0.81788353581647266  0.82861743288346645
  0.83950712662545346  0.85055977715726794  0.86127472882850353  0.87169690677353739
  0.88213507425837523  0.89280544428211195  0.90372200653304713  0.91443665680819508
  0.92525256247459609  0.93611185084796167  0.94727163763413835  0.95822588430255973
  0.96904387477775678  0.97962400023498331  0.98989505722319482  1.00000000000000000
 -0.00252706025938295  0.00919788023976549  0.01965246857583117  0.03056189037303060
  0.04132717160233586  0.05194918222146088  0.06262829181654533  0.07312395697964147
  0.08352615945586184  0.09396229679587470  0.10473856952925216  0.11611561940301557
  0.12749430418967150  0.13842888587442670  0.14889332316550119  0.15905936071817917
  0.16915756500462184  0.17900955255200987  0.18920663101563870  0.19994153834596473
  0.21088485535360679  0.22162475518042213  0.23241958021652950  0.24317050612057065
  0.25365652434745972  0.26396150448482159  0.27419696536393673  0.28479992218422540
  0.29549822985497420  0.30651957423289833  0.31781568593766707  0.32927864163305604
  0.34037332305920504  0.35117024230515720  0.36159248460069288  0.37194878013289678
  0.38225381657781382  0.39271738833987463  0.40315863240296318  0.41357863053447969
  0.42424500599831311  0.43548227609141249  0.44686801817754235  0.45804363879623178
  0.46876722705101764  0.47935138587760129  0.48978064925256953  0.50034408453727786
  0.51099148891378066  0.52136104741763278  0.53130924353500641  0.54107956807246993
  0.55111012746183685  0.56166690954884346  0.57285931973937521  0.58440989845402902
  0.59556277854619621  0.60608641327141966  0.61611909207862414  0.62595149852169174
  0.63585502870686550  0.64599222298310466  0.65629797388729527  0.66650548414634880
  0.67645621466038341  0.68675978122840797  0.69756861107604795  0.70856116016191129
  0.71922793936073137  0.72971666891265452  0.74037431239978180  0.75114568455966202
  0.76158867088959015  0.77178752200926259  0.78208360805798438  0.79271651825015665
  0.80369673732515101  0.81467622304122389  0.82554210719219090  0.83574796937333928
  0.84563906278938961  0.85570923318036629  0.86606391425863549  0.87625223184600731
  0.88614612211596355  0.89594051503335392  0.90591877584845537  0.91583950856850682
  0.92608020433089533  0.93661495586548327  0.94747421263079090  0.95803960718073033
  0.96849951998114925  0.97879069091697368  0.98922182071399067  1.00000000000000000
   4.1254951791130168E-012  -1.0000000000000000     
 T T T T T T T T T T T T T T T T T T T T T T T T T T T T T T T T T T T T T T T T T T T T T T T T F F F F F F F F F F F F F F F F F F F F F F F F F F F F F F F F F F F F F F F F F F F F F F F F
  <DiscreteSampler_grid>
  grouped_processes
  1 # 1 for a reference and 2 for a running grid.
  10 # Attribute 'min_bin_probing_points' of the grid.
  1 # Attribute 'grid_mode' of the grid. 1=='default',2=='initialization'
  0.0000000000000000 # Attribute 'small_contrib_threshold' of the grid.
  0.5000000000000000 # Attribute 'damping_power' of the grid.
 # binID   n_entries weight   weight_sqr   abs_weight
    10   10   1.523964485119978E+005   2.244549060992657E+011   1.523964485119978E+005
    16   10   5.894418299348491E+004   3.214475993323416E+010   5.894418299348491E+004
    22   10   5.894418299348493E+004   3.214475993323418E+010   5.894418299348493E+004
    28   10   1.523964485119978E+005   2.244549060992659E+011   1.523964485119978E+005
    34   10   1.523964485119979E+005   2.244549060992661E+011   1.523964485119979E+005
    40   10   5.894418299348493E+004   3.214475993323418E+010   5.894418299348493E+004
    46   10   1.523964485119979E+005   2.244549060992661E+011   1.523964485119979E+005
    52   10   5.894418299348495E+004   3.214475993323421E+010   5.894418299348495E+004
  </DiscreteSampler_grid>
