  0.00000009419443171  0.00000009642498523  0.00000010016394744  0.00000010422738040
  0.00000010796851020  0.00000011196208943  0.00000011642215826  0.00000012116838399
  0.00000012602220484  0.00000013103941523  0.00000013635752899  0.00000014212893034
  0.00000014839687517  0.00000015491287387  0.00000016158244919  0.00000016841451665
  0.00000017588956896  0.00000018344264793  0.00000019123544216  0.00000019949582545
  0.00000020836608924  0.00000021791007631  0.00000022814267191  0.00000023916576329
  0.00000025126700977  0.00000026428349224  0.00000027797478847  0.00000029256246286
  0.00000030797046795  0.00000032429134541  0.00000034140270513  0.00000035972135171
  0.00000037948794353  0.00000040067973673  0.00000042377267779  0.00000044897274123
  0.00000047587658078  0.00000050422149793  0.00000053406715959  0.00000056549105768
  0.00000059901110743  0.00000063543922217  0.00000067530776762  0.00000071726607754
  0.00000076360314005  0.00000081357915436  0.00000086831692696  0.00000092910630447
  0.00000099681597823  0.00000107296211129  0.00000115874798090  0.00000125060584770
  0.00000134936710683  0.00000146018421205  0.00000158385704607  0.00000172354419971
  0.00000188362435050  0.00000206287174255  0.00000226076746957  0.00000248607906093
  0.00000274550476980  0.00000305102462856  0.00000340824862148  0.00000382093109089
  0.00000430451654474  0.00000488495625928  0.00000559789406538  0.00000650705834523
  0.00000770062378562  0.00000930378570327  0.00001147939970612  0.00001436874179991
  0.00001831770455439  0.00002482628300619  0.00003541256987034  0.00005123817111285
  0.00007330877713601  0.00009932092521930  0.00012795690122061  0.00016428918678983
  0.00020996729642347  0.00025850902334909  0.00031102895611546  0.00037739576458419
  0.00045587107963696  0.00055480120506339  0.00064497531755708  0.00076309718103570
  0.00095223575738831  0.00118902907729958  0.00145878652075608  0.00161124599481003
  0.00185294705913740  0.00247138875973399  0.05469248092270779  1.00000000000000000
 -0.00888316607613682  0.04024083021992030  0.06191327415724428  0.07615672596753215
  0.08892243178954459  0.10125002527621334  0.11302308916106087  0.12436253080221457
  0.13574410500555831  0.14755841360949046  0.15964123444605507  0.17157933357803290
  0.18328577574424743  0.19482492962010062  0.20632040737235080  0.21768952116018328
  0.22901481121475137  0.24054269191967015  0.25221414795887864  0.26384106024472864
  0.27497850241028299  0.28554674674225716  0.29596163139161608  0.30648617066453515
  0.31707996155582047  0.32760870114477886  0.33837711059879039  0.34958136114256461
  0.36072085963702749  0.37167032614538748  0.38258497453924178  0.39357800431107498
  0.40464619657828121  0.41550680119703831  0.42620396538209648  0.43671526915300629
  0.44690856239491161  0.45714143938077090  0.46765532902472023  0.47846042098443248
  0.48923506110854964  0.49989639655814938  0.51069098454891704  0.52163300240864974
  0.53241239835667287  0.54297454235073006  0.55340324011466180  0.56389952705796409
  0.57436326598927723  0.58442111848955713  0.59418660791417788  0.60421844177982464
  0.61438556841389980  0.62516133942916552  0.63597751920438628  0.64692278779287604
  0.65777507737667851  0.66836675912845234  0.67861705871433220  0.68875148357445493
  0.69916311561651712  0.70971709004442973  0.71999560970629661  0.73004070565289159
  0.74015207409184269  0.75043068732463825  0.76096462427147771  0.77163686515517516
  0.78227743488457657  0.79253329445807896  0.80263556006456038  0.81266101711651417
  0.82273373239321312  0.83275856018703487  0.84275339823451978  0.85265884106765399
  0.86236072764321858  0.87195030971202891  0.88149902095672017  0.89103639317688699
  0.90054603564906011  0.91006742700668608  0.91940547474226963  0.92831014965853098
  0.93682248325931339  0.94510037175474260  0.95332060297349452  0.96147472800791722
  0.96917479002762041  0.97614544552955107  0.98235328126325105  0.98760454755780780
  0.99170937350515820  0.99490112636775074  0.99757815595980159  1.00000000000000000
 -0.00000000309757911  0.00000002811222617  0.00000005235129890  0.00000007967771387
  0.00000011680927270  0.00000017069866026  0.00000024000705647  0.00000033069461179
  0.00000044586691367  0.00000058931993102  0.00000076616376802  0.00000098186312193
  0.00000124430288254  0.00000156687492263  0.00000195355629302  0.00000240776867721
  0.00000293056394097  0.00000354076229800  0.00000424230298712  0.00000506728996734
  0.00000606420115682  0.00000723032381076  0.00000857439024917  0.00001011858217019
  0.00001186127283950  0.00001386454254763  0.00001611705483156  0.00001856074333398
  0.00002119873468985  0.00002399632873013  0.00002696013049451  0.00003017516417844
  0.00003347305135184  0.00003676107912875  0.00004032671832676  0.00004411180281778
  0.00004804036681646  0.00005222622882784  0.00005663393850467  0.00006142703639747
  0.00006633205679384  0.00007142620896691  0.00007691286393414  0.00008243247510953
  0.00008838151437938  0.00009462003215153  0.00010109776463748  0.00010855659966971
  0.00011608915047400  0.00012370925353468  0.00013127906560630  0.00013894196031740
  0.00014705838062007  0.00015602958710189  0.00016551050240538  0.00017523574064415
  0.00018566820830514  0.00019708253003990  0.00020999995228065  0.00022485364801779
  0.00024236934786761  0.00026379398838031  0.00028666342265703  0.00031163481456087
  0.00033427203952059  0.00035798541686932  0.00038452797919207  0.00041351588087201
  0.00044301343989571  0.00047196425802808  0.00050264490188856  0.00053835416511041
  0.00058136316481587  0.00063158941716611  0.00068868007586938  0.00074082262787883
  0.00080645763738517  0.00087150095508773  0.00093944769281568  0.00102413764873555
  0.00112979211178050  0.00125737507528238  0.00141172492494406  0.00159561247674183
  0.00187286271625204  0.00221171867153216  0.00255169974126421  0.00288747991547231
  0.00302541970992952  0.00312023227116367  0.00323452861605528  0.00336783372002619
  0.00359227636724929  0.00391555747692665  0.00928701683267815  1.00000000000000000
 -0.00385564138183960  0.01568080239565708  0.03108286756575934  0.04636602609982938
  0.06093358845380972  0.07514106422188693  0.08865250843867777  0.10147414208058256
  0.11353553793282382  0.12517026066873876  0.13679964130517991  0.14862925077530725
  0.16025994651128792  0.17139099199994143  0.18244555054931544  0.19347254428229885
  0.20408269234966980  0.21395305359710193  0.22359604038021416  0.23324014769235774
  0.24280736038083339  0.25189975672727888  0.26086712799570327  0.27001562771837018
  0.27967931358677373  0.28963527257427757  0.29951894938562434  0.30925995716245075
  0.31900028404816372  0.32880032330319742  0.33833555383370961  0.34734031948808808
  0.35583491999640099  0.36402680436221951  0.37229085798603734  0.38097694051129188
  0.39004165752437453  0.39918700460522344  0.40842457503588014  0.41762929102593405
  0.42694438625174258  0.43622008116834426  0.44515825770846407  0.45398096036075497
  0.46281493104191590  0.47171210109594025  0.48075070497705669  0.48996716599245893
  0.49914716145927363  0.50862870342884214  0.51822861402798681  0.52738841416962667
  0.53581491407355508  0.54438219647552677  0.55310862713855735  0.56208298846756433
  0.57073428819553140  0.57911525946529796  0.58761251880074494  0.59651772613336940
  0.60561134605499645  0.61496533456358893  0.62448745993789689  0.63359582921932556
  0.64202448544137214  0.65083566197729825  0.66010878432626674  0.67010215030145348
  0.68032641892429924  0.69027956874491248  0.70037880096402472  0.71036530379788743
  0.72014745851198392  0.72973831630413644  0.73978883465762280  0.75023817032127749
  0.76097677249823181  0.77140750784552081  0.78162034995498531  0.79189016979700710
  0.80239658846503870  0.81327317531692644  0.82453818354617148  0.83601511149179175
  0.84732496005478830  0.85864962916778242  0.87032153301840176  0.88268633891315340
  0.89554544952055448  0.90851615913763550  0.92228738229080731  0.93658991503818922
  0.95153006938615392  0.96726817823485367  0.98365418854263353  1.00000000000000000
 -0.00233865859864819  0.00950016829156944  0.01969008386019446  0.02995312114191765
  0.04025577949127175  0.05165390606838167  0.06302603479093467  0.07422043861784193
  0.08479475093511450  0.09529257142697266  0.10585860365243968  0.11634603586154402
  0.12699701838056171  0.13742382802452785  0.14832109106314556  0.15925982533533636
  0.17023413620805741  0.18114086706261973  0.19183138598178506  0.20222794958168624
  0.21243377094695193  0.22271220388662133  0.23298292046441058  0.24276892730421701
  0.25260245243598922  0.26294981586792499  0.27366320751510709  0.28494545163129165
  0.29627619948084727  0.30760543404249685  0.31814729512247109  0.32797971182695207
  0.33798742168135693  0.34831064628142605  0.35893942346160207  0.36947763620023849
  0.37999375170955357  0.39060018395000751  0.40103581326134707  0.41163811638528569
  0.42270743864668209  0.43430839480078143  0.44545476302555331  0.45616381203109968
  0.46646563129074409  0.47680467206032523  0.48722273171133873  0.49774417148146455
  0.50840298651463633  0.51894370580984628  0.52940624599028274  0.53985508598536636
  0.55041060503158989  0.56102119864888034  0.57158755266683225  0.58209162799775216
  0.59266953805703448  0.60317818593642336  0.61351777397442642  0.62342362707831878
  0.63295924170973183  0.64265945946020664  0.65243766135345249  0.66247270778574385
  0.67263785427962941  0.68312544132961261  0.69397666656854828  0.70463030263789717
  0.71516196774066521  0.72585356326619810  0.73682273252457109  0.74784679607995330
  0.75868015513912634  0.76917878506612980  0.77973401618147153  0.79041243588125154
  0.80010096810033604  0.81002068175634323  0.81977339590591536  0.82987309291411604
  0.84004604530629834  0.85046895096276121  0.86128811008376382  0.87179895273118579
  0.88225878247993628  0.89268768317088054  0.90320157018096836  0.91389714026889413
  0.92514550632721015  0.93603428094865737  0.94610587326533302  0.95626127317468868
  0.96699253902251003  0.97842543908350532  0.98920585251613813  1.00000000000000000
 -0.00185580089514282  0.00708883542213574  0.01569306594695596  0.02431090363539371
  0.03291915784219981  0.04157951817394504  0.05044544614663977  0.05972930255918947
  0.06965031880221730  0.07955903383000450  0.08947562403434897  0.09924097308256394
  0.10899478984745982  0.11886361535559675  0.12887943424647910  0.13892699589266091
  0.14897814401587567  0.15946915197219233  0.17027550440555561  0.18127354464888493
  0.19217812405829998  0.20345023716096830  0.21502316761830431  0.22681036613411731
  0.23869191886801563  0.25069612764043253  0.26253381753255078  0.27406039434185081
  0.28552739436086955  0.29725229554274224  0.30933152427630151  0.32212469945873495
  0.33528768281843135  0.34820153582017327  0.36088426161692977  0.37345776268517711
  0.38647341792982831  0.39922582347726648  0.41201346382303150  0.42527674609977723
  0.43849508363104323  0.45191119847015282  0.46527734538025328  0.47830566807111885
  0.49125902723473047  0.50432192172822032  0.51766722551056132  0.53043025537715593
  0.54276429015650041  0.55457828007732657  0.56688708616133376  0.57898542908493733
  0.59113498629180539  0.60294542372676374  0.61470667075584950  0.62646030357869753
  0.63810896121268990  0.64959797649685280  0.66110082158245653  0.67279705519486388
  0.68441555129715403  0.69571294887905277  0.70673921506247916  0.71762088986072681
  0.72835072892739072  0.73882346063352033  0.74917800844349935  0.75938387152251907
  0.76962296742722069  0.77990250994548804  0.79005356267044990  0.79990175869844704
  0.80937109983586586  0.81856788544687786  0.82778652469276193  0.83714317397928140
  0.84673072942338512  0.85622434254613788  0.86528531735446901  0.87403115115185170
  0.88281891890238717  0.89165085881579875  0.90039762416676405  0.90898609152182719
  0.91765894931562075  0.92611895033909253  0.93458902650596543  0.94251202719548366
  0.95026714809620549  0.95784368777063211  0.96495493007196687  0.97210815952573171
  0.97922766150101304  0.98628818091567083  0.99339101707935595  1.00000000000000000
 -0.00265156760242037  0.00986222977112306  0.02022605226476770  0.03117220462533395
  0.04234905093280966  0.05387272817006757  0.06553671370091098  0.07685562040760101
  0.08787087599834577  0.09866711886174676  0.10917837686304746  0.11953897565785279
  0.13003055992939364  0.14073597533224513  0.15182401528508438  0.16260211062452945
  0.17281395036772468  0.18271608879121706  0.19260880852704371  0.20285504187075654
  0.21335907301211349  0.22384856349277735  0.23446437305352372  0.24519384955313839
  0.25594525990080674  0.26658141352125880  0.27706591836771804  0.28729423164239998
  0.29734435298035722  0.30741772617904012  0.31775877910862854  0.32846632180803692
  0.33940233790891794  0.35040554400525808  0.36118167056344253  0.37175130263343353
  0.38226112019777025  0.39285323349435036  0.40336917562885027  0.41375835422788587
  0.42402236225825013  0.43410143267224871  0.44406346563200227  0.45416052955417929
  0.46471928707916499  0.47550082186315423  0.48599185480085960  0.49636428383190734
  0.50692363796147377  0.51769035523263662  0.52827780408638758  0.53865474649067058
  0.54891774482372391  0.55932989475317463  0.56994797400514707  0.58059945544023950
  0.59119834858459852  0.60164558070078644  0.61195522546265824  0.62226560394973807
  0.63241866450782580  0.64241735192424243  0.65268249206400941  0.66294114217246547
  0.67344757891770179  0.68395117429664432  0.69374248732438759  0.70357018611575639
  0.71334270794378618  0.72403775670445214  0.73496245536371674  0.74577497773297907
  0.75649220569336728  0.76730210298768864  0.77812694688131201  0.78905321829843444
  0.79969015726020753  0.81027760046416653  0.82089714134374892  0.83156991854926521
  0.84239229822605177  0.85309146590761753  0.86382300724410765  0.87450982866503879
  0.88526874605308858  0.89600992197030305  0.90660212842122123  0.91698848456743298
  0.92743152542561347  0.93703367229492063  0.94657168947793036  0.95593498774288732
  0.96624287398267672  0.97720607234386736  0.98831917596525598  1.00000000000000000
 -0.00257909861686041  0.00997314663575893  0.02092188569248070  0.03185714560399278
  0.04293758072327563  0.05345944953649424  0.06397820568468372  0.07466479142635180
  0.08506636150656124  0.09573474978771178  0.10617276172786741  0.11679229002866127
  0.12773832999809273  0.13870993906868276  0.14968831887001824  0.16043755919356067
  0.17107195594160549  0.18196132388224984  0.19257569255222082  0.20329077040801263
  0.21350689082642132  0.22362214100918806  0.23376853376346304  0.24435453014058500
  0.25510824585056840  0.26599338068928047  0.27634860246475501  0.28634413946762427
  0.29612179050132698  0.30636041932970054  0.31657722060038201  0.32676319111484797
  0.33696649861488853  0.34675339204831812  0.35597157258590029  0.36517256822015332
  0.37510358081889322  0.38578225993315807  0.39642715122463823  0.40702262633235242
  0.41764917435048166  0.42831447275902529  0.43901280976674650  0.44982991260656785
  0.46058654243470465  0.47157496615448496  0.48237500541644607  0.49303559421532650
  0.50362887158986858  0.51468920806544916  0.52639629023211953  0.53800411685834637
  0.54885964675799148  0.55920568036785934  0.56964313500267572  0.58024883154953666
  0.59059408951129588  0.60067813533251302  0.61061009273890088  0.62080601265560775
  0.63117024104237596  0.64201950806439612  0.65294437392222315  0.66360162657657906
  0.67418445300368757  0.68469297330156387  0.69498342139797742  0.70512319303905235
  0.71510733192505982  0.72532698072104307  0.73565844891078436  0.74607192185754911
  0.75667750216232721  0.76747150782520834  0.77839905660112474  0.78941076196849469
  0.80059376815111893  0.81177131163536076  0.82287944397664514  0.83375565859418521
  0.84425902375002893  0.85472638409324264  0.86525373685560170  0.87573920608255684
  0.88614874464729443  0.89637387720462869  0.90696744921449102  0.91749685263810210
  0.92780216865134324  0.93804303827610880  0.94830760516451951  0.95851191037543948
  0.96874710664540153  0.97911640981720949  0.98988144148398705  1.00000000000000000
 -0.03076836336665465  0.18511089589689436  0.29925659831926721  0.35077733746299644
  0.37597437732447886  0.38822463212195835  0.39711203005122003  0.40441215068383507
  0.41134418966050862  0.41712717629973350  0.42229101353754650  0.42714673044244206
  0.43181465871581753  0.43649976329762796  0.44106704999453528  0.44557015721060128
  0.44990253241937128  0.45420357581869070  0.45849284604902996  0.46279947281966999
  0.46708393571731360  0.47126697085319535  0.47536528299568204  0.47954974297950143
  0.48390634554306489  0.48833295829758677  0.49273344663257829  0.49709440077866268
  0.50146989832359645  0.50576502089423514  0.51014953432083276  0.51460828648989820
  0.51898712662949364  0.52329080008815021  0.52751248386113259  0.53174162736309927
  0.53603100030732698  0.54042972870089279  0.54500230128053273  0.54971441315729586
  0.55445249499012883  0.55921006740406054  0.56406106720126337  0.56897151563436821
  0.57381835587361663  0.57859047996516677  0.58340696965603100  0.58832659307974977
  0.59335155785957994  0.59858998147447484  0.60382383129654971  0.60897808846742552
  0.61412270812973180  0.61939010996965604  0.62474471574526513  0.63027644503179558
  0.63589014251906817  0.64151118574127375  0.64713260455141419  0.65282941442792475
  0.65863337109915698  0.66450965950429064  0.67079793326697057  0.67736856698848447
  0.68421102951260460  0.69106876695302999  0.69791639406013062  0.70485938112238322
  0.71177076303023301  0.71864445924917142  0.72570888396277167  0.73315958703725226
  0.74086916821865356  0.74847658109445425  0.75621064963436679  0.76417028884701987
  0.77266750399510975  0.78125463141180007  0.78988728282986709  0.79867536270853545
  0.80777492545454499  0.81688849874335956  0.82578250263035713  0.83494838481713463
  0.84472222984633949  0.85504644096448301  0.86583573327428920  0.87722837424558597
  0.88969819307586806  0.90289662638746770  0.91644899256235768  0.93041326241760547
  0.94494160125151305  0.96064319340938253  0.97856767255902688  1.00000000000000000
 -0.03380081454026335  0.15158133304724170  0.19786833814504565  0.23232026449737359
  0.26020111420503828  0.28333651722779629  0.30319801033192445  0.32129206751526840
  0.33799278233353969  0.35327752865534590  0.36777326004176281  0.38204860573831850
  0.39547843122392257  0.40801322526375261  0.42021483198132276  0.43205655198634563
  0.44352064384494577  0.45452796089714526  0.46544878752567709  0.47618142585426093
  0.48669017787170143  0.49661392321667835  0.50599631596508488  0.51523333719542230
  0.52461269065999194  0.53408234552470613  0.54323626397742408  0.55197764818884143
  0.56043514804933892  0.56872089304585016  0.57689153570010798  0.58481911378937645
  0.59244380101300442  0.59989999648694559  0.60708946764447158  0.61395341935591496
  0.62076321585364114  0.62766552104417228  0.63460907142022160  0.64139838932162463
  0.64796125059803555  0.65431259876337222  0.66046643848183795  0.66650209485367840
  0.67241429300562672  0.67820955045261655  0.68395486372800141  0.68961324281294756
  0.69510855575729213  0.70050408058655844  0.70579555842681341  0.71085809050251303
  0.71609056149883088  0.72126505978502908  0.72650014453022838  0.73159801913404154
  0.73652286575782089  0.74137901200387868  0.74608757880236165  0.75059386302598874
  0.75492095708099638  0.75917684316330236  0.76363240644732355  0.76817022363669840
  0.77265098638600271  0.77706380076066484  0.78148049862089697  0.78588444928378642
  0.79028717063851117  0.79485314615889935  0.79939587295458792  0.80391849477441479
  0.80840639811622916  0.81291653101705419  0.81755135305705751  0.82228697278836871
  0.82695064867579682  0.83153853686233803  0.83603864029082442  0.84060765820330041
  0.84530059514706191  0.85026751872117468  0.85529587321448564  0.86025971887353858
  0.86504981381067536  0.86993673395640303  0.87513979114524409  0.88083915887300279
  0.88698423366836343  0.89363995356305714  0.90105822407344394  0.90937938621506309
  0.91881677722600275  0.93055159176296698  0.95041606045340243  1.00000000000000000
   4.1932353336791546E-009  -1.0000000000000000     
 T T T T F F F F F F F T T T T T T F F T F F F F F F F F T F F T T F F T F F F F F F F F T F F T T T T T T F F T T F F T T T T T T T T T T F F T T F F T T T T T T F F T F F F F F F F F T F F T T F F T F F F F F F F F T F F T T T T T T F F T T F F T T T T T
  <DiscreteSampler_grid>
  grouped_processes
  1 # 1 for a reference and 2 for a running grid.
  10 # Attribute 'min_bin_probing_points' of the grid.
  1 # Attribute 'grid_mode' of the grid. 1=='default',2=='initialization'
  0.0000000000000000 # Attribute 'small_contrib_threshold' of the grid.
  0.5000000000000000 # Attribute 'damping_power' of the grid.
 # binID   n_entries weight   weight_sqr   abs_weight
    10   10   2.277293660030222E+001   2.343814061842637E+003   2.277293660030222E+001
    11   10   2.277293660030223E+001   2.343814061842638E+003   2.277293660030223E+001
  </DiscreteSampler_grid>
