 -0.00000010434725903  0.00000130476587129  0.00000195899352503  0.00000257681181563
  0.00000334424961084  0.00000410756633525  0.00000528725392772  0.00000727001458619
  0.00000979594982598  0.00001138728664123  0.00001227538488812  0.00001296034136680
  0.00001361774069680  0.00001422869739484  0.00001505792456125  0.00001579196660434
  0.00001639377744388  0.00001669291496736  0.00001681337456987  0.00001693383417237
  0.00001707338335764  0.00001721914038517  0.00001736489741270  0.00001763055654325
  0.00001790274231652  0.00001817492808979  0.00001911850054789  0.00002016443118444
  0.00002127056287862  0.00002268565180134  0.00002373993468572  0.00002482013237546
  0.00002543499710987  0.00002599393945107  0.00002655408245994  0.00002689052382773
  0.00002697038718071  0.00002704886868553  0.00002711668037650  0.00002715241913979
  0.00002718644075686  0.00002722872682046  0.00002727514606256  0.00002732547543607
  0.00002739105638501  0.00002757981723227  0.00002773388283715  0.00002789679291333
  0.00002810522620906  0.00002828577702152  0.00002843646805393  0.00002864440597997
  0.00002903009838499  0.00002946659536300  0.00002993595372251  0.00003012792641576
  0.00003025488787128  0.00003035396618331  0.00003050013532551  0.00003066185800471
  0.00003082976277429  0.00003099647549453  0.00003118857775604  0.00003147709322092
  0.00003179140182319  0.00003208734573178  0.00003250466477985  0.00003310199319403
  0.00003355369618777  0.00003401236942214  0.00003441310049095  0.00003477458365990
  0.00003521010768702  0.00003585959448763  0.00003664241984651  0.00003746088020072
  0.00005723016118739  0.00005980044133105  0.00006237072147470  0.00006476433347118
  0.00006706149328064  0.00006901879508083  0.00006987296720667  0.00007072713933252
  0.00007341965546184  0.00008089234614578  0.00008805267102203  0.00009291757263755
  0.00009545482392959  0.00009789052441444  0.00010067917315085  0.00010597937221515
  0.00011489371717248  0.00014315290607297  0.00021237237831530  1.00000000000000000
 -0.00000043579786303  0.00000418332214465  0.00000832800877917  0.00001150202130623
  0.00001401837518794  0.00001631008002498  0.00001888525174555  0.00002213666114210
  0.00002537973316327  0.00002792264552956  0.00003185965620289  0.00003816070694105
  0.00004106911747364  0.00004321368223087  0.00004437854471363  0.00004532248366103
  0.00004724303036399  0.00004886063497008  0.00004999961906609  0.00005166996761183
  0.00005319184131270  0.00005472927882378  0.00005618227299437  0.00005766653932815
  0.00005831862124233  0.00005920091983285  0.00006057136641297  0.00006174856300005
  0.00006294124792458  0.00006508576163102  0.00006684141847147  0.00006763035777749
  0.00006952493775895  0.00007152611899835  0.00007375430607663  0.00007523872707902
  0.00007626803884446  0.00007761642793997  0.00007893181040956  0.00008030827852189
  0.00008174626241436  0.00008303634919257  0.00008400310135765  0.00008495218363525
  0.00008589357624860  0.00008694712694094  0.00008797453757391  0.00008887786766130
  0.00008960128780963  0.00009014522483943  0.00009051680615408  0.00009066503431807
  0.00009081326248206  0.00009096149064605  0.00009110971881004  0.00009125794697403
  0.00009140617513802  0.00009155338753232  0.00009169407639659  0.00009183476526086
  0.00009197545412513  0.00009211614298940  0.00009225683185368  0.00009239752071795
  0.00009253820958222  0.00009267970880196  0.00009282222832568  0.00009296474784940
  0.00009310726737312  0.00009324978689684  0.00009339230642056  0.00009353482594427
  0.00009367734546799  0.00009401786259467  0.00009439348780247  0.00009476911301027
  0.00009529479885279  0.00009582538837569  0.00009643833376973  0.00009713258044243
  0.00009831553087295  0.00009968553573198  0.00010125506705246  0.00010282744585883
  0.00010456832532693  0.00010634683702990  0.00010806888387260  0.00010964545738249
  0.00011441963787352  0.00012417611703847  0.00013707920496117  0.00015342411913787
  0.00018514915563030  0.00027464085849040  0.00051234461433163  1.00000000000000000
 -0.00000912149032404  0.00006287043328349  0.00011733603954753  0.00020947987041073
  0.00042518792738878  0.00059283787280798  0.00083816121225273  0.00112193523743480
  0.00149614209333650  0.00261585437548548  0.00347844549837493  0.00505739077470141
  0.00763471226989454  0.00990453014824120  0.01293269973247142  0.01577918406377270
  0.01744079808488513  0.02074368100880264  0.02346378534628928  0.02628205812255896
  0.02902462773642079  0.03158104864027526  0.03977439373748953  0.05375700745938564
  0.06591671643516034  0.07631919916191693  0.08557593053870761  0.09483266191549830
  0.10385075097887855  0.10793128087378226  0.11201181076868598  0.11609234066358969
  0.11862254725061749  0.12012019436083220  0.12161784147104689  0.12329835873080178
  0.12536174900583161  0.12854232253718212  0.13219938384937308  0.13761628620965721
  0.14496318919085674  0.15793420190826921  0.16480722006603604  0.17140232311138068
  0.17665792263304972  0.18124343360942768  0.18571689523327567  0.18953738634927483
  0.19532472474141338  0.20151866995469753  0.20642202685828284  0.20893459927221200
  0.21275989640671422  0.21560702640335241  0.21798388733228677  0.22036074826122115
  0.22321905480348145  0.22613579990957519  0.22941957119160086  0.23341400969451254
  0.23740844819742421  0.25083288091671779  0.27565293612455372  0.31221025254109941
  0.34389236656194661  0.38901699304750392  0.43259300142273976  0.46325261123586153
  0.47646380135561484  0.48898091991851006  0.50059494387983661  0.51261489145372152
  0.52705831648156476  0.54393157483825594  0.56016005650570622  0.57235933720505805
  0.58124668773053634  0.58760456183756427  0.59755699500660675  0.61555593524258523
  0.63361273512919802  0.65250568072307946  0.67139862631696090  0.69762516595054247
  0.72662309357402965  0.75445510288701878  0.78178188073349664  0.80600010720690107
  0.82806803738344703  0.85313598689079839  0.87622094160990616  0.90028377835839501
  0.92379675430232899  0.94734373995426779  0.97248186878601184  1.00000000000000000
 -0.00131896081285630  0.00773940487043292  0.01847835037659102  0.02926656992817092
  0.03909892777536689  0.04897080975580317  0.05989471564395249  0.07068144212389839
  0.08907924762699551  0.10840607189763014  0.12351301832814481  0.13638895208521823
  0.14619623582616084  0.15807415884484116  0.17152542104005744  0.19062453092994758
  0.21177425939404887  0.23549360427904778  0.25718163734354615  0.27202924249570554
  0.27982365166526962  0.29035397075055930  0.30013897914403576  0.30953459482973500
  0.31888368789205140  0.32731136421020002  0.33825395941939163  0.34811790255811453
  0.36585417602557291  0.38436554592331679  0.39574989181518500  0.40673758733059501
  0.41706669241431799  0.42611988230074660  0.43465968308579578  0.44290855514517397
  0.44974218486631240  0.45687033148740236  0.46485129066648573  0.47526987910064672
  0.49124948210307678  0.51718403118322653  0.52795569470470571  0.53633218358054091
  0.54431895213849002  0.54962528777026576  0.55450741898283540  0.56166485277076483
  0.57501593777717408  0.58800832588371565  0.60351072054529820  0.61558520083035417
  0.62658504721910979  0.63781570188367098  0.64984017918032588  0.66186465647698067
  0.67020104404276237  0.67790361460380577  0.68859635884224113  0.69850765264150450
  0.70990459979468334  0.71870940566082164  0.72471671043002273  0.73119699618491785
  0.74140981746162293  0.74856129269768579  0.75571276793374853  0.76313369205436854
  0.77219587202174322  0.78125805198911780  0.78978625614119247  0.79505380797878966
  0.80032135981638675  0.80627306567109258  0.81828724292441546  0.83238574990184222
  0.86547489345338180  0.88797759277155475  0.90102429518937510  0.91064513209399378
  0.92063943751287491  0.92639150574148266  0.92856955491400783  0.93071727589167241
  0.93330976380543640  0.93608692706370578  0.93843232023067225  0.94151079531792159
  0.94633673371951066  0.95094097650086251  0.95373424067445167  0.95648606950233706
  0.96316038592614250  0.97274352536159325  0.98498338270217689  1.00000000000000000
 -0.00444385717121914  0.01195445335238739  0.02604966381397658  0.03406037632343317
  0.03544678126594997  0.03722458040734124  0.03926654492132148  0.04111451523460161
  0.04257912551666514  0.04406324938401168  0.04634931011576360  0.04921559598948946
  0.05119779184861876  0.05271887483269928  0.05432854976905371  0.05875045749695740
  0.06879051376078478  0.07561858712175784  0.08028130346911423  0.08633777866981565
  0.09659531920220769  0.11043382009072386  0.12382104869525359  0.14103912353361109
  0.16607054777489155  0.19697926965581902  0.21517434349321585  0.22946451588114547
  0.24763841713716522  0.26563287850176870  0.28226792470815759  0.29621363608573309
  0.30567283176192223  0.31335128434594295  0.31960411050919796  0.32702419501608326
  0.33601806941602641  0.34227526033167072  0.34504123752477894  0.34695836698318872
  0.34844261398902554  0.35014719104165343  0.35253231687275172  0.35969307773135817
  0.37247306031439248  0.38819064204375670  0.40297408144611963  0.41615041375541334
  0.42621737917184882  0.43609541433917381  0.44281430077341821  0.44642223263781883
  0.45014021550600869  0.45697348075979599  0.46380674601358335  0.47472072893391060
  0.48426175245533976  0.49082169099844491  0.49707915594876456  0.50584959481693736
  0.51557975659176614  0.52516169800125800  0.53450806196052492  0.55322403701041967
  0.56434576496852795  0.57302271207008315  0.58345783498043080  0.59483592525435558
  0.61465079490552699  0.63457362644986903  0.65261172534690770  0.68467892372273931
  0.72805559261642838  0.76474117864659374  0.79219643862218581  0.81002927258124191
  0.81951866140899698  0.83003262533838651  0.84364375421434323  0.86435850185595642
  0.86862527719842264  0.87008013965439979  0.87153500211037682  0.87507620893417448
  0.87901845262108957  0.88296097166728960  0.88692547503227004  0.89088997839725048
  0.89581117685528944  0.90612842523898718  0.92122036264157869  0.93476647309037642
  0.94702311334790179  0.96059879854366559  0.97920347290355902  1.00000000000000000
 -0.00724100572334199  0.03288543767873264  0.05324534570304167  0.07388272599064452
  0.09651454131984114  0.12188397814421531  0.13908291361827188  0.15066065723462169
  0.15612757161295512  0.16137138978672144  0.16695860474572258  0.17371302395814681
  0.18523470259026645  0.20301148822603043  0.21940214556891730  0.23130321522694136
  0.24184128169008220  0.24975552813898777  0.26647133276860890  0.28758564925198105
  0.30243617873781531  0.31348794651747119  0.31970481224934622  0.32639544518714547
  0.33226252298456777  0.33718808637645248  0.34373581823485422  0.34873821520194836
  0.35330174976992734  0.35786528433790626  0.36689175065553659  0.37633996045689400
  0.38578817025825141  0.38770426675999553  0.38924404057328166  0.39078381438656778
  0.39652029474286898  0.40301793568868866  0.40764277227014883  0.41154528136117341
  0.41462529668221287  0.41661668105779021  0.41861017042186888  0.42061744414340307
  0.42262471786493727  0.42461651241175652  0.42660621920998693  0.42987436727074951
  0.43517247355321520  0.44457821375767853  0.45226228673853863  0.45717694365905720
  0.46201586738828687  0.46819558233660052  0.47509571160123831  0.49280801467029489
  0.51115864758370122  0.53494807143203882  0.55232628679814699  0.57120168750459599
  0.58918652174181807  0.60216237066670164  0.61542737361042010  0.62398309035870347
  0.63802844680360227  0.64899241588768797  0.65569582770095913  0.66300274629130040
  0.66925399090631499  0.67523816570916040  0.68053805962354852  0.68569684445489232
  0.69407432121142376  0.70477307226821284  0.71068989805012894  0.71640880164615339
  0.72242746584916473  0.72969232899874947  0.73883070314643440  0.75231209321409498
  0.76588730815543804  0.78237937159766158  0.81296051043326290  0.84645779250017550
  0.87194596180262984  0.89105620915051353  0.91577219914633179  0.93400664492031671
  0.94736508198776059  0.95775769210500439  0.96311686249464357  0.96818077678107961
  0.97446400109050479  0.98155180966794986  0.99181463615831922  1.00000000000000000
 -0.00739989548290627  0.02379660861601803  0.03974453996961841  0.05085379432236131
  0.06805702933821051  0.07935812619701944  0.08449466328977923  0.08974296337970833
  0.09810874879297582  0.11388754716149577  0.12829045014082563  0.14227974537118143
  0.15595511711293336  0.17875818905522251  0.19682149458297135  0.21112996506159748
  0.22258056993775160  0.23477619832978994  0.24173859835837833  0.24674732720227452
  0.25175605604617074  0.25743270075090341  0.26325896161688445  0.26908522248286548
  0.27411583457848976  0.27905279127050164  0.28398974796251347  0.29384869744490449
  0.30660766531457440  0.32331378233314262  0.33855951786586114  0.35244831559862522
  0.37021473609932598  0.39521283048999800  0.42660853706831436  0.44065102177744614
  0.44522222407083006  0.44662687058064032  0.44802464576843365  0.44941736073020577
  0.45109550750311200  0.45371681070011249  0.45789892910639857  0.46165616922717495
  0.46528259045861564  0.46903561544990685  0.47321343372026908  0.47721829162538704
  0.47896449203316571  0.48047297616171591  0.48197705956147585  0.48486452450980277
  0.48805874209872424  0.48983192577359164  0.49280339757776837  0.49729727343815561
  0.50273969703180543  0.50984091738139137  0.51966964562002615  0.52812253271080445
  0.53622612536895220  0.55040124016848946  0.56848178984306730  0.58219018688202018
  0.59050078939869111  0.59936197219460574  0.60947099299008101  0.63194044766394908
  0.65661169158088917  0.68381790926592956  0.70092922784710354  0.71405004734138966
  0.72242141972536766  0.72846767693682390  0.73267358649832681  0.73469678580916342
  0.73718120981147994  0.74476766499199465  0.76064731680604281  0.77587752889774697
  0.79108947463493995  0.80241685418298836  0.81139712106335016  0.81899366657666883
  0.82352748461463743  0.82806130265260591  0.83927905313755591  0.85525365962915401
  0.87855968535271400  0.89129271571230106  0.89798698128905263  0.91101968192142635
  0.93292961862566959  0.95037768230922237  0.96940939489677191  1.00000000000000000
 -0.00353126110669726  0.01734978289747034  0.02591059917172580  0.03158861977870755
  0.03723297854254409  0.05070861434943595  0.06422171183867051  0.07242611600610500
  0.07639182265159429  0.08106632840820641  0.08933894125440950  0.10587612008485220
  0.11776557858457369  0.12557975422549084  0.13191160069058186  0.13820491510150695
  0.14520574606679260  0.15229871763327163  0.15954800772240685  0.17983435895428762
  0.20383292276492082  0.22366323744450636  0.24665476895039284  0.26890645563839893
  0.28279364434458731  0.29762512608560759  0.30934285127513478  0.31687241996535559
  0.32373909439977450  0.32732477452681646  0.33357861667053895  0.34889572789481976
  0.37193848959814507  0.39741257033371841  0.42685093947754182  0.44935788999589832
  0.48561288857393947  0.51223841237196388  0.53600986726742983  0.55710305700979756
  0.57501371804041079  0.59168953548165337  0.59897145186797107  0.60625336825428877
  0.61535802927000027  0.62679143684898864  0.63910244788288684  0.65029815938211599
  0.65811267498124271  0.66592719058036931  0.67350713297212306  0.68063613315497085
  0.68776513333781875  0.69422040306970356  0.69968379547494941  0.70514718788019537
  0.71288897673386742  0.72330072912602061  0.73231031190300266  0.74181185787848736
  0.75213613536225965  0.76494789570461030  0.77817011628377841  0.79445357103610814
  0.80614257146776347  0.81615035270275027  0.82693710094122264  0.84029794147705372
  0.85216203814472313  0.86312710044884733  0.87393791413370603  0.88929034664976570
  0.89826573526892117  0.90617326612130566  0.91248886596029621  0.91534226116107942
  0.91705424883756037  0.91887793837619047  0.93116390783091552  0.93822134180341765
  0.94355584860076536  0.95227024994840659  0.95409264563096519  0.95500935478227089
  0.95577844240712206  0.95819338306910862  0.96326788495501936  0.96807925431481057
  0.97262615151980281  0.97645767822455221  0.97980017546666376  0.98360494447542046
  0.98772168423733375  0.99184093227569503  0.99574184169555391  1.00000000000000000
  0.05168059568113065  0.98590430031966014  0.98923372274577137  0.99400547010795115
  0.99468781248634830  0.99521402233732659  0.99568407881866439  0.99602649016919864
  0.99634114067351010  0.99665878685225129  0.99689502715450584  0.99705243350158068
  0.99722126146825374  0.99739915393336098  0.99754863005312733  0.99766660214765823
  0.99776772357532173  0.99783085332314081  0.99790931798514348  0.99796360089754999
  0.99802853868560504  0.99806288540175236  0.99809747978691532  0.99813291172066854
  0.99817051530699841  0.99820722819962404  0.99824442727624341  0.99828255120827714
  0.99831887484769877  0.99836829923525749  0.99841970202996710  0.99847027288503010
  0.99850178331289663  0.99852988418141331  0.99856534063084534  0.99860114098262265
  0.99863721914426784  0.99867380318082499  0.99871038721738226  0.99875109142914853
  0.99879315082620879  0.99883963134885823  0.99886206181680703  0.99887538046825630
  0.99888869911970557  0.99890176765771821  0.99891460433517709  0.99892744101263609
  0.99893727851263803  0.99893974267790553  0.99894220684317314  0.99894497969111895
  0.99895147006428631  0.99895825504200764  0.99896504703183298  0.99897509691827446
  0.99898694032648439  0.99899373096032251  0.99899682168803772  0.99899991217786310
  0.99900296157127932  0.99900601096469555  0.99900906032144665  0.99901210963222586
  0.99901515894300508  0.99902534113832331  0.99903664836323958  0.99904469828347964
  0.99905164174760397  0.99905773980960078  0.99906338347306833  0.99906953114853903
  0.99907571325041555  0.99908418628907125  0.99909440290151030  0.99910590046027004
  0.99911277816896460  0.99911898079356376  0.99913514129148895  0.99916530230473666
  0.99919636865064754  0.99922404487103023  0.99925943041073317  0.99929867526001115
  0.99932918531085879  0.99935661196576941  0.99937945296278252  0.99940460517238106
  0.99943201263421400  0.99945826668424842  0.99949162925198132  0.99953143444849157
  0.99959090995043465  0.99970485894527239  0.99984784156327622  1.00000000000000000
 -0.03487912763660852  0.07662283716621196  0.15627322547223391  0.18177104888137813
  0.20946528707280598  0.22996735253068912  0.24450766300625393  0.25701664960933907
  0.26689421514824885  0.27537749535323397  0.28549327663915097  0.29531018893564737
  0.30279028511438261  0.30887105178835422  0.31622788216112452  0.32267561538630368
  0.32747837893448500  0.34128953259300293  0.35206800299391439  0.36414137743136665
  0.37776875530356330  0.38389899971025759  0.38920593771535383  0.39434408293556794
  0.39891100711801036  0.40330588936469441  0.40801166437620334  0.41120492895108063
  0.41540698289048594  0.41778039390025556  0.42076985244013909  0.42319196388530544
  0.42597039883360943  0.42875191001502438  0.43084222418860196  0.43257388240594608
  0.43460692514284016  0.43778918397044031  0.44160507483232575  0.44571819843544525
  0.44983132203856474  0.45455401063128908  0.45984593757605163  0.46513786452081424
  0.47019355359750442  0.47481260249616669  0.47943165139482902  0.48383846541678455
  0.48777848121165296  0.49174555042940477  0.49459361595840812  0.49626169790367747
  0.49769308345752850  0.49908700760524732  0.50051454021130304  0.50194548644403314
  0.50405576018659526  0.50687060609048651  0.51028227029594087  0.51371837598794157
  0.51931075139458260  0.52398195414359450  0.52696106201286153  0.52918923075064361
  0.53146642226115981  0.53341429224251846  0.53505918004834463  0.53661846475296759
  0.54282027436779356  0.54891772936001304  0.55678186160653143  0.57112640593232500
  0.58544860325797998  0.60814496380987670  0.63598379329884724  0.65766931890859692
  0.67211453061637694  0.68037367699021134  0.68559840263608973  0.69059461537510980
  0.69525718379913637  0.70410910995761522  0.72443835728608186  0.73751789842477455
  0.74463661950600535  0.75155734404566465  0.75813576832416296  0.76473079970763913
  0.77204069403439524  0.77935058836115134  0.78623903691143315  0.79698165850369129
  0.80943268389557599  0.83234374487951979  0.89477169580090654  1.00000000000000000
   5.2255677942017787E-021  -1.0000000000000000     
 T T T T T F T T T T F T T T T T T T F T T F T T F T F F T T F T T F T T F F T F T T F T T F T T T T T T T F T T T T F T T T T T T T T T T F T T T T F T T T T T T T F T T F T T F T F F T T F T T F T T F F T F T T F T T F T T T T T T T F T T T T F T T T T T
  <DiscreteSampler_grid>
  grouped_processes
  1 # 1 for a reference and 2 for a running grid.
  10 # Attribute 'min_bin_probing_points' of the grid.
  1 # Attribute 'grid_mode' of the grid. 1=='default',2=='initialization'
  0.0000000000000000 # Attribute 'small_contrib_threshold' of the grid.
  0.5000000000000000 # Attribute 'damping_power' of the grid.
 # binID   n_entries weight   weight_sqr   abs_weight
    10   10   3.218860282930511E-021   2.321215056518171E-041   3.218860282930511E-021
    11   10   3.218860282930508E-021   2.321215056518167E-041   3.218860282930508E-021
    16   10   3.217070706223927E-021   2.317060641135365E-041   3.217070706223927E-021
    17   10   3.218860282930509E-021   2.321215056518169E-041   3.218860282930509E-021
    22   10   3.217070706223927E-021   2.317060641135366E-041   3.217070706223927E-021
    23   10   3.218860282930508E-021   2.321215056518168E-041   3.218860282930508E-021
    28   10   3.217070706223928E-021   2.317060641135364E-041   3.217070706223928E-021
    29   10   3.218860282930509E-021   2.321215056518171E-041   3.218860282930509E-021
  </DiscreteSampler_grid>
