  0.05193746594555055  0.05205776667585499  0.05234151398170719  0.05263497110382402
  0.05293136212776506  0.05323228684656477  0.05353390743006754  0.05383063413198738
  0.05412965459439639  0.05443602575655648  0.05475122744128342  0.05507227285942442
  0.05539349891606826  0.05571793573119955  0.05603922784546440  0.05636258764218399
  0.05669010476338939  0.05702456146850311  0.05736446874681327  0.05771043810276053
  0.05806868095747646  0.05844557945001118  0.05883071533353020  0.05920725423739387
  0.05958400000016738  0.05996405887548194  0.06034958884386546  0.06073347902470834
  0.06112333884239077  0.06151658706717052  0.06190037226824179  0.06227272958767014
  0.06269845858745718  0.06323521005792546  0.06375957398138156  0.06429094069380431
  0.06485591694650460  0.06543530700496508  0.06602292294611334  0.06661879331975963
  0.06722200268774041  0.06783069071750505  0.06843568015588213  0.06906401940099277
  0.06970849219008392  0.07037222935716715  0.07105464478583559  0.07174939206153637
  0.07244860436978498  0.07315304138416735  0.07386679750236004  0.07459056720016662
  0.07533193561697292  0.07609036653133508  0.07687982815589391  0.07770091088877737
  0.07855162151077560  0.07942144008265131  0.08031509159415126  0.08121769176409496
  0.08211030895590461  0.08299869339672805  0.08405734403853846  0.08531658715269162
  0.08656318741816006  0.08784931885475099  0.08919673891731912  0.09058765419865351
  0.09203318974541566  0.09351106174348170  0.09501931849285927  0.09654935073740768
  0.09811047725438773  0.09970852036735850  0.10133905090427726  0.10301695213616960
  0.10488737840749660  0.10712209257398335  0.10943213022971400  0.11185681480473665
  0.11446504028847268  0.11722147533018200  0.12004122266119807  0.12287233709200895
  0.12599194711163839  0.12966529164318680  0.13359648325277115  0.13764530860325264
  0.14178177080637891  0.14626722563050568  0.15139921613126148  0.15725392906997568
  0.16382938737438812  0.16925815779338188  0.17454155712293723  1.00000000000000000
  0.76088075145077261  0.77258763477150805  0.77879524261147326  0.78169561755580064
  0.78556011884594568  0.78968090227945520  0.79341948838447762  0.79591928236900689
  0.79830367140124125  0.80054969850180746  0.80287881009277062  0.80523171368847291
  0.80752870098182217  0.80985852456715879  0.81210240724795402  0.81429621125379670
  0.81639089762152950  0.81831358706676849  0.82015308304360401  0.82200800517418582
  0.82397720653272521  0.82606732904336444  0.82813796827170771  0.83010428371659162
  0.83194393947275080  0.83381639816279252  0.83569619904732251  0.83762962508703931
  0.83950490251190557  0.84128857162222215  0.84303829340828196  0.84471766209758492
  0.84635702352959741  0.84796332153945619  0.84967388835998392  0.85147420777105054
  0.85336701782385915  0.85521129932583684  0.85695299982818074  0.85859075533169105
  0.86028990949299378  0.86205828713093313  0.86387557685825633  0.86567438452215384
  0.86739008292494213  0.86902493502006706  0.87063477110581744  0.87229808086469052
  0.87401534440645057  0.87574501080167011  0.87742025706669713  0.87911963591715792
  0.88080930521579592  0.88251365104121626  0.88416146483820279  0.88579592680101893
  0.88747067565364046  0.88918691111325610  0.89096023692319293  0.89276002363223761
  0.89458476366698725  0.89644054642012294  0.89828216105504599  0.90012487101500471
  0.90201748743808574  0.90395539554821291  0.90591115195911631  0.90785775233243959
  0.90977873973926382  0.91170438975232349  0.91367620897113788  0.91572331915934368
  0.91780486471514322  0.91994038937426270  0.92207389251004890  0.92419897616823821
  0.92638324200224453  0.92868128173665909  0.93116519079188864  0.93374549178171051
  0.93637090252012500  0.93904258652302863  0.94178283026768883  0.94461232397045758
  0.94754734718466826  0.95059599502635972  0.95383560718414495  0.95728718707568439
  0.96097287339861681  0.96499110832009205  0.96945095208399623  0.97435729497850943
  0.98034255736732268  0.98714367170204631  0.99107152336669646  1.00000000000000000
 -0.00234366196282936  0.00923903772874993  0.01893656169159591  0.02958698454793089
  0.04008823254518958  0.05100037931988963  0.06189133741794089  0.07231583033779238
  0.08268383858776429  0.09274528409067398  0.10278235082571982  0.11262246128676294
  0.12281109855124143  0.13331835787671742  0.14419587348564092  0.15527524621591368
  0.16658592165117261  0.17779806262194478  0.18865285130544618  0.19922287767284319
  0.20985100816856911  0.22077370452227954  0.23160239569105551  0.24211212792291381
  0.25262797818215982  0.26344477671688182  0.27443478382832853  0.28530996981712531
  0.29637178557746063  0.30747422779635519  0.31825249069954176  0.32890009980835683
  0.33979761300840361  0.35089620850014602  0.36152342602180981  0.37156866504939484
  0.38150534432130911  0.39164594619734744  0.40215766097656097  0.41296281201130686
  0.42362556362531817  0.43415581998786235  0.44463309725231559  0.45520557813754492
  0.46616482696350175  0.47729872476523272  0.48834836836384804  0.49930930386202416
  0.50961436090540491  0.52026413305217489  0.53056887686310139  0.54081807472450050
  0.55096932411924981  0.56146105568015114  0.57234588259764529  0.58304627316800051
  0.59302956555763442  0.60291785102053441  0.61266930374405504  0.62265879006090463
  0.63262067724225945  0.64254397137144514  0.65276375490056338  0.66309563105250646
  0.67362371936545573  0.68414423258859647  0.69488674411307572  0.70581027192540347
  0.71681983962564411  0.72735854513416953  0.73777899435479055  0.74803615242794241
  0.75908570904086670  0.76975842370874381  0.78037731047990033  0.79054684018363997
  0.80150906919252152  0.81245557513090239  0.82311692431248396  0.83381251798201061
  0.84472425077610336  0.85564283094513915  0.86602884935428548  0.87615052900942958
  0.88630652825618639  0.89626312899624605  0.90605069507283786  0.91569892599097380
  0.92565809958427114  0.93575802404683506  0.94630124578626496  0.95705264616388275
  0.96792140735349530  0.97870593624351254  0.98935842840544097  1.00000000000000000
 -0.00220974944665041  0.00931885855276773  0.01915302563763869  0.02922508027015739
  0.03956797053825927  0.05016342110896033  0.06091201552268707  0.07167988894303115
  0.08202477715728573  0.09254988501408998  0.10303086926976837  0.11372181356398763
  0.12416244656374094  0.13422135676616598  0.14425802696278731  0.15463981722358658
  0.16543681148175632  0.17671515864172099  0.18811668025331868  0.19941482114416190
  0.21055039089761793  0.22121237045298667  0.23217449825867473  0.24317751895019765
  0.25466583805189724  0.26607860280030327  0.27773882766834063  0.28925111587211505
  0.30049342655011835  0.31126250480944606  0.32144317449951348  0.33139088501043390
  0.34134642454814079  0.35136398984371492  0.36194877460035518  0.37227976376399635
  0.38363429452742376  0.39497312831839393  0.40657281469798484  0.41756886345598004
  0.42763718140048235  0.43761174383780393  0.44756602634492515  0.45755321950588645
  0.46818248798990497  0.47884556395598710  0.48982870193040068  0.50028142581874391
  0.51037172943094489  0.52023541433439724  0.53087342286272099  0.54203814168743436
  0.55326433786766516  0.56401888749222995  0.57498178610085815  0.58589055630009090
  0.59667782097495892  0.60738038186853593  0.61784293760343945  0.62784837396201365
  0.63773272029275996  0.64776881462019698  0.65743146969525934  0.66721882504246455
  0.67692892542818628  0.68698120757632442  0.69716213091389267  0.70730732733758961
  0.71776955092614037  0.72850113190827226  0.73941495449705030  0.75063761971758203
  0.76163469572740461  0.77221117604131673  0.78198739026532316  0.79148900737713790
  0.80137138410283670  0.81130082339792442  0.82137970076309430  0.83095175073649774
  0.84144531558381919  0.85204057121860999  0.86292623556665282  0.87336841746453897
  0.88420210550667644  0.89489311955789019  0.90595206713172938  0.91624742647005941
  0.92665612474495529  0.93695966430390065  0.94804767297360948  0.95938099988878323
  0.96950194770297948  0.97985243210491302  0.98977404454974016  1.00000000000000000
 -0.00255427521314383  0.01009488677361415  0.02023252940121977  0.03063257313853180
  0.04106046211809272  0.05151963879604392  0.06174379590315802  0.07188828063160725
  0.08217298879100864  0.09309807938564589  0.10414094954209352  0.11555984561906879
  0.12658237660740801  0.13720084334661689  0.14756266037258406  0.15787464441262752
  0.16815115700042180  0.17813605476097435  0.18821537308734079  0.19861692189943775
  0.20956981412383269  0.22069111714388606  0.23169287804078448  0.24194093714514059
  0.25197124860951081  0.26201861154238215  0.27245589743544740  0.28290439976099152
  0.29308536852892825  0.30288638820756203  0.31270830772635616  0.32284407022545225
  0.33337739942720063  0.34408038417676484  0.35438063603004594  0.36474949429518905
  0.37508427055944421  0.38577053444009468  0.39618680184411292  0.40659688418100004
  0.41717170222901767  0.42794635526174984  0.43822578306316318  0.44855509742991340
  0.45898530524446279  0.46947982296598523  0.47994360196195862  0.49028996911819445
  0.50064257111007882  0.51094978898950061  0.52095546540796200  0.53118533593038864
  0.54160124378367525  0.55153815370026349  0.56141630369508766  0.57148994419068144
  0.58215888401082772  0.59338707885461639  0.60459136615601328  0.61577670476037505
  0.62676414848101969  0.63762587605704180  0.64882011707678744  0.65994171679028457
  0.67127763233265947  0.68203926957650296  0.69258807094722363  0.70297009163226154
  0.71393513800178321  0.72502220403095563  0.73572615027218624  0.74625381377597477
  0.75647282480923972  0.76664623119300068  0.77676011136861356  0.78700826693331238
  0.79718963608996651  0.80748958153715278  0.81804794293293348  0.82917602731607898
  0.83980034573049012  0.85033095587574614  0.86076399074360221  0.87121877284988014
  0.88177033201001642  0.89223887916626476  0.90305184172216424  0.91391382341639149
  0.92527403897804705  0.93698714828883400  0.94875759688097128  0.96014947873551859
  0.97038727034764893  0.98040871783431582  0.99015045160447224  1.00000000000000000
 -0.00211489830641702  0.00865367111915109  0.01824909845902880  0.02824384796726463
  0.03851295857963791  0.04887225498530912  0.05917601770489413  0.06976619993581576
  0.08049923841105946  0.09121598998174200  0.10179396264788523  0.11198186650817338
  0.12206286709101515  0.13203944889274374  0.14245202978976812  0.15310050363056499
  0.16356446531359914  0.17346850731561464  0.18323011589754076  0.19346425570638220
  0.20398529563507006  0.21444810912557427  0.22497727693437172  0.23565225244192556
  0.24634035658173570  0.25716453867210237  0.26800788894984406  0.27871142972904067
  0.28929224356845679  0.29978854111307757  0.31044765938187086  0.32081930997594010
  0.33100523532714254  0.34126476681630535  0.35165519031451375  0.36249013849212713
  0.37338073301243746  0.38442099723224776  0.39551184200640510  0.40666192587919769
  0.41755912087582547  0.42837138977395012  0.43896855966625059  0.44991818411013229
  0.46060562690576978  0.47151434546473980  0.48231224802112299  0.49344511179500389
  0.50486296110642426  0.51652774716875871  0.52765536885822850  0.53840319408434645
  0.54889726589938415  0.55931552997791112  0.56991451164277607  0.58070014901867417
  0.59135649858604200  0.60172645506118294  0.61194389763043788  0.62236477891387221
  0.63227429202523222  0.64242128050280911  0.65279490906122983  0.66360033550350273
  0.67419440432128330  0.68511172405321663  0.69583581497290203  0.70653650328424089
  0.71730206158234178  0.72852552177635077  0.73972608921537564  0.75080219489671851
  0.76103813097920403  0.77114381894099404  0.78085447470306291  0.79062191350763955
  0.80057820151701897  0.81016108950994092  0.82019540025336202  0.83008430045716697
  0.84022710649527310  0.85033430525548526  0.86077643464544806  0.87180094585007861
  0.88254351651973373  0.89322590398652157  0.90372509719127325  0.91442719788341265
  0.92503853586042473  0.93544308180562941  0.94607522479591766  0.95621267485535544
  0.96710444268939311  0.97752163479462817  0.98886949877581254  1.00000000000000000
 -0.00187151154273484  0.00885227942779931  0.01827087042165454  0.02780485204235986
  0.03728035489478129  0.04697608537635534  0.05686634272393980  0.06707685214227539
  0.07744548372134777  0.08814597189652221  0.09896109964476497  0.10958155867242309
  0.11991555825793224  0.13050810138124166  0.14090085341589662  0.15114882098465707
  0.16125996033077633  0.17179719055296985  0.18238726873955383  0.19350614517406664
  0.20468940647696557  0.21599318294076431  0.22697329631597971  0.23829868198704576
  0.24991826553968330  0.26134548704092225  0.27215421166018378  0.28245983171976602
  0.29263596469478659  0.30289640463182366  0.31333577703393573  0.32375885988704700
  0.33411992298002358  0.34411600762147848  0.35402530985762420  0.36390267347862376
  0.37399789838608721  0.38418173687748230  0.39432284186023758  0.40456781875770753
  0.41501862533692985  0.42518856253298437  0.43512867070763439  0.44515420881282014
  0.45547052203992017  0.46576172392586396  0.47576918493499065  0.48628529089878958
  0.49742243422784577  0.50862533499180707  0.51951467066480683  0.53035233328437126
  0.54112506268746585  0.55179790666248441  0.56261142147533283  0.57334876180875727
  0.58419212846315360  0.59514296260792632  0.60630841705049099  0.61712767228294296
  0.62786021990390095  0.63875039392109823  0.64945626737262119  0.65981700435644175
  0.67010473924551062  0.68067590584941207  0.69117339666780331  0.70153663243496445
  0.71193945241829859  0.72281661311464507  0.73384661921305550  0.74479920360244867
  0.75643143802069246  0.76824005589151267  0.77982766788279012  0.79053379575230109
  0.80167939085450890  0.81283233720097892  0.82364709191173247  0.83422626822366330
  0.84512493567900215  0.85622752782290923  0.86718729521188165  0.87778973571161112
  0.88775390494082185  0.89802458325913548  0.90780103171254733  0.91788235903043136
  0.92773285565091046  0.93829939640454829  0.94828146521718693  0.95791585728545314
  0.96773709001345476  0.97830209507627097  0.98915612622465077  1.00000000000000000
 -0.00264236230493499  0.01019296602319590  0.02141001727321351  0.03275585081776305
  0.04408782561252761  0.05502364701923138  0.06581008286125484  0.07575649085528303
  0.08549177100927470  0.09494866935769107  0.10474348847064062  0.11490027469579288
  0.12530481239712601  0.13596002402215590  0.14680696697534792  0.15797662124815220
  0.16904519087055606  0.17983722165150684  0.19062909908492826  0.20157912674713907
  0.21239013366233381  0.22302030235993564  0.23343200972053196  0.24365986060837561
  0.25423593265930894  0.26511259165921025  0.27603007399592389  0.28676209858563312
  0.29718559416510493  0.30771992904093270  0.31818552719207294  0.32869223613924331
  0.33903187583128153  0.34924859121057650  0.35931159453240996  0.36944773089656896
  0.37975121835973763  0.38985844088452426  0.39984879977158194  0.40978763907933097
  0.42023970291498453  0.43114717334664815  0.44234537737366658  0.45355560269280526
  0.46505334259295966  0.47644150247572159  0.48765260718057707  0.49852856873177837
  0.50908348234235112  0.51961407408066351  0.53013525292319574  0.54086134073478864
  0.55150410559456053  0.56186117792487378  0.57193787515038319  0.58185241721903325
  0.59159108339465072  0.60128450153992063  0.61107011185445970  0.62139940273999583
  0.63177021566148150  0.64220857212917393  0.65208253290500862  0.66173631241414987
  0.67163880303603951  0.68157696954890745  0.69164620741226190  0.70163904115756037
  0.71188548634437754  0.72234396647715593  0.73288913049843085  0.74314865325281942
  0.75324602853308986  0.76327017389600282  0.77333049688807276  0.78338175674217381
  0.79355266692068593  0.80391986482142375  0.81451344555040295  0.82508979795768533
  0.83557744034402237  0.84600208143786870  0.85671290779426290  0.86755434557530187
  0.87834003359937440  0.88867007805191611  0.89892694273465468  0.90921103738083719
  0.91970511836128632  0.93058265599113232  0.94188568254174498  0.95363237726786887
  0.96577518001224283  0.97789354697918263  0.98920871666294385  1.00000000000000000
   1.8328149718689552E-017  -1.0000000000000000     
 T T T T T F F T T F F T T T T T T T T T T F F T T F F T T T T T T T T T T F F T T F F T T T T T F F F F F F F F F F F F F F F F F F F F F F F F F F F F F F F F F F F F F F F F F F F F F F F F
  <DiscreteSampler_grid>
  grouped_processes
  1 # 1 for a reference and 2 for a running grid.
  10 # Attribute 'min_bin_probing_points' of the grid.
  1 # Attribute 'grid_mode' of the grid. 1=='default',2=='initialization'
  0.0000000000000000 # Attribute 'small_contrib_threshold' of the grid.
  0.5000000000000000 # Attribute 'damping_power' of the grid.
 # binID   n_entries weight   weight_sqr   abs_weight
    10   10   2.627118573015731E+000   8.096225590264670E+000   2.627118573015731E+000
    16   10   2.635293135150268E+000   8.154159982900669E+000   2.635293135150268E+000
  </DiscreteSampler_grid>
