  0.00191184338557098  0.00195081304422211  0.00199644400412119  0.00203791608697438
  0.00208124427566268  0.00212963679514861  0.00217735114982218  0.00222815032019407
  0.00228272069067607  0.00234045763552185  0.00239858901380336  0.00245598799211310
  0.00251372661610274  0.00257326420800614  0.00263509986753794  0.00270037572680022
  0.00276462438554172  0.00283138343063771  0.00289697128941886  0.00296359195078597
  0.00303373384068967  0.00310788362257739  0.00318536793711358  0.00326451010834089
  0.00334353564589428  0.00342211716100450  0.00350310235818604  0.00359083980881539
  0.00367824578939851  0.00378158337842317  0.00388483629405559  0.00398910375720273
  0.00409789549760722  0.00420866738154669  0.00431866476243408  0.00443466159695230
  0.00455656934609902  0.00468423640053590  0.00481743565746193  0.00495366519866396
  0.00509253845259525  0.00523600562290611  0.00538833287992431  0.00555406014590575
  0.00572773715741264  0.00590928904349816  0.00610184593962753  0.00630386246954226
  0.00651146774924569  0.00672412543060677  0.00694331398910550  0.00717029984434004
  0.00740767178023546  0.00765437650372737  0.00791064394058637  0.00817591693545096
  0.00846579542250942  0.00876937453948711  0.00912168401879668  0.00948214502555391
  0.00985515552033985  0.01024130857728073  0.01064489809579813  0.01107394113631663
  0.01152488810721120  0.01200082621681209  0.01250417925709519  0.01305333497789246
  0.01365759311041082  0.01431032391870249  0.01501386747514627  0.01576900630963678
  0.01659118163941696  0.01748191873584775  0.01846056675174809  0.01954850347090624
  0.02071188263305658  0.02196119986031354  0.02332597804367296  0.02486890840585119
  0.02661201266838947  0.02855441723780256  0.03077001652456981  0.03337293406365793
  0.03661084740036239  0.04057582533401066  0.04503252338527237  0.04993564835313758
  0.05573815293193808  0.06333163522539996  0.07359435774142299  0.08808634514838327
  0.11088801921172904  0.14902824097693226  0.24885464485093267  1.00000000000000000
  0.00447735695617029  0.00502731567472245  0.00563573193260254  0.00625159407096802
  0.00686504830646929  0.00749695258271333  0.00818881265998607  0.00890571524448248
  0.00962163964224663  0.01034582746477080  0.01112992416449686  0.01196263859193340
  0.01283351281210244  0.01371038039576431  0.01460321128873289  0.01555689563307793
  0.01655358095949547  0.01758726181556962  0.01867747871966395  0.01981902498714256
  0.02099280919263546  0.02220401974367206  0.02345571319011797  0.02475588532821493
  0.02614989460532441  0.02762898518092189  0.02915972704746977  0.03075474047122131
  0.03230578397951015  0.03392855015126988  0.03562401003717664  0.03738441384037429
  0.03921512452057709  0.04108006544540758  0.04297133467077506  0.04491592768845461
  0.04698299985158506  0.04918734650241489  0.05155725023841115  0.05408307112467749
  0.05676686220435703  0.05967048994667448  0.06275252381653243  0.06585861871293716
  0.06899823541903768  0.07230108122437082  0.07568840427668631  0.07922781489568606
  0.08290864599846934  0.08668387497464755  0.09063312688976040  0.09464161118565576
  0.09877848797445882  0.10291900563707397  0.10719074475971423  0.11170716027379539
  0.11658884200830935  0.12176747611285117  0.12710420759212904  0.13267084282189398
  0.13861162799334723  0.14494994807534170  0.15162176953031276  0.15848817049420824
  0.16542996595964032  0.17262565015978532  0.18009487142019143  0.18787996027383067
  0.19621471603701726  0.20512092455058836  0.21437239101135563  0.22387301215206321
  0.23362375026106769  0.24390245807795569  0.25521245913569462  0.26721432377385779
  0.28076003932150001  0.29498618311380781  0.30981107292402749  0.32491471042082964
  0.34055917472129138  0.35716008484247380  0.37500641843923321  0.39422324049804952
  0.41455009546373212  0.43698654357452293  0.46291712400895935  0.49290568654436040
  0.52445622928828928  0.55958238735876353  0.59821385385328874  0.64331002822596428
  0.69732511520024754  0.76413259387203869  0.85820513498196560  1.00000000000000000
 -0.00244929769852561  0.00972726917520937  0.02035378646787287  0.03176396328142193
  0.04337782688433964  0.05450569355263819  0.06550163606096865  0.07549387483953417
  0.08559023625969439  0.09544141391581445  0.10592476829190561  0.11666607838135964
  0.12672972235529090  0.13643940851671038  0.14611900643400427  0.15602057291298380
  0.16573210954016060  0.17525223225873343  0.18442918333975589  0.19395506268500468
  0.20362174878301278  0.21346519621792626  0.22309672295488958  0.23259783782282326
  0.24240499402370147  0.25245757118895651  0.26278882236186440  0.27310657738504301
  0.28353242748970420  0.29441098845663222  0.30500235178152196  0.31558935125131815
  0.32596379521297603  0.33644246566143549  0.34630646405126964  0.35658748272687912
  0.36710318680888759  0.37768501071577787  0.38836320637068322  0.39899720005715039
  0.41053765517582419  0.42182844855207735  0.43311707231539559  0.44395637475227184
  0.45478065362673026  0.46552468245471629  0.47662356399893913  0.48799924087366020
  0.49944115887651602  0.51055514847993766  0.52159114373426418  0.53256843454443814
  0.54360573879380303  0.55380132631196277  0.56406386856778445  0.57420444456448327
  0.58435554595876626  0.59439209027655038  0.60438276681226588  0.61487696073882359
  0.62548591420936128  0.63607846015636305  0.64688943080326566  0.65678097542672154
  0.66680729086889323  0.67679975636813394  0.68741061610998277  0.69813721481784374
  0.70917985439983122  0.72040843122793696  0.73171966361536900  0.74294197828607389
  0.75352712021185342  0.76373838942739247  0.77382818012921872  0.78416376084777684
  0.79471940417142162  0.80569464149986625  0.81700748944584212  0.82843075516088771
  0.83893338282917218  0.84923598700787983  0.85957216595039732  0.86981163419141483
  0.87997387270600469  0.89020944575190741  0.90084226871079887  0.91201441629349056
  0.92271104116445268  0.93325831958148209  0.94385222793529122  0.95476813159934082
  0.96536903060996992  0.97621826928665545  0.98751386571576572  1.00000000000000000
 -0.00262582518906064  0.00984459826645789  0.01955428596031732  0.02953018608097352
  0.03941892784249716  0.04903489019059681  0.05857304814706486  0.06853997359787502
  0.07841863385069070  0.08900980580901492  0.09937055948723446  0.11041755942774563
  0.12138317725138269  0.13199065599101925  0.14236384751237102  0.15261438909143060
  0.16269289181130370  0.17246115625966249  0.18203821093473177  0.19185134247641206
  0.20211777936154035  0.21244983161139402  0.22286320493328593  0.23320555007748192
  0.24381701232737937  0.25445500958088402  0.26521192591591419  0.27580517609851241
  0.28613269321440926  0.29650294896582158  0.30727137132358578  0.31838422583116166
  0.32982234044306297  0.34138298074236645  0.35276496443211730  0.36353684068194714
  0.37428902291954769  0.38489878603282995  0.39564017560060238  0.40627911806361616
  0.41695963272318309  0.42755822829692280  0.43804612087822770  0.44850178799129775
  0.45918484926693814  0.46995262944145255  0.48071858355335756  0.49188216523451073
  0.50333140702690049  0.51546977774523328  0.52740323282498314  0.53884183961888754
  0.54928664835099295  0.55954449313953758  0.56984545514128049  0.57992024448493762
  0.58974025936036700  0.59957003882353721  0.60997630585391771  0.62045609122101697
  0.63079491589850301  0.64121713761919730  0.65150384811553885  0.66200683279866757
  0.67225085953793273  0.68228023642855296  0.69243573690421234  0.70273933689047385
  0.71351761258310697  0.72437162636914965  0.73510159741758019  0.74603468861490863
  0.75736625217797360  0.76815150301024815  0.77817956452758164  0.78763911869274894
  0.79788776131083872  0.80825781607303326  0.81897998016931661  0.82954623238030856
  0.84083287536862539  0.85209178027054788  0.86272748374830688  0.87320080571601233
  0.88362279609591909  0.89435600222412226  0.90555769392771968  0.91686086300986080
  0.92804315473407850  0.93885761219979080  0.94968568208631632  0.96020069837248290
  0.97050741718252687  0.98054800812223852  0.99044117454922820  1.00000000000000000
 -0.00240198982965106  0.00910191248560126  0.01948903476590404  0.03002024615924171
  0.04065416605920680  0.05136922813332975  0.06173129420965503  0.07228720136538010
  0.08303351138530847  0.09407850655805249  0.10495383122872418  0.11564153826492496
  0.12620131548674871  0.13701156588135141  0.14821657628507295  0.15985003302873926
  0.17153127936393309  0.18289594216883401  0.19390010388205670  0.20454920971334259
  0.21495885887560215  0.22530921383215713  0.23585308611223388  0.24652592429383580
  0.25738108354222949  0.26827905477530123  0.27922118589728923  0.28984628639499926
  0.30020088191477606  0.31054541053955398  0.32118795767633784  0.33221209264969276
  0.34309344689585797  0.35405240190220311  0.36488138783077306  0.37558329429767334
  0.38591166691073225  0.39615393042312702  0.40624316676894151  0.41603046539182165
  0.42634145889751945  0.43657186825408500  0.44794475324858196  0.45929387280531780
  0.47065673667862518  0.48162395488567472  0.49228457718342983  0.50273127793848371
  0.51282160994703496  0.52285332289437503  0.53296708693773398  0.54331065711082338
  0.55343068654601713  0.56298305214671895  0.57275335755723167  0.58264653758442042
  0.59291385457583912  0.60303810203344421  0.61318027255104712  0.62303808716863041
  0.63313110483009849  0.64359354412298642  0.65441838567581612  0.66511896544975047
  0.67576410009224586  0.68622265125117832  0.69664322086744568  0.70708916735095639
  0.71784853493079859  0.72835536148521995  0.73883248098665666  0.74905648687728710
  0.75944692372839606  0.76987257877338633  0.78038100771431573  0.79077095601230052
  0.80110963625969023  0.81137560785313922  0.82165490582075551  0.83195042490354532
  0.84270707997746108  0.85362628061416990  0.86405152623865944  0.87416435188237196
  0.88417627379290153  0.89394613629885078  0.90368919904607015  0.91373434787021146
  0.92462360603275739  0.93609547655830405  0.94721040353294006  0.95812076197730034
  0.96851187702434915  0.97887893292390771  0.98944438519610356  1.00000000000000000
 -0.00282682671138192  0.01111218159857069  0.02228106358449480  0.03317556776611617
  0.04364572060457199  0.05363557380019219  0.06360975703092797  0.07362221049637355
  0.08413538944916842  0.09511232405293106  0.10658663065693713  0.11782334377530615
  0.12919965473954573  0.14002794573323307  0.14994613606725740  0.15948155529930150
  0.16956836938272249  0.18003013610047761  0.19045482715771794  0.20055479101216028
  0.21095176429863829  0.22153160226556740  0.23206361337156856  0.24221955704906556
  0.25240205910697949  0.26256412986081562  0.27331029610430324  0.28411797538818756
  0.29514571320572275  0.30616444982328567  0.31700349230136993  0.32762204510696580
  0.33809460232250271  0.34862772461213976  0.35927224603276586  0.36990381934032673
  0.38023994819468648  0.39059317411556238  0.40125067193135444  0.41233647816527186
  0.42365900575492060  0.43458188660428798  0.44474722183405568  0.45453661863104533
  0.46445466203552899  0.47479775474775016  0.48539092353233315  0.49581542003616119
  0.50656993657555704  0.51757105911938373  0.52841074768286078  0.53889501310901089
  0.54931907039157568  0.56001605493916740  0.57081701576473365  0.58173323022751311
  0.59252766973661952  0.60326294620705967  0.61395355852589739  0.62458542206604029
  0.63495293462987779  0.64505836818427686  0.65535617198875362  0.66598337784964223
  0.67710398471883460  0.68855339451384501  0.69989956003021070  0.71106050570337720
  0.72200489300084592  0.73303781767787712  0.74377464169755925  0.75388709432529810
  0.76369352013079861  0.77352039360511626  0.78353738671547446  0.79352422424393987
  0.80341208303714196  0.81335952892356023  0.82344991285193103  0.83358538656586023
  0.84354580845774840  0.85332514838199780  0.86301721892207395  0.87286964163462399
  0.88292611671605503  0.89289242854097972  0.90298282082756076  0.91330585476201986
  0.92454226017712859  0.93604894642385983  0.94746556230385892  0.95837898879435579
  0.96893873897692462  0.97911215768661386  0.98956546848871207  1.00000000000000000
 -0.00227468527794165  0.00904003750265928  0.01847899506151543  0.02861797345348696
  0.03918057985909353  0.04947811400239539  0.05983307925382923  0.07018098452072789
  0.08112095227977446  0.09229469724672476  0.10328583533294257  0.11386991585456262
  0.12397996571568122  0.13430510445801236  0.14480796551517494  0.15516055234231649
  0.16507255431222873  0.17469240788889018  0.18404955395130143  0.19375759789282126
  0.20346030170905560  0.21331241641537468  0.22358709284999415  0.23390832810926626
  0.24416865248819858  0.25406352446392272  0.26427425975576346  0.27437892182624934
  0.28495353013576263  0.29554612627558569  0.30667439225479265  0.31768999460217812
  0.32858278516167749  0.33936222290533907  0.35032683075372367  0.36126992222942522
  0.37233122372292171  0.38379913124952214  0.39490507630979871  0.40555201125743556
  0.41591029221338088  0.42685568835560145  0.43744780570658892  0.44733273111022287
  0.45717003947473916  0.46702156542437484  0.47685848905529638  0.48668164077111081
  0.49674173524917981  0.50710086628338458  0.51762246531208156  0.52828889572356053
  0.53902133300178090  0.54981166305639595  0.56011475800304122  0.57036527868958886
  0.58069877686907345  0.59105174162929541  0.60178712853348715  0.61226923925185017
  0.62278635942004890  0.63356747778718603  0.64441161325789120  0.65603686971380815
  0.66713540656827652  0.67780459130406645  0.68847325490466860  0.69928200087613646
  0.71028934758267848  0.72048264454898403  0.73092314034898875  0.74144660606745538
  0.75193899301025302  0.76237763193014363  0.77294957168237399  0.78363230728660160
  0.79451845822988676  0.80532846713828510  0.81624423592184370  0.82715484361051161
  0.83821634269833389  0.84890768723559229  0.85983578409062522  0.87091623057114587
  0.88203513545568502  0.89262232817177711  0.90306933848535631  0.91372665835000244
  0.92461567073107787  0.93540468095791862  0.94645910870405103  0.95729435559512543
  0.96766529696046089  0.97815240442826190  0.98868184274786630  1.00000000000000000
 -0.00236113925377016  0.00898127081493402  0.01898065763241483  0.02956844669008853
  0.04065720394156596  0.05173401469417147  0.06252268609893599  0.07330631173521268
  0.08426711568697777  0.09470502300279716  0.10500779840129841  0.11492029431457676
  0.12478900910817123  0.13498644871195836  0.14528273693534521  0.15581451034097657
  0.16609956011489238  0.17629961347379233  0.18637868699146540  0.19659958028340191
  0.20696338656012436  0.21725788186297817  0.22763304260658576  0.23816349979729490
  0.24908246729166605  0.25929290876748207  0.26893820682337660  0.27872877975573240
  0.28905590899733663  0.29981968622447319  0.31064987229943686  0.32134254016692226
  0.33150370061027606  0.34129746102386882  0.35126750328129586  0.36151026231684141
  0.37165857813342451  0.38183845903864760  0.39197815594903168  0.40231151620512146
  0.41271307275362251  0.42342895224830190  0.43460001115792440  0.44587200166121682
  0.45711868136216421  0.46820164621028715  0.47917208166271491  0.48979607864178354
  0.50026177322476761  0.51066956535555375  0.52126539292776863  0.53160156890736188
  0.54194979299924706  0.55249027753557201  0.56340761331790479  0.57488332933082065
  0.58647711717718520  0.59826427993037090  0.60952627789355440  0.62056558040277421
  0.63118726608288400  0.64167956246916469  0.65214795974970696  0.66251426415129333
  0.67288210838138041  0.68287149987266527  0.69345390118630545  0.70429838955982793
  0.71527549760648590  0.72584313983894444  0.73669473948476871  0.74801847189676351
  0.75968382089543263  0.77109267957308103  0.78169705981396020  0.79205335971157809
  0.80188064679728022  0.81156248463636860  0.82103966143282758  0.83089273720671464
  0.84170892682977450  0.85262607071164742  0.86331601613322662  0.87374159746974145
  0.88433673063978990  0.89486353859486989  0.90549494856636248  0.91619693300946858
  0.92688723208381585  0.93753002144862130  0.94807968215531313  0.95858241016996526
  0.96864930710100616  0.97861278260493645  0.98899615824674225  1.00000000000000000
   4.1928214113359237E-012  -1.0000000000000000     
 T T T T T T T T T T T T T T T T T T T T T T T T T T T T T T T T T T T T T T T T T T T T T T T T
