  0.00191701100272419  0.00194799655765618  0.00198984764405148  0.00202951503661540
  0.00206996581184874  0.00211375448022235  0.00215894743437943  0.00220571035248323
  0.00225545475144094  0.00230719009668900  0.00235908272503260  0.00241125622003085
  0.00246478073837268  0.00252033100731844  0.00257798363543776  0.00263702314565802
  0.00269784124173163  0.00276116019280582  0.00282471990632022  0.00288944116300632
  0.00295476949085412  0.00302454527769675  0.00309604280099085  0.00316894812363469
  0.00324374472074145  0.00332057636153741  0.00339736108342631  0.00347682267402186
  0.00355925110799402  0.00364334157944325  0.00373129925168580  0.00382150150371186
  0.00391436921963782  0.00401147630263564  0.00411442686063504  0.00422075976663787
  0.00432986047662705  0.00444554773656129  0.00456389256621583  0.00468608287517713
  0.00481411877120582  0.00494731623031912  0.00508775573555020  0.00523228460441489
  0.00537979580416627  0.00553161764375763  0.00568840544036776  0.00585132610970379
  0.00602363034188303  0.00620848372446192  0.00640429919182104  0.00660668894036522
  0.00681383339275037  0.00703216249026912  0.00725541561401050  0.00749033691416124
  0.00773439055462457  0.00798468288502966  0.00824678973672921  0.00852479276014452
  0.00881882498656708  0.00913391639824952  0.00947666105182554  0.00983231252764335
  0.01021603941812465  0.01063322861080342  0.01107723697731079  0.01154525498392751
  0.01203862864293340  0.01255523205918668  0.01310476718123824  0.01370060531397540
  0.01433832264199030  0.01503650837090694  0.01581105920574530  0.01665940398748252
  0.01757783577992916  0.01857566801590626  0.01964700708658216  0.02080418148803544
  0.02212835185036754  0.02364199341336336  0.02533698957112987  0.02723379121323282
  0.02940242015069026  0.03190510091912317  0.03504646486340958  0.03914968587791311
  0.04408550487495438  0.04972427582065447  0.05682829811927276  0.06655706707248418
  0.08112550287801863  0.10619308659462219  0.17955516346476241  1.00000000000000000
  0.00532465402683938  0.00603527610679916  0.00669449333253865  0.00734834947868298
  0.00804118840502893  0.00879047376858514  0.00953794688588580  0.01032131910367456
  0.01111794638291232  0.01195244979516039  0.01280325004561746  0.01367571621939127
  0.01457535487354671  0.01548140749787887  0.01644833470051200  0.01748542353353056
  0.01853462576354445  0.01964666669945840  0.02082479460758991  0.02209977201451661
  0.02346577457058311  0.02493820690269070  0.02648212504965486  0.02803020481953857
  0.02956401486365534  0.03113068533422656  0.03276204820117126  0.03445824509694034
  0.03622609254584063  0.03807526736507358  0.04000813795642884  0.04206800084141004
  0.04419338871849834  0.04631655976752856  0.04852295238843223  0.05075690452468864
  0.05308561815040089  0.05548185806320840  0.05801031104104429  0.06064642625256931
  0.06337282672561360  0.06616806115544190  0.06915454778078067  0.07231693928600685
  0.07548891167706447  0.07878207614723952  0.08220358340302772  0.08569379874961582
  0.08927957253957398  0.09303969854948702  0.09695713494958193  0.10105871518917603
  0.10529340943640875  0.10978328228956795  0.11443970585468499  0.11917182002825086
  0.12403015726005415  0.12912375184762256  0.13456426461943879  0.14035773139493757
  0.14643172429578213  0.15268947332235946  0.15922204492720046  0.16602009381250335
  0.17316378268536461  0.18057916626102338  0.18815222190066730  0.19611580118775992
  0.20453326290373749  0.21333303049553068  0.22244403756937450  0.23185342127654085
  0.24162066868180160  0.25182558531776073  0.26248922678820735  0.27372575621067097
  0.28558727469249084  0.29784689393297054  0.31123401722967109  0.32542171680450599
  0.34079749214088711  0.35736774237148911  0.37490649821267119  0.39383478199203120
  0.41361252487581723  0.43450783340424881  0.45794241848997508  0.48465553213927443
  0.51533743503300267  0.55032495644402646  0.58987297821891049  0.63435516982966167
  0.68686191733145185  0.75042623728632374  0.84449155855776681  1.00000000000000000
 -0.00206756411251838  0.00839596826646845  0.01755164482213278  0.02709501324485376
  0.03690726443765263  0.04703651503750578  0.05748664551833545  0.06781566272710757
  0.07826877001623370  0.08887320448876175  0.09972798024140893  0.11052267653469874
  0.12138300092175715  0.13210949413969034  0.14304013799050674  0.15405829596456919
  0.16508976442530754  0.17574986173215043  0.18616951480725430  0.19661049263273397
  0.20707171791151061  0.21765070766018157  0.22858384766808029  0.23956081490723147
  0.25057596652099873  0.26155896854940258  0.27244806896338519  0.28318313759380820
  0.29357885893467106  0.30414039868451465  0.31450208156800080  0.32462201208234875
  0.33484705784679902  0.34538244588697964  0.35617291748138769  0.36675217546952305
  0.37740617290974438  0.38808138795730351  0.39856412194848495  0.40892669109981178
  0.41930121781739021  0.42984880414225690  0.44037500432495369  0.45111288379361042
  0.46187859635501383  0.47256756383694604  0.48323636484869137  0.49424790036105709
  0.50530387133866927  0.51648581613215039  0.52774653478965206  0.53897482014364284
  0.54987312439013702  0.56051843151736380  0.57117333667846293  0.58178641627025873
  0.59229810184036380  0.60273388165153974  0.61317156303860132  0.62337270444705906
  0.63342783702643257  0.64327227395086806  0.65317301541264361  0.66317034955730980
  0.67373774403904485  0.68449593168716416  0.69518690934891192  0.70577215580178831
  0.71651272180514913  0.72693913235237850  0.73706162731435598  0.74726224739504477
  0.75790890066503369  0.76857849855776139  0.77912815398510771  0.78965742076194778
  0.80013086682055379  0.81060926650247600  0.82138837610406279  0.83209203120579678
  0.84259812297166492  0.85291763996072112  0.86315376095551155  0.87335029363885874
  0.88354934153921594  0.89401780271743658  0.90454376455375984  0.91503865334338919
  0.92575390888555209  0.93679304564034060  0.94760829894577459  0.95827524461762159
  0.96888551061336037  0.97940103898573938  0.98967993397820520  1.00000000000000000
 -0.00221581006138515  0.00892635527131855  0.01860731522283057  0.02904782361082708
  0.03956486143146526  0.05046410111173546  0.06117496086936083  0.07154974133647400
  0.08219218787085210  0.09327550281424937  0.10461560610085316  0.11533580122297442
  0.12573121124564762  0.13603475836736578  0.14650621895148863  0.15696076141520821
  0.16736965740633453  0.17764417417906431  0.18804313629899500  0.19863012167841476
  0.20945460270254268  0.21994011959780663  0.23057785568784747  0.24087121714498733
  0.25152272348728799  0.26143192307482449  0.27160267401273053  0.28162700025465875
  0.29162093298516173  0.30173470469249747  0.31182703447318405  0.32257957913968954
  0.33362279222969043  0.34445659807958584  0.35510135118039921  0.36545318788153935
  0.37560477182541252  0.38567693151441679  0.39566085463254991  0.40572695801826630
  0.41600285984807017  0.42627759921863029  0.43670739853487650  0.44704468330876462
  0.45761589887973730  0.46834923613988966  0.47878662012479550  0.48942279286396079
  0.50023055143041029  0.51125358319801462  0.52198552983050084  0.53225958965895714
  0.54254893310252938  0.55313519074820849  0.56404723237590659  0.57475351202506431
  0.58526509677387883  0.59583129765818255  0.60644647256570494  0.61646213112233939
  0.62639860929365399  0.63656896104999694  0.64730255654334246  0.65825314386612976
  0.66927597083114643  0.68031548453543877  0.69131631055831910  0.70214010214068701
  0.71290911925545042  0.72358545092502302  0.73423817089564025  0.74477279375723715
  0.75525508696176491  0.76573171934326956  0.77643690262912890  0.78736373035448215
  0.79841429604217284  0.80948159778091011  0.82049783448134317  0.83136493871466843
  0.84197641413839719  0.85242631881869280  0.86300390886841438  0.87377363810589759
  0.88460689113063973  0.89532630554266601  0.90610926931023916  0.91673173046594680
  0.92709942533353940  0.93718548576957184  0.94709160448514984  0.95741055467968128
  0.96804550155415547  0.97878470997847955  0.98943493006258065  1.00000000000000000
 -0.00250958728544518  0.00943460411251220  0.01967460696539828  0.03007106930864958
  0.04006692373221451  0.05027295584643373  0.06049449755764983  0.07082696080855141
  0.08135144224337187  0.09193507845411072  0.10294434889189955  0.11361366715005750
  0.12396303219596352  0.13427607544597775  0.14473015040606296  0.15559035082943290
  0.16643644461197901  0.17706042925295207  0.18760324375802545  0.19800584257153808
  0.20826221627340802  0.21816516835851874  0.22791862542035618  0.23830733146558769
  0.24905557176751730  0.25971235746460702  0.27005320313178616  0.28019763464110847
  0.29026035393975802  0.30018312473009934  0.31013594246031412  0.32098820520473759
  0.33202672787739501  0.34267058938679235  0.35315063717502010  0.36331261943739712
  0.37359300907304255  0.38368822255988394  0.39394594834180996  0.40439633658626439
  0.41491075322495263  0.42557564539092069  0.43656503390930401  0.44750176216889798
  0.45830044324595548  0.46889432972100453  0.47939414104252875  0.48966847245418277
  0.49985534800521431  0.51007588484568434  0.52064096455410913  0.53134666317517243
  0.54194609662705906  0.55223459142387332  0.56257699872916422  0.57296621958149829
  0.58346421560119699  0.59411373852721161  0.60510003589529149  0.61629575902544842
  0.62731143805051570  0.63764963587497003  0.64764778940968104  0.65749722708087088
  0.66768018584830147  0.67811155324278205  0.68856987132078207  0.69900751763933433
  0.70955957518072021  0.72012494896028401  0.73089399874676819  0.74191098699961755
  0.75308195616701890  0.76385157330600717  0.77433972604805879  0.78446324604118578
  0.79460670635845909  0.80489162644056267  0.81570487872655628  0.82688496883408624
  0.83809767233197774  0.84926121566555612  0.86055388993927928  0.87155641682971874
  0.88260390055513438  0.89351816659003169  0.90477626881121531  0.91621346815635263
  0.92669777391150920  0.93746604628131847  0.94780893278110168  0.95825481187384198
  0.96864772972462021  0.97878428643387394  0.98941813048899840  1.00000000000000000
 -0.00231777817933799  0.00885285066558349  0.01839181744845626  0.02828568791072486
  0.03858056400250446  0.04916592874837950  0.06022960183129520  0.07056567762377459
  0.08128947599628983  0.09156277122058430  0.10209754236540865  0.11253071508286654
  0.12328810625835296  0.13393997722519987  0.14483741205721684  0.15571811419659592
  0.16679442472637643  0.17771987253917940  0.18878037185287375  0.19958586005296164
  0.21000678870736675  0.22032434390945990  0.23079670685095527  0.24161970616269635
  0.25270081996326194  0.26348079787087603  0.27390930901231292  0.28408533442620232
  0.29464435317458409  0.30529139541613270  0.31596846319876659  0.32616271156199839
  0.33629925713112935  0.34651140184817375  0.35696235735956855  0.36748617666113498
  0.37792519780059847  0.38820506927880599  0.39854191742502271  0.40915002617661211
  0.41969971041336368  0.42985086961178959  0.43970738111309388  0.44997433606551174
  0.46041844071942467  0.47105311725910964  0.48186495415435060  0.49327562700075933
  0.50450435213161704  0.51500599856915752  0.52538426054310428  0.53619184120421670
  0.54695708924007491  0.55770866629617921  0.56801206257171788  0.57813508480742537
  0.58807071221216534  0.59806472491934859  0.60852342120235270  0.61947191069426721
  0.63028008196900687  0.64101995220557606  0.65146024584573903  0.66163991792643528
  0.67170980804038849  0.68152513274087956  0.69129043678377011  0.70135936988038150
  0.71171853922996808  0.72244811779433193  0.73325293013545156  0.74379792202639161
  0.75383411382759580  0.76352969756356726  0.77342803724560760  0.78399637034851644
  0.79465760909695704  0.80515803538874897  0.81544678019990080  0.82601695078410764
  0.83691181830648076  0.84801097245315871  0.85906874109729248  0.87011882114549621
  0.88078282980768119  0.89140096925741052  0.90215022691117785  0.91296003243477319
  0.92380425776256059  0.93428925328923240  0.94493113089129965  0.95562646259655681
  0.96664280725836205  0.97766289380466587  0.98898081223528311  1.00000000000000000
 -0.00236988109866162  0.00955514008507412  0.01993130440607497  0.03077479186930750
  0.04151189128895252  0.05167887478354088  0.06195700649112239  0.07228484670069611
  0.08276604095813132  0.09344607112322020  0.10426163206697450  0.11570221698534087
  0.12679104957735510  0.13787675918160558  0.14853863219226027  0.15937604977188027
  0.17018461446663108  0.18147961201726281  0.19253629933905173  0.20333668208963304
  0.21386154437271146  0.22462410034534799  0.23539519657420802  0.24608128360792422
  0.25652362467947837  0.26662986555081281  0.27723349116299273  0.28812950742887822
  0.29939541783154944  0.31045862195407847  0.32138121564196220  0.33224299911000160
  0.34289016009271583  0.35326124547226262  0.36361754550962772  0.37385146030932814
  0.38410040120929495  0.39460003435471808  0.40521841242109014  0.41573894903944492
  0.42598925577637486  0.43614435312839328  0.44640488851247606  0.45674006507230136
  0.46701262882193989  0.47715836635685771  0.48718218617439357  0.49718982860557437
  0.50734373196476890  0.51756907570913546  0.52796215065383800  0.53818734927945777
  0.54864065512546545  0.55928056918960578  0.57063024226869552  0.58161387085691540
  0.59191162522384833  0.60208457820782080  0.61236692837870510  0.62302172287651802
  0.63348491313268174  0.64401542761631159  0.65431427786741303  0.66461242759338046
  0.67482380540587028  0.68552853868111385  0.69634497537020112  0.70711011097355647
  0.71756955273673673  0.72777881559310409  0.73807931691649908  0.74860980404283983
  0.75861224236308222  0.76892603569246742  0.77888020474610853  0.78975353001871618
  0.80037631500569817  0.81088400806553718  0.82118094079552240  0.83132513635058225
  0.84161844687063203  0.85204874078952353  0.86260235108169692  0.87346800837466809
  0.88427222723524534  0.89507994232793853  0.90546120930469087  0.91606649325270884
  0.92677016379410015  0.93762739474965329  0.94824671821852458  0.95850916585432022
  0.96874034415764532  0.97927646539440283  0.98967500193058189  1.00000000000000000
 -0.00263371729884381  0.00953444019571338  0.01978059323010843  0.03036659369793000
  0.04095199245761195  0.05193699838366360  0.06245049068632951  0.07237948677081754
  0.08219932762093314  0.09246800951173723  0.10272843431829130  0.11274156179154482
  0.12290596479644128  0.13356792258933214  0.14459156777493057  0.15501603903574099
  0.16537717740617500  0.17563767839648886  0.18630362262332170  0.19667080407480494
  0.20675318328782671  0.21678022976894823  0.22680299329069467  0.23757587922086457
  0.24844693312788685  0.25885921665994360  0.26934632111721207  0.27996120677040748
  0.29053446544204337  0.30082561983785100  0.31128194552614608  0.32241428903631053
  0.33343516604812051  0.34434125366801543  0.35512536030174846  0.36589846657041258
  0.37684220442551614  0.38777144356887860  0.39851788649187747  0.40897976936522040
  0.41971041229132888  0.43064737866741998  0.44133718182364723  0.45158024814987074
  0.46171574989896375  0.47188685185665225  0.48240749817704387  0.49286538061509139
  0.50341374350576440  0.51377632432572151  0.52410795674804855  0.53484486598466130
  0.54539078119568152  0.55620278325196726  0.56681957616856404  0.57765191061506282
  0.58826475819801849  0.59875155656513190  0.60925431304753008  0.61963693674401021
  0.63019589886879890  0.64086791698798451  0.65159020312168714  0.66253063762751341
  0.67337635213548108  0.68422251096823217  0.69461451198663449  0.70504407754475573
  0.71550767097633328  0.72586280271795467  0.73616874821253453  0.74669776638109830
  0.75740058475334948  0.76814953725328750  0.77920681239033984  0.79063039705089100
  0.80180392909256681  0.81283840890326198  0.82359992270533422  0.83458529033259110
  0.84519219649370403  0.85539894778257297  0.86574488206836808  0.87626149010574772
  0.88696201594775570  0.89740129135829028  0.90788794749038526  0.91791337946405338
  0.92801311934082775  0.93805549661053922  0.94849362009746319  0.95878476853307582
  0.96923349401388359  0.97963777308140887  0.98988147281793570  1.00000000000000000
   4.1345885556480987E-012  -1.0000000000000000     
 T T T T T T T T T T T T T T T T T T T T T T T T T T T T T T T T T T T T T T T T T T T T T T T T F F F F F F F F F F F F F F F F F F F F F F F F F F F F F F F F F F F F F F F F F F F F F F F F
  <DiscreteSampler_grid>
  grouped_processes
  1 # 1 for a reference and 2 for a running grid.
  10 # Attribute 'min_bin_probing_points' of the grid.
  1 # Attribute 'grid_mode' of the grid. 1=='default',2=='initialization'
  0.0000000000000000 # Attribute 'small_contrib_threshold' of the grid.
  0.5000000000000000 # Attribute 'damping_power' of the grid.
 # binID   n_entries weight   weight_sqr   abs_weight
    10   10   1.383609043101374E+005   1.152178756036411E+011   1.383609043101374E+005
    16   10   1.411953515328458E+005   1.203982618122968E+011   1.411953515328458E+005
    22   10   1.411953515328458E+005   1.203982618122968E+011   1.411953515328458E+005
    28   10   1.383609043101374E+005   1.152178756036411E+011   1.383609043101374E+005
    34   10   1.383609043101374E+005   1.152178756036411E+011   1.383609043101374E+005
    40   10   1.411953515328458E+005   1.203982618122968E+011   1.411953515328458E+005
    46   10   1.383609043101374E+005   1.152178756036411E+011   1.383609043101374E+005
    52   10   1.411953515328458E+005   1.203982618122968E+011   1.411953515328458E+005
  </DiscreteSampler_grid>
