  0.00191989103952878  0.00193947135803341  0.00197767946100815  0.00201460423322519
  0.00205183081325160  0.00209556603872553  0.00214187156407073  0.00218642266702914
  0.00223222290629030  0.00227614961163057  0.00232056821342389  0.00236820608895878
  0.00242024365730481  0.00247503984741154  0.00253060616278357  0.00258722128493472
  0.00264557460557192  0.00270498519425762  0.00276723598357859  0.00283098089538890
  0.00289653859888224  0.00296423396530762  0.00303611679368247  0.00311031438847585
  0.00318780861788717  0.00327049482177303  0.00335650104062744  0.00344337962174002
  0.00353065983277795  0.00362220987937245  0.00371239210819437  0.00380596656054875
  0.00390235583725514  0.00400441658492946  0.00410931587868257  0.00421835059472326
  0.00433192964071784  0.00444795978454132  0.00457033239575436  0.00469820624398093
  0.00482903524782225  0.00496466258106314  0.00510762963973091  0.00525751285911006
  0.00541406623375443  0.00557785284315130  0.00575272024966362  0.00593600480064569
  0.00612436234686035  0.00631597142265366  0.00651565614978944  0.00673118255769480
  0.00696694678151802  0.00720216135919019  0.00744760465778969  0.00769822416219484
  0.00795589630224549  0.00821875704873341  0.00849935865192555  0.00880097645175654
  0.00911622392683867  0.00944970819664910  0.00979830998208511  0.01018049412129072
  0.01059874268944668  0.01104339598653955  0.01151397455570321  0.01201318547116064
  0.01255286958611246  0.01313637316891533  0.01376428073349195  0.01443289573945359
  0.01513202811502595  0.01587901065989927  0.01670973758563161  0.01764488917212648
  0.01869226820173662  0.01985292166521158  0.02111074454653537  0.02248489498695709
  0.02399368483984613  0.02569593861237961  0.02761188085240891  0.02977475270571692
  0.03232499543647874  0.03554262053511564  0.03948155041728577  0.04406999885855406
  0.04944787264020137  0.05633603653907976  0.06618126367010690  0.08089717976192712
  0.10617552028797055  0.17743511453158475  0.91220285529434264  1.00000000000000000
  0.00529647290926193  0.00624590030163711  0.00697262970833764  0.00772265564661871
  0.00847627046328722  0.00927801603620437  0.01010261974946484  0.01088617259797863
  0.01168389361868277  0.01251847595780856  0.01343528188975280  0.01445001032117128
  0.01550714457505785  0.01659316641022499  0.01769112856855121  0.01883233294984002
  0.02000765040948451  0.02122581353527715  0.02251724682299533  0.02388000610285238
  0.02527656921732663  0.02672287665961600  0.02818384290201087  0.02964885145399260
  0.03115986595143188  0.03280434927204059  0.03451421049395537  0.03622599808706341
  0.03797001163988414  0.03987785982416488  0.04192544745172461  0.04428884739143411
  0.04665666536027803  0.04905308784158501  0.05139769621272799  0.05382486602581279
  0.05632135732777595  0.05905162292419765  0.06198363607654667  0.06484204035659820
  0.06767750597893692  0.07052104778903247  0.07349181919507698  0.07648423847460820
  0.07949170776978549  0.08267900417249072  0.08615783136536094  0.08980946925170288
  0.09358253280631935  0.09735822732361414  0.10125509533640967  0.10533899957222301
  0.10957387177947472  0.11398717644728155  0.11858775482623576  0.12345186040301577
  0.12878743001286955  0.13451515510079387  0.14030570409496010  0.14610775000664078
  0.15202766537853615  0.15816325308756046  0.16446209255464445  0.17074423052073148
  0.17699945226343894  0.18371564579156960  0.19111902538814649  0.19935735344110658
  0.20798047029911287  0.21685139276547011  0.22619697600092523  0.23620109533868860
  0.24674105430990298  0.25778434818192342  0.26918634367902144  0.28035038455266259
  0.29209160281500307  0.30453767352518946  0.31802890954359414  0.33347183673018943
  0.34926272844067807  0.36554054362276001  0.38307420183027902  0.40223954909751103
  0.42231579312025019  0.44291899452996647  0.46484928265085029  0.48947773318187587
  0.51796385145632795  0.55133660663916895  0.58999618441347890  0.63550503658897417
  0.68983581998519639  0.75425033768596950  0.84817118176472872  1.00000000000000000
 -0.00254658443484217  0.00938900162197991  0.01959536781100519  0.02999815837750302
  0.04032718659904840  0.05092522225389266  0.06203516296366990  0.07230674246978751
  0.08254918251540425  0.09251057341747823  0.10247230469851260  0.11254380101883035
  0.12258465592299651  0.13335423529864429  0.14427540745891262  0.15516995185395796
  0.16596771469704000  0.17704116402632161  0.18804364584277283  0.19912948836215752
  0.20988411238575652  0.22060725450041782  0.23151771965438731  0.24228086071796809
  0.25244715876146795  0.26211471699708572  0.27182606678392834  0.28181793240136838
  0.29146504560196440  0.30114804299089615  0.31126244571861750  0.32193091885727071
  0.33318328749321408  0.34402310150936544  0.35502608573096422  0.36556905400331047
  0.37612311024783429  0.38661285550010660  0.39743573036650087  0.40834744350845120
  0.41939651133682387  0.43029591543606305  0.44177954946377818  0.45255658858941433
  0.46312211884385357  0.47362260494064817  0.48418301344422310  0.49506603527666665
  0.50578488916009257  0.51663771900826183  0.52749806126317633  0.53792292751100623
  0.54803535382247481  0.55814800308697310  0.56925465260755093  0.58071575587175195
  0.59155261374242207  0.60208590457455213  0.61291504555579879  0.62411370929916066
  0.63520128765462691  0.64581572234332740  0.65641345995410771  0.66717440489826640
  0.67795527214338813  0.68831780929978670  0.69884094618363379  0.70918601584270569
  0.71995519608652481  0.73046185222180182  0.74190652052442208  0.75323307834754338
  0.76460092329406304  0.77513027774319720  0.78555624718106598  0.79565524740041493
  0.80584090943677011  0.81555046060842284  0.82523814151749986  0.83517468257728900
  0.84576872256493085  0.85660624928314710  0.86716585948433300  0.87767498136938671
  0.88801591341238095  0.89836132463663398  0.90930364664560182  0.91940507954168460
  0.92917143108334666  0.93899275185356046  0.94858312309678505  0.95970865262387406
  0.96935738798121540  0.97958019485222791  0.98956116635281732  1.00000000000000000
 -0.00205328125100049  0.00825342120876840  0.01757582237171007  0.02712561970985419
  0.03721529177001601  0.04712423401310352  0.05746502504226977  0.06746009047176846
  0.07782209456507873  0.08869690776736817  0.09957421916401310  0.11019360143165222
  0.12061832578551442  0.13141306463284860  0.14216639309658563  0.15305135640900769
  0.16362477980025464  0.17402178560577927  0.18425421217494109  0.19486148475432546
  0.20565384896204514  0.21622810992970412  0.22653268244792593  0.23671088912697422
  0.24729841604544289  0.25858593815609110  0.27009899773826712  0.28140564136077728
  0.29240250530951722  0.30315919364260446  0.31392840892792861  0.32450536643673733
  0.33512373015726166  0.34584062379045905  0.35598270729407067  0.36568181956717988
  0.37523334134339420  0.38543920714323482  0.39639595823939944  0.40789334661561194
  0.41870732313082210  0.42896474797594958  0.43923895762361698  0.44961159373123072
  0.45999857271734679  0.47043113684633564  0.48132962130739460  0.49259679958533803
  0.50356085380713000  0.51401734778995656  0.52423805403451418  0.53438675912736711
  0.54453855818300401  0.55504942010363900  0.56568419054502572  0.57653708607349030
  0.58727819005577531  0.59749029774054541  0.60780724351212245  0.61790332031944284
  0.62828864603688439  0.63849291229099736  0.64894773855480892  0.65889403682120962
  0.66940243958980927  0.68023282661304174  0.69138536694885577  0.70155396615629029
  0.71148345863324280  0.72185023515639546  0.73278555209137386  0.74383141599084912
  0.75441462092299538  0.76421536023546144  0.77394669930494842  0.78388877126445744
  0.79437839707155777  0.80514015260726957  0.81589997661615454  0.82670868998501090
  0.83767435106543697  0.84858474020469743  0.85949048447613874  0.87012450043955081
  0.88096954630301816  0.89172792908130349  0.90213184968726901  0.91206065775276768
  0.92188456291987730  0.93223629200737557  0.94274825841858001  0.95413457432969440
  0.96527911777766717  0.97726285383190248  0.98862337671501443  1.00000000000000000
 -0.00265828955415469  0.01002321755330024  0.02087714560773676  0.03175715403016809
  0.04280294153552659  0.05388944356933927  0.06499323466526050  0.07649964181210669
  0.08808604037760986  0.10014209035059007  0.11151633678450891  0.12268132339119185
  0.13356022178192459  0.14432738056473374  0.15487288311302885  0.16536643122729738
  0.17598516903403577  0.18653119612553876  0.19678999064178174  0.20661011327932044
  0.21655111412056091  0.22671925717568819  0.23685411409355295  0.24666419466413969
  0.25628196877517651  0.26605468009000993  0.27489250416670508  0.28409721700297924
  0.29366076036156913  0.30331807610376810  0.31439950336669131  0.32470085517011132
  0.33540111739082801  0.34655165487142991  0.35819289523569398  0.36901655250652771
  0.37934601074238866  0.38944988811746334  0.39961717583018952  0.40975805549364225
  0.42024152742615217  0.43096558703269233  0.44207320050758059  0.45340171894282888
  0.46505382058676203  0.47646940283450062  0.48711477617750065  0.49722167290741376
  0.50694557620597258  0.51674479568532794  0.52682802119491901  0.53730052664986205
  0.54777154066165235  0.55817993173022362  0.56858610343285942  0.57906253320751122
  0.58947619622721947  0.59988415407165641  0.61043772497508608  0.62058523202790783
  0.63025600818400340  0.63981682277968277  0.64960606006585520  0.65993072521751683
  0.67097473975307020  0.68183448795286905  0.69229784610843470  0.70221176069440794
  0.71252460042664223  0.72308463469885509  0.73349340079638636  0.74417556209099767
  0.75448878401509423  0.76511535659863594  0.77529381546964804  0.78565618940418147
  0.79626066652092897  0.80710485608571902  0.81845763677244954  0.82951346384572622
  0.84099621080072717  0.85208790408954693  0.86315887160862059  0.87435946301804202
  0.88535528319204160  0.89626811144614293  0.90676129856278032  0.91746160571546886
  0.92730145749611603  0.93741159687706799  0.94717828300062679  0.95781539038656749
  0.96816197657572034  0.97857221344877099  0.98906362782618429  1.00000000000000000
 -0.00236872726644769  0.00931660885860439  0.01881496357861777  0.02875851369229820
  0.03881475125949194  0.04900006502047316  0.05884467488715797  0.06877241207055579
  0.07879477133304008  0.08908419935722631  0.10008774383585871  0.11092717606743929
  0.12221573003866154  0.13355682103816158  0.14510282557045340  0.15541982952134545
  0.16551295990838552  0.17596797557298438  0.18639249508448788  0.19651531765010630
  0.20649810218218642  0.21689810877031251  0.22799718285549309  0.23895898957552003
  0.25034588916721473  0.26147845970896166  0.27212338330458907  0.28279515565566365
  0.29318561690662404  0.30328185856792711  0.31327688641372664  0.32311812813394569
  0.33354676368822789  0.34360451522103436  0.35402852349338793  0.36449850287625912
  0.37488162432443639  0.38509720798681235  0.39559609818637076  0.40634618589461385
  0.41706410766265289  0.42674824324916544  0.43590673805247826  0.44510991282565299
  0.45471552465620046  0.46531684879624807  0.47588439132412097  0.48657460037024308
  0.49768052746090685  0.50855816527877162  0.51940748754523036  0.53012701980450250
  0.54065243404104957  0.55130591967531839  0.56217331135577342  0.57291073561937311
  0.58364400513558323  0.59482150268470946  0.60661649475212609  0.61856782862656212
  0.62968836404446416  0.64035815132125307  0.65072832308311135  0.66110914868807125
  0.67178129639393203  0.68271820547767648  0.69366567958029512  0.70437951626204387
  0.71520250260342189  0.72595937487154882  0.73714218863441161  0.74832244187651498
  0.75920671955333796  0.76988795786973563  0.78030352928322633  0.79064321359721923
  0.80057253708378628  0.81023239296734972  0.81991494181527202  0.82965367842334281
  0.83951272469249294  0.84983177766179807  0.86052621228016279  0.87133666241882268
  0.88212174294314327  0.89242206799849744  0.90219018782309102  0.91214800186055411
  0.92246602828213986  0.93379418646750745  0.94479259528018600  0.95578603343462654
  0.96712804486527126  0.97803300222908252  0.98924806727079406  1.00000000000000000
 -0.00244540861955244  0.00940193640134300  0.01996745521812514  0.03093725635782480
  0.04194782627031422  0.05264341033176718  0.06320103530653280  0.07342683384359526
  0.08405262657213267  0.09435205297035415  0.10426700331399377  0.11384154443055619
  0.12364501268919895  0.13429422072394437  0.14558142341144456  0.15681203456043241
  0.16773415323602592  0.17864464739192643  0.18994543821361767  0.20129535523061057
  0.21201983793733351  0.22232453653183365  0.23228016838687665  0.24204761337830313
  0.25258107345030051  0.26321326699321307  0.27370188846936983  0.28388593383243943
  0.29434079871711177  0.30509265845208383  0.31566303233506010  0.32609254217728129
  0.33666105884623937  0.34748680959867734  0.35829772899828866  0.36922780906672947
  0.38010536232346698  0.39088764180276453  0.40154210441879695  0.41182589824817856
  0.42206765741332647  0.43231290138578021  0.44271895577118481  0.45317099632037650
  0.46363600404602717  0.47413665763721841  0.48489293174284409  0.49572820354807223
  0.50668956071325111  0.51778149312310306  0.52847630869734574  0.53878770163439171
  0.54869296315446647  0.55891713968245849  0.56966539029235641  0.58014083764328439
  0.59038929573790722  0.60059080788205743  0.61120778934569597  0.62211041253018307
  0.63339204630939094  0.64451048288855406  0.65540080211662488  0.66604306569962768
  0.67648296412099840  0.68686961561335069  0.69780619395533672  0.70868142560821290
  0.71952112344192087  0.72922083337674026  0.73808615340496209  0.74695661699772931
  0.75608557898770812  0.76591730983254791  0.77606813974442812  0.78643249610270682
  0.79681043556395315  0.80704936503144842  0.81708409662182990  0.82741017036231335
  0.83767981625390509  0.84838051519203928  0.85908608411476450  0.86964588074246574
  0.87968518021073816  0.88986547839073749  0.90046415881676922  0.91165870855301001
  0.92291444305397241  0.93436003271699342  0.94536764343595303  0.95659444461954579
  0.96744262813274207  0.97869935945161968  0.98935818795337283  1.00000000000000000
 -0.00258147393499943  0.00932255418739900  0.01976909089754987  0.03033208533217759
  0.04098018766742147  0.05201234109606585  0.06328402366115857  0.07380807649144089
  0.08358027347827179  0.09330881149364749  0.10384146360602253  0.11516431912344623
  0.12685931002008707  0.13849642589285113  0.14951112854858759  0.16006726842843785
  0.17063432163936418  0.18167695928377434  0.19290179876890631  0.20428488220074714
  0.21564138927973822  0.22688898876873417  0.23795596619503892  0.24892143469834799
  0.25985993669978330  0.27047204668296942  0.28061602907058891  0.29063083310949439
  0.30088715164981450  0.31147702623968998  0.32194265750138534  0.33193867170516145
  0.34175551640250734  0.35180558861047367  0.36227360459742791  0.37312561808017153
  0.38422023761396512  0.39520614517874153  0.40635952140451120  0.41735233336643179
  0.42804215409325508  0.43856490328508269  0.44907079410208034  0.45959438653983431
  0.47002797827086618  0.48050017220038016  0.49135859613710620  0.50262783353101448
  0.51389093814079267  0.52435986418845193  0.53375437080728982  0.54281900220108681
  0.55195137848940690  0.56196076688350294  0.57221315893594993  0.58277269410054455
  0.59352953233793160  0.60462816080294901  0.61577850321566574  0.62728858242429708
  0.63850721986065517  0.64931088142654680  0.65943531192383575  0.66945214805694475
  0.67952164474634247  0.68931083950661998  0.69930096419214194  0.70974209090160389
  0.72121380749911312  0.73249849559331892  0.74277780394641546  0.75305137372873665
  0.76342010200607924  0.77420773112663244  0.78466405297928543  0.79487911485492357
  0.80510389661897985  0.81569665327876262  0.82667828696467260  0.83744147286358972
  0.84791624359018003  0.85822001602670772  0.86896431403545593  0.87982545591360628
  0.89072438302644252  0.90152292893529051  0.91231173335107085  0.92288264209467064
  0.93329291025036132  0.94305378402679907  0.95268034685252734  0.96158602786015746
  0.97089099313376814  0.98030791495981462  0.98989326338912498  1.00000000000000000
   3.7625638941176928E-012  -1.0000000000000000     
 T T T T T T T T T T T T T T T T T T T T T T T T T T T T T T T T T T T T T T T T T T T T T T T T
