 -0.00267547099631112  0.01209207441558831  0.02336244414788861  0.03318649962711496
  0.04421898149529641  0.05734065654851244  0.06953113781898515  0.08111834499648542
  0.09127333699432473  0.10169614458525494  0.11292754359755007  0.12694639570244493
  0.14261343844313706  0.15974511616127299  0.17512119987608127  0.18775685930416225
  0.19643859042082434  0.20474320649257768  0.21362478326970180  0.22040946681876103
  0.22637657550404289  0.23178204788449949  0.23727305364708992  0.24264721682099227
  0.24879260124305080  0.25782050993568589  0.26785714225888990  0.27602802744898064
  0.28336015653105606  0.29121396514787473  0.30281673446426283  0.31168940637769399
  0.32000478007572730  0.32767759748981362  0.33585559762948364  0.34647536756894304
  0.35790051406574380  0.36990559606142603  0.37764600340957499  0.38401565436362528
  0.38978896439089250  0.39497834231643791  0.40008803115494390  0.40570885464554474
  0.41055745839756241  0.41536317009741275  0.42069021985277888  0.42716507862270842
  0.43347609752920330  0.44136395327855688  0.45047807632628023  0.45794254822298081
  0.46424333858252953  0.47041789779983700  0.47816644215520443  0.48910870471223783
  0.50114097511054156  0.51224465731346425  0.52542535751178787  0.53905642181091062
  0.54981669732688720  0.55826850364860225  0.56597711159615949  0.57411326063234036
  0.58336167619274060  0.59564369654964222  0.61278795894913973  0.62534541502312568
  0.63593464527285881  0.64564173806933578  0.65493589348937564  0.66397320296888052
  0.67807715988291528  0.69367365498095512  0.70786302131470169  0.72175504547649294
  0.73354434151720693  0.74590844605166029  0.76149991052684873  0.78295555145419915
  0.80753195706786762  0.82513322352919105  0.83716029921734947  0.84809722247468455
  0.85659842281805132  0.86622855932924314  0.87822963957861566  0.89541450185421789
  0.90773358492107448  0.91797521446186592  0.93182149787383406  0.94464364947548574
  0.95541818671123446  0.96846869029320293  0.98433379959177691  1.00000000000000000
  0.00000127578534321  0.00000906203987626  0.00001215906309623  0.00001595985200278
  0.00002815539607371  0.00004663452153640  0.00006108045816241  0.00007136276301698
  0.00007833103049307  0.00008369900609263  0.00008734502709415  0.00009091535523584
  0.00009434849024588  0.00009738503864192  0.00010053809076975  0.00010398623028725
  0.00010705914305344  0.00010985731921143  0.00011255658533084  0.00011550841120459
  0.00011922518226454  0.00012404068795243  0.00012823959381030  0.00013129713167736
  0.00013420259299523  0.00013782743651098  0.00014161774944672  0.00014622121916040
  0.00015259216295146  0.00015840301013448  0.00016414107891598  0.00016896333498453
  0.00017407338848628  0.00017966084211397  0.00018544344642569  0.00019097338470018
  0.00019699178154793  0.00020369281100663  0.00021244314144129  0.00022076095119937
  0.00022830561291165  0.00023497934970960  0.00024316129780114  0.00024914177722089
  0.00025371384227185  0.00025945266164458  0.00026582146532113  0.00027239925565647
  0.00027845947737563  0.00028574530321151  0.00029531116617578  0.00030609741624060
  0.00031679604417149  0.00032708467337204  0.00033369328564150  0.00034021526700665
  0.00034700724882073  0.00035663671556114  0.00036890398479633  0.00038559642232612
  0.00040163994916953  0.00041563279793401  0.00043009108775554  0.00044265007486417
  0.00045445200537734  0.00046661537876519  0.00048219313447795  0.00051434945600700
  0.00054906430605196  0.00058180900052057  0.00059759326027494  0.00061020260132360
  0.00062305120401978  0.00063813105087540  0.00065321089773102  0.00066829074458663
  0.00069051019025243  0.00071294440063578  0.00073537861101913  0.00078880883426173
  0.00084921734631843  0.00092591774451244  0.00098587225957549  0.00103739937895046
  0.00108397095739242  0.00113534354531899  0.00118901312460827  0.00124849012405586
  0.00131647610052502  0.00141623473218016  0.00151366841620174  0.00162850770424217
  0.00178983351179089  0.00427683558812834  0.01558351859936550  1.00000000000000000
 -0.00000034263548330  0.00010619221882281  0.00082631659711455  0.00256164667125278
  0.00587115685945867  0.01012493464809783  0.01547245803650956  0.02056425381370206
  0.02470204889328968  0.03022578542111092  0.03775488829500748  0.04511973664547417
  0.05241676418422757  0.06022042633293430  0.06931780720662557  0.07827328539104000
  0.08821801485597776  0.09916972329821867  0.10741310153322450  0.11607078637678976
  0.12422016484644392  0.13295587827420660  0.14467914959504058  0.15531636510193017
  0.16478686600678422  0.17272802595377712  0.18111544429340798  0.19018378226657259
  0.20056513667446607  0.20957286222155072  0.21642155669720972  0.22255366663007989
  0.22891115174143353  0.23590426754943417  0.24481086299327526  0.25595350748124573
  0.26606818463860793  0.27846138271293930  0.29240304476168116  0.30833115378972303
  0.32308668904616750  0.33267803120916228  0.34033127343156166  0.34778126901954165
  0.35570238228078704  0.36345121571146805  0.37092687765288729  0.37827159123264503
  0.38573556288434313  0.39457818382662713  0.40317157867464526  0.41152890443315443
  0.41991036924481551  0.42735348718724114  0.43701531726079673  0.44676886336457727
  0.45676403023997614  0.46690201778339885  0.47722634901465899  0.48796349091508923
  0.49711651929442308  0.50648743636613514  0.51626005054193358  0.52659983468039062
  0.53695182134244912  0.54577565657187399  0.55183607337530061  0.55761760280144179
  0.56570835868587677  0.57465352362276234  0.58670678904496709  0.60185172489926064
  0.61481492018764294  0.62959093048134751  0.64684386467524324  0.66202984193367886
  0.68041778326072355  0.70237704194200468  0.72568077744698978  0.74782046466406182
  0.76683424978315995  0.78196712647928723  0.79369031393358203  0.80718737536708651
  0.81935198581008006  0.83627564864727388  0.85295003822379589  0.86849035616260162
  0.88145815206475198  0.89492108838854689  0.90893540804340889  0.92220236195536098
  0.93625792642135663  0.95609337157977126  0.97683038824723423  1.00000000000000000
 -0.00419444399969463  0.01448383512253352  0.02820211156132230  0.03995722896967039
  0.05092814089999526  0.06225406584520821  0.07421270912089845  0.08752301431328090
  0.10322480182469947  0.11554892641359643  0.12560238934040593  0.13269573260285458
  0.13987788556781433  0.14665461310354089  0.15320069990293367  0.15818489493181931
  0.16368283899108707  0.16921450836755211  0.17682996366194592  0.18731047153875341
  0.20425685875635971  0.22148407650521570  0.24082059277725357  0.25643510970092320
  0.26929727767941347  0.28122280372009295  0.29296531342579801  0.30549471110694099
  0.31832551060438474  0.32978265985619143  0.34175383269503867  0.35284216394797330
  0.35960728919138618  0.36453207021000539  0.36854784112701472  0.37427631595033961
  0.38057790351327775  0.38551869558207269  0.39026404293891037  0.39629533504329112
  0.40326150890385881  0.40889772340209835  0.41361970026378320  0.41993731933604811
  0.43459717810168813  0.44826862856887001  0.46104149575444009  0.47408145560290549
  0.48853469211405248  0.50544398597179607  0.52126681924599239  0.53683159495706789
  0.55649404502292610  0.56905817718511920  0.58359786983641970  0.59418445923614394
  0.60530666375377418  0.61777988772836268  0.62926423569597290  0.63756345084418864
  0.64490672058460208  0.65339599573993867  0.66363036304364986  0.67586379070406943
  0.68988160401941701  0.70082577854725669  0.71108310487432624  0.72031203180042525
  0.72996060395622697  0.74176646921889899  0.75594983785699110  0.77251492271911770
  0.78309155914247708  0.79082897384521522  0.79953817450498543  0.80681531571617182
  0.81171537943058014  0.81507014099976993  0.81841892077028511  0.82183603197101485
  0.82534387496988759  0.83082788659967921  0.84200928239992412  0.85378570586471403
  0.86233445325421010  0.87101776783189311  0.88017058122081648  0.89015392906415647
  0.90217775956311508  0.91636768598442819  0.92968565079796506  0.94354734423575004
  0.95933816180183296  0.97414395913574037  0.98773044705229662  1.00000000000000000
 -0.00252137142641732  0.01145504053781374  0.02216471124469102  0.03134291443773075
  0.03908218438353877  0.04531425617785018  0.05194329927032242  0.05986177815981361
  0.06960893193897345  0.07956280832598812  0.08745815007316705  0.09254316770121457
  0.09833324190318779  0.10379834407060846  0.10861909635217164  0.11258905921212917
  0.11947506008039036  0.12896429098665044  0.13919770982976284  0.14914917491836024
  0.15916048194738044  0.17133450293809077  0.18579534250527235  0.19918733468326152
  0.21179742699989415  0.22425152750759395  0.23608153814941507  0.24688203036498066
  0.25744621959675440  0.27007280534603478  0.28928282759727553  0.30606135127431899
  0.32044408409440667  0.33106846912431270  0.34304093084929865  0.35449043589014528
  0.36341386385243085  0.37104347061131487  0.37724375311312791  0.38352949064059466
  0.39012079149879159  0.40183838435204378  0.41894337613576188  0.43795188368515348
  0.45557839703665226  0.47048877840873432  0.48308587483814286  0.49384454767131108
  0.50928803331317940  0.52613928124053611  0.54393521913754217  0.55915184552076280
  0.57275560133157455  0.58627842019180931  0.59969522703562883  0.61162707328371568
  0.62316081835372694  0.63412371407852541  0.64519812729786430  0.65634782204125819
  0.67486409942849401  0.69006257897236511  0.70365960596755073  0.71728359866157843
  0.73153083417386777  0.74574795768004221  0.75911161561089635  0.77388629611604687
  0.79021306022445825  0.80443276662227059  0.81467465748610057  0.82351670977235303
  0.83380095118024533  0.84423153965686693  0.85554037466594579  0.86696886580414578
  0.87381194519742211  0.87813242028437521  0.88178719612737200  0.88734847768578351
  0.89337867728331610  0.90013694594893023  0.90538511968565005  0.90906860900086228
  0.91331749215941327  0.91904824502896476  0.92503135050793428  0.93069457723875071
  0.93457875235454280  0.93980917332857949  0.94764601000556059  0.95697003935367608
  0.96673254381657869  0.97776198692507765  0.98901181186086229  1.00000000000000000
 -0.00578303878044773  0.02616685372827961  0.04324274805425064  0.05916171124624227
  0.07451286976499404  0.08914678121243444  0.10079816623681143  0.11332592983433108
  0.12498243428935363  0.13701281431383039  0.14786947771243192  0.15690378251849546
  0.16456035593417184  0.17235065260831786  0.18317979464006026  0.19798690487372145
  0.21895531223312933  0.23789355726804520  0.25512105887077557  0.26991119571326566
  0.28318489692807369  0.29563822351991265  0.30826453451374075  0.32250788406171554
  0.33628126470955555  0.34795715496994195  0.35929645005194494  0.36889371100739748
  0.37655470672793306  0.38401049142322674  0.39123807540345018  0.39633814186084060
  0.40237015994906367  0.40818575683294306  0.41404149588532541  0.42091811459009582
  0.42733641669146083  0.43683021243500292  0.44738863985528626  0.45762328635304067
  0.46671195381177716  0.47529833934543025  0.48478185209392949  0.49660787786129518
  0.50743519884574195  0.52062413416280706  0.53651728123220044  0.55042209340651216
  0.56267811752971386  0.57230427762427416  0.57976374230804772  0.58724076318564078
  0.59465060515075430  0.60063694575958060  0.60640769746218315  0.61236797671263732
  0.61810763443276850  0.62265433525736680  0.62765270492438974  0.63370222655626407
  0.63926167147847734  0.64535112573054232  0.65149883836155287  0.65573841375969677
  0.66006706021706640  0.66339131755765901  0.66725830687723919  0.67590504563308063
  0.68462781150441077  0.69506796774391932  0.70638480881654186  0.71830182919073082
  0.73016078793907102  0.74017264625761248  0.74950737291164637  0.75942808498384184
  0.77067787544162858  0.78342224622333778  0.79669689359547036  0.80817782614162426
  0.81874718912746469  0.82765838760263566  0.83684440026878382  0.84447066764843115
  0.85828127034344548  0.87261655051818410  0.88839585117080155  0.90345396282944312
  0.91676747378264745  0.92810805171716704  0.93739720470422683  0.94633909922930581
  0.95534527614747944  0.96553540061465493  0.97950690728773315  1.00000000000000000
 -0.00198611289429810  0.00690222397052795  0.01287901219477210  0.01827622109957027
  0.02563794857919655  0.03505766227469181  0.04346958120126547  0.05069982777536609
  0.05839559404753798  0.06788750639618575  0.07936261388569281  0.08940438926742575
  0.09904376271228825  0.10773970628597833  0.11667088698893406  0.12584339665509867
  0.13523182104455911  0.14521199990611788  0.15470841621054340  0.16214942643591554
  0.17064005768872159  0.18014419559230885  0.19036123932773866  0.20087363526287705
  0.20840700740423007  0.21395119197765602  0.21892692590789065  0.22569275032734126
  0.23343840486346554  0.24099363459589632  0.24797182860228109  0.25473908991628164
  0.26013763559523523  0.26517608925530917  0.26915663005831425  0.27964637632193939
  0.29251017350025343  0.30572631885185497  0.32035288501361026  0.33678423165128918
  0.35108073300367287  0.36363123584481100  0.37776959240237329  0.39767403006295432
  0.41717445275557941  0.43738809191533751  0.45820223083214823  0.47985342064801956
  0.49642495459835639  0.51295074655369344  0.52539978272139376  0.53958193470084181
  0.55293678062665352  0.56608797255012921  0.57875242518800174  0.59021875255664169
  0.60170631913642925  0.61544925916619242  0.62716292971837728  0.63729938912708783
  0.64767348268934677  0.65957238206374313  0.67484916441556686  0.68777680037903255
  0.69932568531098016  0.71019256751473336  0.72097576552505038  0.73190273862665822
  0.74218269865487274  0.75255624755971506  0.76339442843306826  0.77431817651447210
  0.78539912763735265  0.80111053314046743  0.81667537213598185  0.83066658737576116
  0.84282661183397711  0.85500887999992992  0.86661032840428220  0.87781911664928891
  0.88712878429288378  0.89446588622258738  0.90326019507551536  0.91336897160717556
  0.92040313119553929  0.92648792305179317  0.93668946353208427  0.94215673109916376
  0.94834274065849367  0.95368809924004982  0.95810297197688776  0.96283863421063065
  0.97042172109961755  0.98047292955414511  0.99085863840936406  1.00000000000000000
 -0.00186324132840874  0.00667261964914819  0.01579540632142435  0.02598682141390028
  0.03756860380430666  0.05095755478502296  0.06529969080270384  0.08025562099363404
  0.09624821518481209  0.11321913566264599  0.13030440381402883  0.14559685305814044
  0.15732563137348612  0.16522888390447635  0.17049534194863747  0.17400241608276706
  0.17875327357385176  0.18550543531634106  0.19143129882578916  0.19632471799882728
  0.20157404318669470  0.20752090179317731  0.21524797623319813  0.22177511664602328
  0.22690528396797480  0.23218905216497004  0.23986049702902673  0.24779166487415996
  0.25761934796686414  0.27120882624366566  0.28728282238929531  0.30266365535701550
  0.31708816129388495  0.33056585072818029  0.34258673950866486  0.35498968441687578
  0.36846257996730053  0.37606546725274209  0.38484137220565162  0.39355808395382330
  0.40125424196770654  0.40925484381824623  0.42011704716755260  0.43318822484202185
  0.44604234417291666  0.45726893004614022  0.46804806173252678  0.48059061902424849
  0.49330012752746250  0.50319400719708973  0.51174209314077168  0.51993449168588790
  0.52774407297046255  0.53642054326375832  0.54667712135039115  0.55831603956137954
  0.56996642332579039  0.58292587756230285  0.59148022722176707  0.60225799813087832
  0.61228912382229761  0.62200132319471202  0.63346279661460858  0.64672916315510731
  0.66610066766822085  0.68413546374281275  0.69792895336827188  0.70653224863994812
  0.71483467877852658  0.72403950957959551  0.73411075899716727  0.74608117392965501
  0.76120562101070266  0.77420950906343888  0.78676504887069054  0.79815055331877982
  0.80932929207967774  0.81965242504544611  0.82879443105511541  0.83918677346568671
  0.85025130769901602  0.86243798491751344  0.87625735033608299  0.89048550149236161
  0.90428436801572920  0.92014353900616330  0.93666900434925338  0.94826121032449662
  0.95739559479108893  0.96508607794316104  0.97305097942194618  0.97742801878190333
  0.98188307312311374  0.98628581433386153  0.99265745461263077  1.00000000000000000
 -0.01519878245131844  0.09336634991913084  0.19541589650987917  0.34339421426137823
  0.47002673643968079  0.55789113855481187  0.60900722050616785  0.64588518024295805
  0.67020401795848972  0.68749978118442723  0.70352814626852211  0.72246630213526475
  0.73832447763543541  0.75341385551719608  0.76727158045470834  0.77858010595990002
  0.78810848872777850  0.79659574293342050  0.80540797245909712  0.81309861629800517
  0.82022000070429790  0.82647380026537398  0.83219888629233485  0.83760571899496117
  0.84214861502088678  0.84620872281801407  0.85005347990048741  0.85344700227051884
  0.85630687188368837  0.85938498355813664  0.86225491822628297  0.86508263916957351
  0.86803678232539661  0.87132536254641402  0.87426206375685545  0.87697019815229560
  0.87975364374583309  0.88237271630245218  0.88478711385239395  0.88708756996955629
  0.88954174253048690  0.89188543483519289  0.89411342106566871  0.89630553068253449
  0.89892601451693843  0.90164164296885929  0.90416072785738377  0.90648691917859570
  0.90832361914959070  0.90969011629089991  0.91101886898593465  0.91229269220137210
  0.91365087261470224  0.91508213142954420  0.91684204094450361  0.91869067285299222
  0.92051357987938776  0.92236682798803704  0.92416539935836373  0.92584411628943197
  0.92749370654098684  0.92909847569722337  0.93088943341155117  0.93306131993601571
  0.93539474196228933  0.93764412341631920  0.93975432364688671  0.94180183755509783
  0.94387454976162166  0.94599992634689600  0.94842253997654091  0.95077919605368266
  0.95286434822393107  0.95478669634525271  0.95664595275796194  0.95850060786096858
  0.96027073318281519  0.96222885684576298  0.96447288963780997  0.96669700482005705
  0.96872484183533591  0.97048283715504635  0.97224589687061269  0.97401442491432810
  0.97575107195339694  0.97746291501831462  0.97948687498554443  0.98173638830842824
  0.98377672450931153  0.98578625431137412  0.98780843248991268  0.98983873292236013
  0.99193637524820999  0.99414399892285410  0.99673577318635964  1.00000000000000000
 -0.01823639740299037  0.12970163386633110  0.17438034337437100  0.20485826991610126
  0.23759691513945180  0.26419614273573089  0.28632744195334914  0.30265545111889502
  0.31862940345721358  0.33458738752250006  0.34831598322879193  0.36445118511646091
  0.38250414164964230  0.39904296498497721  0.41452280066780400  0.42805799009358381
  0.44137867980259388  0.45456032559761900  0.46524330748588621  0.47627429619650552
  0.48867888291305089  0.50390883950975729  0.51746759349283267  0.53026843807781499
  0.54236114085894782  0.55645592271919941  0.56909810480395184  0.57929661119744202
  0.59020187356449716  0.60077553947608664  0.61091116047871119  0.62041517463095619
  0.62744327141953971  0.63218482234209872  0.63565999009445529  0.63970775265099711
  0.64427928817707314  0.64900692220005751  0.65382853372545358  0.65874131844963602
  0.66360609475148158  0.66827016761347846  0.67228279038336725  0.67622016009390840
  0.68081513399027571  0.68616199672138090  0.69113579786981494  0.69600992761378044
  0.70003800886458134  0.70402974615848957  0.70767541770575804  0.71155590032372362
  0.71530669171372641  0.71925545943293367  0.72319570995693816  0.72755809539166050
  0.73307814528236281  0.74077201391155378  0.74845801359954922  0.75446129108952387
  0.76045934839111407  0.76605882192609054  0.77177537044856814  0.77513696720651659
  0.77831431530251238  0.78143994065661870  0.78468205298134586  0.78832450799194342
  0.79221074910294498  0.79646846228324897  0.80120609768162188  0.80645983457206594
  0.81097181809827235  0.81475788083349876  0.81843295985184394  0.82289467601793764
  0.82761242676901159  0.83080107986123375  0.83451172507536686  0.83933391676050650
  0.84505003586160488  0.85119158956839680  0.85863979320479245  0.86734881000245700
  0.87340620409668990  0.87697088231870812  0.88046885345953896  0.88389902979602974
  0.88719377482600592  0.89090162898327097  0.89643412619951646  0.90284984592922746
  0.91364022854368943  0.92671502740971567  0.94775773694889165  1.00000000000000000
   3.0032411070330784E-010  -1.0000000000000000     
 T T T T T T T F T T T F T F F T T F F T F F T F F T F F T F F T T F F T F F T F F T F F T F F T T F F T F T T T F T T T T T T T T T T T T T T F T T T F T F F T T F F T F F T F F T F F T F F T T F F T F F T F F T F F T F F T T F F T F T T T F T T T T T T T
  <DiscreteSampler_grid>
  grouped_processes
  1 # 1 for a reference and 2 for a running grid.
  10 # Attribute 'min_bin_probing_points' of the grid.
  1 # Attribute 'grid_mode' of the grid. 1=='default',2=='initialization'
  0.0000000000000000 # Attribute 'small_contrib_threshold' of the grid.
  0.5000000000000000 # Attribute 'damping_power' of the grid.
 # binID   n_entries weight   weight_sqr   abs_weight
    10   10   3.604864240280112E-004   4.549563254607916E-007   3.604864240280112E-004
    11   10   3.604864240280593E-004   4.549563254607762E-007   3.604864240280593E-004
    16   10   5.112766404773674E-004   1.217988848765623E-006   5.112766404773674E-004
    17   10   5.112766404773574E-004   1.217988848765560E-006   5.112766404773574E-004
    22   10   5.112766404773676E-004   1.217988848765624E-006   5.112766404773676E-004
    23   10   5.112766404773574E-004   1.217988848765560E-006   5.112766404773574E-004
    28   10   3.604864240280111E-004   4.549563254607914E-007   3.604864240280111E-004
    29   10   3.604864240280051E-004   4.549563254607696E-007   3.604864240280051E-004
    34   10   3.604864240280111E-004   4.549563254607914E-007   3.604864240280111E-004
    35   10   3.604864240280050E-004   4.549563254607694E-007   3.604864240280050E-004
    40   10   5.112766404773677E-004   1.217988848765625E-006   5.112766404773677E-004
    41   10   5.112766404773573E-004   1.217988848765560E-006   5.112766404773573E-004
    46   10   3.604864240280112E-004   4.549563254607917E-007   3.604864240280112E-004
    47   10   3.604864240280051E-004   4.549563254607697E-007   3.604864240280051E-004
    52   10   5.112766404741933E-004   1.217988848762272E-006   5.112766404741933E-004
    53   10   5.112766404773573E-004   1.217988848765560E-006   5.112766404773573E-004
  </DiscreteSampler_grid>
