  0.00191437206152635  0.00195431385466401  0.00199978391940040  0.00204382153516022
  0.00208674493659490  0.00213104808435559  0.00217624294615798  0.00222184420321767
  0.00226935853754670  0.00231952204771887  0.00237148246466539  0.00242264199688017
  0.00247315472642051  0.00252368282064535  0.00257540004716726  0.00263150879156041
  0.00269067373789837  0.00275238642319035  0.00281599355168585  0.00288052887121617
  0.00294715006457144  0.00301796328062061  0.00309236549452853  0.00316776375422923
  0.00324292341450276  0.00331759844676274  0.00339327822388870  0.00347153196333810
  0.00355077972110309  0.00363256682180744  0.00371927318381621  0.00381013670327773
  0.00390270730715838  0.00399896481167804  0.00409908667426365  0.00420325197712151
  0.00431187606100964  0.00442399744528521  0.00453889280026660  0.00465844638317702
  0.00478125768181880  0.00490568104249318  0.00504278036684079  0.00518420000958201
  0.00533093650884843  0.00548554798054027  0.00564213691683433  0.00580292544112689
  0.00596798827620343  0.00613948105485366  0.00632495432172791  0.00652347095414373
  0.00672705526040511  0.00693692765702605  0.00715623266414765  0.00738925530220231
  0.00764325958698908  0.00791154170939959  0.00819527359783850  0.00849669709453322
  0.00881692627778402  0.00915225717768742  0.00949982638305667  0.00986434062426395
  0.01024751402235503  0.01065740583760556  0.01110134971922771  0.01156724228965033
  0.01206698045747044  0.01260909748799348  0.01319207169100707  0.01380832648731747
  0.01444710985931359  0.01514207754914466  0.01591102002578867  0.01676035413964606
  0.01769704800445819  0.01872986886337972  0.01985935487637339  0.02109203766617780
  0.02244863135308454  0.02397040629918763  0.02566764596753811  0.02759140082121020
  0.02981534676205655  0.03238098457534431  0.03534961875386083  0.03885288917744230
  0.04316581941263035  0.04866096991181862  0.05599926260330945  0.06607841866571701
  0.08079674676057617  0.10616095208418409  0.18038111577336094  1.00000000000000000
  0.00451907734096008  0.00558369948884834  0.00631349977797815  0.00701069072621790
  0.00774187341230290  0.00845521142569485  0.00917151747926726  0.00995825253853804
  0.01078042081108187  0.01160697357431928  0.01243631721583095  0.01330487338878537
  0.01423611762486449  0.01524316332117724  0.01632481399172708  0.01745590185046841
  0.01859743462905561  0.01975536192060623  0.02098365434484294  0.02228838246104179
  0.02361525515527782  0.02497043530271879  0.02636652187529447  0.02782487981765514
  0.02931550416462257  0.03081093310135359  0.03236689832095936  0.03400952830986489
  0.03571478302736847  0.03752674550777883  0.03944403491323372  0.04143632325783426
  0.04355039845092568  0.04580542522644516  0.04808453777984549  0.05034702607203134
  0.05260737573233933  0.05495088242275194  0.05737605902177011  0.05992601375761083
  0.06267666808181255  0.06565576599118478  0.06874745261829468  0.07188406428029226
  0.07501395815385406  0.07827125004299140  0.08169264385119872  0.08535376669360335
  0.08916352930240723  0.09318751208457907  0.09726438226642477  0.10144227551394816
  0.10571841101689528  0.11017004533223100  0.11480990752695999  0.11961210106347173
  0.12461943383082009  0.12986956332771951  0.13537296777574251  0.14100357970305025
  0.14682252523853326  0.15276946346039472  0.15874227069351832  0.16470029727329777
  0.17127870646262480  0.17818656613418885  0.18543639973025908  0.19320528047786517
  0.20140782604688290  0.20993875193849479  0.21878508423081811  0.22806967040354503
  0.23778933098573396  0.24799551846237763  0.25892144364251252  0.27027335200358721
  0.28278039384341719  0.29590624729657566  0.30960429254399280  0.32376595118461904
  0.33862158042226514  0.35461118887830700  0.37232738714706626  0.39207277146459180
  0.41360782071143909  0.43701374466130288  0.46242534230830090  0.48994737511986647
  0.52079094925595504  0.55503006930958765  0.59327731251866456  0.63615459806577335
  0.68737967651092580  0.75134448713628177  0.84744037227959146  1.00000000000000000
 -0.00219837595495044  0.00889570092915494  0.01877819735384190  0.02935332766007539
  0.03970605040583840  0.04992936022898322  0.05980100194100879  0.07002660608377299
  0.08039437354122396  0.09049327513205532  0.10066792835915588  0.11129303713018077
  0.12231884709130172  0.13267931671901670  0.14279610204060750  0.15349731565299254
  0.16455652131749546  0.17522702140568902  0.18597620991353983  0.19685809755461939
  0.20814144773611770  0.21873165758735982  0.22916854092471142  0.23937400022625818
  0.24964111798316255  0.25946652895940242  0.26976054027962010  0.28041243562332396
  0.29153193159309482  0.30214130902293684  0.31293406364782533  0.32349268675311715
  0.33358062840821034  0.34327757228532868  0.35320094415546349  0.36334837238170187
  0.37353300217823299  0.38383175435802902  0.39438579648547728  0.40511166962394202
  0.41580959221732855  0.42690113255339712  0.43835478818910900  0.44958896341904003
  0.46043539328124305  0.47110283502689193  0.48203285727736478  0.49256132003014103
  0.50302838851200249  0.51331633602526872  0.52366284575801714  0.53431865393067213
  0.54512258074569842  0.55578433072725097  0.56629214575690701  0.57638134057403911
  0.58687154673024033  0.59707321182143869  0.60723275397259047  0.61729682791064810
  0.62725260168296537  0.63794344347116616  0.64873282838754887  0.65946467440661427
  0.67024862242677197  0.68082480636562315  0.69131335894317791  0.70228380261540257
  0.71329290041700366  0.72465080657240055  0.73555492790895205  0.74627873886927820
  0.75668445981708354  0.76670968181749621  0.77687413257679638  0.78665517871437396
  0.79662412505676206  0.80671354468003109  0.81739735356148746  0.82819519632744532
  0.83874229769982400  0.84907062415513523  0.85947394807735111  0.87044141675430686
  0.88157316072099268  0.89287605952978832  0.90391586934360624  0.91507643374120751
  0.92594410220048118  0.93690139786635174  0.94764727177558006  0.95860769556018155
  0.96879129137309083  0.97922370862464791  0.98924316664136958  1.00000000000000000
 -0.00251955226441924  0.00941535947968116  0.01946393828238713  0.02952309019846249
  0.03966522839062142  0.04985299652189443  0.06040436418708699  0.07149049475539065
  0.08256716687350231  0.09308932511110909  0.10335418106052098  0.11367162880806822
  0.12391693857886835  0.13393084417354936  0.14405076587005991  0.15493624911979179
  0.16574269084977677  0.17625464830668955  0.18642495442569781  0.19687267125742991
  0.20757016374115309  0.21831884247742483  0.22863075108328856  0.23844276913291068
  0.24819417694879042  0.25857142862929727  0.26920723266909646  0.27964104094310938
  0.28973907050179243  0.30012179018669977  0.31114816428838216  0.32234242817642078
  0.33353340434845952  0.34485168795730642  0.35612656380093055  0.36749450673819217
  0.37849211088508683  0.38967864122835733  0.40094064831033915  0.41222483297864898
  0.42316178386382713  0.43330882726134112  0.44314802765567618  0.45276062901209835
  0.46285519599710795  0.47316249627369855  0.48389245830166777  0.49484550028183855
  0.50621180555829481  0.51742565302911503  0.52826811687648867  0.53868284388045173
  0.54891065269025552  0.55941037754940059  0.56971483818467517  0.57990174227501246
  0.58962271631022145  0.59963862314526717  0.60961459959916620  0.61950416715887613
  0.62942867968417937  0.63942099631327165  0.64944193669617534  0.65989276835111510
  0.67077116769597644  0.68162004962777500  0.69251746482129128  0.70295974001508821
  0.71327821921311385  0.72348568818538739  0.73406772417062727  0.74486307540087582
  0.75538461041665061  0.76587395043159778  0.77661615801652473  0.78716254851602707
  0.79736777344402077  0.80780368339451514  0.81848409706834324  0.82950841032857414
  0.83982988004536119  0.84989612548666493  0.85986829550930921  0.86985695045880196
  0.88040313117191837  0.89135109330618700  0.90200180125633544  0.91251519659736702
  0.92278379847571890  0.93378967407454661  0.94500094708201032  0.95632833212531076
  0.96748130449888647  0.97856115284399514  0.98932763103081378  1.00000000000000000
 -0.00262196164041420  0.01028033633665443  0.02068977950795085  0.03074656440619723
  0.04063398709943471  0.05029676841834493  0.06062324064215144  0.07140197300421880
  0.08256920505577901  0.09348803502592534  0.10380447543383786  0.11403263593792101
  0.12457982674112406  0.13525595796102513  0.14574346008648786  0.15573737698378459
  0.16570349870361917  0.17602731216457937  0.18649107185114205  0.19710815985097732
  0.20786695506101391  0.21869438995063475  0.22961134009583803  0.24027527814068297
  0.25079906002829661  0.26118276510986765  0.27177380561925069  0.28278996565225512
  0.29370568404632696  0.30392696165363792  0.31374359395964502  0.32372969933116064
  0.33401674183490582  0.34475704776342525  0.35563026144664800  0.36648635217688502
  0.37694271694055337  0.38699475317776716  0.39716808459408404  0.40746625656721580
  0.41812406175656891  0.42923754084474897  0.44026771297778833  0.45110007359404869
  0.46163251978594405  0.47223293845676645  0.48304673938416987  0.49395070883151959
  0.50494014012459509  0.51595898176953126  0.52685172343438491  0.53764940076252321
  0.54810697926547436  0.55860953789261369  0.56915191884152194  0.57958940741634168
  0.58970785815183024  0.59940597667193385  0.60926612969187022  0.61971785076326746
  0.63057540551597602  0.64138538207377860  0.65211310886814078  0.66282712772013641
  0.67364703743626553  0.68435440204300135  0.69517782413269191  0.70600828494699575
  0.71681861299695715  0.72732106329786717  0.73764519995720990  0.74769590572213618
  0.75783470853144907  0.76837275964711105  0.77920401042464693  0.79005102663161775
  0.80065459508801506  0.81119316031664435  0.82173681827560385  0.83237047325478730
  0.84335421212016526  0.85463880629551847  0.86560459074175022  0.87607576616000871
  0.88625502681429658  0.89647391428074985  0.90682402149776820  0.91708126506771404
  0.92703082053797037  0.93708266634341564  0.94719522108042409  0.95795667433904241
  0.96849861799341996  0.97876333059420917  0.98934554850382062  1.00000000000000000
 -0.00241892373330863  0.00942460246615952  0.01957073956158174  0.03048284093551941
  0.04151601432032593  0.05246747926586848  0.06333051274355246  0.07399478036837903
  0.08449180379373666  0.09466171805741025  0.10471559853495628  0.11458844571454800
  0.12467603545118450  0.13530497592874074  0.14618386561423036  0.15693468792048595
  0.16751914725195910  0.17831641956514879  0.18899433796049908  0.19957017059214613
  0.21005950852033253  0.22044584141010065  0.23072988331148075  0.24121526964448287
  0.25227183107810358  0.26368858767299547  0.27494216302931029  0.28560879188984289
  0.29588274321622421  0.30619391502094556  0.31671473660707988  0.32727730993026877
  0.33769290494391163  0.34821826629985964  0.35861532212668962  0.36896396751413024
  0.37903139254822465  0.38927382144398703  0.39980356270286083  0.41045098040345418
  0.42115370632223553  0.43172356882612278  0.44193718200468490  0.45205439311924450
  0.46245351004558977  0.47326697457809536  0.48402346145254477  0.49458744714994468
  0.50527489589288166  0.51626864984188092  0.52724339341621296  0.53741900420564714
  0.54740891761746902  0.55723298284955414  0.56738653079866375  0.57763817076242885
  0.58777715260430330  0.59784049649167714  0.60769714514678319  0.61786258199828736
  0.62815481633301751  0.63855210598597778  0.64903795261996888  0.65996121141490249
  0.67061817719476058  0.68141221398715190  0.69179426023057478  0.70283020819341480
  0.71377500499470048  0.72448421092189652  0.73476409282285560  0.74481273944118664
  0.75564767078797335  0.76626588845188215  0.77706869164744063  0.78747652815767055
  0.79829551482344874  0.80932354001426321  0.82019408654652559  0.83080296775138585
  0.84117044830214249  0.85205307430562804  0.86342255252717826  0.87442307032400457
  0.88530125595471520  0.89571290005652915  0.90622512088113560  0.91682923429467433
  0.92757897330764860  0.93865955388324296  0.94923106007551883  0.95960418116469826
  0.96971309842144637  0.97975752521658344  0.98980968012273185  1.00000000000000000
 -0.00250477814882462  0.00991642924587455  0.02024680806365797  0.03143395457760771
  0.04255243821323815  0.05331021905836976  0.06409815818403317  0.07478249628161046
  0.08544310708266217  0.09577990337609181  0.10625319888687992  0.11673656975379545
  0.12744511367192868  0.13835692702874897  0.14936117545060498  0.16017744657794553
  0.17055242534658210  0.18039977407749438  0.19021425421990143  0.20015910646465512
  0.21012986880494106  0.22002286123112380  0.22998040035934345  0.24048048137110078
  0.25101753741448879  0.26141944312921722  0.27158536565311808  0.28199536784575063
  0.29245407827648062  0.30284635271500787  0.31315977967342912  0.32383892951838023
  0.33473224958651765  0.34552828534320296  0.35582655220585202  0.36600959939756994
  0.37623179691810282  0.38700543509748364  0.39811465141211133  0.40901878410187337
  0.41995852542691348  0.43084554112576773  0.44151399563420579  0.45204335226212145
  0.46278451660210812  0.47383960847158635  0.48509895099427008  0.49598045001363827
  0.50704656647952240  0.51786423893819611  0.52851934772740383  0.53873544094560077
  0.54877836430344151  0.55888178797478605  0.56934594535111205  0.57999072387021078
  0.59069888216795419  0.60110144769629958  0.61143459941671641  0.62172268255991758
  0.63226599227774616  0.64292777858108208  0.65351514695552504  0.66412551365277150
  0.67475961300294895  0.68550722611102832  0.69601074672054253  0.70663217266947032
  0.71709100110594115  0.72759504863636359  0.73784039003549806  0.74816729753382305
  0.75838766032202642  0.76864194263160979  0.77898776804630676  0.78966784307708615
  0.80058162270971867  0.81158057263118422  0.82222631278652336  0.83246253530585912
  0.84243932113680564  0.85211809980645603  0.86210316505432782  0.87208213031685700
  0.88263000656432933  0.89350518630107123  0.90443462394245910  0.91534329742139564
  0.92635070720638280  0.93732302396895739  0.94827563051113850  0.95900373073316147
  0.96964117833120211  0.97955622716155200  0.98978151795813307  1.00000000000000000
 -0.00248520112789975  0.00910546356550149  0.01912713884875665  0.02934527485172283
  0.03969970241280443  0.05034782625586622  0.06139139827548774  0.07248793180296642
  0.08311648876311446  0.09354098869420696  0.10401589854911858  0.11431801459631145
  0.12445401405330284  0.13437499186433235  0.14393052816391069  0.15385894805865327
  0.16356835766080249  0.17434364744556877  0.18494229690760114  0.19589116970705975
  0.20639956626121209  0.21731215149425595  0.22815393331383577  0.23885812717549240
  0.24928694508714988  0.26003001022161087  0.27055645923066429  0.28131440979519595
  0.29162955599180818  0.30242660553363371  0.31293590770262403  0.32356862759832256
  0.33420379025975572  0.34502358564022173  0.35589527911891983  0.36617680101807232
  0.37641805721595450  0.38651622906394567  0.39725682016394515  0.40828724809253619
  0.41890525887533514  0.42912676422316104  0.43920412944912957  0.44962038392320042
  0.46015677291230039  0.47072151441786703  0.48131376050348795  0.49219608010472465
  0.50296391063634238  0.51375658158131821  0.52463999600100752  0.53546876753794836
  0.54622257706719124  0.55688696864505782  0.56768750116500544  0.57826009720813165
  0.58842178650401078  0.59875804106078689  0.60957757519963651  0.62074980343424235
  0.63162643040474509  0.64243813027575414  0.65334624650920037  0.66409147437450633
  0.67460414103578703  0.68524591165568260  0.69609602825680517  0.70709420419440894
  0.71814898640321279  0.72898547252036572  0.73939966712936622  0.74951929394506556
  0.75976751916812157  0.77015388721538025  0.78079782085158067  0.79165123664974724
  0.80274998068349068  0.81402543736858313  0.82532787048720779  0.83623083188684155
  0.84690036933820034  0.85730696928867878  0.86771760971202050  0.87786995151896863
  0.88791131432471126  0.89779072979086871  0.90787906555762010  0.91826966249157127
  0.92854301623466584  0.93855563176071788  0.94826744311737421  0.95832123501438982
  0.96836059161347765  0.97890584490891874  0.98933296575250285  1.00000000000000000
   4.1838965664426025E-012  -1.0000000000000000     
 T T T T T T T T T T T T T T T T T T T T T F T T T T T T T T T T T T T T T T T T T T T T T T T T F F F F F F F F F F F F F F F F F F F F F F F F F F F F F F F F F F F F F F F F F F F F F F F F
  <DiscreteSampler_grid>
  grouped_processes
  1 # 1 for a reference and 2 for a running grid.
  10 # Attribute 'min_bin_probing_points' of the grid.
  1 # Attribute 'grid_mode' of the grid. 1=='default',2=='initialization'
  0.0000000000000000 # Attribute 'small_contrib_threshold' of the grid.
  0.5000000000000000 # Attribute 'damping_power' of the grid.
 # binID   n_entries weight   weight_sqr   abs_weight
    10   10   3.239033162791557E+002   6.775732837950600E+005   3.239033162791557E+002
    16   10   2.901481186389375E+002   5.359085722081051E+005   2.901481186389375E+002
    22   10   2.901481186389374E+002   5.359085722081050E+005   2.901481186389374E+002
    28   10   3.239033162791557E+002   6.775732837950600E+005   3.239033162791557E+002
    34   10   3.239033162791557E+002   6.775732837950599E+005   3.239033162791557E+002
    40   10   2.901481186389375E+002   5.359085722081057E+005   2.901481186389375E+002
    46   10   3.239033162791557E+002   6.775732837950599E+005   3.239033162791557E+002
    52   10   2.901481186389370E+002   5.359085722081045E+005   2.901481186389370E+002
  </DiscreteSampler_grid>
