  0.00000008335265439  0.00000018978521684  0.00000029184785456  0.00000038897534592
  0.00000049405906353  0.00000060330734222  0.00000070626552933  0.00000081721265223
  0.00000093676185692  0.00000105356242545  0.00000116929107063  0.00000128694839842
  0.00000141100111063  0.00000153243960421  0.00000164959018157  0.00000176660858620
  0.00000188814067490  0.00000201730925262  0.00000214644665815  0.00000227001394112
  0.00000239019641810  0.00000250877198792  0.00000262704144060  0.00000274582062732
  0.00000286974209023  0.00000300291834667  0.00000313425655041  0.00000326598382520
  0.00000340057709589  0.00000353999306860  0.00000368674314331  0.00000383479041581
  0.00000398555217918  0.00000414586744135  0.00000431259359264  0.00000447838954633
  0.00000463615901821  0.00000480090099320  0.00000497586379462  0.00000517713393270
  0.00000539364148649  0.00000561367022415  0.00000583887231980  0.00000607566811356
  0.00000632317925289  0.00000658014127546  0.00000684384641597  0.00000712028940594
  0.00000742772776428  0.00000775477536991  0.00000806584952491  0.00000839387899942
  0.00000873431576355  0.00000911378377438  0.00000953124131251  0.00000995691785070
  0.00001038185757794  0.00001081749119666  0.00001124121971209  0.00001164117223470
  0.00001201000967146  0.00001237139920064  0.00001273554015024  0.00001309738540201
  0.00001346578263834  0.00001384513719942  0.00001423713471252  0.00001464490119571
  0.00001504849529356  0.00001546235794218  0.00001590215470929  0.00001634070581512
  0.00001675801754330  0.00001717592016888  0.00001759437284227  0.00001802414994384
  0.00001848575248795  0.00001899435511624  0.00001952842450208  0.00002008842302766
  0.00002067031488300  0.00002124275229737  0.00002180991190818  0.00002244001835343
  0.00002315890945290  0.00002393867965772  0.00002476566980587  0.00002567827918986
  0.00002667138006741  0.00002826725806021  0.00002994415998680  0.00003173882348084
  0.00003498172065501  0.00004017874373964  0.00004589804542611  1.00000000000000000
  0.00000007817246674  0.00000032933140017  0.00000049243886202  0.00000064508803310
  0.00000081230848464  0.00000101354459295  0.00000120082608800  0.00000136297751930
  0.00000152688605577  0.00000172489571963  0.00000192504937631  0.00000209208880420
  0.00000225887649414  0.00000244944514678  0.00000266898668553  0.00000289560929919
  0.00000312018135463  0.00000335138872014  0.00000359554468906  0.00000384082502702
  0.00000408797246052  0.00000435623248828  0.00000463704927721  0.00000490549913982
  0.00000516032792522  0.00000541075005618  0.00000567761740920  0.00000596475986627
  0.00000628692661512  0.00000660628224493  0.00000689408400444  0.00000717940469504
  0.00000746149396947  0.00000773884803607  0.00000801640145784  0.00000829486267968
  0.00000857547993110  0.00000890317107059  0.00000924051028034  0.00000959509933292
  0.00000994803138659  0.00001028116841985  0.00001063143443718  0.00001098729302255
  0.00001134225879155  0.00001170707649719  0.00001207456910186  0.00001243163295903
  0.00001280136591590  0.00001317325695769  0.00001354476048675  0.00001393662797445
  0.00001432439381082  0.00001471135571339  0.00001510327276296  0.00001553395940245
  0.00001597585963793  0.00001642239298754  0.00001687831908064  0.00001733553174454
  0.00001778396080881  0.00001823971245419  0.00001873210853197  0.00001924319184621
  0.00001976299338375  0.00002031618344176  0.00002088844201505  0.00002147297023385
  0.00002206656998461  0.00002269450569963  0.00002336672063068  0.00002403472638481
  0.00002471503035520  0.00002537393554202  0.00002603223966559  0.00002673043765450
  0.00002748781949893  0.00002827355932500  0.00002905331385450  0.00002984344335280
  0.00003066254752378  0.00003153991029440  0.00003245939330851  0.00003344414644457
  0.00003444736061127  0.00003548602279576  0.00003656339219900  0.00003769206387779
  0.00003903728725408  0.00004075489048632  0.00004275978337978  0.00004514294620274
  0.00004823149802240  0.00005297546204769  0.00006083797980425  1.00000000000000000
 -0.00269405338011453  0.00938766761025768  0.01990496630517147  0.02983552571300137
  0.03939948702177600  0.04799907956462290  0.05670921123618475  0.06603067820545067
  0.07569576249120011  0.08555589844954692  0.09570025510276017  0.10619004660594650
  0.11661941002105776  0.12654317519731820  0.13608345147182893  0.14619309036366449
  0.15673626408234692  0.16806936387243063  0.17893683235460439  0.19074524192948583
  0.20138040555446854  0.21240399861362974  0.22324833728841645  0.23458032122043190
  0.24604873285946846  0.25631181009102283  0.26658591878898907  0.27716413954440283
  0.28779407369569476  0.29831386065605836  0.30888124983452675  0.31962197036924844
  0.33028344442303342  0.34052227044615696  0.35068966698192244  0.36140087057918779
  0.37234272464961926  0.38444413247021852  0.39651425196622397  0.40903605628135531
  0.42107940532783694  0.43278874304226034  0.44437833118795822  0.45571776286689802
  0.46689763479391200  0.47785705265458023  0.48873208131789142  0.49956513123158475
  0.51011056478391892  0.52072538469467589  0.53112045178370304  0.54148108031180175
  0.55177928087856554  0.56242673110410979  0.57295194025365259  0.58320196953052539
  0.59332955082626881  0.60339662199122324  0.61307264307462717  0.62265413539487280
  0.63222751990264014  0.64169501490918068  0.65120479650942842  0.66122900476411839
  0.67274063746139878  0.68416854863033272  0.69540920490645775  0.70601109848233501
  0.71760666382507199  0.72918797794790513  0.73984284191747662  0.75071247927558404
  0.76127834896988478  0.77174460823396174  0.78122206590968712  0.79084001418904237
  0.80071589450398795  0.81029476144322310  0.81944716526866113  0.82850997038750807
  0.83883391794544671  0.84943324647908081  0.86061318049799285  0.87119423720920830
  0.88236046296427229  0.89412158136056352  0.90582116250466738  0.91797476630501040
  0.93019080279891697  0.94210773322144437  0.95348513024444859  0.96376791310993026
  0.97333648119304206  0.98205384462847212  0.99112269286081167  1.00000000000000000
 -0.00191165423312751  0.00784274230977344  0.01687480541443612  0.02726704617927073
  0.03819366221535688  0.04879426156430326  0.05910167219119761  0.06997824848774770
  0.08075502772838875  0.09096910479889186  0.10105855668333623  0.11176738830976360
  0.12286787055670931  0.13389179376400120  0.14474841043817030  0.15487119209073477
  0.16447535078448350  0.17437739939583383  0.18424808738671336  0.19406086865005759
  0.20335720889700126  0.21317923359448671  0.22346200005017086  0.23404572481795716
  0.24491727224211887  0.25567742591829545  0.26598890564359634  0.27600071800587417
  0.28629037092334619  0.29716013048977408  0.30798961248026840  0.31887235550874315
  0.32979715407589266  0.33992827201409154  0.34939817217740815  0.35899823912746109
  0.36873772300784741  0.37822321285482796  0.38723646110781540  0.39656457496631997
  0.40669853061719535  0.41703864787937661  0.42686768349805904  0.43681710180359462
  0.44761061297255411  0.45909262616561280  0.47085448329895324  0.48247245526518678
  0.49414747410808946  0.50577887766673701  0.51705553686915739  0.52782346517683898
  0.53815452665007479  0.54813792360895053  0.55815922666540074  0.56892763645786459
  0.58003770643548269  0.59125595148726418  0.60212213052135510  0.61268190995404537
  0.62301902796215236  0.63311790848797378  0.64287098580124091  0.65242298259602927
  0.66204746536634385  0.67243510059309752  0.68354330572163213  0.69445425030801311
  0.70538097349825291  0.71686019564175574  0.72854942423526525  0.73972123429553471
  0.75071391900207185  0.76247701844756988  0.77380625855257035  0.78449866857272377
  0.79499278490233349  0.80598258850289806  0.81733706845470189  0.82825206060416701
  0.83875951415344141  0.84895808235599746  0.85871385082513307  0.86905183962057819
  0.87982812154680223  0.89172912315306840  0.90476939344867036  0.91551084787873116
  0.92652297696441921  0.93726528158654809  0.94878262885646025  0.96048170445746384
  0.97102706173425857  0.98107234467520610  0.99030200080977526  1.00000000000000000
 -0.00113304986389606  0.00955872059078767  0.01927619590370162  0.02876422724051384
  0.03844023867830290  0.04843651152773643  0.05808159873983817  0.06713385770096611
  0.07613275809895109  0.08572448678086156  0.09649408476232912  0.10695904888081947
  0.11741428677872899  0.12801199923606610  0.13949208417781858  0.15123037329733810
  0.16323912264701138  0.17463727281270611  0.18607725482874438  0.19676580460533646
  0.20822673758656343  0.21901322058048364  0.22967197385969701  0.23869032454555636
  0.24730569052134516  0.25603050496902030  0.26489321814410299  0.27517743976416875
  0.28559418143299903  0.29613652973431764  0.30644833745026551  0.31705743467251635
  0.32802821841057628  0.33859482242051731  0.34855696745872727  0.35924995551322991
  0.36994571588434999  0.38100369498643227  0.39201396083955686  0.40323789178917374
  0.41416081604571986  0.42523113749928992  0.43642725107543962  0.44706608948542886
  0.45810397397179070  0.46916914511860808  0.48008858945369132  0.49087380839559291
  0.50173977632522060  0.51276055343975913  0.52391281722076655  0.53392789950909636
  0.54398182672363149  0.55318782064030958  0.56267627921228280  0.57224501737323885
  0.58205324282607263  0.59215943812526428  0.60245678409929215  0.61293516484138999
  0.62320585571127973  0.63383678999979898  0.64428937176854983  0.65548985987531394
  0.66627395724743355  0.67879872911015937  0.69138650117446554  0.70328587054472591
  0.71545484639978640  0.72692227769953577  0.73722846152136789  0.74739312107832689
  0.75775912213873087  0.76866897461454298  0.77921880131641041  0.78939885279750865
  0.79993566347341039  0.81022703982038802  0.82079209470694825  0.83136021194480314
  0.84141506852142400  0.85215611068119956  0.86234624100776580  0.87287633313090229
  0.88284046342067990  0.89315634675159250  0.90398578237503724  0.91494478142223479
  0.92521460460061522  0.93517280996803498  0.94524336589448765  0.95558394635238764
  0.96582188088720244  0.97589583643702926  0.98758728551689978  1.00000000000000000
 -0.00243013102251666  0.01011111394727261  0.02037160125078543  0.03125090051575802
  0.04225085865276140  0.05412286192601309  0.06536820330415095  0.07670908506261254
  0.08778008787092177  0.09918624274806570  0.11010060112643455  0.12059470966678927
  0.13126056583755458  0.14274205705646453  0.15471685307210292  0.16627400917283669
  0.17692694445061602  0.18740942472738806  0.19901173906350075  0.21009463654974356
  0.22065203698448685  0.23105014427411075  0.24181711957256055  0.25237588940552835
  0.26299352218875571  0.27359692591861245  0.28408774446256208  0.29462253665502935
  0.30516812079663086  0.31578392864678012  0.32642476890150318  0.33742683293435732
  0.35011031797280912  0.36193369056798247  0.37332811420590345  0.38412078500887947
  0.39406623526310752  0.40337942867181686  0.41271366104926244  0.42267837808021658
  0.43275176078466232  0.44292478137397323  0.45281576331820389  0.46262552705657456
  0.47267332505698317  0.48344065785842738  0.49465022009517418  0.50524131154683660
  0.51541261424473261  0.52555892810088589  0.53626828830431550  0.54729860091941562
  0.55822668931319297  0.56912435369902170  0.58032189264318701  0.59139200628199706
  0.60248952971690206  0.61335030686453784  0.62420302869943833  0.63487551553669286
  0.64534882229945589  0.65646377932007449  0.66818527484399259  0.67896490198640780
  0.68979291720194058  0.70068145756212707  0.71185443128853632  0.72277710028471231
  0.73304710677605400  0.74361489500920130  0.75404680976877059  0.76509522049831113
  0.77530590439657121  0.78448880989583647  0.79329445459873182  0.80220809009853455
  0.81105852129051392  0.82000816030367996  0.82926923048412271  0.83912239394320187
  0.84949927940191716  0.85936658230660612  0.86866060228547226  0.87801421287995995
  0.88726029733184086  0.89721681344759630  0.90688917151876924  0.91691304186652234
  0.92718402251918453  0.93828080252642410  0.94907800579272039  0.95937092180369754
  0.96939270913825737  0.97981732974374236  0.98996324113013534  1.00000000000000000
 -0.00239225454999022  0.00855895647481476  0.01847761102890972  0.02756098727654981
  0.03656799084481995  0.04539893004483277  0.05392010813624525  0.06249112797076870
  0.07072256119690998  0.07961366207001951  0.08922950739203435  0.09916545359004350
  0.10897037042460854  0.11874480721921363  0.12863334314749988  0.13921054063007698
  0.15019981129905358  0.16131397916935908  0.17248898222101045  0.18341161696377054
  0.19445665666203676  0.20570634006923186  0.21722335325403347  0.22927174712444232
  0.24042839768097715  0.25155467910805412  0.26263525292724949  0.27393644695737945
  0.28451415710631656  0.29503265332210421  0.30536751765345393  0.31597965502889569
  0.32640796158586399  0.33715284903543874  0.34829916864219279  0.35960402724502177
  0.37071738563478246  0.38202736262946269  0.39297110302963106  0.40330402895393136
  0.41391242840947762  0.42565975211448348  0.43773401449279259  0.44930911279920682
  0.46091530070747855  0.47257749307470609  0.48375715960274829  0.49479595427014589
  0.50697003893945036  0.51943665848729548  0.53069435208895466  0.54171525865507975
  0.55336605886004431  0.56480790967089489  0.57534050297779238  0.58609582307730024
  0.59768052916325853  0.60925221882780400  0.62039446859199299  0.63195361438821884
  0.64361635413144724  0.65373626448155853  0.66365769232592009  0.67365602553736403
  0.68362325205562213  0.69373324300310102  0.70404124788557076  0.71452593798766184
  0.72491230366773685  0.73518901186178898  0.74529598106303963  0.75586893412042588
  0.76760813166866182  0.77980253858505755  0.79241188528354323  0.80445840282821157
  0.81536487461699314  0.82533624017362173  0.83480510344601166  0.84417072992502118
  0.85391479926514513  0.86412602551083884  0.87421321299019783  0.88402365123236037
  0.89396537040142365  0.90434658831383241  0.91535993394968229  0.92568543823061544
  0.93564840507745994  0.94525038275899376  0.95432846512792857  0.96306095722585860
  0.97153093211526032  0.98041830311639377  0.98998585021785912  1.00000000000000000
 -0.00285784936926824  0.01053808993623409  0.02200838122508641  0.03352854161318564
  0.04502315551659501  0.05672899804467216  0.06867396590488904  0.08004917792657228
  0.09071871335173190  0.10126595075463220  0.11195737239487784  0.12293232749442189
  0.13402636425907774  0.14488486958680488  0.15537755043265750  0.16563011819416715
  0.17587779477679702  0.18586580312024303  0.19561251180995357  0.20548834228664226
  0.21605982354492720  0.22720109580702216  0.23903065758661085  0.25080617888899215
  0.26217659688605166  0.27307934147875496  0.28343249086141054  0.29341486025386737
  0.30342882587741710  0.31384940371151127  0.32449905943896401  0.33540777266555871
  0.34647564404111297  0.35751785286866328  0.36735968806258656  0.37684316099576848
  0.38639876301014886  0.39661095838182725  0.40745599120541615  0.41866690258952305
  0.43037615666959800  0.44199771982781733  0.45285591078942689  0.46451422851058627
  0.47591603755677042  0.48669752511172720  0.49725440451553649  0.50730069795939092
  0.51740400043396195  0.52754146550622438  0.53870407963226574  0.54903020644475675
  0.55927684347130247  0.56868728906559551  0.57849955134969766  0.58778993844456962
  0.59670531929258053  0.60554094746785714  0.61517963047900770  0.62565895577033670
  0.63696258304251141  0.64817300765108099  0.65879813258397568  0.66941247563497697
  0.67977950234683038  0.69013939124160151  0.70100912750880828  0.71325757988089156
  0.72584089141607333  0.73799521769428900  0.74948980203151816  0.76121147682260815
  0.77199925455054630  0.78228753587523248  0.79181217632270717  0.80085945911126166
  0.80985982499117992  0.81919390789626612  0.82813176333412486  0.83674911814844644
  0.84563092889611702  0.85515023542870783  0.86522542939021130  0.87562605958654838
  0.88540453721521817  0.89557454809905435  0.90580673250433708  0.91596890909939244
  0.92651659523701480  0.93727536250224541  0.94815558996752047  0.95883618421387418
  0.96945485290373612  0.97967475294976381  0.98969926790060636  1.00000000000000000
  0.02409150487522203  0.03536119562196453  0.04600107695820385  0.05652533640738031
  0.06714437276467597  0.07777820330173001  0.08846166551813091  0.09927973196703185
  0.11034790901542749  0.12064511898361321  0.13005487850068018  0.13927118819295917
  0.14907674090938838  0.15914677546967795  0.16930957719743259  0.17970287257789744
  0.19041150895490297  0.20129512203721822  0.21170212164747876  0.22175761013633244
  0.23188050740877503  0.24247232797791179  0.25361360722649512  0.26427805379675806
  0.27555098470984057  0.28688793295674031  0.29842764567773949  0.31007430416183385
  0.32081013834810729  0.33078801532883578  0.34144084372363942  0.35234830898765812
  0.36320620599991837  0.37457699489121626  0.38523786544187055  0.39546230626779566
  0.40492612002550682  0.41427528892394305  0.42405664660894410  0.43411679209301540
  0.44490104782779655  0.45571399942975099  0.46675536049021782  0.47750979851088837
  0.48843507405647624  0.49983939901864094  0.51111362217099898  0.52225681860182205
  0.53276920898046698  0.54315759071923897  0.55406232868685035  0.56466112013491776
  0.57524592075545411  0.58590009363153761  0.59624474585665366  0.60711376750762769
  0.61752221536553298  0.62761060487723275  0.63724899819536451  0.64681682411246155
  0.65638512945717042  0.66630590900003794  0.67622766361350495  0.68629024463526633
  0.69648277989083529  0.70653072385628768  0.71620342210972254  0.72565106232354160
  0.73516520200269420  0.74478981371022157  0.75445633837841897  0.76418213826597681
  0.77396669924666872  0.78380098554882727  0.79359812796785167  0.80311138438238250
  0.81285081507366019  0.82274067010542429  0.83287056496217104  0.84316985653474330
  0.85353463173707000  0.86381025229852026  0.87332722314114675  0.88260673472266138
  0.89147213684218962  0.90008270106916943  0.90850121362915126  0.91640058541690239
  0.92502406290234551  0.93374894946365383  0.94237313654907062  0.95119557286160594
  0.95915446477453026  0.96585445258931624  0.97095561023949462  1.00000000000000000
 -0.01776120092682634  0.09733960618671550  0.13085795315972376  0.15285195926306899
  0.17142138635835882  0.18795713641497788  0.20194811395019996  0.21459312045622217
  0.22592907624632066  0.23647940338190107  0.24631521341633075  0.25593308257457964
  0.26545997610453387  0.27494332067783511  0.28423337433528356  0.29314952273669670
  0.30176377585811454  0.31011638925130092  0.31825763384142836  0.32606735853442675
  0.33358475504272805  0.34108398047960303  0.34873000104314178  0.35646516615235901
  0.36374588193440149  0.37103570924244023  0.37769842527875469  0.38387476710332430
  0.38985682701443158  0.39586739477445365  0.40157975187428108  0.40713326157837942
  0.41259084800277213  0.41811011848727353  0.42379075283629214  0.42958640403610948
  0.43534931585879172  0.44099179169971686  0.44656293732085539  0.45211676972141807
  0.45771785680148541  0.46322016113462317  0.46863831308171267  0.47413060359666931
  0.47974759373222048  0.48543890459197420  0.49113772570628478  0.49687973824726406
  0.50270002571556260  0.50887276247086055  0.51474777127301508  0.52059789635958509
  0.52657869520629141  0.53264396030190020  0.53887870843185404  0.54491163425990508
  0.55077303828886959  0.55658065845306448  0.56234071376537620  0.56806705214253972
  0.57370663682065826  0.57929323189169324  0.58507111856750982  0.59143852534273933
  0.59829023101668277  0.60478222322344966  0.61115165369786484  0.61763866662758482
  0.62437678037062194  0.63134901645683938  0.63832330042415175  0.64540775201605527
  0.65240114606804733  0.65939672159228657  0.66635638978346146  0.67356236845721429
  0.68095023103202157  0.68837543444006610  0.69595833739506030  0.70347291826856106
  0.71111416882740364  0.71894396926821558  0.72687357180207046  0.73533589600169513
  0.74441841959090227  0.75418079975218588  0.76479920695863490  0.77599008004254844
  0.78817663182925468  0.80134511373792050  0.81587405996160589  0.83281456197857295
  0.85126049008950211  0.87326864067166643  0.90691019319245847  1.00000000000000000
   1.7921166379775094E-028  -1.0000000000000000     
 T T T T T T T T T T T T T T T T T T T T F T T F F T T F T T T T T T T T F T T F F T T F T T T T T T T T T T T T T T T T T T T T T T T T T T T T T T T T T T T T T T T T F T T F F T T F T T T T T T T T F T T F F T T F T T T T T T T T T T T T T T T T T T T T
  <DiscreteSampler_grid>
  grouped_processes
  1 # 1 for a reference and 2 for a running grid.
  10 # Attribute 'min_bin_probing_points' of the grid.
  1 # Attribute 'grid_mode' of the grid. 1=='default',2=='initialization'
  0.0000000000000000 # Attribute 'small_contrib_threshold' of the grid.
  0.5000000000000000 # Attribute 'damping_power' of the grid.
 # binID   n_entries weight   weight_sqr   abs_weight
    10   10   4.627664633916730E-020   5.578446290708164E-039   4.627664633916730E-020
    11   10   4.627664633916729E-020   5.578446290708163E-039   4.627664633916729E-020
    16   10   4.708956040992014E-020   6.896385874152468E-039   4.708956040992014E-020
    17   10   4.708956040992011E-020   6.896385874152451E-039   4.708956040992011E-020
  </DiscreteSampler_grid>
