  0.00191551513391439  0.00195037888014930  0.00199048091105855  0.00203025343643977
  0.00207000962821021  0.00211127762922732  0.00215375094814811  0.00219703916134351
  0.00224118300278668  0.00228581774408192  0.00233206985853700  0.00237930511816827
  0.00243108086751425  0.00248654410642277  0.00253946974422482  0.00259456449506451
  0.00265101370439612  0.00270591969160622  0.00276294563485966  0.00282376877707388
  0.00288857410918837  0.00295712713719472  0.00302828858209679  0.00310004205219366
  0.00317195609971315  0.00324943708547430  0.00332981901277032  0.00341128988780934
  0.00349554142730916  0.00358184274775499  0.00366868035515599  0.00375768050234126
  0.00385096528159084  0.00394712110036761  0.00404865655536249  0.00415326880246605
  0.00426156690306675  0.00437588207323839  0.00449334789235536  0.00461164424350486
  0.00473359856625738  0.00486259016506152  0.00500022465561654  0.00514709779894315
  0.00530283818282564  0.00546638373940961  0.00563736741431923  0.00581067609282265
  0.00598763780598283  0.00616956677817616  0.00635266744516709  0.00654438809376318
  0.00674221367329689  0.00694786228375103  0.00716894454385577  0.00740806975908537
  0.00766808027305403  0.00794343274901605  0.00822681294924631  0.00852620807938171
  0.00884017322580444  0.00917316662188428  0.00952913545000836  0.00990465240029829
  0.01029267443580531  0.01069325300995360  0.01112226921204590  0.01159156002226603
  0.01211046778374963  0.01267602967719638  0.01326059863234779  0.01387118114097437
  0.01452650002627891  0.01524293265573514  0.01602766789426952  0.01688207736482622
  0.01779196903592619  0.01877051651367913  0.01984369695881678  0.02103015828385658
  0.02234337423041631  0.02379998198214836  0.02544301996069295  0.02728710094965660
  0.02937366013328780  0.03183602671895994  0.03495397098788641  0.03914237562134600
  0.04430160061394738  0.05004129020166277  0.05686896525514618  0.06665032673039425
  0.08104996454742276  0.10513428209505622  0.18086910684128443  1.00000000000000000
  0.00173836157460975  0.00342854729058480  0.00451508082072417  0.00547888031067608
  0.00638998198731698  0.00733323746651477  0.00831343807784566  0.00928923147522260
  0.01029611033179364  0.01134626568552502  0.01242931376617016  0.01354919355035172
  0.01470303482186325  0.01588169362493620  0.01707379543286655  0.01833458408581094
  0.01967598918717386  0.02105757630139567  0.02244451749288039  0.02387648983290234
  0.02539702947218901  0.02697485099580794  0.02864765584247070  0.03037441015781473
  0.03213326695832250  0.03394698001704909  0.03581495608780672  0.03776870965161864
  0.03982520510125372  0.04200794417214378  0.04427456798723106  0.04653934242522081
  0.04884741143410128  0.05112251361897287  0.05350569027236546  0.05601418561516949
  0.05868660757477469  0.06146063328006376  0.06436429755620143  0.06729944229141149
  0.07031661458373573  0.07341562728001746  0.07667385757205440  0.08004351445295781
  0.08354246537419094  0.08719075536225367  0.09099673866603372  0.09496090357782108
  0.09906870203063094  0.10335703502644622  0.10776560694505974  0.11227608600521295
  0.11698957943270728  0.12200155706556412  0.12739453901738654  0.13315138309164065
  0.13908323779933418  0.14511796610190494  0.15119008644988513  0.15738329077777091
  0.16372755407443843  0.17036807912879345  0.17723641432577567  0.18408035314776036
  0.19169055266149221  0.19964217220382174  0.20780156656612087  0.21628361003968818
  0.22513078682839449  0.23428701069675500  0.24359747668863890  0.25315438813713598
  0.26294801700986326  0.27333047046499809  0.28406279606212481  0.29555488051119833
  0.30796081932674202  0.32094124709456839  0.33439311986261411  0.34859847447123582
  0.36376472220466799  0.37982663954783297  0.39719171268133702  0.41631935984260654
  0.43636545436664509  0.45773446467851070  0.48149523047080905  0.50799469609207892
  0.53722551010047370  0.56911368352139846  0.60344900267023927  0.64204148146115192
  0.68843132329348178  0.74817388395315576  0.83807502684337809  1.00000000000000000
 -0.00248211581506090  0.00977646020607837  0.02016606116839441  0.03117724895068339
  0.04144820990324388  0.05134453738583245  0.06149866995388027  0.07203032832118135
  0.08297077635889374  0.09377337692493481  0.10438067995865340  0.11505826659097601
  0.12585496256719483  0.13660567436275359  0.14723572391568279  0.15780728640895150
  0.16825777221723592  0.17851053346708365  0.18858576924313633  0.19890431117675206
  0.20927770081009528  0.21963739159508586  0.22980063968801956  0.24023307977246977
  0.25087914917594634  0.26175739547158494  0.27263875555572042  0.28380348148419232
  0.29530352628891304  0.30651171702627317  0.31740602717887523  0.32804357405936507
  0.33850351880341961  0.34895029480402157  0.35942589574330142  0.37010459695793063
  0.38034338216216951  0.39055525739731611  0.40124969466699495  0.41211889254019379
  0.42294957960049162  0.43363228496744155  0.44455956620908144  0.45552599479052225
  0.46627639784093949  0.47679482612895324  0.48735300545045529  0.49773433515102788
  0.50814360942120917  0.51835512015285690  0.52897484682390217  0.53954818522161341
  0.55058535351277682  0.56160213099942191  0.57233555196895014  0.58263842435700586
  0.59246488433750111  0.60255584832457021  0.61324181871372907  0.62428156110044508
  0.63539036877064359  0.64614885592382854  0.65684041310202379  0.66718946434624316
  0.67740004723186376  0.68735565761411466  0.69719360744999959  0.70710281578975254
  0.71721858323224463  0.72747224512454667  0.73806028255719380  0.74860514749453322
  0.75935184367072051  0.76983703209994081  0.78029696460169307  0.79046686026107749
  0.80048979502981066  0.81075442798297259  0.82114218314491361  0.83158733262829398
  0.84167398121303660  0.85169473510805660  0.86202285088352026  0.87266453367761243
  0.88386308618269671  0.89494457676813222  0.90538106750936187  0.91544156670367738
  0.92550858103153510  0.93592360586407830  0.94648311499782434  0.95654669715078433
  0.96737509754008399  0.97808493581328337  0.98924159365240116  1.00000000000000000
 -0.00222732962822439  0.00891458476732492  0.01806167274203423  0.02797223139880219
  0.03822979694993917  0.04822821808841245  0.05842664757117347  0.06878447699171052
  0.07985588379030657  0.09015128222837308  0.10024797011326830  0.11030151685532040
  0.12072358133755812  0.13078626546950808  0.14110754199058512  0.15171228228405964
  0.16281126781900848  0.17396336881126509  0.18523756217346538  0.19615256422404131
  0.20695256918460381  0.21755826611414986  0.22830236885951352  0.23870310380857754
  0.24926298491922069  0.25954220377377568  0.26960948591791456  0.27954067501936564
  0.29003180453928068  0.30072766595114842  0.31161716888137242  0.32181409524241350
  0.33225209609303341  0.34302399469858902  0.35419405645723828  0.36531193952732788
  0.37602072346960391  0.38690317912224254  0.39761030284101456  0.40808904678441565
  0.41879697608867555  0.42917428546184222  0.43949983312133983  0.44963053967972461
  0.45970003039002705  0.47041235742698956  0.48066021447182061  0.49119155835995387
  0.50164378163191681  0.51212271389224995  0.52257373059373347  0.53275839099139521
  0.54346731467736364  0.55432998066220884  0.56492598719746046  0.57542689671423863
  0.58576850171433492  0.59689149856500823  0.60834918930690074  0.62031505979432733
  0.63166125615463042  0.64272123690307303  0.65332943463344528  0.66404920961954972
  0.67417073738719957  0.68413787510093838  0.69415493633283698  0.70461179420471087
  0.71511090524381205  0.72566374412026413  0.73572976929599476  0.74613620573411510
  0.75672091666744035  0.76795084897232746  0.77854554098282092  0.78882901939485728
  0.79966470658642408  0.81052782893384590  0.82153811453890535  0.83219594953523224
  0.84310115933894003  0.85362373064938568  0.86466987918973315  0.87551043871306899
  0.88667636566652774  0.89727776826375127  0.90742594208709193  0.91743633248425471
  0.92762731434759227  0.93800900270055521  0.94835068791898669  0.95847097620828980
  0.96859060399994845  0.97882622509528305  0.98940041491810715  1.00000000000000000
 -0.00242897816689172  0.00934944448343200  0.01958097321333034  0.03023547525646370
  0.04111162189051244  0.05214353918340216  0.06279197264835028  0.07296838072882282
  0.08314051776689914  0.09356607893332215  0.10368288684462694  0.11416036183636191
  0.12442583492357676  0.13532270813696282  0.14615654894971325  0.15685257904038538
  0.16736562873607438  0.17750046679244522  0.18791469537593594  0.19830470737735598
  0.20878094683581799  0.21897221051508295  0.22936126156901404  0.24022206078442163
  0.25088252150987300  0.26125378385186426  0.27171390363692693  0.28255866058977086
  0.29354860880038258  0.30452767250597357  0.31581401463293168  0.32739837318206949
  0.33902675467063087  0.35017212328475639  0.36091587406282749  0.37155100447551004
  0.38238125012799368  0.39331805063496666  0.40400401658421520  0.41428330031680044
  0.42437063156669491  0.43449875029387725  0.44482942976473794  0.45520428102486382
  0.46533893822361061  0.47522110260365408  0.48522486276173199  0.49540095066923684
  0.50548139439659301  0.51577083294236303  0.52625689465515102  0.53704082885728766
  0.54775284196523311  0.55845211717298571  0.56891654828672322  0.57895207179351493
  0.58918570772870948  0.59949137189315749  0.61032124720278857  0.62075124588780528
  0.63082369135408478  0.64084404391234995  0.65100982809960084  0.66146056529886421
  0.67168859829743577  0.68179022461261762  0.69186398572097640  0.70231754538267477
  0.71203290561533505  0.72190901011839792  0.73222492951141693  0.74313284698130100
  0.75423891136061538  0.76530887138897508  0.77649446825970447  0.78763816697966382
  0.79867114446849918  0.80957430737834757  0.81996932372774411  0.83027318231449643
  0.84101574431049120  0.85168364297213206  0.86226671600989102  0.87224144525940972
  0.88236385058864775  0.89261504521745616  0.90320278360181616  0.91407674518316084
  0.92483532426211812  0.93581998635572661  0.94632956794160838  0.95691045066237523
  0.96684242047094882  0.97735953496746875  0.98817720870632697  1.00000000000000000
 -0.00233465525758578  0.00914846739131783  0.01930348379082403  0.02956671132839920
  0.03959427257477806  0.04970676386993888  0.05977018936667339  0.07041608355304071
  0.08127683440989121  0.09222688804478620  0.10300549190635612  0.11356551377944983
  0.12416432377993902  0.13450334130114841  0.14481379964881874  0.15503655699418248
  0.16547301900153955  0.17595388907260459  0.18641003059937311  0.19674961085899206
  0.20703290125302554  0.21740026391218198  0.22797696057622668  0.23882754509026863
  0.24990780708490890  0.26083820491137250  0.27161797688692613  0.28229654017886568
  0.29314410989986150  0.30428209875432621  0.31531622392081421  0.32607444489282233
  0.33693740160783664  0.34778634355172683  0.35825275403026158  0.36850844030148544
  0.37909626856625522  0.39013610898769557  0.40100817918632015  0.41160522167081209
  0.42243075621921583  0.43352351638153119  0.44456424297321545  0.45530580378615748
  0.46563235779386059  0.47619930558654655  0.48668316759950586  0.49755853231393044
  0.50850412052512817  0.51941605525816170  0.53032098727199295  0.54104057033822139
  0.55181979989280627  0.56254298740654340  0.57339177090911919  0.58408767189441724
  0.59442447458542591  0.60445750950436006  0.61439711939352037  0.62456518713424758
  0.63496647202385093  0.64574256751820291  0.65676902205674159  0.66765546763645933
  0.67842838755801327  0.68920827917447613  0.69934397479742116  0.70918533477235601
  0.71901844751197852  0.72912107353432043  0.73919768296957944  0.74921996059598950
  0.75962885406990477  0.77012521361326458  0.77996626218744236  0.78988334104396030
  0.80040041166129983  0.81118114546619957  0.82117565075344923  0.83088302802879710
  0.84130522771580174  0.85188316234135408  0.86247700976508546  0.87287354339993262
  0.88329411772177635  0.89372536347640075  0.90397276557492412  0.91426835945561491
  0.92457929358087820  0.93518690033313268  0.94606598267317887  0.95725670177722999
  0.96846696939370713  0.97934890146518194  0.98983346930782179  1.00000000000000000
 -0.00249458182705418  0.00984688568772952  0.02038552695870401  0.03105909618419064
  0.04174618776140654  0.05232571822007124  0.06245152557956590  0.07216638088986874
  0.08165576935847102  0.09158599084826309  0.10156000307193076  0.11194028240810903
  0.12239282143777250  0.13324988716838282  0.14442724490528852  0.15548310536745663
  0.16615288549479620  0.17676350048757059  0.18755511841176004  0.19861346554851314
  0.20996072733770990  0.22060248940828991  0.23098693182127625  0.24082021077790905
  0.25116264379399633  0.26150691510246121  0.27199684146826608  0.28252098344154497
  0.29345338941243371  0.30435075460652050  0.31473408778067274  0.32518132114110682
  0.33575797078765740  0.34713716662889621  0.35779255585007397  0.36806937053236355
  0.37830869935717049  0.38883103679297648  0.39949966652523572  0.41011793252104778
  0.42065466296452431  0.43114858541517753  0.44191896414336346  0.45285811043554525
  0.46392140657444542  0.47495140510892370  0.48591260573905809  0.49658135423338551
  0.50685707638016519  0.51725176730345945  0.52718671873991829  0.53781361259331273
  0.54879907132732308  0.55959701258599071  0.56981055129043423  0.57992984470698594
  0.59038477784746979  0.60077887729548962  0.61087279225440316  0.62098066954027664
  0.63107130679175849  0.64114859322433904  0.65105838236179969  0.66133547352464672
  0.67165470537526117  0.68203672511971902  0.69252935772669122  0.70318337430325728
  0.71390335898106594  0.72456519954587939  0.73499250761297896  0.74539784271816112
  0.75602716829874561  0.76648553784462403  0.77709263285766828  0.78732088654063714
  0.79766301921817717  0.80806153159819216  0.81848698869024072  0.82951356677841137
  0.84057166732422184  0.85205221893415228  0.86292508784349220  0.87370743948854745
  0.88407125423119093  0.89444600605067881  0.90475354684803166  0.91516179583236867
  0.92545731842294521  0.93584085141807360  0.94625915550410467  0.95703090519400358
  0.96787269442811252  0.97870561885431107  0.98929317919957749  1.00000000000000000
 -0.00196066267842439  0.00834512417649788  0.01855604087622763  0.02851531836672200
  0.03874367099500756  0.04935631442696913  0.06014861676692412  0.07073318593593948
  0.08100785911458863  0.09135473271545065  0.10197261357650533  0.11288991312054325
  0.12339622308788877  0.13371035425658773  0.14421152274064605  0.15459776239965270
  0.16491896771498871  0.17532736004228916  0.18590105398704609  0.19657398512967106
  0.20717014446015081  0.21772671996282592  0.22798627915624822  0.23814470702618373
  0.24844184903221772  0.25913480850894494  0.27016981277629376  0.28133698324977907
  0.29229018954724001  0.30289283620181456  0.31342882514574644  0.32417213091170000
  0.33508634398502984  0.34605633825929727  0.35690903380587197  0.36744858420871113
  0.37782684499824920  0.38824170590832446  0.39875838664079666  0.40923182465715047
  0.41985667301066892  0.43083255886335436  0.44170793646523027  0.45207247100314418
  0.46225566764874365  0.47269019521824174  0.48329278101252737  0.49378988834039667
  0.50442099055792400  0.51511228003625431  0.52585810944536360  0.53656310191142265
  0.54769424039302927  0.55932872300123437  0.57056222479073193  0.58125537235999059
  0.59140242394013187  0.60146269669849972  0.61145810603071793  0.62140225748404865
  0.63136536601103799  0.64146689482026709  0.65192804479216127  0.66281367682832137
  0.67397420367606831  0.68497034960456071  0.69579181158006509  0.70610356462937418
  0.71645474032213419  0.72653035465886850  0.73647094034846128  0.74631191038490319
  0.75651937234880862  0.76653550515810909  0.77672105726188445  0.78660311223242863
  0.79683847135135188  0.80721371906828776  0.81788647070142395  0.82882640226965176
  0.84038363195395460  0.85144148813173781  0.86211003577744416  0.87227021579300190
  0.88282273724877514  0.89341833477942378  0.90412536499780050  0.91451449858359557
  0.92526109166132242  0.93594500845994832  0.94704909620801914  0.95776114671018986
  0.96850473282332850  0.97883321194615180  0.98928914991351757  1.00000000000000000
   4.1041717788328069E-012  -1.0000000000000000     
 T T T T T T T T T T T T T T T T T T T T T T T T T T T T T T T T T T T T T T T T T T T T T T T T F F F F F F F F F F F F F F F F F F F F F F F F F F F F F F F F F F F F F F F F F F F F F F F F
  <DiscreteSampler_grid>
  grouped_processes
  1 # 1 for a reference and 2 for a running grid.
  10 # Attribute 'min_bin_probing_points' of the grid.
  1 # Attribute 'grid_mode' of the grid. 1=='default',2=='initialization'
  0.0000000000000000 # Attribute 'small_contrib_threshold' of the grid.
  0.5000000000000000 # Attribute 'damping_power' of the grid.
 # binID   n_entries weight   weight_sqr   abs_weight
    10   10   1.241478333198317E+005   6.908706702728545E+010   1.241478333198317E+005
    16   10   1.242942181946211E+005   6.920438868484618E+010   1.242942181946211E+005
  </DiscreteSampler_grid>
