  0.02504910375283894  0.02658792159362751  0.02847117325677120  0.03096062823933463
  0.03441539439093465  0.03842661311443075  0.04301415323715771  0.04857925902682821
  0.05517320097565687  0.06265706434794260  0.07068592863418631  0.07882891639060852
  0.08637000450572112  0.09301848298939691  0.10108977115204187  0.10829045737779625
  0.11529417107579118  0.12135141114793960  0.12731516594077699  0.13352152866722364
  0.14006655528858225  0.14860616433684018  0.15896000096694196  0.16901795217330959
  0.17639835424288844  0.18373898938216260  0.19033701523226715  0.19668467981148569
  0.20326494998144257  0.21003469539591582  0.21708232235097016  0.22404831137963777
  0.23054727057875604  0.23730622176738989  0.24403385874503389  0.25153185039224102
  0.26011413319252591  0.26925368356793283  0.27853056040117091  0.28817236550494296
  0.29753617937674465  0.30649094310136393  0.31494402395625309  0.32271964085390009
  0.33017899079399221  0.33783140140655848  0.34570744353305749  0.35397521735830056
  0.36292336157245680  0.37207867257045640  0.38099672531105022  0.38962401010995473
  0.39813182288427784  0.40672263047190976  0.41602308784078190  0.42615518980757522
  0.43674763032633268  0.44728791161035369  0.45748420993449335  0.46801739859615293
  0.47897323245812978  0.49035260764772903  0.50152243292063237  0.51238036911428608
  0.52386917178356596  0.53634148096462819  0.54945535585425220  0.56220539965485472
  0.57534680319098119  0.58804154395855701  0.60014314733046203  0.61139091334656959
  0.62140751110874792  0.63163094067216929  0.64289257601044603  0.65618510320492507
  0.67023749329799520  0.68238629361542058  0.69548468633064664  0.70638887707064579
  0.71681547774639898  0.72649601100474148  0.73570497682227853  0.74652131371176322
  0.75901957972736500  0.77529664043891022  0.79161174341088136  0.80567041480099244
  0.82016444356532037  0.83542918056678095  0.85359026834173690  0.87479823958661262
  0.89693291392144103  0.92291394553877104  0.94760408501087412  1.00000000000000000
  0.00000008870072993  0.00000014326000792  0.00000018460669375  0.00000022149557203
  0.00000025445369127  0.00000028461939128  0.00000031340413489  0.00000034083233616
  0.00000036488068774  0.00000038776989280  0.00000041043749814  0.00000043246438834
  0.00000045256970990  0.00000047215634132  0.00000049090662156  0.00000050903230332
  0.00000052534900829  0.00000054232705177  0.00000055861435670  0.00000057269049705
  0.00000058687079236  0.00000060093369092  0.00000061444369009  0.00000062837903842
  0.00000064229817385  0.00000065655855113  0.00000067184222447  0.00000068774946490
  0.00000070263462221  0.00000071491216754  0.00000072547968348  0.00000073541021398
  0.00000074541652563  0.00000075538160589  0.00000076510995584  0.00000077438705369
  0.00000078534334021  0.00000079619516592  0.00000080680860701  0.00000081696662942
  0.00000082702567936  0.00000083680165295  0.00000084624685318  0.00000085614326173
  0.00000086643037995  0.00000087699331026  0.00000088785376688  0.00000089912801995
  0.00000091063873797  0.00000092166161549  0.00000093207744239  0.00000094276852088
  0.00000095213225854  0.00000096130218956  0.00000097099444604  0.00000098038531648
  0.00000098984963031  0.00000099959109509  0.00000101025357315  0.00000102131626284
  0.00000103279116520  0.00000104677035691  0.00000106048371523  0.00000107301066924
  0.00000108425405859  0.00000109447604923  0.00000110596645859  0.00000111728281802
  0.00000112830585482  0.00000113940313993  0.00000115077810549  0.00000116265274355
  0.00000117190398896  0.00000118024412491  0.00000118832953488  0.00000119717685551
  0.00000120686027792  0.00000123117179822  0.00000127987832359  0.00000131451581386
  0.00000133757820353  0.00000135026678360  0.00000135763941759  0.00000136375485787
  0.00000136993598892  0.00000137614559307  0.00000138194276864  0.00000138749973782
  0.00000140222673171  0.00000143611570112  0.00000145409250568  0.00000146475548479
  0.00000148028234835  0.00000152726180395  0.00000154012970551  1.00000000000000000
 -0.00294248037640608  0.01120234579590968  0.02349844065081685  0.03669656866404835
  0.05013913191410688  0.06314816720796151  0.07613905535103843  0.08899853488430202
  0.10162123774643711  0.11439258523364895  0.12789520966034515  0.14228874503210123
  0.15669145128354423  0.17080157027377860  0.18483188965192027  0.19838791004981890
  0.21139666565820109  0.22488856067265833  0.23810180703005665  0.25045159344124546
  0.26067966040668783  0.27010119891102796  0.27924083181032411  0.29007815807730464
  0.30191911646190178  0.31339653998147132  0.32379795007463791  0.33444832667276819
  0.34570191369820491  0.35746794453794145  0.37005130360926264  0.38292454240210577
  0.39655470786743385  0.41033366451003928  0.42479199270962659  0.43978074856979499
  0.45539060673356263  0.47180617988358414  0.48897060291712857  0.50247605867447631
  0.51319889292896048  0.52298792997347476  0.53361362193850992  0.54424531904613427
  0.55489009137895151  0.56631128655136687  0.57695909617503660  0.58799565589196068
  0.59994481079086870  0.61242529160821890  0.62388954429884946  0.63552649223989510
  0.64799640933333258  0.66099257877631834  0.67257808532838881  0.68404648474333896
  0.69518593188897704  0.70797165394488482  0.72186543130606629  0.73441334169169659
  0.74440499815169336  0.75314162629556647  0.76166827055954689  0.77082267065341004
  0.78051751663622382  0.79061706827886824  0.79997484991789258  0.80852305308568262
  0.81676279745903779  0.82528996319015402  0.83603933121940865  0.84634192942674658
  0.85525445588164517  0.86296872217680354  0.86885973987710285  0.87427830790167416
  0.87983771018279133  0.88569999541499356  0.89168244795913687  0.89941673323443205
  0.90741613523770670  0.91509846276274565  0.92189503550140128  0.92790813326224075
  0.93391237751168055  0.94037578901450491  0.94799515948045832  0.95548996553305754
  0.96267396781760672  0.96905306660267398  0.97464358245104910  0.97992121559683232
  0.98512799698302478  0.99014854263280616  0.99504067778259897  1.00000000000000000
 -0.00331789935889841  0.01174756613946340  0.02412343210695929  0.03509991504619898
  0.04507313247126238  0.05548976777887699  0.06660678474467120  0.07820011720198819
  0.09182033556884969  0.10444628834448166  0.11623513000340756  0.12745367144731343
  0.13865065171720245  0.14960720423123822  0.16124317045169817  0.17361169471584176
  0.18609145174407221  0.19738685338387574  0.20852770351857192  0.22009637519835182
  0.23286704935542452  0.24649317685125974  0.26018422467577390  0.27424880843810601
  0.28674698509520108  0.29866601298776702  0.30992170920545281  0.32107010458519075
  0.33341595245320638  0.34744103840374185  0.35891217894096222  0.37038381641262691
  0.38160352605858078  0.39162009512752904  0.40299672947075882  0.41230195333074071
  0.42213556592005835  0.43213367502918915  0.44154181817085841  0.45066740154421747
  0.45983673324591678  0.47130672589442490  0.48203297157806979  0.49154562158201043
  0.50104667568139272  0.51114640260526722  0.52174961245927509  0.53156128288670468
  0.54094181841880518  0.55053942710719883  0.56050508404585941  0.57102172047241306
  0.58183042542627317  0.59184262780761776  0.60271133237677132  0.61343437468103856
  0.62296447828554846  0.63146280718445991  0.63951589169497847  0.64880680361535004
  0.65972883599317844  0.67101217381793510  0.68109959381067042  0.69021549552473738
  0.69989521100230079  0.70908518629689976  0.72007358833998147  0.73249858992466832
  0.74450019530677713  0.75479604057003735  0.76387766481004926  0.77226402939296057
  0.78020795758049055  0.78813788969651766  0.79656470876930807  0.80610235794250062
  0.81537363378353822  0.82445800406005854  0.83421757601630531  0.84556888672766595
  0.85688663437691770  0.86696767359014071  0.87658550076680519  0.88747834824721616
  0.89828554162015850  0.90807377929302235  0.91704332347096551  0.92548326005925396
  0.93362730367325120  0.94221096466311727  0.95152889754202141  0.96150043610919833
  0.97140952287347970  0.98097344003925779  0.99041897657618017  1.00000000000000000
 -0.00157147893967843  0.00888652455629629  0.01884717759846889  0.02931816395229146
  0.03921623489358792  0.04958346456658268  0.06082518952262675  0.07326391330922438
  0.08503157996113263  0.09807669537327406  0.11115630422881054  0.12278386684830485
  0.13275954090263403  0.14268017681053882  0.15379594011848979  0.16723211105288280
  0.18248341565449053  0.19794235842868349  0.21173635549636638  0.22430711183477509
  0.23540361859086092  0.24485207011791996  0.25491688585570027  0.26530858235763149
  0.27645971048083762  0.28787405827466861  0.29899120037688631  0.30930683759127825
  0.32041431677610926  0.33061288519504173  0.34157842136700395  0.35255346222733813
  0.36308249836927742  0.37324299106253661  0.38251177359078437  0.39166132074714055
  0.40151226236018683  0.41220694080349302  0.42328731706277956  0.43437068114890465
  0.44535399813051896  0.45633654855552758  0.46684042465937098  0.47610347309584472
  0.48563510866221699  0.49523886760759489  0.50538815300027318  0.51622341372164005
  0.52777154435443363  0.54036879500396862  0.55184636872844051  0.56114246090001230
  0.56969580178248491  0.57827670439054302  0.58758519606120529  0.59874087128405062
  0.60826273119684793  0.61693400512888252  0.62543616290833093  0.63505230022878101
  0.64472407513072960  0.65213409909990017  0.66010565040132219  0.66818831437926041
  0.67671189195055026  0.68547416642353709  0.69439318378401538  0.70323486883839570
  0.71184359907277961  0.72088466235709714  0.72995369145617373  0.73952084069604074
  0.74927906703179015  0.75840609812812254  0.76630219650246822  0.77496872390532467
  0.78516893796377818  0.79552877892260221  0.80630518037712895  0.81646698166579645
  0.82761632018876086  0.83963530052810009  0.85214306996653943  0.86437783155988135
  0.87678202716553177  0.88955045609577788  0.90197670053371592  0.91422371939330127
  0.92624655388200028  0.93752804499112696  0.94851571424179060  0.95928337887528892
  0.96954285399250373  0.98102846739468275  0.99066951157314609  1.00000000000000000
 -0.00360547641162315  0.01509936651620006  0.02710987028957352  0.03692455508219634
  0.04678686805081808  0.05689524881991598  0.06873292958117613  0.08071830004795902
  0.09267479285527000  0.10420077961141558  0.11398979992263721  0.12383125028320685
  0.13343125173534520  0.14407676232167008  0.15508616205013767  0.16514604360082497
  0.17521682394868088  0.18470913286971352  0.19399139937461518  0.20367653427548316
  0.21435166899253139  0.22593137734537869  0.23866065562510005  0.25264139398984997
  0.26664778601838224  0.27943980818651892  0.29122881117269872  0.30304782283621440
  0.31652042316114765  0.33052590856072434  0.34321699311872583  0.35454432798886742
  0.36533002498357842  0.37639983629006701  0.38617487374468989  0.39654789859923306
  0.40797478917849028  0.41934020569066333  0.42977425405719810  0.43933542608709125
  0.44888631993965367  0.45768761866875068  0.46698647735858428  0.47601330421175342
  0.48668293992234546  0.49721757490482593  0.50688531055419361  0.51656253792787399
  0.52615939886249097  0.53742805430368834  0.54977756275297085  0.56211002017770340
  0.57410626531266307  0.58518646044151879  0.59504416377439018  0.60482159998324003
  0.61484509083149064  0.62539462027929638  0.63539368175204824  0.64602654324143227
  0.65797874993045702  0.67010231533650966  0.68140078886920208  0.69349362176920260
  0.70412349534626029  0.71370491122961854  0.72305688313200822  0.73312790110412007
  0.74442190532371288  0.75390477160627323  0.76289717852517791  0.77250578622011112
  0.78289994778137073  0.79252961939717081  0.80204817050570554  0.81113820919395441
  0.81944514534307833  0.82791861076530371  0.83744988806197540  0.84747943641642742
  0.85739486172135182  0.86635354395768993  0.87460999330659916  0.88338668782032670
  0.89246704805161992  0.90169663050683435  0.91107413900506429  0.91990911896760719
  0.92855576969757425  0.93758224485760577  0.94691304866720416  0.95545207876158833
  0.96573691770601877  0.97702782193966897  0.98833473344343814  1.00000000000000000
 -0.00289550501692598  0.01093697866709991  0.01991904989091421  0.02803607056284257
  0.03608159242177213  0.04323763577218053  0.05026764602054803  0.05763473248581168
  0.06566519055893960  0.07465001707866682  0.08454991704118234  0.09504504695434776
  0.10575187511968391  0.11708281471514195  0.13021761822090366  0.14421590331418013
  0.15645470636299066  0.16641680515627019  0.17428415903367547  0.18170969066008952
  0.18980727565704081  0.19888908180112824  0.20831927253205698  0.21823663732536222
  0.22845689137327160  0.24262369875789691  0.25773834044075100  0.27296247558509346
  0.28761874278362209  0.30081043077850933  0.31199729720639224  0.32131604966470784
  0.33012747228072958  0.33960666360244030  0.34984579296599599  0.35957490040493034
  0.36901033362342006  0.37856295851686833  0.38774265257428703  0.39769827607502733
  0.40867428635291470  0.42163338458611804  0.43410766512967269  0.44516310237870721
  0.45543615901921541  0.46537159727773170  0.47528599663772930  0.48545010407443323
  0.49550433919554043  0.50694780056564603  0.51727250542947600  0.52790536224589113
  0.53763203553839767  0.54776457291646374  0.55758025214516427  0.56866308848904079
  0.57916279839641815  0.58924827029043692  0.60044901694060093  0.61508042142579777
  0.62986593098873145  0.64267832687545468  0.65460513204600490  0.66613776467058083
  0.67671953031726506  0.68664710819239938  0.69677701905978640  0.70837376207769653
  0.71964316733891720  0.73041697156926810  0.74106724864275131  0.75013555033543944
  0.75862253432455862  0.76727849758565847  0.77775095450849652  0.78804912430831098
  0.79770889228666053  0.80709045255461398  0.81635544075969613  0.82681597717320421
  0.83603762953036997  0.84547014462345871  0.85539103903987157  0.86631073265071490
  0.87685138314878130  0.88670785498635618  0.89737499711110791  0.90854965260853071
  0.92096103333221968  0.93327947051778870  0.94458041689502559  0.95557410295454259
  0.96580726077304402  0.97647024582137920  0.98782739484335780  1.00000000000000000
 -0.00191504099987525  0.01049046058508018  0.02122385814532718  0.03212388167359753
  0.04271661205118320  0.05234114859754613  0.06193369713522553  0.07134575310784830
  0.08283831986603052  0.09602030170767838  0.10964555866981684  0.12126349246003383
  0.13141605060116440  0.14026378564742675  0.14895707480733736  0.15694653173147038
  0.16558193011111477  0.17580059861548639  0.18685434369989298  0.19764397769462433
  0.20909040895175521  0.22098439649908988  0.23045894307445411  0.23978652330886524
  0.24921443558793396  0.25721783544169541  0.26576688391638870  0.27635754770365523
  0.28779936317563826  0.30114671759333861  0.31320872196522925  0.32475871191871525
  0.33539882795787779  0.34677048562329277  0.35852209869893692  0.36948968975325025
  0.37948074396914744  0.38923523746188826  0.39987233704662123  0.41237416307639890
  0.42447714431684785  0.43346394829055090  0.44126032851753855  0.44940001748093017
  0.45913545678083839  0.47043042255219453  0.48084303762166752  0.49110001816294852
  0.50016630320959643  0.50927765371561706  0.51914210776790493  0.53056816513658955
  0.54355202364240696  0.55598128600221708  0.56720817573338966  0.57700125635790078
  0.58820939246736337  0.59907249500304838  0.60946361044926145  0.61837454058666308
  0.62920774886866571  0.64193785486027199  0.65622491254423776  0.67079992932083687
  0.68452678412524248  0.69825180321787239  0.71108112648411115  0.72200824881677861
  0.73331721879293899  0.74505171777798451  0.75606025186941372  0.76644881507615881
  0.77701980963092010  0.78810203905452292  0.79844279271571095  0.80781940953993081
  0.81680529192861251  0.82577842023243431  0.83498480882175619  0.84450969649741026
  0.85463733749152648  0.86446861183386148  0.87412179434021720  0.88412506103217270
  0.89460191473138728  0.90634657785208050  0.91821327024086574  0.92749674901536128
  0.93563421280831516  0.94373967184329000  0.95208413578936368  0.96069400019867957
  0.96921715387003538  0.97826510125896260  0.98866158854353225  1.00000000000000000
  0.04157001022785156  0.08376968029110941  0.13390542329804284  0.16618889654263780
  0.19323668499045193  0.21721545858167127  0.23757781603669037  0.25569533208340273
  0.27229618069904443  0.28672847978224630  0.30150055242066121  0.31749552653982516
  0.33520127824973656  0.35265769168543865  0.36754489034908899  0.38091871804438715
  0.39326591157639401  0.40484341818373443  0.41636425929899457  0.42905469818215325
  0.44179397724308395  0.45436899752356613  0.46688883052620905  0.47898431190245538
  0.49092741040513560  0.50412030644069095  0.51730838251302735  0.52842154881339687
  0.53871330989073285  0.54924316186886979  0.55960205946788066  0.56890940104301713
  0.57773710630525998  0.58672269329794491  0.59390108382434337  0.60076110227878821
  0.60739312257114852  0.61499656683297366  0.62439174854294832  0.63342754007647484
  0.64077039434280014  0.64767856197090046  0.65467615750730113  0.66216028265133153
  0.67091370210095957  0.68061365229828252  0.69088401299425661  0.70096541045425176
  0.71053991894807755  0.71845763467636659  0.72597918386104232  0.73438947050943437
  0.74284913120746332  0.75062847714967085  0.75755198859364326  0.76396326813508486
  0.77023623721862056  0.77758410276015555  0.78384070055897570  0.79059677259740813
  0.79755336253072984  0.80385860952509325  0.81107095425144182  0.81720086469483277
  0.82383742270010074  0.82990827871089146  0.83632711992888642  0.84295191405617664
  0.85005022136041464  0.85771257022401670  0.86541920603756461  0.87232551330180952
  0.87895057343684491  0.88521628852414402  0.89203130426226673  0.89861378021893712
  0.90471389305945971  0.91105709713713412  0.91720501559995404  0.92426002383365846
  0.93100621471360456  0.93679854936183893  0.94165212109135044  0.94580786437504449
  0.94972121840285739  0.95340368810167209  0.95660871359694544  0.95914380582771253
  0.96121952803989419  0.96308771094137613  0.96480910950677290  0.96644022557095799
  0.96796158813406197  0.96928460160801599  0.97032117432107912  1.00000000000000000
 -0.01480594591609659  0.08749778222503805  0.12124751697542777  0.14344200842072194
  0.16119769159168068  0.17647001981201410  0.19084000317789737  0.20312978940236814
  0.21483306014542203  0.22636919184071649  0.23899783486604637  0.25112026029943157
  0.26025701658282518  0.26954621880750451  0.27857813446548008  0.28732956900002177
  0.29620945058547238  0.30480129848658960  0.31326089933168794  0.32221584565794886
  0.33143443050941640  0.34001544745718221  0.34767394168043747  0.35384078818573361
  0.35946414503007007  0.36484141460801667  0.37017301713798262  0.37570843090294048
  0.38173888286196062  0.38807206724971272  0.39400942418738372  0.39935490649762551
  0.40400488795551409  0.40907442541746925  0.41470683621066701  0.42070952051592991
  0.42662726893260916  0.43249190920862651  0.43844041984774618  0.44454184686751042
  0.45093933279726289  0.45748827212587240  0.46379101033487141  0.46952159576182445
  0.47453240825775694  0.47967989890257440  0.48530688004503469  0.49125315594112035
  0.49733305364240493  0.50343007950921648  0.50975408327158322  0.51680864660704828
  0.52337850696473576  0.53070656355541457  0.53786091506471967  0.54465116846085215
  0.55189031210630490  0.55918648862638420  0.56645036259667858  0.57372661454202645
  0.58096158897749128  0.58768117811354348  0.59366021501527910  0.59979602273436250
  0.60556727247609610  0.61073530345334759  0.61541440075032650  0.62013802411183949
  0.62464269176451603  0.62969160991575279  0.63558636595008322  0.64196668111523436
  0.64827299490271573  0.65506767102545982  0.66212145875758455  0.67011979856668591
  0.67773206166459188  0.68530607283158684  0.69297948103695661  0.70180728425547179
  0.71054684748382058  0.71891752583599755  0.72727349474525160  0.73532274988900670
  0.74314278241691600  0.75148963611692010  0.76151735949241317  0.77205573360742519
  0.78382510217888757  0.79707047750944171  0.81346276086382663  0.83258214541916653
  0.85289501210341623  0.87982715383982768  0.91790062487859070  1.00000000000000000
   3.9584169163941491E-019  -1.0000000000000000     
 T T T T F T T F F T T F T T T T T T T T F F F F F F F F T T T T T T T T F F F F F F F F T T T T T T T T F T T F F T T F T T T T T T T T F T T F F T T F T T T T T T T T F F F F F F F F T T T T T T T T F F F F F F F F T T T T T T T T F T T F F T T F T T T T
  <DiscreteSampler_grid>
  grouped_processes
  1 # 1 for a reference and 2 for a running grid.
  10 # Attribute 'min_bin_probing_points' of the grid.
  1 # Attribute 'grid_mode' of the grid. 1=='default',2=='initialization'
  0.0000000000000000 # Attribute 'small_contrib_threshold' of the grid.
  0.5000000000000000 # Attribute 'damping_power' of the grid.
 # binID   n_entries weight   weight_sqr   abs_weight
    10   10   7.188093094146554E-008   8.788203138110075E-015   7.188093094146554E-008
    11   10   7.188093094146560E-008   8.788203138110094E-015   7.188093094146560E-008
  </DiscreteSampler_grid>
