  0.00171504236618138  0.00406820864275908  0.00592565143088627  0.00796495059246431
  0.01006968073890623  0.01219252315038572  0.01453802361790031  0.01696350911875179
  0.01923159358608649  0.02139125207720672  0.02354018821935853  0.02574639225858888
  0.02798260110108764  0.03030983264231704  0.03265453647096288  0.03493269886131816
  0.03728391154020918  0.03964126659972995  0.04194488891064583  0.04415422829380821
  0.04630732032649797  0.04842969668348506  0.05058131401114280  0.05285077172603748
  0.05519492746056608  0.05758734412281438  0.06006684972681803  0.06255496456717864
  0.06511209125888399  0.06781602999862753  0.07066764366169390  0.07362242476341137
  0.07660808227828118  0.07955243565977752  0.08262444082351475  0.08582127257324984
  0.08910693443951033  0.09243640747122676  0.09576190932212149  0.09909770917184518
  0.10246726981014272  0.10585163911869525  0.10935525008412701  0.11276588166742986
  0.11654438444409033  0.12034739168051076  0.12436198531554585  0.12846338005724159
  0.13290589187368737  0.13738782904961661  0.14193434996279808  0.14662466544496169
  0.15134696142672083  0.15588053191527437  0.16055889145412328  0.16547808584372237
  0.17068206349439263  0.17602228434870318  0.18146912677025773  0.18714117301729050
  0.19311893793761345  0.19943379412725254  0.20583535548328780  0.21252048219357234
  0.21928260539313865  0.22607271065227033  0.23302715638423771  0.24014350318480535
  0.24732794599616750  0.25481221274400429  0.26286185424984898  0.27184992253119483
  0.28131376521287604  0.29105163610097812  0.30096829655821544  0.31084844100285769
  0.32066500138217463  0.33059635389817282  0.34099254909285631  0.35217721236006733
  0.36400184107080757  0.37676377617089163  0.39027742960982875  0.40426342315315261
  0.41871843565719091  0.43398072384278624  0.45042255597475417  0.46803475266437256
  0.48735156747255259  0.50951986121215853  0.53515509657016325  0.56527613772588592
  0.60251427082313691  0.65264131681743287  0.74305345955799584  1.00000000000000000
  0.00541560277587990  0.01029703955541729  0.01273999408325444  0.01593517825148571
  0.01873131930762222  0.02165902742851778  0.02484138768506954  0.02870214060832843
  0.03247649249438065  0.03640786347856446  0.04012616661458946  0.04424787436408669
  0.04848645340142661  0.05266991571710118  0.05674536214331550  0.06105645155769518
  0.06586873486962470  0.07103422528437216  0.07592841243836639  0.08045655330467488
  0.08500853539192407  0.08956736813950904  0.09405144163699788  0.09866466287075200
  0.10344145620490232  0.10821173469190035  0.11283424915483910  0.11744945586291214
  0.12219816459427711  0.12694001166215332  0.13164905109087754  0.13667243448968824
  0.14205014723881504  0.14742863068652656  0.15273186625698346  0.15805703534712945
  0.16334170450835805  0.16855326286713077  0.17378880562210480  0.17927166516804058
  0.18539954800937872  0.19145382545710415  0.19746713148613060  0.20366424981870571
  0.21006775681237755  0.21676890696488818  0.22369210964962988  0.23059531578627696
  0.23771429652740567  0.24497770536035016  0.25240167375949613  0.26016113357488296
  0.26805512377983226  0.27617388838482682  0.28384821644924541  0.29136961111499066
  0.29885522709385354  0.30646770443205490  0.31443462003517464  0.32315176111590738
  0.33211046657814064  0.34101718998250680  0.35020116131532170  0.35941854685234120
  0.36880307368697796  0.37831867386737728  0.38774589300029100  0.39786793330887293
  0.40818129075957027  0.41901166306391829  0.42993862363174223  0.44103577819723533
  0.45248748784023546  0.46428896979301992  0.47635885626129326  0.48885601005028984
  0.50196502313533853  0.51527615634847435  0.52912199387606895  0.54360752860383865
  0.55843622251493019  0.57433865484542057  0.59050799469441262  0.60776352826559954
  0.62550248569456302  0.64379612105657413  0.66253738787891181  0.68142020478491316
  0.70183989932800495  0.72403268717324432  0.74857195594542614  0.77573504985815800
  0.80744035632999367  0.84780135143654078  0.90536887343264782  1.00000000000000000
 -0.00181356573034000  0.00959537826843927  0.01936753892139282  0.02905827441735920
  0.03836236310730350  0.04764750788332942  0.05724522014912553  0.06766248457027001
  0.07821222624085369  0.08885837120717009  0.09882374026667648  0.10910413854870030
  0.11952678971426045  0.12993482532519421  0.13980291624763694  0.14955729020520248
  0.15949712085829407  0.16993027090307997  0.18010386337860282  0.19079945234263107
  0.20167303169092643  0.21237632923137470  0.22301376283557930  0.23353033238690923
  0.24453840658710618  0.25502988899871576  0.26587993496722229  0.27665854609210450
  0.28722077745443031  0.29741476345065437  0.30759602806627856  0.31790032613332636
  0.32842357549172729  0.33888701398342325  0.34945309499332633  0.36038182407775665
  0.37228449444569905  0.38414097119981389  0.39575652354128316  0.40701970794435005
  0.41834127262359200  0.42926292478547445  0.43994351741399962  0.45076421532793637
  0.46176794178149128  0.47314686534120221  0.48470454147714664  0.49608040626779581
  0.50686762929409590  0.51733207983408191  0.52774890093052562  0.53766930586326955
  0.54757344809591257  0.55735693881604231  0.56777928067535277  0.57837133558548803
  0.58916346225829141  0.60031963057575377  0.61156554303829336  0.62243226832712939
  0.63227208259919387  0.64190354743277400  0.65151069346925916  0.66184564232949517
  0.67210050176387948  0.68290382696975338  0.69328650519424539  0.70449500473581583
  0.71538627464382054  0.72623160962324051  0.73652350247511178  0.74635734719932012
  0.75620032234617440  0.76621917651799087  0.77636148090379764  0.78664520191209109
  0.79733881437010556  0.80850763448817198  0.82024117351271875  0.83169970075463284
  0.84226397341625303  0.85228657476352110  0.86236807797504555  0.87243112548565571
  0.88218731144807250  0.89219730696171395  0.90278532885085816  0.91386907401658091
  0.92469802909325050  0.93583807894778359  0.94746233663346968  0.95829944083309371
  0.96860521960150348  0.97823743331339497  0.98912642232258652  1.00000000000000000
 -0.00178012394236895  0.00733360473137820  0.01595591215629262  0.02571698425854374
  0.03645359184329208  0.04645271036610834  0.05606464246193518  0.06540525884432853
  0.07521017602560459  0.08492573727554384  0.09488893184459135  0.10533705431574082
  0.11689719036930728  0.12901572266133887  0.14092028370112544  0.15268089970203907
  0.16425328498808292  0.17573794115203548  0.18693472753035051  0.19776570711008448
  0.20843654828522049  0.21896302446728089  0.22970572683765073  0.24037753779613974
  0.25070796593915340  0.26088836982000457  0.27089561598254025  0.28142740615239131
  0.29200258983763017  0.30209953881809892  0.31188849573522143  0.32183070627027954
  0.33202941006459280  0.34212947945672850  0.35212805715358991  0.36220584243289572
  0.37254710036024008  0.38298256935775837  0.39357691020211855  0.40393539847688992
  0.41378206075230806  0.42321297676976910  0.43275854013494802  0.44254308965148631
  0.45301504326519010  0.46398758831487752  0.47540442284586454  0.48647636875077532
  0.49711860845702743  0.50773857473680595  0.51869613417576643  0.53010930578317161
  0.54143315085025867  0.55262319387740311  0.56356686483604401  0.57411992025478753
  0.58427935768653994  0.59442613589316440  0.60482951492141046  0.61532420679382571
  0.62552288627109931  0.63571563470806913  0.64633745009527732  0.65747858009702520
  0.66823849672294622  0.67848564418741386  0.68877563319105928  0.69914242875639276
  0.70931374271294290  0.71932984845207837  0.72938341278866048  0.73939357859628962
  0.74900919363523644  0.75833990096143467  0.76798801352112822  0.77817441223273032
  0.78862853979251935  0.79892413074305668  0.80920492311631642  0.82002332952460788
  0.83133239021419547  0.84254913172737034  0.85353998763192929  0.86422490529756768
  0.87466072128860228  0.88517571806754969  0.89596965291233033  0.90737414166277963
  0.91861694982497455  0.92937451085688128  0.94012936022857829  0.95127125207157226
  0.96288155981759349  0.97492158356479630  0.98744290634870013  1.00000000000000000
 -0.00170931191020035  0.00968429782881838  0.01987822007730609  0.03052072209082278
  0.04085752969019556  0.05143640221504758  0.06206754086360278  0.07313351189082033
  0.08451047686508806  0.09616384257340314  0.10722669500501557  0.11743599704577440
  0.12742400895211869  0.13744661763593269  0.14797601321427498  0.15823019397160162
  0.16851760039827429  0.17863413086758187  0.18901340879711703  0.19909640045655749
  0.20929705211931821  0.21994112636312091  0.23103691717551045  0.24225127314616504
  0.25344711183177909  0.26521922921440660  0.27688357116917706  0.28798993868954825
  0.29866046623399406  0.30928680655583252  0.31996579482270898  0.33111857477863343
  0.34252642218942636  0.35398536714378764  0.36452704720627099  0.37427054982178370
  0.38389755034781692  0.39391460241290621  0.40428319803340618  0.41452113995030654
  0.42438955769913589  0.43417093302513360  0.44425573105241267  0.45426430128354500
  0.46459020311885402  0.47512355015194074  0.48616424998183461  0.49768151659870208
  0.50889543148100835  0.51989236345489143  0.53079063614583855  0.54135981524961119
  0.55146810744083496  0.56138828117895245  0.57176847667686836  0.58253294896050856
  0.59338071116387858  0.60382971837661703  0.61401727216737256  0.62420360822238119
  0.63498356414262125  0.64550209544001025  0.65555118753872921  0.66529154093732590
  0.67494763560126891  0.68459320189860540  0.69428930661384991  0.70424408979021935
  0.71491637703967692  0.72582012725714540  0.73691122248381435  0.74822755522945628
  0.75950438698280942  0.77041771290874239  0.78069594786852936  0.79102188942705043
  0.80103514501209983  0.81096716145543501  0.82054392695780731  0.83005295906813781
  0.84004380377033661  0.85042625825514329  0.86120631758164345  0.87217184517350743
  0.88300670423344896  0.89344285406309654  0.90370183968029782  0.91422660779589893
  0.92566344755787155  0.93727979781946380  0.94841841643425251  0.95924435460791346
  0.96975767140154823  0.97996181815184913  0.98997895571265604  1.00000000000000000
 -0.00221499838835580  0.00945311812461721  0.01936143524192233  0.02892077500102085
  0.03926212251240908  0.05001924504539196  0.06050873881340736  0.07086497740391702
  0.08128167653530585  0.09301375885435249  0.10484545707309927  0.11536116030639865
  0.12522414943009536  0.13529315587570317  0.14608354029712839  0.15674332768471697
  0.16678091115852442  0.17643780114009658  0.18595558318786504  0.19579554077364267
  0.20602459804546361  0.21711160111991654  0.22842864945327859  0.23942939001872265
  0.24998907557632774  0.26054079294650473  0.27147571268360682  0.28269587921009504
  0.29384960226037049  0.30557483585735074  0.31716027426143684  0.32893537319180149
  0.34023705339706162  0.35147085203405243  0.36199130436077231  0.37233826392255309
  0.38269701494474390  0.39345696959572035  0.40392304431196030  0.41396870432811517
  0.42404799211344896  0.43421305046898062  0.44440387838532658  0.45468839742078865
  0.46537421926706285  0.47649918813102127  0.48718868300118623  0.49751845009551848
  0.50783107003288463  0.51840775348239787  0.52871169087114644  0.53872703454554693
  0.54886621133143298  0.55925764363295460  0.56940162013351481  0.57914872763306835
  0.58923729707778427  0.60002488369920748  0.61119784996336168  0.62252050457016184
  0.63395822628270271  0.64497876576200297  0.65544098776608095  0.66534381455502656
  0.67522262373587272  0.68499626756159870  0.69439484434042953  0.70394317512607318
  0.71401165232980690  0.72437637504137731  0.73438362317840145  0.74441090864592119
  0.75502402913961908  0.76639933576777330  0.77771966739897957  0.78908026255559582
  0.79978751793810110  0.80981019532073018  0.81989304610802027  0.83011101141926980
  0.84056159858762747  0.85129352717684525  0.86247709525658989  0.87358329003229529
  0.88475965498308906  0.89583431428198812  0.90691983597262349  0.91820788651091489
  0.92959996393858291  0.94100488442919250  0.95152532610142093  0.96173566303800695
  0.97121961779486521  0.98105071519985076  0.99039951090319300  1.00000000000000000
 -0.00237822434340403  0.01052501407385683  0.02109535826712208  0.03169845897664147
  0.04214577691210521  0.05232038306007040  0.06220236681583831  0.07193319059067718
  0.08227047795176266  0.09256361797136070  0.10378929312640017  0.11364092247732439
  0.12364199313689958  0.13348934930470946  0.14371555534842823  0.15368294873114013
  0.16328203252724749  0.17276691530115615  0.18267763417467517  0.19301381084191555
  0.20377718473016981  0.21465476779682971  0.22572516684388494  0.23610286246280435
  0.24654309110206374  0.25712673004981090  0.26797638980738342  0.27794666881116187
  0.28715397089914613  0.29671694482180627  0.30694671655487621  0.31796073791057333
  0.32913368591714165  0.34022884613142412  0.35112776383775657  0.36176396677888639
  0.37277282209626256  0.38362300154508516  0.39410225905029223  0.40433924208473609
  0.41492446099371083  0.42605056510842454  0.43777987023669224  0.44940214845543963
  0.46041839249617589  0.47099281648572205  0.48146993004005362  0.49183024252674951
  0.50233173896509897  0.51307722898987262  0.52372451949406307  0.53430070180304323
  0.54480073188355482  0.55528798482839570  0.56575901777660265  0.57600404441477482
  0.58646643159651990  0.59746724875490542  0.60884140260964947  0.61999498314639401
  0.63018506590523571  0.63970316499526092  0.64922531775757264  0.65917978765654761
  0.66969745500079347  0.68009132700692210  0.69028384108048724  0.70055796540566917
  0.71098528605468714  0.72154445234503395  0.73157458566737998  0.74120240378423841
  0.75107743222133483  0.76152116120432078  0.77227547409645536  0.78282157291544296
  0.79335390108860859  0.80407277428139179  0.81484359428356523  0.82564288569311617
  0.83649989705694039  0.84768448573090838  0.85880360441400261  0.87012451428803028
  0.88169372727138529  0.89341108185254681  0.90457774738051155  0.91525863683290232
  0.92528401782005743  0.93509352373416033  0.94525947520091314  0.95557240237158070
  0.96678460588208248  0.97773423204024323  0.98915045671016655  1.00000000000000000
 -0.00232863719024735  0.01015649499988165  0.02061488906502487  0.03107016222989950
  0.04115039360297773  0.05152357301060057  0.06217108304123297  0.07296220353968273
  0.08348871742617897  0.09388162967202174  0.10386575105451898  0.11323601411555625
  0.12296291201355861  0.13317437780133495  0.14431564205065539  0.15485457774271322
  0.16496900717173790  0.17457323280431514  0.18419686561389670  0.19381994130226840
  0.20359535257479874  0.21341730293669844  0.22325485896210812  0.23326448733471369
  0.24373868457956110  0.25437082971143576  0.26498920287450478  0.27536929306422786
  0.28548776513065222  0.29524113158224941  0.30506494333295509  0.31569073079292254
  0.32659179907505931  0.33715369185951971  0.34762758206578981  0.35884684278633244
  0.37027318663866149  0.38132861583525435  0.39209235145172028  0.40321342476107808
  0.41435223621616368  0.42573970070946304  0.43733461089102837  0.44910179443592591
  0.46103433552530426  0.47252790560879221  0.48344098807382002  0.49350360018967315
  0.50342461105593417  0.51352980005327309  0.52368163823719194  0.53369632847817605
  0.54358297940206457  0.55377375809425788  0.56401650133471537  0.57454594685786953
  0.58520293092269071  0.59568331261044472  0.60635021190271410  0.61681004217280233
  0.62761947007419561  0.63829908427510484  0.64905696681046188  0.65960196182451414
  0.67010606709272025  0.68076414445547184  0.69126665872584214  0.70188073197730261
  0.71253442324575256  0.72304303498243871  0.73321878549949071  0.74342510308328436
  0.75380409436940532  0.76392420227674895  0.77383641269212511  0.78338833302276201
  0.79304800834490696  0.80298975022892105  0.81385058014291256  0.82559395561121551
  0.83824298008150722  0.85037958414793779  0.86224176143143916  0.87350199694518560
  0.88443011813279904  0.89499822275484042  0.90541258942471936  0.91578463312251057
  0.92602295224516262  0.93618290530414472  0.94645759305075861  0.95688429530837293
  0.96707527333468002  0.97760749018125470  0.98870619494748369  1.00000000000000000
   5.0552607105605186E-027  -1.0000000000000000     
 T T T T T T T T T T T T T T T T T T T T T T T T T T T T T T T T T T T T T T T T T T T T T T T T
