  0.00191234406555620  0.00195064739950589  0.00199353075139419  0.00203436940122621
  0.00207838658871024  0.00212671596423373  0.00217614287170827  0.00222642577850875
  0.00227698857754094  0.00232815681465953  0.00238147710780757  0.00243992943510697
  0.00249980544689177  0.00256123575979889  0.00262402854392700  0.00268756056424690
  0.00275258669321330  0.00282078116488772  0.00289141453334476  0.00296246636938549
  0.00303864130913168  0.00311389065634841  0.00319255451827099  0.00327411177658650
  0.00335627617718345  0.00343862017843105  0.00352213434386880  0.00360602681005748
  0.00369336541323691  0.00378468186473126  0.00387564160961249  0.00397164908724717
  0.00407218613984602  0.00417813594548997  0.00429295438319303  0.00441552583362569
  0.00454093291555683  0.00466855958788023  0.00479705148310717  0.00493218774095366
  0.00507997853598820  0.00523387428510469  0.00539910800114271  0.00557370821328279
  0.00575185963011979  0.00593653755210382  0.00612593086155822  0.00631998643355357
  0.00651650051105387  0.00672083601481022  0.00692893852888222  0.00715460026644005
  0.00738935233839456  0.00763856793055178  0.00790194629731750  0.00817467641721175
  0.00847194679172435  0.00878834741054310  0.00912236806666282  0.00948778719884749
  0.00988754911414494  0.01030550314275260  0.01074318282758867  0.01119480718398803
  0.01165953128858705  0.01214775999641073  0.01265627630217011  0.01319854196668375
  0.01378149264497606  0.01443619573157173  0.01515609754487412  0.01593328986824053
  0.01674939731088586  0.01762690155580628  0.01858166413701708  0.01963631445983336
  0.02079520116901880  0.02206156723450039  0.02343874063835922  0.02493464819537995
  0.02657960621508468  0.02848008700948113  0.03067228263506196  0.03326615662229453
  0.03657220144405560  0.04059599129885105  0.04502185000039614  0.04990515697620373
  0.05574866595667754  0.06337385430107234  0.07366466621864157  0.08762013309185603
  0.10979254792870677  0.14829851744367042  0.24728744793371579  1.00000000000000000
  0.00456097972522699  0.00516970445530355  0.00572317160760741  0.00628449605223507
  0.00687439528736693  0.00750330942972525  0.00815900217541382  0.00884405914034628
  0.00954968907596104  0.01028842718012694  0.01106396284487403  0.01185316359045206
  0.01266114271969795  0.01352946481002213  0.01445153208004106  0.01540697266616375
  0.01637865577059310  0.01735998624392785  0.01835928115781443  0.01938631911003631
  0.02047780628763383  0.02165380466904273  0.02290352213830553  0.02418613474449393
  0.02551532488263194  0.02691658963337368  0.02836871717415163  0.02985835932143333
  0.03132718758168639  0.03283283773066613  0.03443649544539028  0.03611886845797850
  0.03792933642629474  0.03985935880935451  0.04180660379717976  0.04372994766508743
  0.04574494914302111  0.04784180505285666  0.05005683234621051  0.05243206653563906
  0.05493578022553788  0.05751926240761295  0.06023022744709332  0.06305421552698739
  0.06597777258433724  0.06901186653943039  0.07221608892557671  0.07556767195171209
  0.07904483319145177  0.08276689608208145  0.08641559919134287  0.09005645445982452
  0.09370078118253157  0.09759121427660654  0.10189583099647971  0.10654895482941519
  0.11145281492852888  0.11655495421943037  0.12175887696303904  0.12703182600844828
  0.13246275672584901  0.13803146198908886  0.14400089641786268  0.14999070000258291
  0.15631034809720401  0.16285404306316453  0.16958096508871376  0.17711710734060776
  0.18525457519142954  0.19375191903000871  0.20263615564467469  0.21191252201417451
  0.22163912549865566  0.23166278753756919  0.24243954663422379  0.25434499025610757
  0.26744625003271438  0.28146276366318818  0.29586643966254250  0.31096430570848349
  0.32730516385603647  0.34512880842149318  0.36442116796972135  0.38515109583128221
  0.40720099372069773  0.43044518104123242  0.45599643663553885  0.48412781985433856
  0.51595223952700808  0.55171414572392319  0.59145768807688326  0.63776648396642432
  0.68975433251610618  0.75439245662173560  0.84637260716223250  1.00000000000000000
 -0.00251473358200262  0.01016508077046691  0.02104322031373065  0.03183868423178454
  0.04211938661547487  0.05228344079070261  0.06229327975039316  0.07233462924980821
  0.08207109697974652  0.09205660200025605  0.10223646987558765  0.11260388097862441
  0.12327973974255295  0.13357975666090746  0.14385195979053975  0.15380548829993326
  0.16380514653223827  0.17389461175129001  0.18390392986500820  0.19457510638860803
  0.20525115367926891  0.21596474309608038  0.22631545479669235  0.23715958033949336
  0.24744473816534274  0.25806957666838248  0.26856259264543525  0.27950472333156939
  0.29071959044673873  0.30184787886239206  0.31280558699649075  0.32343136835618203
  0.33385169973931883  0.34416638392301174  0.35464111894758049  0.36533628808662932
  0.37603960073309251  0.38666177918878863  0.39741288183017254  0.40850885832905193
  0.41940467986318170  0.42986873958340310  0.44025650865327792  0.45102759956600175
  0.46208975641244338  0.47332728174174538  0.48445570501629265  0.49522490924771717
  0.50520842683856593  0.51494781453136340  0.52488366519955942  0.53474526175548143
  0.54460269612637002  0.55444142240016869  0.56440218962836020  0.57456335601489306
  0.58474032655345742  0.59549920106843701  0.60558906659103573  0.61610887207074139
  0.62667689326354303  0.63750979528507556  0.64837677868504717  0.65910731429224034
  0.66953344799773129  0.67968598219301457  0.68926621849761049  0.69997636001938890
  0.71018204256028905  0.72120038068890280  0.73244766466405498  0.74414067617849278
  0.75573151224686219  0.76703040363364261  0.77806773585823963  0.78894196623441426
  0.79929918135245592  0.80956987542906167  0.81983582188380266  0.83034179181554824
  0.84122769343553516  0.85186814934372723  0.86274284107486321  0.87385793780185150
  0.88394663947823038  0.89393025947058158  0.90407411497851875  0.91446212512440783
  0.92512480878672609  0.93514721501479159  0.94575459342305113  0.95643729299646563
  0.96740924836828657  0.97811468074388985  0.98902794315996245  1.00000000000000000
 -0.00227506945254544  0.00873578600491823  0.01808103851555334  0.02796947852701514
  0.03824507161741650  0.04876553147054713  0.05868296166236346  0.06863037115259789
  0.07892526677585340  0.08966513810005977  0.10052185027223259  0.11129905250773192
  0.12176480707579543  0.13210546906307644  0.14247557261052440  0.15308369779586328
  0.16371453325731772  0.17434714862787781  0.18516166827335007  0.19603639012859303
  0.20701831187082972  0.21784270551792567  0.22845975708932342  0.23900174649725275
  0.24951400888922620  0.26002189428405753  0.27037421058887684  0.28036177708355303
  0.28974384308738804  0.29906769951286216  0.30882533776820120  0.31911774909504470
  0.32951964958270596  0.33982586974660911  0.35028913663708749  0.36089304525830473
  0.37161425098641521  0.38220905975700353  0.39264768821551360  0.40319043530918564
  0.41395114228673502  0.42481103752128402  0.43567416677309667  0.44664742207869418
  0.45757570299252459  0.46828573942950547  0.47894322341862849  0.48955012223184080
  0.49982702050466132  0.50980479032655612  0.51983010591618628  0.53020694925999523
  0.54076072888774551  0.55147552878120243  0.56243292074761997  0.57345123620097282
  0.58431163653127605  0.59508211821412260  0.60597686731475986  0.61711700550250759
  0.62867711986936703  0.64011667980459275  0.65162146277210609  0.66293506951159598
  0.67420273990480706  0.68532564085744019  0.69608398760926082  0.70705901510173941
  0.71790657382757506  0.72896908674227023  0.73950205361483401  0.75019476235299387
  0.76055903603333630  0.77147185903339577  0.78132307552363933  0.79161499964517490
  0.80182555450836834  0.81193072495127050  0.82221208896579190  0.83213070122022259
  0.84282552594293836  0.85333679440427368  0.86368950851363879  0.87385920469219169
  0.88395346704678091  0.89413848268377161  0.90431054183098625  0.91460383955913482
  0.92531471089298800  0.93634866935408201  0.94707894561947503  0.95738028054287527
  0.96804436756206258  0.97887273992142232  0.98973544639539812  1.00000000000000000
 -0.00280190972412355  0.01040273798214324  0.02151210590014457  0.03264583990899348
  0.04405800184615703  0.05502864604291484  0.06650015413934821  0.07748592149732028
  0.08825203973475614  0.09869281792656756  0.10902291667138615  0.11973919824216250
  0.13029428437424029  0.14086598901069072  0.15147563938913072  0.16216211427896160
  0.17265473833818459  0.18294308411825994  0.19300864419090075  0.20272853844688635
  0.21241864166642727  0.22223640257201660  0.23228449205477072  0.24218820208471650
  0.25191824667810031  0.26173556385405938  0.27153779071792772  0.28193271422027771
  0.29254197763657735  0.30352453295068804  0.31464124091311341  0.32621773136818261
  0.33778065415722808  0.34897327170543585  0.36011033843241363  0.37145666053603099
  0.38213811208703008  0.39249489027792522  0.40288126848065137  0.41358197465834290
  0.42439165356726993  0.43451997343463750  0.44465403258689107  0.45489081425396338
  0.46532827678117333  0.47591879837285722  0.48658711822121586  0.49732063368695512
  0.50821106705389740  0.51930296337076998  0.53043617501747975  0.54134144853540833
  0.55208988318353025  0.56303695047719016  0.57395173139624367  0.58454714237824434
  0.59492744266356956  0.60538045641637506  0.61612755694432797  0.62678562539107052
  0.63695678792983601  0.64699233408439394  0.65687678484405110  0.66682392962838577
  0.67674862757695597  0.68667177914024924  0.69681083950071643  0.70703588882082280
  0.71748927114836403  0.72798381988867844  0.73862964103239159  0.74942587736680832
  0.76002394601323775  0.77025422567470880  0.78051808889823981  0.79067380315911684
  0.80081566391569348  0.81112616065946419  0.82211206891949240  0.83333523186312997
  0.84446933630517473  0.85561154783755722  0.86713419243429413  0.87841404611610818
  0.88923847935820588  0.89999656106772308  0.91072480466919203  0.92149821802354970
  0.93225801544299813  0.94237872630268349  0.95232061663758083  0.96189441484923832
  0.97172446714972505  0.98135091304865196  0.99073265817078648  1.00000000000000000
 -0.00233428691681881  0.00957339327225194  0.01949961894706029  0.03030588452999093
  0.04044138524445345  0.05105330396586943  0.06216646411615842  0.07346673122563613
  0.08457820990519048  0.09525152237831165  0.10600320560636914  0.11686614163334878
  0.12771072657316115  0.13874879104410809  0.14974052545149977  0.16061492017537141
  0.17126030311455498  0.18198840250363649  0.19282706592783588  0.20398688969345449
  0.21491261059600597  0.22577223436090235  0.23633605648054545  0.24701984622744941
  0.25762804922748633  0.26840584065671591  0.27928961215704518  0.29031865786866951
  0.30158263193935314  0.31274265008319535  0.32399992966701213  0.33550853641911194
  0.34720140691858709  0.35887232989917534  0.37003398345193628  0.38057488154980101
  0.39058392551751275  0.40048893329693547  0.41027679801914085  0.42034485332998511
  0.43102100473939553  0.44209529813527221  0.45347207493004160  0.46464119780394819
  0.47578133604241168  0.48643216218347207  0.49679101367991402  0.50702891519602500
  0.51707318498026800  0.52691706286104811  0.53659859357110973  0.54638625230092297
  0.55645919833978807  0.56688391996771881  0.57753000018681211  0.58816254153111025
  0.59870458875156973  0.60927808570111663  0.61982460964326613  0.63037511059349749
  0.64060356784168548  0.65048070854626661  0.65978695056476755  0.66921429563857038
  0.67899935540806655  0.68944132550972237  0.70049120022800881  0.71155231327939283
  0.72253951884985224  0.73358943564381673  0.74471712171117799  0.75551876467674495
  0.76592086891628441  0.77643068414413907  0.78699003231074816  0.79705015200681517
  0.80678207476215280  0.81682579825549007  0.82748012801849236  0.83812921145152530
  0.84823587278069723  0.85803366248749735  0.86800396089715004  0.87823925924258284
  0.88841203271849589  0.89844609938364206  0.90861269311487125  0.91898585749077011
  0.92972790499319502  0.94055842408877777  0.95074227653406185  0.96049069965366196
  0.97033419224882189  0.98009968625871569  0.99016560925383912  1.00000000000000000
 -0.00240487154387960  0.00912813820102966  0.01910121008218523  0.02969807447017126
  0.04019704805704736  0.05054399610068576  0.06105315772278279  0.07127818476350822
  0.08163928659714688  0.09203600161102680  0.10234690395234769  0.11287207065918808
  0.12369060691550186  0.13424867118255307  0.14461961566004547  0.15474443175599162
  0.16520322657733438  0.17547900430629476  0.18561615232423861  0.19581725878646533
  0.20672149160037936  0.21744856643582072  0.22815876993441697  0.23894874801843238
  0.24973748269513346  0.26011260400975106  0.27042981119942144  0.28108557143632756
  0.29208300189695302  0.30280969233054872  0.31315498260238600  0.32298035133085223
  0.33295981040701234  0.34351955139985874  0.35437175382547448  0.36504148022756117
  0.37561675612077311  0.38649289290544825  0.39719775170517718  0.40755109935727557
  0.41786869233151758  0.42863979071189612  0.43972245397171889  0.45106409132644243
  0.46225909207472676  0.47327699106115001  0.48428630510298126  0.49539688432810264
  0.50660597928373374  0.51739328160853237  0.52814998170360794  0.53868295475014005
  0.54926191639307853  0.55970329445467548  0.57011051923143641  0.58015404309914265
  0.59013315073618788  0.59987858445642528  0.60996640167274474  0.62029192378491604
  0.63058889056553147  0.64086482592914551  0.65135696503266549  0.66248221078626701
  0.67346536813155078  0.68420697694463128  0.69495119580628273  0.70537013968093498
  0.71553836656825309  0.72540852954707058  0.73617485008532246  0.74734240854803957
  0.75854650894748776  0.76940101761998270  0.77967331273483254  0.78946807609123959
  0.79908017802054765  0.80870902441980830  0.81846810835291306  0.82833780350231900
  0.83853150297577339  0.84884887713995683  0.85963716644848487  0.87099117887097088
  0.88214468167169147  0.89291148571197942  0.90378562443256227  0.91493706889334392
  0.92616089890037301  0.93662772212444001  0.94714737318902886  0.95754784403655135
  0.96830317823445333  0.97898844598902646  0.98960799303843916  1.00000000000000000
 -0.00251373695807527  0.00968125610356212  0.01909417160770866  0.02920319459594197
  0.03899400618703434  0.04967168276620595  0.06029537529723528  0.07115041470146494
  0.08180701696106529  0.09195138902371375  0.10212747642131775  0.11174982259190452
  0.12163099951241202  0.13142842199915880  0.14128025886967291  0.15135101470257606
  0.16189793654640500  0.17302208114471518  0.18398623629475705  0.19437667732417704
  0.20458727650198014  0.21525059290510462  0.22619498835963500  0.23698961920457079
  0.24780225757947300  0.25855689226168660  0.26878051966155792  0.27821797810268839
  0.28766294742994819  0.29782642813765375  0.30848838461329536  0.31931757326513155
  0.33005985166310070  0.34069089712612394  0.35110545048248543  0.36116233807064707
  0.37118550599221867  0.38134372414529932  0.39194453748608876  0.40281949353959495
  0.41365962214280350  0.42455311422734027  0.43551687693824476  0.44620245637923628
  0.45631791924770992  0.46607670829815406  0.47589987937919187  0.48590749991533072
  0.49605636736053699  0.50646844972825167  0.51701680447542131  0.52721179162216958
  0.53677542249310961  0.54624171330919513  0.55606434578969532  0.56629180070103080
  0.57650361399790639  0.58705472534238590  0.59799064412894698  0.60895061069366563
  0.61969242881286923  0.63037508822977473  0.64114284344254080  0.65200280195353000
  0.66293916396501851  0.67416720443486666  0.68561464393830140  0.69698984150244203
  0.70827327745431912  0.71933025677977447  0.72991842456453349  0.74009896060532898
  0.75035697607614138  0.76118025063245986  0.77240263903610196  0.78367316377961993
  0.79491103866727919  0.80605834486144301  0.81697348764563993  0.82767491296825790
  0.83854762899876512  0.84946823587308762  0.86063341487833711  0.87188646212993615
  0.88317921870037641  0.89400224942856144  0.90397872303642279  0.91402006831405780
  0.92436187709203133  0.93540235295604024  0.94608148272915826  0.95674119239992061
  0.96739538410561587  0.97847080026211752  0.98918145723945572  1.00000000000000000
   4.2474662575994466E-012  -1.0000000000000000     
 T T T T T T T T T T T T T T T T T T T T T T T T T T T T T T T T T T T T T T T T T T T T T T T T
