  0.00191648615605155  0.00194758460429326  0.00198893175010587  0.00202893859091061
  0.00206916014108491  0.00211103621494149  0.00215382812361968  0.00219731329700584
  0.00224178175487491  0.00228710073509959  0.00233341882196794  0.00237997099011647
  0.00242834725711599  0.00247774006169515  0.00252814921686235  0.00258214238151944
  0.00263858613443247  0.00269641138220836  0.00275553656330937  0.00281683769807763
  0.00288004631054466  0.00294561809557642  0.00301487705785681  0.00308788781233730
  0.00316381525096778  0.00324161026261078  0.00331944005366186  0.00339782781272105
  0.00348095445419256  0.00356946159528842  0.00366378213995701  0.00375955642430960
  0.00385851092641299  0.00395867336728076  0.00406057078108718  0.00416377428720032
  0.00427144465242118  0.00438537248090021  0.00450688592824497  0.00463511114320242
  0.00476867545968854  0.00490819389967847  0.00505265738302388  0.00520189431496864
  0.00535652470714360  0.00552291977790984  0.00568440184625048  0.00586885524126970
  0.00605192316747506  0.00624675360729799  0.00645010213906864  0.00666074620014281
  0.00687836714565969  0.00710477859298740  0.00733980712203786  0.00758420222757214
  0.00784664125557993  0.00813137162658250  0.00843598922275574  0.00876275945997015
  0.00911073308832024  0.00946928067870470  0.00983408008009264  0.01021042837187341
  0.01060592291888973  0.01103220697661499  0.01148786379342401  0.01199050038566783
  0.01253114569626629  0.01310457722259771  0.01372226627724327  0.01439979892650496
  0.01513883515725867  0.01592937556570388  0.01677968972827010  0.01769183872989219
  0.01866693078481767  0.01974699086327176  0.02091919770752405  0.02221122438350682
  0.02359535792117808  0.02516036200616627  0.02692431186146345  0.02894951651689424
  0.03129919778771368  0.03405694275139611  0.03724015330887973  0.04091623739778866
  0.04525802756714861  0.05059301568520373  0.05746370979020689  0.06720380796593584
  0.08115258120767076  0.10555132125480492  0.18258368231877461  1.00000000000000000
  0.00187386781843266  0.00354671246055168  0.00456546213857749  0.00549806079595973
  0.00644238556269477  0.00739810962309297  0.00834620196015028  0.00930771075728135
  0.01029131869133338  0.01127102577304328  0.01227619600738758  0.01336434373064583
  0.01454418133299885  0.01577127361299416  0.01700073991573729  0.01828469789615062
  0.01960877281256606  0.02097235245881808  0.02235929075064348  0.02377823534123526
  0.02523766763957028  0.02676194837814698  0.02840016332039956  0.03015165712881269
  0.03196312570186121  0.03381094098055816  0.03568582674569528  0.03765233566599154
  0.03972918993263459  0.04191834264367875  0.04419819480094836  0.04654618734906802
  0.04894055512176265  0.05135670363063502  0.05379386139884811  0.05626207878675552
  0.05879499123129525  0.06146619903840553  0.06434306372619293  0.06731581456293968
  0.07034970028394003  0.07350820411872824  0.07681966237686731  0.08031815420851793
  0.08392856936074480  0.08756933029359705  0.09122099506778122  0.09491862072435324
  0.09869973236104769  0.10261704659940939  0.10681332596809767  0.11129793802434776
  0.11599493718464157  0.12083282485290864  0.12582553977629496  0.13093591025562282
  0.13615054439777496  0.14153303365499131  0.14702654037427931  0.15284683889113337
  0.15915911270908584  0.16574976579080505  0.17257001394535626  0.17944668890370419
  0.18656438398286601  0.19411492093253843  0.20198352980060214  0.21018537770244822
  0.21890204639490224  0.22830888040955458  0.23845561792810824  0.24821662122450899
  0.25823826292679175  0.26874858281557090  0.28004724552008281  0.29177973511485034
  0.30394976410884877  0.31655769556625613  0.32992528425140621  0.34439874880532639
  0.36023480609303782  0.37755595061421093  0.39542588207420687  0.41445267994223783
  0.43511193981739993  0.45712134999890192  0.48086628926023062  0.50672513324155066
  0.53514228800333152  0.56669279845617626  0.60223170498269074  0.64290048093415575
  0.68994304485451252  0.74890067028162077  0.83794617894827084  1.00000000000000000
 -0.00252153138111947  0.00943623302486950  0.01936884761979454  0.02965595586941806
  0.03983154111914258  0.05026149192858415  0.06047488886092429  0.07140176374635096
  0.08250045265455416  0.09380860915458998  0.10485676258742607  0.11543864982679136
  0.12591123102962609  0.13655668264433671  0.14768414724040252  0.15904605901913954
  0.17012495712313938  0.18105496001886873  0.19197033419164677  0.20294529237903508
  0.21388553914766778  0.22488847421298747  0.23588281411089676  0.24666801846748523
  0.25719676662949681  0.26750075785305222  0.27794486669130086  0.28866941026749171
  0.29969382181887660  0.31073815970007262  0.32154253727620707  0.33251804025889903
  0.34355900583321242  0.35443794403335360  0.36517769992360527  0.37609277407891445
  0.38734840878491483  0.39821985814546312  0.40857040757563295  0.41845992028233764
  0.42832834618695725  0.43829693540666526  0.44837797741399110  0.45865360937978689
  0.46911832944444670  0.47956081435685194  0.49000914164827336  0.50014134202438576
  0.50981967757897872  0.51938001277242540  0.52900281565738094  0.53885839123286927
  0.54895692756503978  0.55935964218532475  0.57008252276581839  0.58116182602271504
  0.59227308138007428  0.60374041719694749  0.61467297462489079  0.62515309560534005
  0.63548812201083882  0.64567092919898017  0.65583501696164626  0.66630688417401362
  0.67677262065114929  0.68725172655055944  0.69763853689591471  0.70825147249116971
  0.71890322176886545  0.72925678341465960  0.73957631796433509  0.74986571190285400
  0.76025861875226053  0.77068754149869201  0.78131884538162499  0.79192239312957102
  0.80252766231286343  0.81294209821531216  0.82364064141830395  0.83404513495448129
  0.84444771404752528  0.85478947563786656  0.86531078688167540  0.87589638071025167
  0.88631549089192418  0.89677961474465173  0.90761964911764537  0.91826648497204977
  0.92851394926189468  0.93855037325505664  0.94847159227474220  0.95854006849142359
  0.96859250651835260  0.97857623849458819  0.98931749702953642  1.00000000000000000
 -0.00254602050982799  0.00994862492628031  0.02047675866111165  0.03094329116928084
  0.04124979644978848  0.05162788234132674  0.06255499702934447  0.07394947194324494
  0.08510137500210710  0.09598257523250248  0.10635207487387055  0.11683406331892632
  0.12717619243225692  0.13750602259068451  0.14772454517823796  0.15818148875323876
  0.16915064468122465  0.18036643305594713  0.19155572889409417  0.20251487026549050
  0.21333631139037437  0.22448161930435939  0.23545638625140233  0.24628796177106371
  0.25698840452266719  0.26786052825310830  0.27909311777720458  0.29016884018797351
  0.30087948543723703  0.31149455819526733  0.32248635235591733  0.33374425670929458
  0.34506084009360249  0.35601859325515595  0.36631016887233631  0.37637593545489473
  0.38643490847525513  0.39691325344217182  0.40784630804669347  0.41866478701089738
  0.42890369614406670  0.43899394327118274  0.44934309311725756  0.46005264866010015
  0.47047846556209855  0.48074333193849739  0.49106821594927547  0.50161900407982163
  0.51232790498845582  0.52292036882945103  0.53339936474611305  0.54354658144170998
  0.55366011059521092  0.56367462634464605  0.57371336762078984  0.58387207973703781
  0.59374145343990903  0.60337599701969680  0.61295959008743950  0.62253235019257069
  0.63312160211909785  0.64411426102629155  0.65527644492263148  0.66605276830429561
  0.67644314402926797  0.68680334466733028  0.69701608326995690  0.70681914073241159
  0.71673758499779128  0.72681922335198901  0.73722145685638130  0.74778495736186301
  0.75835374910439535  0.76867700575627085  0.77878061241293339  0.78870738870408796
  0.79885089806417098  0.80928485148811291  0.82033994328119098  0.83150867975001963
  0.84250882689706952  0.85326960216698211  0.86416120598123602  0.87518161052128218
  0.88618507264358537  0.89716723092022876  0.90754425619221224  0.91755469808448142
  0.92782293499226332  0.93829442727549528  0.94879624594308010  0.95910564809716337
  0.96911317687870646  0.97960124005368254  0.98967373991877550  1.00000000000000000
 -0.00211688109660981  0.00872523412173820  0.01845063636541223  0.02841711571444720
  0.03860781250830876  0.04852029779550796  0.05841100724608748  0.06857911847945980
  0.07864185508118772  0.08866278690932045  0.09855292900105388  0.10900283188678375
  0.11970342043987456  0.13027777901095997  0.14068699091988526  0.15137522684020391
  0.16195014340263458  0.17247762848208051  0.18262451617034201  0.19316016089236748
  0.20378399172348599  0.21439035184919403  0.22490222272639368  0.23529936325427939
  0.24597264420580203  0.25641968569777368  0.26672939290292669  0.27733138042255112
  0.28819689831808498  0.29930445621431184  0.31053144720274084  0.32177898960446188
  0.33263953872055513  0.34306145551100214  0.35343662740682202  0.36425260918052321
  0.37543436063070168  0.38631926349848411  0.39694598990220659  0.40715972014327984
  0.41764407062316394  0.42802730511806664  0.43824798355703892  0.44802684727672237
  0.45808825893790817  0.46796600288271262  0.47763892143700520  0.48724063921216787
  0.49663340864484762  0.50653086380300127  0.51679754381148191  0.52724433462668807
  0.53777356968042223  0.54808124128481850  0.55841060921297847  0.56890317901126464
  0.57950364225018314  0.59005871086762829  0.60048247730479443  0.61100319632841105
  0.62167492195049379  0.63240957160236155  0.64305435355771068  0.65360497724432154
  0.66414658700523344  0.67458674530991414  0.68532754979508637  0.69638889561570116
  0.70741997535030188  0.71792209801191054  0.72798495456843293  0.73840364766999533
  0.74904412520934072  0.75983852172824107  0.77084664835622851  0.78208880665931324
  0.79319098698557644  0.80396341694437423  0.81488868423756045  0.82614572815726761
  0.83726420267236790  0.84792060320409635  0.85835935589843182  0.86911556695472802
  0.88069021571156303  0.89212384098442221  0.90364410674938944  0.91418881010353104
  0.92444664947387445  0.93482604741017372  0.94515237224082782  0.95595967251570202
  0.96662298255905177  0.97794482085139034  0.98904397241628128  1.00000000000000000
 -0.00229267011304679  0.00917828097009436  0.01860982218823689  0.02912693533592249
  0.03955242623107055  0.05062034093482442  0.06147490818547806  0.07195200796669897
  0.08227266355541407  0.09266942424766075  0.10280411699774014  0.11296182593738831
  0.12309217381068417  0.13367691500000600  0.14464034492909675  0.15528145956604533
  0.16561615280384198  0.17565059693060511  0.18589238207017159  0.19620399215442322
  0.20689003183976878  0.21817614035779526  0.22926742531260905  0.23987979834892542
  0.25047845325465012  0.26104688236948975  0.27192650249941736  0.28245926737331856
  0.29300769638084934  0.30311799857346583  0.31295472843641253  0.32298443460013382
  0.33350983426909769  0.34465385548614508  0.35555075233498296  0.36597157659632312
  0.37635354859534154  0.38677158521970056  0.39731440249448979  0.40787366639389788
  0.41866698587397805  0.42952866865776063  0.44007099807102118  0.45039704981642370
  0.46093867343438844  0.47136120013789701  0.48198804399279183  0.49241448728672965
  0.50316922191590407  0.51376649369674143  0.52454274355834163  0.53498622327463641
  0.54561204236506777  0.55619256949138285  0.56684478978062625  0.57735929728423918
  0.58794954243844266  0.59881200679984170  0.60957889294577350  0.61994573477722359
  0.63037866627360317  0.64095415027298497  0.65191558671704819  0.66304952146506124
  0.67470832520386981  0.68649578193184568  0.69768110442695053  0.70840179701716000
  0.71880786960988563  0.72923834453903091  0.73939021583848119  0.74947864580096413
  0.75992911585494927  0.77046143372720299  0.78057620021682705  0.79030553286335536
  0.80025260064464765  0.81016846856243119  0.81974254543644032  0.82919036226487752
  0.83900594994601063  0.84958553046684415  0.86034943056505653  0.87113547987232620
  0.88169857005615693  0.89214000507638336  0.90304351073240552  0.91385537767162939
  0.92463611526686063  0.93527634786066205  0.94605882352926429  0.95675815832082201
  0.96744126312897338  0.97843290304040864  0.98905656982063439  1.00000000000000000
 -0.00244549202889254  0.00952354444961070  0.02009794428920502  0.03073601845708782
  0.04160260582670683  0.05279967468956654  0.06393904867394436  0.07486174953789902
  0.08548316770122305  0.09650563412555804  0.10759268199297571  0.11895810707605711
  0.12997228169600714  0.14103111307735211  0.15175171489435602  0.16232715579363985
  0.17280903822309446  0.18321805997609852  0.19363510853363650  0.20375132330776077
  0.21406021113801912  0.22437814861923536  0.23478600676342692  0.24541147766013255
  0.25621557729922090  0.26693579955951430  0.27754302191010866  0.28818917892163931
  0.29883505422584777  0.30936108824188829  0.31968496040587890  0.33007039504561608
  0.34050735977456237  0.35090864018837398  0.36133836716237749  0.37186631770289730
  0.38257008154220368  0.39337189369644121  0.40414196198443997  0.41505773413213470
  0.42581181528401224  0.43657650358260480  0.44687285262382409  0.45705066119084109
  0.46743627395439619  0.47793346301573636  0.48846295943008550  0.49864738920622753
  0.50883058280265869  0.51899351780769498  0.52872274196162006  0.53819408052671147
  0.54796024603475424  0.55772918031025287  0.56771512003430058  0.57787140982643315
  0.58809768836693310  0.59870650566983941  0.60887426719600324  0.61922765851850514
  0.62998828849849242  0.64108987767198933  0.65196446965052457  0.66270470856198460
  0.67326955833194013  0.68450485843231856  0.69535365491699164  0.70584639046679454
  0.71623056895194692  0.72671256248268312  0.73713303954643139  0.74775482927290859
  0.75858869813881535  0.76993689802598009  0.78098621874404894  0.79164485736645085
  0.80194249619728375  0.81217829235138284  0.82276592198760246  0.83329385211710338
  0.84383386923999737  0.85434796953126468  0.86419916428886445  0.87422341879740217
  0.88420937072162753  0.89456399980157408  0.90484357971888196  0.91490316218618639
  0.92495417853990480  0.93542618001297861  0.94642930890020627  0.95745343381920034
  0.96831612189193794  0.97898435861817557  0.98949304840916308  1.00000000000000000
 -0.00215205660158598  0.00846091703115266  0.01850644106331084  0.02966957836065449
  0.04098033729045122  0.05210314501138357  0.06276627655456053  0.07357898704177304
  0.08447071042179050  0.09547102452775132  0.10650503811224372  0.11737641174226124
  0.12812659403084209  0.13879099081593751  0.14938174155320580  0.16004375354583342
  0.17070137975727193  0.18161728548718997  0.19228888851935039  0.20258531399113960
  0.21289181985484132  0.22347172208424371  0.23423305258555968  0.24496262712556918
  0.25558603252412326  0.26624274562123706  0.27647874402007705  0.28694778488752676
  0.29732788731156745  0.30773193720147551  0.31798887968745221  0.32808905059067456
  0.33833319006446844  0.34840259165723875  0.35861919915035939  0.36874756456190150
  0.37917850127983066  0.38978356055698449  0.40055401740208185  0.41106456968518718
  0.42185242892254504  0.43264167346722526  0.44344757353773473  0.45392702149374603
  0.46402021354000078  0.47399051207132642  0.48391882660075131  0.49394803508280177
  0.50421461713594018  0.51449397987576961  0.52445278165285469  0.53503679885721267
  0.54558041061264695  0.55647360449411798  0.56734702095775003  0.57855155020713855
  0.58985426366357008  0.60126366511797036  0.61243066873222973  0.62312522991673625
  0.63331493416779072  0.64324454193696057  0.65343293568153049  0.66352466273822186
  0.67390470798246482  0.68456718612621592  0.69558188667248255  0.70659501743034203
  0.71717370187107676  0.72768624253719849  0.73801243980165776  0.74848373958752890
  0.75901152443082842  0.76949677173356446  0.77982831725663071  0.79027170961111615
  0.80083424795421232  0.81171407294945497  0.82281403242781248  0.83373473535095421
  0.84376026030854545  0.85357471199912749  0.86408184003041755  0.87534811452160766
  0.88608602315403751  0.89661552231653951  0.90745348993492214  0.91817035447771911
  0.92813513419340588  0.93814036230264708  0.94856934913789070  0.95897546823614266
  0.96899401514215111  0.97875890895684348  0.98931756149002703  1.00000000000000000
   4.1607913404568783E-012  -1.0000000000000000     
 T T T T T F F T T F F T T T T T T T T T T F F T T F F T T T T T T T T T T F F T T F F T T T T T F F F F F F F F F F F F F F F F F F F F F F F F F F F F F F F F F F F F F F F F F F F F F F F F
  <DiscreteSampler_grid>
  grouped_processes
  1 # 1 for a reference and 2 for a running grid.
  10 # Attribute 'min_bin_probing_points' of the grid.
  1 # Attribute 'grid_mode' of the grid. 1=='default',2=='initialization'
  0.0000000000000000 # Attribute 'small_contrib_threshold' of the grid.
  0.5000000000000000 # Attribute 'damping_power' of the grid.
 # binID   n_entries weight   weight_sqr   abs_weight
    10   10   9.124069454530425E+003   4.885296121607494E+008   9.124069454530425E+003
    16   10   9.093980512804204E+003   4.848167895850322E+008   9.093980512804204E+003
  </DiscreteSampler_grid>
