  0.02349273682735340  0.03702969847332813  0.04973499007819085  0.06273648054392858
  0.07543490603398696  0.08802500388754042  0.10016886429256724  0.11176235837901463
  0.12306325437935983  0.13425172212583145  0.14552277278771075  0.15640860209291677
  0.16791245258730683  0.18001083917336569  0.19168391400687415  0.20187838718037332
  0.21193591206708901  0.22192704379897168  0.23153956397671457  0.24122663608404346
  0.25063483534200814  0.26024239010229300  0.26953102379263011  0.27901592381432416
  0.28854043255976058  0.29811843434685992  0.30810912334148222  0.31860399658184829
  0.32981999579593924  0.34058608325726614  0.35221310358102537  0.36339084051663251
  0.37474167192865387  0.38546773473721241  0.39634894397612913  0.40716357381211954
  0.41804427104731495  0.42804079012994867  0.43738174433085980  0.44644292358923843
  0.45552570117937891  0.46472451573766288  0.47384984340417907  0.48265577335639387
  0.49100190072679145  0.49900656434526280  0.50692835196194930  0.51486939527843945
  0.52296963971365007  0.53095837464724327  0.53932491046966047  0.54929660823795934
  0.55973750453404048  0.57092936728525467  0.58175258823376141  0.59233924380276937
  0.60202676225504637  0.61110999786510956  0.61918052695558901  0.62704359562448508
  0.63527655149382067  0.64384016566057600  0.65267606695682068  0.66185669040383677
  0.67103420388901447  0.68082135064583038  0.69069891489422308  0.70097126818778788
  0.71108265241908775  0.72087813801509226  0.73110949998568331  0.74106690165687594
  0.75002531960057273  0.75886516534785953  0.76745307145497010  0.77783638811205869
  0.78879046233545802  0.79872382900312555  0.80854932287246584  0.81845088499868379
  0.82785832049887675  0.83762890770952714  0.84736622847829612  0.85816341569159849
  0.86945891492997218  0.87988815305205514  0.88995576785121844  0.89982772428903146
  0.91004651077805820  0.91945088894446081  0.92928168001564171  0.93966558975595582
  0.95171569300526004  0.96338122306360074  0.97159103410331771  1.00000000000000000
  0.03076487688304037  0.03622347414401143  0.04546686318802438  0.05610178282582335
  0.06665705681956793  0.07680102410265849  0.08671227293667461  0.09653219489553164
  0.10611619326754788  0.11568779590316697  0.12541050210182889  0.13544299859303727
  0.14538918360883502  0.15543725079658804  0.16480795241766794  0.17303151596929467
  0.18088032446846047  0.18899681420356651  0.19749189374171533  0.20632092932179144
  0.21588171469611822  0.22597518484584689  0.23621576498867314  0.24648300836958481
  0.25658995906513393  0.26625675328300785  0.27554535525592821  0.28454971917719230
  0.29393737532869568  0.30420555116337683  0.31443290628390913  0.32369954232204468
  0.33331193560717237  0.34347378615305008  0.35424746095028692  0.36464407499961216
  0.37526729413590820  0.38736815373700323  0.40018709245926942  0.41248227803638382
  0.42422327804455906  0.43526674100786306  0.44621988852508604  0.45674702741095530
  0.46646658575078864  0.47572049293542051  0.48547078906475233  0.49555762100207262
  0.50546077842028070  0.51516416068605353  0.52490443915532126  0.53528604500273902
  0.54534436693261468  0.55525445894834580  0.56580377341107846  0.57688975334678883
  0.58768680162313236  0.59771808442986973  0.60842586502459550  0.61907922307424834
  0.62929841483942228  0.63891490241008164  0.64921600683703296  0.66059210252924583
  0.67102974192348208  0.68084211901160796  0.69122439883448017  0.70173554167963881
  0.71233899113666921  0.72208402314726616  0.73138982251894835  0.74001621219571900
  0.74866273532442817  0.75780664038671175  0.76684360625698333  0.77558790328430516
  0.78389711606243428  0.79272514033543484  0.80322405033942768  0.81399193614605125
  0.82446998580128061  0.83493429036926337  0.84591408745492447  0.85665459307429859
  0.86690186232405042  0.87738288549150067  0.88823841860218677  0.89960623204098622
  0.91077606772059327  0.92250766262696038  0.93400220299738013  0.94499926842058835
  0.95542835199869158  0.96447474176498249  0.96906860382488369  1.00000000000000000
 -0.00004210810613175  0.00047329813295764  0.00125794110809163  0.00254655102276350
  0.00437712047229360  0.00669982628420247  0.00932391863133621  0.01228581623205715
  0.01548591615824607  0.01927191612574819  0.02332131165238159  0.02774807536106239
  0.03278207639260924  0.03792965815921161  0.04331382641053120  0.04894177390741154
  0.05470767687248591  0.06106096239910433  0.06837849361080987  0.07653357930846592
  0.08478369595377085  0.09308921401836813  0.10175823984790008  0.11043256795253686
  0.11888095548723414  0.12736608288645765  0.13588779344008553  0.14450491763513304
  0.15313368082416060  0.16188715073940213  0.17092192526835312  0.18056062366009645
  0.19057775328452756  0.20141220291537093  0.21178756976938559  0.22252036617214815
  0.23254001362601592  0.24351710604153451  0.25535291787081987  0.26809597049630091
  0.28082631000977581  0.29421942531181255  0.30714789239250945  0.31960779893781838
  0.33205820871711256  0.34482300588408205  0.35782866524407725  0.37082561524592828
  0.38359381529331349  0.39631434358380158  0.40932154681643912  0.42207081805865682
  0.43452214117923921  0.44650111446834417  0.45895003252183303  0.47244297930821133
  0.48651041896032643  0.50094125876546336  0.51590121160796076  0.53089816014301383
  0.54529805093717643  0.55859202551791975  0.57473841273052673  0.58991765942420371
  0.60463235534322746  0.61917130589538349  0.63349044071749794  0.64826697164893121
  0.66323212981177981  0.67831669230892222  0.69347802862477825  0.70795978928803316
  0.72173784042090872  0.73517205684681364  0.74843402470962617  0.76170777403731815
  0.77492071854462585  0.78790675623166717  0.80071404511098820  0.81329154774084234
  0.82563774672496093  0.83824439530653971  0.85084738905955226  0.86303806024650820
  0.87512051267036650  0.88719159399317138  0.89913871386356947  0.91065863318729390
  0.92226550652239425  0.93377525432702302  0.94512256912789250  0.95647731497832134
  0.96742864919785054  0.97832492927951509  0.98919357271943220  1.00000000000000000
 -0.00180720908651630  0.00888669796787627  0.01823878250766643  0.02880860436469026
  0.04003729752353864  0.05081005293509914  0.06048041128860647  0.06977544726760369
  0.07922633368391484  0.08847749996684397  0.09713588584692261  0.10584648594007375
  0.11453777614829269  0.12362209184622049  0.13349483296411441  0.14421141131066281
  0.15655275503869501  0.16998319381395885  0.18325213175357005  0.19533429487168771
  0.20686676297558554  0.21908809636823184  0.23082758526363023  0.24164120923138988
  0.25201220194123852  0.26233444851132109  0.27260810953803788  0.28328021063672626
  0.29330266068965216  0.30262423233130981  0.31170784326672440  0.32250069714838919
  0.33380961325137132  0.34456728335010384  0.35531137135417495  0.36767528641160457
  0.38094859974023998  0.39489888735728379  0.40867854881065729  0.42027791165178252
  0.43036352025917879  0.44017074267218853  0.45057413692831300  0.46132572459442550
  0.47203791910965259  0.48270405273413358  0.49354364997407563  0.50374543792031634
  0.51412462187925001  0.52528034329922446  0.53737443094544868  0.54855997509181997
  0.55967097720762815  0.57129461100195267  0.58347576242394206  0.59588778467229297
  0.60771334391605702  0.61875572149667668  0.62978912594271419  0.64063043888208204
  0.65093445189350674  0.66042615094201462  0.66987668230992403  0.67970298314296440
  0.68943539540689125  0.69890382159076436  0.70856088441890897  0.71868636605364133
  0.72948289918236486  0.74062039139330516  0.75169708192418405  0.76269184007732760
  0.77433496622171405  0.78588541976152504  0.79650796877823948  0.80627301640927029
  0.81582526288952106  0.82583520752979556  0.83607874396243942  0.84627939219806825
  0.85645023166951850  0.86639391780772101  0.87631917755908517  0.88625450381857129
  0.89709392380573338  0.90863407459131784  0.91899735258618487  0.92761622538693256
  0.93576474078052918  0.94388701111140871  0.95207056149271574  0.96085915259347376
  0.96988323509346686  0.97927913529923893  0.98963922469819099  1.00000000000000000
 -0.00351080953769769  0.01685691961368963  0.03171909345732553  0.04549131274960948
  0.05930836179725232  0.07286909224213944  0.08669681316201404  0.10135611454102864
  0.11490610807058345  0.12822126810065548  0.14225889007350662  0.15533048060714966
  0.16794147957265998  0.18013752512178965  0.19227301015160689  0.20396531867247228
  0.21506297087749970  0.22574687558112350  0.23640757828403733  0.24705618756130024
  0.25674968745647503  0.26654791290554847  0.27616178183331053  0.28745027583424498
  0.29803864258682822  0.30913698407457474  0.32066629543267078  0.33261157408779324
  0.34440332618876879  0.35608803703761266  0.36741304901830946  0.37924828492968798
  0.39105423860162392  0.40233488374833010  0.41292291343609072  0.42274475350406732
  0.43207904908321432  0.44122155921142453  0.44994930184864956  0.45894700630058016
  0.46806287748457903  0.47734420566377839  0.48701944130518504  0.49716014310371015
  0.50780143602404770  0.51833299783075870  0.52815062332113449  0.53783569088933159
  0.54765726187865982  0.55732764775155808  0.56656199865695900  0.57558039408865946
  0.58512051319410852  0.59528335985680048  0.60533730471338898  0.61494184812449337
  0.62410506809679978  0.63266707661958699  0.64175261668021955  0.65147243953687062
  0.66085546252502514  0.67016414644459354  0.67943042263184350  0.68875391912250483
  0.69793192198192000  0.70677484271465341  0.71558477586336000  0.72444753073186219
  0.73385206488952104  0.74379185625362121  0.75308033396924090  0.76164287551268106
  0.76991812397952675  0.77799321571664903  0.78638269710964193  0.79497765450073277
  0.80399231657097792  0.81364546919695913  0.82363345243144326  0.83347841335634976
  0.84393122415339450  0.85407764825125831  0.86532400344843585  0.87669244485433961
  0.88759335820579555  0.89798227122039109  0.90750693873019039  0.91757261477922525
  0.92817189369308872  0.93892881639569692  0.94977553551397231  0.96006846731863094
  0.96993035691944218  0.97960112888134931  0.98956141113985174  1.00000000000000000
 -0.00299528995529278  0.01085431770021193  0.02257400573427026  0.03379530550003450
  0.04515947581686420  0.05608361171405837  0.06733979368540875  0.07862054463892128
  0.08968169086939420  0.10029987145044328  0.11087321390439930  0.12147087017905407
  0.13191660487905463  0.14209242618513954  0.15222207174250188  0.16310028304319427
  0.17460089767988837  0.18645309778907443  0.19811312312744667  0.20875299176665790
  0.21785164805432541  0.22611085534957998  0.23387392977843793  0.24197642918986390
  0.25080276927881678  0.26026073412218664  0.26936725440220732  0.27878749080926513
  0.28791887750305700  0.29834881885966857  0.31015539387065827  0.32271391087233475
  0.33427454742077173  0.34370400055506245  0.35347047750028016  0.36276540821276654
  0.37202277441277015  0.38168093281489751  0.39202855912606771  0.40222941013029978
  0.41226047259818116  0.42182934185760051  0.43150370124262460  0.44135737017334126
  0.45128382001180078  0.46149010408685442  0.47150111321102711  0.48192498828020830
  0.49192199432066414  0.50186036890433305  0.51199442943318119  0.52207446016512160
  0.53278235075998504  0.54260004382046911  0.55212551114612007  0.56225485757486438
  0.57394919887519535  0.58566718957037356  0.59603909356523765  0.60703551603866979
  0.61783344081467095  0.62778270381696688  0.63790518931149587  0.64836814371004203
  0.65981585169046120  0.67067223498105522  0.68148767619659967  0.69192711854533995
  0.70149467333593307  0.71140617499196046  0.72081649122197256  0.73071389095493866
  0.74068915785088396  0.75094726494405084  0.76150420843255018  0.77218315199840504
  0.78284074135820114  0.79405779518547648  0.80596381667042494  0.81853972574306066
  0.83095501910167680  0.84324693150053542  0.85513690377707940  0.86651497811562217
  0.87793959419945788  0.88959590796790577  0.90046913648411209  0.91083351320627604
  0.92219583611400013  0.93336251786544910  0.94324350860145456  0.95277364742765802
  0.96338695980649880  0.97575430961996490  0.98789093396396832  1.00000000000000000
 -0.00188349918133310  0.00740702689038449  0.01613794332857308  0.02499054288711262
  0.03448332122596128  0.04484959282980259  0.05561852614338766  0.06615182098276176
  0.07635073898255847  0.08650473512163667  0.09691536127585118  0.10706815091811600
  0.11704842589506070  0.12695843094711828  0.13741797724357352  0.14826059892929150
  0.15850191663542409  0.16840169144854530  0.17797616384146484  0.18840370004152268
  0.19911707894210223  0.20949337763975212  0.22047056805518175  0.23186478694801255
  0.24415763361389892  0.25516809619675274  0.26577691453196794  0.27646600192693621
  0.28772513451438764  0.29836710262600280  0.30864658784230387  0.31894907840685832
  0.32913845534065433  0.33922611627843485  0.34978169233809803  0.36256909738273729
  0.37666105626084534  0.38902481585970511  0.40112164360826436  0.41354259266655091
  0.42544323004227141  0.43685240983432688  0.44805288321717757  0.45876695540205648
  0.46883763323748895  0.47889409890605822  0.48943438875338557  0.50065026086648090
  0.51365035362075362  0.52667645278357067  0.53892155724601321  0.55029303831768239
  0.56110397401357948  0.57138483088347292  0.58191771095474654  0.59266647763891966
  0.60352668731677195  0.61299122361552694  0.62278667535182319  0.63308393227796111
  0.64327288394793258  0.65320782700630198  0.66313088370230178  0.67470979598879288
  0.68754750216642557  0.69939497148890983  0.71075986908704225  0.72170691320613811
  0.73310855432774380  0.74475038957263784  0.75564280077423773  0.76583869277028149
  0.77602419948393708  0.78616277683206059  0.79538271793714621  0.80385171827633328
  0.81276509204382874  0.82354286183094783  0.83440488605022756  0.84560027005898464
  0.85735775322925833  0.87002765683013383  0.88174946545037358  0.89296423993265495
  0.90290489343822089  0.91250642277595151  0.92160557997041637  0.93036454163786431
  0.93914740188155155  0.94818449057671039  0.95744682748158227  0.96648360628901875
  0.97504029308872364  0.98324028467223046  0.99130984360593233  1.00000000000000000
 -0.00312753330234992  0.01155955363750626  0.02342146819349019  0.03536763668431994
  0.04663498067828830  0.05717951949036938  0.06779541606902414  0.07831223215809266
  0.08832912824736272  0.09905231627670412  0.11018051114958544  0.12194375257288512
  0.13284410861053220  0.14305855862344488  0.15298494903938772  0.16280951292819099
  0.17325153458639886  0.18382996543400967  0.19371963951846685  0.20318273832941960
  0.21231473745223364  0.22094708864018620  0.23004487404752186  0.23976531721416100
  0.25034832220360376  0.26131143188666206  0.27210573670785676  0.28302018078132457
  0.29392000718457623  0.30454558243192653  0.31457059723007219  0.32396928186996721
  0.33351214638641780  0.34307375133699131  0.35223293049837956  0.36206062189847787
  0.37247519688154990  0.38345526184466427  0.39427033827541591  0.40422271134885568
  0.41411752208606656  0.42338679189500955  0.43277814021736100  0.44275464901339123
  0.45259308633699047  0.46274486640391788  0.47406168636586032  0.48423866323165721
  0.49349838630720694  0.50292199691710071  0.51313674901119477  0.52364554202797076
  0.53379125402001426  0.54573350148285327  0.55912312686588017  0.57193495205804346
  0.58323236138314871  0.59308148768920343  0.60251177827466440  0.61169915038460898
  0.62037292220492823  0.62908912664340044  0.63847828585846145  0.64832342315356872
  0.65795883116116849  0.66724023405311950  0.67653322445986197  0.68618106193498563
  0.69665163596615287  0.70712012825035364  0.71762015937422396  0.72849649951233830
  0.73992708931570261  0.75137342439277588  0.76237409238230491  0.77362981811590303
  0.78516420415392241  0.79687342045876330  0.80819642573735440  0.81946540746877006
  0.83136591207717625  0.84440424357003030  0.85700608546254098  0.86776277936430912
  0.87778000567802550  0.88769116231741030  0.89788113649879731  0.90791683786318955
  0.91777256507144589  0.92842918128080787  0.93970040871799487  0.95134316259331664
  0.96315079889220601  0.97491409632386394  0.98710767373314701  1.00000000000000000
  0.04951712918487623  0.05886797100256123  0.06572049738868301  0.07344708888979400
  0.08091802306629915  0.08886267619935134  0.09538746936536646  0.10188545898616326
  0.10828300022161882  0.11563375131300632  0.12261216806771187  0.12912302685518195
  0.13515215051368532  0.14086858724368961  0.14631870147701923  0.15164213651703734
  0.15665844917457794  0.16142813451396409  0.16609685704737742  0.17061074429776468
  0.17509181661478584  0.18007888934099550  0.18502165026592646  0.18998205753413885
  0.19484903342326138  0.19982690771003761  0.20484181950042021  0.20978415457351055
  0.21478064532936736  0.21969550839419261  0.22456879726769027  0.22962256752018953
  0.23489229455460570  0.24004796998839420  0.24528274727901439  0.25052079163768959
  0.25600830365228144  0.26164662058797566  0.26730371518437668  0.27297428130518464
  0.27816431015306581  0.28328993388140400  0.28814102046490653  0.29310013630608089
  0.29830855606031104  0.30374705669841073  0.30951847590391413  0.31530969105251938
  0.32073590386557965  0.32644671969242367  0.33206935203972404  0.33810538636379345
  0.34410883279801058  0.34993000592051460  0.35559493318075341  0.36128045629583327
  0.36709879500761772  0.37321997775085658  0.37997606823046876  0.38691505830969714
  0.39386317437538093  0.40141937055497035  0.40909330828195833  0.41694280280694890
  0.42450388165485869  0.43169374649045267  0.43867326510442950  0.44560490889115728
  0.45295877430047793  0.46062777303191588  0.46832187564421446  0.47546425561128564
  0.48296377034771898  0.49061595766798105  0.49914089876890461  0.50847689808416774
  0.51803296710106084  0.52779190658444541  0.53776470238216556  0.54848332373518238
  0.55873342493849731  0.57063551633076315  0.58317516428215788  0.59786839388279189
  0.61204663105725154  0.62640751215813339  0.64142253723886777  0.65754038135282833
  0.67547017094661221  0.69562645009787760  0.71671692343444415  0.73986208480358984
  0.76848471096065252  0.80728563950104826  0.86283975371826604  1.00000000000000000
 -0.01430018647982862  0.09109839116494362  0.12964154026666924  0.15072532070714859
  0.16825926794446514  0.18389147361063746  0.19896786505660757  0.21226087743131286
  0.22383176419976650  0.23501637514056584  0.24560817701944207  0.25484124781414458
  0.26286264841220552  0.27090032899851774  0.27898597978276257  0.28740092037398973
  0.29646574424057964  0.30533637127091140  0.31350654563478814  0.32107865120062368
  0.32858631401930966  0.33618953316598693  0.34407633554175032  0.35179662263732114
  0.35927831746378175  0.36668611112961957  0.37414733782478826  0.38181746460597221
  0.38978613129168188  0.39690174553711532  0.40353238490927590  0.41002582113350544
  0.41617138130613096  0.42214800429228155  0.42806546773106308  0.43399837644389827
  0.43991042354222704  0.44566091853094519  0.45130368346700456  0.45691200432982371
  0.46251518093306898  0.46839909660724571  0.47432132790864923  0.48071633868110664
  0.48685066316273173  0.49295990047018218  0.49882155876333395  0.50444449950266790
  0.51023174266963045  0.51591792613832455  0.52144601943606261  0.52660478396053834
  0.53168736667369321  0.53649521146425661  0.54120738352198972  0.54586940069331447
  0.55065366213058142  0.55569662625498517  0.56070776171101144  0.56594190504576058
  0.57128193760224910  0.57676294898250102  0.58274595866383405  0.58922182048901339
  0.59578408669692995  0.60226408470383164  0.60897850314102409  0.61602594622360607
  0.62320734044084114  0.63065370153255917  0.63824047209487034  0.64615987430205046
  0.65360824919908178  0.66103536745522296  0.66835041546027185  0.67579145745577984
  0.68357940954098684  0.69184164264884240  0.70020044871592113  0.70824600610822053
  0.71623472692014933  0.72451280017580366  0.73370027000401516  0.74392691020725898
  0.75408534663382498  0.76373224482945912  0.77429183557635706  0.78552618323530787
  0.79706170680956867  0.80850132278334341  0.82251136749303655  0.83908921917968426
  0.85844135065156990  0.88330220606504661  0.91904479435379083  1.00000000000000000
   8.6305775072756802E-017  -1.0000000000000000     
 T T T T T T T T T T T T T T T T T T T T T T T T T T T T T T T T T T T T T T T T T T T T T T T T T T T T T T T T T T T T T T T T T T T T T T T T T T T T T T T T T T T T T T T T T T T T T T T T T T T T T T T T T T T T T T T T T T T T T T T T T T T T T T T T
  <DiscreteSampler_grid>
  grouped_processes
  1 # 1 for a reference and 2 for a running grid.
  10 # Attribute 'min_bin_probing_points' of the grid.
  1 # Attribute 'grid_mode' of the grid. 1=='default',2=='initialization'
  0.0000000000000000 # Attribute 'small_contrib_threshold' of the grid.
  0.5000000000000000 # Attribute 'damping_power' of the grid.
 # binID   n_entries weight   weight_sqr   abs_weight
    10   10   3.487401347396587E-005   5.096278014262694E-009   3.487401347396587E-005
    11   10   3.487401347396586E-005   5.096278014262702E-009   3.487401347396586E-005
    16   10   3.487401347396586E-005   5.096278014262693E-009   3.487401347396586E-005
    17   10   3.487401347396587E-005   5.096278014262701E-009   3.487401347396587E-005
    22   10   3.487401347396586E-005   5.096278014262694E-009   3.487401347396586E-005
    23   10   3.487401347396586E-005   5.096278014262700E-009   3.487401347396586E-005
    28   10   3.487401347396586E-005   5.096278014262694E-009   3.487401347396586E-005
    29   10   3.487401347396586E-005   5.096278014262703E-009   3.487401347396586E-005
  </DiscreteSampler_grid>
