 -0.00040263758954115  0.00199998440134823  0.00423852105473793  0.00659930907942192
  0.00897303619412694  0.01125602886192972  0.01403488390489746  0.01716567716031492
  0.02088909946433773  0.02500958456889486  0.02909561915320611  0.03361152135551658
  0.03856416088816293  0.04483380980520827  0.05257364487761980  0.06003953074630249
  0.06763191834544505  0.07543737974568941  0.08326224920628722  0.09109846602401708
  0.09973349103832538  0.11020628339580074  0.12146797560094497  0.13231955884936439
  0.14338338387743985  0.15538014483781137  0.16782390319238891  0.17931716377866913
  0.19067370253012950  0.20213788212388145  0.21320374684747639  0.22453671116664484
  0.23546103018036685  0.24622457170270623  0.25682466230086798  0.26763109458359902
  0.27955718977468552  0.29165698886796015  0.30244166626589236  0.31412360610574869
  0.32840930934435542  0.34118180846448776  0.35339455666783143  0.36534942306874840
  0.37712735824512905  0.38718817357045204  0.39723570845145056  0.40660199085249765
  0.41594871818625323  0.42486940224980219  0.43432426803464613  0.44454047154631748
  0.45656797611182254  0.47030983980571872  0.48354260170275282  0.49655717093641277
  0.50984108191389566  0.52097552584668039  0.53193442634867538  0.54364379317570544
  0.55742249336075667  0.56993333357506581  0.58054239271739616  0.59092276035032332
  0.60224332273233139  0.61452275302390713  0.62587417685109736  0.63576163526013885
  0.64525650732984463  0.65434678356044962  0.66323790302850405  0.67317491568686549
  0.68399489980989747  0.69417893234134997  0.70367172527049782  0.71215073129796080
  0.72181656072197764  0.73281343203488758  0.74496399496421861  0.75787658328716956
  0.77168597472664280  0.78659032180752975  0.80289399862618638  0.81871232851336506
  0.83322478278240075  0.84519635300420826  0.85617658004922392  0.86716672329585576
  0.87909304839994473  0.89186613014759208  0.90457928568819046  0.91775016375902030
  0.93112709817405914  0.94515327997765886  0.96372823457681100  1.00000000000000000
  0.00000358078114233  0.00000696200662303  0.00000698056558755  0.00000700203223791
  0.00001617886574544  0.00001922389347003  0.00001998928568268  0.00002092385112624
  0.00002140364970691  0.00002169387716428  0.00002206664647889  0.00002237720216497
  0.00002264480488486  0.00002288747337049  0.00002313374740473  0.00002339375224529
  0.00002368095869365  0.00002396806993910  0.00002423504432548  0.00002445730142040
  0.00002466443915872  0.00002489709088126  0.00002523049444937  0.00002555994654693
  0.00002580958745791  0.00002602969957172  0.00002624979247074  0.00002647538848602
  0.00002671740893893  0.00002704025134078  0.00002744905608529  0.00002779429791860
  0.00002812376414507  0.00002841437357109  0.00002870971552411  0.00002896122931747
  0.00002920796361679  0.00002944602188184  0.00002967915921778  0.00002993315703296
  0.00003021291570899  0.00003049908972559  0.00003080066993831  0.00003112602535157
  0.00003152398990476  0.00003192911851526  0.00003238293837464  0.00003281378500641
  0.00003323997608132  0.00003358689763417  0.00003402972456809  0.00003452444173469
  0.00003500448629149  0.00003558118898442  0.00003618819176480  0.00003678350390652
  0.00003740911254607  0.00003801431871643  0.00003861943961695  0.00003924264280323
  0.00003988340897549  0.00004054090614257  0.00004124707430850  0.00004190389933124
  0.00004251726101616  0.00004307418062854  0.00004365081407212  0.00004423433409475
  0.00004479034013203  0.00004532255281917  0.00004585271147033  0.00004640473585301
  0.00004696430317069  0.00004750535766367  0.00004826777664373  0.00004914645412611
  0.00005002412688415  0.00005091679787762  0.00005180883529527  0.00005271271810285
  0.00005363759651843  0.00005457554579478  0.00005587663547822  0.00005727485780680
  0.00005881391351032  0.00006076268954371  0.00006302513676217  0.00006607458142479
  0.00007039318544578  0.00007744340035949  0.00008250622236047  0.00008633088490582
  0.00008941691157033  0.00009231201442866  0.00009231201443913  1.00000000000000000
 -0.00239371119500417  0.01097479247698770  0.02238333350123870  0.03409930156686281
  0.04565872897204035  0.05701091333178302  0.06902368399647754  0.08139555215567465
  0.09370027296521177  0.10573957073255834  0.11774596110821697  0.13000901001945364
  0.14145603064944176  0.15202755633352516  0.16183892555541182  0.17092795250127288
  0.18023484769782233  0.19032699785405138  0.20057076390509473  0.21068392933497179
  0.22026928656429448  0.23041938727565850  0.24009552306158552  0.24997214522140701
  0.25992058785245786  0.26998621197906097  0.28031954086308780  0.29083000369983242
  0.30184264099483316  0.31324219279538601  0.32432159511104830  0.33491238934079115
  0.34569233982852837  0.35629393836519224  0.36819560910239024  0.37944795921085905
  0.39022523887551008  0.40015509113801845  0.41067614554083404  0.42164737355461052
  0.43323774258148112  0.44489496127604866  0.45638478806009902  0.46821913800107462
  0.47974725413902286  0.49076905893705791  0.50057427538317445  0.51001678758210667
  0.51880044055027374  0.52794591591501550  0.53722864028257644  0.54620783146306184
  0.55644651127718203  0.56607224548657287  0.57587877084131234  0.58643813456317140
  0.59740830165481207  0.60831145928123020  0.61897450366514217  0.62974302903796808
  0.64139206001239357  0.65356700610231777  0.66487350608595808  0.67509953206216289
  0.68446963826651541  0.69388093697871389  0.70395216950867801  0.71484470832682223
  0.72497955532430369  0.73427651997287324  0.74390097939404509  0.75422848489475036
  0.76480418325726840  0.77501055446773948  0.78628919064595360  0.79801846724459025
  0.80945879983144853  0.81816412224298785  0.82628491849644969  0.83342814474890703
  0.84004084014759650  0.84656028053348209  0.85343546717993657  0.86094145275107603
  0.86853132793516952  0.87728827677578736  0.88894855638316894  0.90144195889394652
  0.91378690436047105  0.92566396163020459  0.93690871550169874  0.94752012796889173
  0.95825941486805211  0.97050083127514319  0.98434726780218695  1.00000000000000000
 -0.00216037094265304  0.00912181172604798  0.01761924247992527  0.02731482773866000
  0.03717285251069573  0.04784530279046874  0.05831431800130558  0.06942281011715684
  0.08115260542096221  0.09213602472152045  0.10287181543878018  0.11423539225366798
  0.12379081987264917  0.13350965722242422  0.14391211784970434  0.15822528226234303
  0.17355753197131241  0.18646221839615690  0.19740820212407686  0.20781684221256114
  0.21875554118854912  0.22945832079433065  0.23782340006617531  0.24585891696183770
  0.25386483182225850  0.26179235546403617  0.26931373989527918  0.27681456967258272
  0.28429478623692017  0.29157665636578545  0.30125239786540697  0.31296415204032257
  0.32585701734261319  0.33869830288798652  0.35113983298917123  0.36299649195431488
  0.37418183843324149  0.38534974369784580  0.39551671617889306  0.40494862013283484
  0.41456357401464761  0.42577920479875969  0.43745394750736111  0.44912672680928939
  0.46130700056421714  0.47305356006442600  0.48387175315347580  0.49412202612235007
  0.50531302065232520  0.51758475920247238  0.53030939309263858  0.54325150736618888
  0.55643750681015969  0.56938069115355694  0.58206887279159147  0.59409232432381975
  0.60475360630014152  0.61439139647944396  0.62386956591661524  0.63405010255836136
  0.64381166440352033  0.65302673156433555  0.66209914053837504  0.67208555393974223
  0.68360185956434072  0.69547477207664954  0.70756070967544615  0.71858501964009902
  0.72921877966026227  0.73903370873997920  0.74835412527728029  0.75786214311362554
  0.76774105566670037  0.78000280753554407  0.79202899177504826  0.80410403689028864
  0.81483862331210721  0.82534140901149555  0.83565294294628212  0.84436214944648902
  0.85450907172383461  0.86507714898681198  0.87523761767146124  0.88376080886085129
  0.89154107800852533  0.90077828606682109  0.90980853986983801  0.91837750804128049
  0.92806494163066788  0.93816231003022976  0.94853615418749759  0.95914513476000773
  0.96883588283773203  0.97846889449491103  0.98921395266245915  1.00000000000000000
 -0.00162144291568314  0.01138142190566916  0.02294346711952486  0.03494119618507961
  0.04486112482067535  0.05425801001379914  0.06398629990949922  0.07443039456479621
  0.08714951290603581  0.09955100161443854  0.11041839610230453  0.12006414433551085
  0.12990828261804843  0.13983680026514858  0.14938953267463623  0.15792514142941716
  0.16601611559406135  0.17509426126298738  0.18441491802102833  0.19252635709108440
  0.19965577959379613  0.20695418724456938  0.21483591571570845  0.22286234798839977
  0.23057061992376310  0.23890504575675117  0.24645861609014702  0.25460154594833712
  0.26567219501518557  0.27670562650051034  0.28991215847601121  0.30188712667353607
  0.31450477920868353  0.32682189857134625  0.33826345405606789  0.34890732830925109
  0.36032914961271684  0.37336499168687864  0.38603961524872293  0.39764180645684466
  0.40925388926682854  0.41986586102914586  0.43098028932350652  0.44217280561448791
  0.45457691233009906  0.46792105157735631  0.48099708343370379  0.49263518682200891
  0.50388754125372759  0.51459136746854361  0.52716988053839686  0.54033698201280522
  0.55263424130264860  0.56496606286763684  0.57772317511921600  0.58977683387999591
  0.60034853518939313  0.61033689305517969  0.62055090454451811  0.63175921268206425
  0.64315421634504855  0.65420926456037365  0.66494618610412937  0.67542241128681602
  0.68612830986084250  0.69602583822587261  0.70617322582873221  0.71604467503459723
  0.72653336420226455  0.73554641890840833  0.74355119747296949  0.75225810881909350
  0.76165013241097257  0.77078004303276104  0.77965395904249513  0.78913321897414790
  0.80106024437700896  0.81444229800823542  0.82657414376620086  0.83778672160357193
  0.84882553661191873  0.86052772959850365  0.87294229339439156  0.88496213924965328
  0.89606276552653508  0.90670514243939959  0.91725041305788269  0.92720664919016060
  0.93661323861184587  0.94556975454620995  0.95450597710091367  0.96414940630993062
  0.97343075066980644  0.98246835777653774  0.99133788788175470  1.00000000000000000
 -0.00223744193569872  0.00886334508702990  0.01941331302673022  0.02991971030114492
  0.04051326646539435  0.05347768414615982  0.06633956441039257  0.07803959183708245
  0.08868211946168163  0.09924397385810001  0.10988309814765124  0.11961967306544433
  0.12876354817073146  0.13835629789706919  0.14996608854749685  0.16205722938945033
  0.17398033216458011  0.18516853829781429  0.19707474168694686  0.20855731038267844
  0.21943745978086965  0.23038508323166884  0.23685339830072430  0.24385963397546545
  0.25112780870979823  0.25913351389363265  0.26632372500307366  0.27342601155296337
  0.28032936284879584  0.28666898891900811  0.29484169351377104  0.30649662302398334
  0.31795919699002234  0.32933266997411387  0.34166241409271420  0.35430197216572451
  0.36640269001644504  0.37757390324030288  0.38849842434495802  0.39950655289005144
  0.41020721913828856  0.42159027385901254  0.43338815286869858  0.44663332855318716
  0.46078049860577347  0.47341913344341569  0.48483054457702490  0.49664886777367206
  0.50969566603078731  0.52409086312857744  0.53779639802779844  0.55123440455312400
  0.56230377559185596  0.57351342429605690  0.58419718633950479  0.59562019912122099
  0.60590490347545911  0.61584729875529576  0.62614474229788042  0.63688830498153404
  0.64737613543434169  0.65557960395245596  0.66343966258403919  0.67170021330208707
  0.68032620246429165  0.68905205743688180  0.69635688565655240  0.70324673778149704
  0.71091239644991877  0.72124315289544194  0.73300583606011660  0.74435077105710501
  0.75423795446873743  0.76332089552672755  0.77296914973866926  0.78431863314272332
  0.79721890462010381  0.81097444868381829  0.82439755611180188  0.83617631593251418
  0.84577764105274966  0.85424883435501919  0.86331167213241589  0.87335748802006341
  0.88426113354106095  0.89564120045176698  0.90706205155675290  0.91747332061529052
  0.92751828123354596  0.93719019134051296  0.94631923371326210  0.95618274693036054
  0.96625418718830181  0.97695769572356361  0.98839542282836756  1.00000000000000000
 -0.00289629009512734  0.00761639218822758  0.01883071075827414  0.03046235551063223
  0.04226784804556041  0.05417972972184557  0.06608169711039738  0.07762899726547025
  0.08908220761096552  0.10145129540083909  0.11504179370261194  0.12860361492839195
  0.14215308436537791  0.15604193909583217  0.17024274202770606  0.18447560587068282
  0.19812143747509070  0.21122502387979200  0.22482640408080587  0.23939501695730731
  0.25327192523822900  0.26648445866008902  0.27921036056286525  0.29177448690833957
  0.30404609397729421  0.31648805424625942  0.32931940031526041  0.34257851513941584
  0.35669339452010546  0.37040600242643290  0.38404832547344397  0.39767518047341061
  0.41102442458288474  0.42457182217911554  0.43776520082274495  0.45098299379348261
  0.46492427548323895  0.47881633762592712  0.49271272010234701  0.50661228715256112
  0.52043248133779718  0.53429193544184350  0.54790648782612206  0.56115996132685309
  0.57446204032421511  0.58777011011377789  0.60122968226341289  0.61518949697342473
  0.62987335888960150  0.64406343233016394  0.65862337487852163  0.67327932832328463
  0.68780817433265251  0.70368543394721406  0.71968079113082162  0.73513504076118308
  0.75009512653584587  0.76466201167826220  0.77854610934473745  0.79282208064958792
  0.80719965092006407  0.82175034293974392  0.83669057429282334  0.85206427179530753
  0.86635352680671773  0.88045129048058646  0.89372329345154666  0.90587728029977854
  0.91805022475528097  0.93056063988940230  0.94268901829118201  0.95298894258234701
  0.95844681047253488  0.96055150087581798  0.96262099115428357  0.96472103557837308
  0.96665518662254790  0.96863870694058751  0.97058366945422803  0.97242561663732530
  0.97427229564706652  0.97622911032378212  0.97827015175989251  0.98014303280169313
  0.98179530702566742  0.98347513398681374  0.98504699203600576  0.98668395415801069
  0.98827153239400511  0.98988451178870329  0.99158349415100655  0.99324027360690648
  0.99486894511322532  0.99655675465831273  0.99832655305719908  1.00000000000000000
 -0.00196430055804758  0.00935301869413884  0.02045881227145448  0.03268064524225280
  0.04585319119248043  0.05807175598254435  0.06952927102338229  0.08102002680176140
  0.09316563448573900  0.10490755513150503  0.11583667981866673  0.12689451403950727
  0.13791887263657801  0.14851069072743647  0.15782587060792524  0.16723634493057474
  0.17773444794492876  0.18881811263874815  0.19960942410164353  0.21041834405021365
  0.22192798079639298  0.23350817664831816  0.24477227087816839  0.25611729873266353
  0.26789428871959597  0.27899417277765931  0.29026622418971876  0.30183931883255766
  0.31281856614038128  0.32201467014979662  0.33038867129026461  0.33774616069211033
  0.34471229146362614  0.35172689600143292  0.36018572373207142  0.36825648919320769
  0.37719366403599081  0.38643317837141106  0.39633329815795398  0.40643346604133757
  0.41691563704943374  0.42773047331600550  0.43825012823015469  0.44851610277402187
  0.45876614083418388  0.46886077030715922  0.47897918366030412  0.48951050861334339
  0.50095229870247093  0.51219252535357274  0.52407184402348894  0.53711841281206707
  0.54983800738418553  0.56211807962610283  0.57427679869427595  0.58708343139372188
  0.59960718881938457  0.61186209839001326  0.62295045434063434  0.63340091285955380
  0.64353258001255476  0.65334823471265124  0.66298411637102972  0.67235248509342493
  0.68200044199726695  0.69230691480438000  0.70345730315033417  0.71554864087251835
  0.72813401277885725  0.74132313383752457  0.75300795199303749  0.75994869974169310
  0.76805683193789287  0.77626140079130079  0.78416236127762273  0.79191060506088196
  0.79967972402106757  0.80732109041251143  0.81641726438340545  0.82729904554448552
  0.83803550425686657  0.84840243357025369  0.85806571013878485  0.86718857465598476
  0.87601419644492917  0.88491832491171785  0.89580970791369696  0.90664031742238527
  0.91871837195488648  0.93091120199909316  0.94257055694442060  0.95416722058800674
  0.96552398602669642  0.97820106663815987  0.98905759164283824  1.00000000000000000
 -0.00181004602938421  0.00810723019964948  0.01712990046233386  0.02707564091197342
  0.03753431015800555  0.04734104811871073  0.05724203781548546  0.06824867779457942
  0.07956354438038306  0.08909654530747890  0.09782788514214814  0.10669117132829885
  0.11475992344442908  0.12246586968780453  0.13022201008817191  0.13796227462185032
  0.14596428934308189  0.15611057076135459  0.16642557333408370  0.17660589663551524
  0.18741577232567361  0.19906323564728523  0.21006077868113843  0.22045938157381240
  0.23167675270405175  0.24385789930347207  0.25634091472914133  0.26879366243108771
  0.28170339476022327  0.29554873609954707  0.30833327716584974  0.32015331335433445
  0.33190070266270866  0.34355374937626831  0.35437949029480664  0.36414674929727653
  0.37353859042937532  0.38275478795740520  0.39206929036041044  0.40072410115610252
  0.40884178180590081  0.41717295463444742  0.42605795027935084  0.43882312205576390
  0.45058423309316203  0.46022458553048567  0.47016288686219787  0.48039401959675798
  0.49132945447855092  0.50178748890302050  0.51112931740400658  0.52052650758267849
  0.52997921385250957  0.53850574406966867  0.54916820196020122  0.56153637378209176
  0.57426536453733501  0.58631717367365010  0.59720528280491258  0.60750803605040937
  0.61739420675425005  0.62766728664650706  0.63897652438497732  0.65153919198924193
  0.66495345524039196  0.67790423384685150  0.68958470076856682  0.70062901615853468
  0.71165081585320134  0.72290204217430543  0.73398846968720888  0.74404295173630886
  0.75313810576763052  0.76192058159798737  0.77122315405800401  0.78176050967835287
  0.79356584036735800  0.80485776713995150  0.81574354783708325  0.82657889388573669
  0.83725645279286509  0.84763416693358296  0.85811112456261762  0.86859825260783319
  0.87815382564297573  0.88796780912890572  0.89905564409620631  0.91095217022789976
  0.92201837466500403  0.93251386668119329  0.94324277714313032  0.95479206824959939
  0.96590132243132576  0.97669902483423576  0.98853670502326896  1.00000000000000000
 -0.02007679745463816  0.12109165031408056  0.16601178568179728  0.19622378542205884
  0.22296401978352079  0.24712953878320834  0.26962560662598689  0.29019467543219268
  0.30933861352397640  0.32541724112340747  0.34050811883832882  0.35418759470921074
  0.36499770881572596  0.37417356472237384  0.38385620846019258  0.39370158840698377
  0.40370805422199518  0.41345723333923956  0.42313486339053724  0.43349235741795789
  0.44348237169238980  0.45432728761658386  0.46537698353457030  0.47565267834549402
  0.48587432611912912  0.49616494243590226  0.50744223373878483  0.51735149518048784
  0.52717531197388223  0.53679248543863822  0.54650057419179843  0.55513410150349718
  0.56309982268138381  0.57034143772974166  0.57714834837292417  0.58450601005919323
  0.59292557529556478  0.60180447076108468  0.61052890363696921  0.61855488906214029
  0.62670037578228721  0.63516971418179258  0.64404791367417602  0.65276577552397308
  0.66022996990992822  0.66666080094103786  0.67299940017528104  0.67925015981154058
  0.68541071312987678  0.69139939101111136  0.69721440025453241  0.70287832032975561
  0.70828464946372771  0.71356631791515557  0.71878288862451456  0.72400260539519812
  0.72935598745571650  0.73498395546380590  0.74082190018083294  0.74697801299970934
  0.75288722300073407  0.75832239765755938  0.76365227247903289  0.76859432499334657
  0.77344461024516831  0.77835627993170342  0.78330180028771756  0.78833126008960641
  0.79326512379262049  0.79845862879837570  0.80346754714168500  0.80856401671124856
  0.81382250759736252  0.81917381310873405  0.82469042494986822  0.83016470692669531
  0.83643951664164284  0.84262847801732843  0.84874850193787343  0.85441629078271653
  0.85889046814929060  0.86305160633249811  0.86726011060761621  0.87149591757107758
  0.87596315265956570  0.88086444067277558  0.88568110778807618  0.89093581553173518
  0.89607843087229522  0.90178495288352956  0.90792274318999022  0.91459185619725458
  0.92421568910568053  0.93745253257736738  0.95695401543992631  1.00000000000000000
   4.5745665214904580E-035  -1.0000000000000000     
 T T T T T F F T T F F T T T T T T F F T F F F F F F F F T F F T T F F T F F F F F F F F T F F T T T T T T F F T T F F T T T T T T T T T T F F T T F F T T T T T T F F T F F F F F F F F T F F T T F F T F F F F F F F F T F F T T T T T T F F T T F F T T T T T
  <DiscreteSampler_grid>
  grouped_processes
  1 # 1 for a reference and 2 for a running grid.
  10 # Attribute 'min_bin_probing_points' of the grid.
  1 # Attribute 'grid_mode' of the grid. 1=='default',2=='initialization'
  0.0000000000000000 # Attribute 'small_contrib_threshold' of the grid.
  0.5000000000000000 # Attribute 'damping_power' of the grid.
 # binID   n_entries weight   weight_sqr   abs_weight
    10   10   2.476663125459985E-014   2.003846187852908E-027   2.476663125459985E-014
    11   10   2.476663125459984E-014   2.003846187852906E-027   2.476663125459984E-014
    16   10   2.505668078124113E-014   2.080086413548316E-027   2.505668078124113E-014
    17   10   2.505668078124112E-014   2.080086413548313E-027   2.505668078124112E-014
  </DiscreteSampler_grid>
