  0.02520893927105844  0.02647705776143336  0.02833597557491460  0.03082563221513264
  0.03424331831960483  0.03814402639454870  0.04253172276956144  0.04738671605793141
  0.05295992302243096  0.05897957520452385  0.06516766287195601  0.07143891382183751
  0.07762129899795417  0.08369037294706025  0.08975024895327482  0.09560269435292738
  0.10176153184312123  0.10867280030486136  0.11620494646920052  0.12361531851279575
  0.13095246027240459  0.13840996488823787  0.14604355447291981  0.15389232627533131
  0.16204315128220476  0.17087484248273321  0.18003994474493309  0.18823545071935258
  0.19522884080207822  0.20154326707000950  0.20779236702548823  0.21400794738349341
  0.22048990781553718  0.22757342671508834  0.23504384101864709  0.24267151621322605
  0.25072527816724027  0.25869618011662837  0.26508425235007088  0.27148793326856124
  0.27800543460768556  0.28534262273342137  0.29319813934309885  0.30029399497612469
  0.30785773759044982  0.31659894537570143  0.32652128572428768  0.33613964217968428
  0.34558845542040839  0.35554527283244797  0.36643452281314087  0.37769845234906152
  0.38857873850793306  0.39858002331333597  0.40807347185392978  0.41799560665223562
  0.42862588630298815  0.43886976772419234  0.44856895246713874  0.45825304135280326
  0.46887481519069080  0.47913981736065725  0.48838510134141483  0.49765164274449081
  0.50793068296657529  0.51856533423361217  0.52908719877432309  0.53883549062300984
  0.54845772055371134  0.55772277943954884  0.56683816816952770  0.57719210751484507
  0.58863485744611943  0.60233519137328417  0.61816655859195313  0.63285697618271075
  0.64493824478347250  0.65678937835327456  0.66898680847728298  0.68070594347704350
  0.69182742862519453  0.70314381790071734  0.71617353144448059  0.73114648284661465
  0.74582604016809251  0.76069833986604396  0.77465410120505496  0.78667305117260733
  0.79965370952927284  0.81452138947930841  0.82919412836692319  0.84552131054720381
  0.87149209924829263  0.89813676866054315  0.91879191714886699  1.00000000000000000
  0.00003786093810452  0.00003857479619296  0.00003899760681846  0.00003934420645672
  0.00003963277267949  0.00003991724902995  0.00004020864073553  0.00004049707270473
  0.00004076813540426  0.00004101956280213  0.00004124050532218  0.00004145134063175
  0.00004164255020062  0.00004182899698264  0.00004200175425695  0.00004218917062845
  0.00004238626087520  0.00004258590415520  0.00004277229130975  0.00004295981609165
  0.00004315433979811  0.00004335583347371  0.00004358535736765  0.00004380601315663
  0.00004403090469305  0.00004425248896247  0.00004448134998557  0.00004470906573913
  0.00004493311983814  0.00004515793114784  0.00004538692054425  0.00004561783169936
  0.00004583942407586  0.00004605685880706  0.00004627456351821  0.00004649121213516
  0.00004670478898511  0.00004690424491187  0.00004710831333222  0.00004732243628647
  0.00004756001051462  0.00004782451888864  0.00004809683956045  0.00004835067509977
  0.00004858972930026  0.00004882442052994  0.00004905872158327  0.00004928616969454
  0.00004950414844158  0.00004971797035647  0.00004994615562144  0.00005020405336298
  0.00005048328241782  0.00005074494217318  0.00005096506345534  0.00005116613855064
  0.00005136335545730  0.00005156788904774  0.00005179315145883  0.00005203557392611
  0.00005226271202574  0.00005246498006914  0.00005266109514096  0.00005286083495286
  0.00005307912199581  0.00005329936615970  0.00005352045887964  0.00005373102524994
  0.00005393392326716  0.00005412464695765  0.00005432036668004  0.00005452616167812
  0.00005473695098037  0.00005495536930638  0.00005517125417293  0.00005539426719400
  0.00005562596248318  0.00005586410714786  0.00005610601315077  0.00005635598578138
  0.00005661811620185  0.00005690443365233  0.00005719758844038  0.00005749183740553
  0.00005779812603909  0.00005811080492128  0.00005843707928876  0.00005874623946310
  0.00005906466554111  0.00005937818638005  0.00005972999085215  0.00006013190055963
  0.00006060196847242  0.00006102846950734  0.00006113866730626  1.00000000000000000
 -0.00361687596406495  0.01642923480389797  0.03088512413378445  0.04684521658044200
  0.06280843185015242  0.07837452188043284  0.09224305389892881  0.10576976925300929
  0.11926460687204671  0.13341061185725100  0.14686375929366743  0.15984434280242091
  0.17155322551181060  0.18303541880341118  0.19489517323782701  0.20758610478830036
  0.22165259108364527  0.23514681325471981  0.24755122440385249  0.25925227768556419
  0.27070304592480293  0.28257743190126255  0.29482108054425471  0.30577449063331508
  0.31571729533158299  0.32546006727858129  0.33614862239620363  0.34797415729805653
  0.35998771729457169  0.37169033849387956  0.38245766436856987  0.39291443954036437
  0.40386967931885609  0.41488241252431812  0.42571319069262731  0.43568402680399965
  0.44588054379924486  0.45683608045162138  0.46806278932827716  0.47937288551289592
  0.49003552624213126  0.50117841624803849  0.51164935518039012  0.52217327803732538
  0.53253627556446426  0.54340320621060223  0.55320927094674377  0.56226421036732055
  0.57058507108262047  0.57931965294966770  0.58831727808425593  0.59732762101341419
  0.60678715799966199  0.61619991399311880  0.62631486659978752  0.63666683251783596
  0.64702324180879789  0.65698001379602089  0.66652396552445081  0.67916699103263123
  0.69020188087240397  0.70160077176306546  0.71076497812449313  0.71962645703386463
  0.72895058478935271  0.73778424742321647  0.74968272169565320  0.76190944047166265
  0.77310681802827153  0.78365802436161192  0.79332103729566383  0.80273526009056961
  0.81213463836764399  0.82093960124540366  0.83001038968224217  0.83913016701379828
  0.84811475623707888  0.85767638518654377  0.86659026159995090  0.87573584095731838
  0.88533246893646278  0.89564320283604637  0.90493796804422044  0.91328441247752468
  0.92139468902011445  0.92939888004890858  0.93837218600278549  0.94735772957249120
  0.95712723923066489  0.96385344225528991  0.97082903523111774  0.97720924089138994
  0.98303088265105998  0.98908630771120398  0.99477239334748924  1.00000000000000000
 -0.00275669015093832  0.01092567176799425  0.02278184824426706  0.03520061443556119
  0.04754010788745623  0.05827069309455393  0.06802899454773105  0.07763058867288108
  0.08800202966421457  0.10005411907106967  0.11295868647028894  0.12465851797074878
  0.13556769940870009  0.14569386125206263  0.15537153118416011  0.16629730820026420
  0.17569854366597146  0.18605449430735382  0.19637864669109639  0.20649083930517032
  0.21558733666752700  0.22352539719242670  0.23172699213561282  0.24033217315114977
  0.24886283844003218  0.25716682649124584  0.26560146648701594  0.27463355433317088
  0.28396916513490073  0.29419436081975681  0.30469094894791721  0.31425615654220806
  0.32407615259603362  0.33377654336658219  0.34328067833691450  0.35206928733188952
  0.36122308147223248  0.37071159970991041  0.37882813433192875  0.38607213231227783
  0.39359475054412574  0.40105663396726310  0.40845078634075205  0.41526441370809031
  0.42287432476420456  0.43046606439205054  0.43936881696120489  0.45166468456214121
  0.46429578424367768  0.47660596440971620  0.48914161946300605  0.50205322108237005
  0.51365914614667207  0.52493671070963210  0.53550493434382263  0.54669945661698716
  0.55794655792802472  0.56887447343234254  0.57930111043660903  0.58960283818451376
  0.59976665138527885  0.61088632677567334  0.62135332735338522  0.63185628578394260
  0.64224400189338826  0.65298821489052161  0.66447949090589675  0.67611442590618998
  0.68764247088701602  0.69874274766440947  0.70998777701800708  0.72069420683370600
  0.73066456431209914  0.74006839782551759  0.74999737763225871  0.76091458718420690
  0.77414409233623349  0.78577233527301016  0.79692568954753640  0.80692744250887583
  0.81809654475909732  0.82884243277513359  0.83973952645516259  0.85099434995163969
  0.86271687897505256  0.87523298021216600  0.88832361974886087  0.90190524848496234
  0.91527958396360087  0.92819986268280918  0.94101867488086433  0.95382815074250016
  0.96610493086405735  0.97775083257330231  0.98914271481707194  1.00000000000000000
 -0.00194452053948562  0.00650556832728823  0.01546338715317653  0.02417808486686775
  0.03362515213075926  0.04400348893787887  0.05481453799800387  0.06568904501717034
  0.07737775296911222  0.08888665483036595  0.10190273816809442  0.11459338125320742
  0.12770409172094241  0.14037530247874866  0.15327972677893476  0.16480319486180728
  0.17578574495850943  0.18608747975895254  0.19598566750151045  0.20598540546469402
  0.21610607842405199  0.22610501591719723  0.23635694570926308  0.24676032561856753
  0.25887217715635052  0.27085555076505474  0.28295877271048653  0.29471335912657759
  0.30690759167558179  0.31670616465413842  0.32557517049334922  0.33318126824512223
  0.34083984102636844  0.34929816970587674  0.35835553670438791  0.36680967409450199
  0.37488824427533518  0.38812392093594844  0.39959603769810687  0.40805711110152176
  0.41643739586963613  0.42488435766861082  0.43462543821515531  0.44465999437660475
  0.45403715126467226  0.46417594799704731  0.47444610332945208  0.48374348698815739
  0.49216467095787725  0.50126457746327779  0.51183422220580899  0.52347384092572780
  0.53566595343966028  0.54824485426767899  0.56120323737849387  0.57379166001579074
  0.58530008290479096  0.59548424654721688  0.60564999251917329  0.61575004899466834
  0.62515200805230420  0.63403699661006707  0.64241507683496346  0.65115914946841147
  0.66045868484355652  0.67060405763225395  0.68219456664216249  0.69310673394900124
  0.70330549943111309  0.71387816435383122  0.72427894858905650  0.73649421786693581
  0.74828310318878344  0.75980244190634605  0.77135799690012541  0.78176588603650154
  0.79126793443280163  0.80095669390495794  0.81077659603506558  0.82198218776329923
  0.83257770504993489  0.84356682071479583  0.85419121520450680  0.86447257236605324
  0.87472851414693997  0.88513466050704515  0.89610886417822266  0.90689710041798299
  0.91810811287596306  0.93032366830219559  0.94388443559536195  0.95758419383823867
  0.96901689761125354  0.97905704292923468  0.98921068972094528  1.00000000000000000
 -0.00197756397374958  0.00860551504053932  0.01768602761128057  0.02660694349656143
  0.03576006489565718  0.04451682158844136  0.05356561988320286  0.06426784188540111
  0.07769816253194149  0.09085215165118152  0.10345585581373813  0.11637504707793762
  0.12830154173145622  0.14101237422508767  0.15266243703231414  0.16422850585896054
  0.17476650517388148  0.18391369128123855  0.19302496044052855  0.20184233708658170
  0.21106728338099459  0.22140278937628061  0.23356631863162852  0.24747624512371541
  0.26076855440817104  0.27085804586360440  0.27969484329350541  0.28851396602574370
  0.29863466346349454  0.30888405169512290  0.32032275071994620  0.33031980616109979
  0.34109322074656612  0.35158531191104336  0.36232411105808682  0.37364390169107176
  0.38557940323490725  0.39767387222539968  0.40948691136625531  0.42054817126398303
  0.43129000336040652  0.44211218306324845  0.45398790452494286  0.46737953108150937
  0.47967384541403169  0.49008413559003511  0.49989938551669999  0.50870069275365659
  0.51947925863823696  0.52980725554165475  0.54132612618922105  0.55132317383645257
  0.56187550730386360  0.57210108515134439  0.58302412504600032  0.59436163072354431
  0.60683313837783126  0.62010873752834517  0.63228084372225191  0.64235903150601203
  0.65102961472565379  0.65815999443730011  0.66740970871871275  0.67664022324181772
  0.68609743410805935  0.69573814330637440  0.70572989984330348  0.71727703438078427
  0.72920076527885436  0.74048926779308588  0.75115855532310405  0.76089290006449029
  0.77087356773646676  0.78024302554888081  0.78952934834715915  0.79983107173848345
  0.81016232265461696  0.81949685139849016  0.82802410735986953  0.83644708300105908
  0.84468060949298451  0.85261801294257611  0.86022797301679310  0.86836245883192043
  0.87834054777082515  0.89112840760512113  0.90404317050484628  0.91568947778136545
  0.92684674019135960  0.93827141454458607  0.94993550086646084  0.96111386566692458
  0.97060541625023289  0.97996867571620883  0.99002537970063620  1.00000000000000000
 -0.00100140866034952  0.00645727199491596  0.01301700865579325  0.02038238270541054
  0.02912111418628118  0.03948798340184048  0.04956032233342289  0.05892326228229430
  0.06868797580177036  0.07991772632225520  0.09174683057738867  0.10211598290492277
  0.11225656832321546  0.12240693949462632  0.13345257363951890  0.14601633842165995
  0.15871601139701999  0.17028133196332557  0.18045845039739167  0.18965615607171213
  0.19880943118701128  0.20835607686982702  0.21840523000614101  0.22896007787767025
  0.24015288820814909  0.25214149284900889  0.26482818634454458  0.27764574553151872
  0.29066234670631336  0.30410021618279071  0.31896405964550684  0.33368140107865268
  0.34658355427509185  0.35749183990916000  0.36792363909132964  0.37741527956783705
  0.38558988324307658  0.39439554466047710  0.40367033265575103  0.41437085697693871
  0.42631480390055643  0.43812761338092654  0.44871090869158042  0.45878571171793903
  0.46867712496190006  0.47844469984233595  0.48651157621104291  0.49479484808643603
  0.50284296426065955  0.51051204201856104  0.51892302769263132  0.52694900839142922
  0.53415315814391207  0.54174934990323365  0.55160148022409827  0.56342878259666906
  0.57596650228097801  0.58843084538420420  0.60041986954648785  0.61264711563669727
  0.62444116705458808  0.63567217105558482  0.64668026167278891  0.65834303671572325
  0.67133613524061553  0.68479544512570212  0.69734095825821885  0.70835568797639292
  0.72054355814043447  0.73183900061857754  0.74291104903156446  0.75382190773449731
  0.76439930809541079  0.77426458880410587  0.78333169152173499  0.79258223099567471
  0.80380651090036248  0.81435059394259712  0.82336787464534289  0.83282061475124980
  0.84234415436807697  0.85329933494622356  0.86559227598281363  0.87636678446450267
  0.88603390940019822  0.89484205505465797  0.90336377997643669  0.91200741484928449
  0.92025764391965692  0.92961189501865682  0.93951122961085154  0.95110500783608209
  0.96270964648177104  0.97581067736005522  0.98785106269146050  1.00000000000000000
 -0.00203870995139971  0.00731524132139947  0.01644604401642545  0.02727509788676398
  0.03943357675403219  0.05240515866572872  0.06412445953904224  0.07598032161332223
  0.08546774188763898  0.09451980919200077  0.10341268416972775  0.11033742632018846
  0.11892254858703970  0.12776448528279474  0.13634712069566729  0.14503010755049195
  0.15305990056236488  0.16151011082129962  0.17388239771308792  0.18734446839254776
  0.19904374702177388  0.20985871489232472  0.22083704030021206  0.23260818900819860
  0.24431504151479871  0.25715933839642802  0.26936805327483082  0.27955853603895298
  0.28868699357481487  0.29755916944130645  0.30681399453748287  0.31588015449475648
  0.32552525739060223  0.33440055077303782  0.34450391750950721  0.35466485909880435
  0.36434915408038682  0.37542223482849435  0.38627576841648298  0.39703946642782401
  0.40760763581852288  0.41848545941367765  0.43009163601571043  0.44059933064870321
  0.45025090623876396  0.46099099522926656  0.47139688351656822  0.48189037675766849
  0.49227812960010581  0.50412504936842328  0.51661203870952122  0.52792670702745692
  0.53830139012090172  0.54928273044252973  0.56170769147089306  0.57445462639732603
  0.58473073076473858  0.59321623340733409  0.60122984859921913  0.60984159521521042
  0.61955859630015109  0.63052808045141151  0.64192054577493152  0.65272948603677550
  0.66384367151299406  0.67487505645506807  0.68734731198038079  0.69988983445561137
  0.71355577495989031  0.72604273360265181  0.73699838071338664  0.74696623970705667
  0.75734465675258489  0.76890446782328437  0.78105309597877359  0.79297775730940889
  0.80389039876464197  0.81345177423147164  0.82283713630710142  0.83242310640514261
  0.84135786524615519  0.85057822686112505  0.85982719201782187  0.86929440559728788
  0.87887609320628535  0.88847849807586299  0.89853441260696498  0.90882323062742776
  0.91866298942185987  0.92828432077398793  0.93807887901770015  0.94854864902807556
  0.95974763215333203  0.97303307544956907  0.98601539477808309  1.00000000000000000
  0.04958045895153070  0.11058011137461467  0.14881690896958094  0.17767910650889474
  0.20218820369146878  0.22531455418312088  0.24633863765881581  0.26670484184284426
  0.28583990954269589  0.30432918042777196  0.32036201576099282  0.33667190532400876
  0.35366278460196704  0.36977736503868941  0.38529273505452316  0.40073431862428982
  0.41605444405782022  0.43052516948860642  0.44374472055960235  0.45650029434216643
  0.46901291871413214  0.48098042382862655  0.49297909656998173  0.50497162925373140
  0.51707767381245562  0.52934721393201900  0.54049413211476638  0.55088412559603261
  0.56051599097238336  0.57018829559399786  0.58045526340911413  0.59014702052501211
  0.59997358283574997  0.60920224731962602  0.61713687731758160  0.62485647048391746
  0.63201599327513980  0.64006619305658596  0.64871357105730953  0.65761727248022017
  0.66499965088324176  0.67226716068574954  0.67991742721864901  0.68823728051656663
  0.69671691817718640  0.70550559314986072  0.71441896346560940  0.72248720961514934
  0.72961444833073785  0.73645167956986235  0.74369603248001559  0.75084900363807916
  0.75728010058945439  0.76317232734714491  0.76922371689478108  0.77574004803765517
  0.78258796134739372  0.78908478658692227  0.79504847407087353  0.80075409428272992
  0.80618786875397097  0.81162595541173577  0.81758281326330506  0.82350897154253977
  0.82977797074383675  0.83564200364451835  0.84071475014388120  0.84569108974581675
  0.85046148474197891  0.85547911003253052  0.86104749024340610  0.86688667564302535
  0.87238302810466728  0.87724997715880915  0.88200811269335566  0.88670183295262106
  0.89121598756484921  0.89692189739897921  0.90264943266317765  0.90853146931550488
  0.91454091436731533  0.92032178505845030  0.92576218161656243  0.93090200315240479
  0.93592352353362518  0.94091509875179591  0.94574204389277683  0.95030024169719374
  0.95456789320073643  0.95847193743753689  0.96119007474298079  0.96371237466679693
  0.96615707143771912  0.96847548637215386  0.97047344400240287  1.00000000000000000
 -0.01730094593258916  0.10613639341064905  0.14834936345172567  0.17486525992721202
  0.19627332299328909  0.21530564331577695  0.23240116027459951  0.24910139127424347
  0.26447431734507404  0.27831388478752900  0.29041257340707033  0.30200616716815454
  0.31336019177173458  0.32440509675982432  0.33483818774444812  0.34513995566502464
  0.35597573562662282  0.36677117036157936  0.37641880385529014  0.38508102299793878
  0.39347744341212376  0.40283233782020683  0.41313031438955861  0.42341617163232453
  0.43185252114778605  0.43955476373992514  0.44754297959628309  0.45550913312315894
  0.46343530996551030  0.47130323546973563  0.47880069647454560  0.48549029072054783
  0.49195727357035091  0.49856487038585551  0.50568279102559455  0.51304748758039420
  0.52077599654649298  0.52824402910018164  0.53545114153612194  0.54354553985501453
  0.55352951911678006  0.56395129751781936  0.57369593594988089  0.58283330007957335
  0.59123952300136562  0.60016934147620926  0.60904075401958913  0.61759417328193955
  0.62605414089698019  0.63415446386472196  0.64262824573356814  0.65008693617876878
  0.65635977379486321  0.66258892699132610  0.66823116323497234  0.67384978682867414
  0.68058236954492835  0.68755272112998234  0.69377200768229974  0.69973997104496355
  0.70562594088991204  0.71165726154378128  0.71782056207443867  0.72331716996621942
  0.72810696854651036  0.73240152295135508  0.73665536239731633  0.74117824295681733
  0.74582249556888169  0.75065266945524067  0.75560197926069173  0.76093630161884096
  0.76587029099867887  0.77067628259321586  0.77544354298243590  0.78022340275929636
  0.78481220861183620  0.78912514932964106  0.79506120597016483  0.80090091545179021
  0.80636666002360013  0.81176422377975499  0.81722698079433487  0.82292975185067796
  0.82885624943550973  0.83502198260342753  0.84151756536837674  0.84873501097245119
  0.85725556578604012  0.86715888592140289  0.87839543218882055  0.89134139729207651
  0.90570821352251740  0.92210279997762057  0.94443362074487847  1.00000000000000000
   3.5295381392361167E-013  -1.0000000000000000     
 T T T T T F T T T T F T T T T T T F F T F F T F F T F F T F F T T F F T F F T F F T F F T F F T T T T T T T T T T T F T T T T T T T T T T F T T T T F T T T T T T F F T F F T F F T F F T F F T T F F T F F T F F T F F T F F T T T T T T T T T T T F T T T T T
  <DiscreteSampler_grid>
  grouped_processes
  1 # 1 for a reference and 2 for a running grid.
  10 # Attribute 'min_bin_probing_points' of the grid.
  1 # Attribute 'grid_mode' of the grid. 1=='default',2=='initialization'
  0.0000000000000000 # Attribute 'small_contrib_threshold' of the grid.
  0.5000000000000000 # Attribute 'damping_power' of the grid.
 # binID   n_entries weight   weight_sqr   abs_weight
    10   10   1.060646214237038E-003   1.919881786489842E-006   1.060646214237038E-003
    11   10   1.060646214237039E-003   1.919881786489842E-006   1.060646214237039E-003
    16   10   1.040244621680764E-003   1.690213914900864E-006   1.040244621680764E-003
    17   10   1.040244621680765E-003   1.690213914900865E-006   1.040244621680765E-003
    22   10   1.040244621680764E-003   1.690213914900864E-006   1.040244621680764E-003
    23   10   1.040244621680764E-003   1.690213914900865E-006   1.040244621680764E-003
    28   10   1.060646214237038E-003   1.919881786489842E-006   1.060646214237038E-003
    29   10   1.060646214237039E-003   1.919881786489843E-006   1.060646214237039E-003
    34   10   1.060646214237038E-003   1.919881786489841E-006   1.060646214237038E-003
    35   10   1.060646214237039E-003   1.919881786489843E-006   1.060646214237039E-003
    40   10   1.040244621680764E-003   1.690213914900865E-006   1.040244621680764E-003
    41   10   1.040244621680765E-003   1.690213914900865E-006   1.040244621680765E-003
    46   10   1.060646214237038E-003   1.919881786489843E-006   1.060646214237038E-003
    47   10   1.060646214237038E-003   1.919881786489842E-006   1.060646214237038E-003
    52   10   1.040244621680764E-003   1.690213914900865E-006   1.040244621680764E-003
    53   10   1.040244621680765E-003   1.690213914900865E-006   1.040244621680765E-003
  </DiscreteSampler_grid>
