  0.00191573807838251  0.00195058448317185  0.00199193358978092  0.00203231074803237
  0.00207312422125286  0.00211529856356929  0.00215847062390545  0.00220320301099207
  0.00224954676202551  0.00229770407371628  0.00234681382464845  0.00239498196611652
  0.00244436584674701  0.00249366584794958  0.00254452531634342  0.00259761967846743
  0.00265387955214120  0.00271191120284069  0.00277034321762217  0.00283260956879217
  0.00289673411828359  0.00296111405695329  0.00302660783382319  0.00309479459304098
  0.00316617248022243  0.00324061529125975  0.00331946535339603  0.00340398617847617
  0.00348993871610178  0.00357997023719712  0.00367173865669265  0.00376546083136413
  0.00386063533194516  0.00395920032579227  0.00406092878849306  0.00416532731101562
  0.00427191374393508  0.00438219258462188  0.00449686244814769  0.00461515102594400
  0.00473876782139308  0.00487081094160039  0.00501255258593419  0.00516161676041822
  0.00531310839962245  0.00546774945104527  0.00562626868008051  0.00579388732729707
  0.00596126739006103  0.00613156714043118  0.00630998685414627  0.00649493726611589
  0.00668878286896187  0.00689236829788124  0.00711122150175765  0.00735677877786462
  0.00760474030763915  0.00787137964023985  0.00813625764987107  0.00843527153690012
  0.00875553259534293  0.00909204105940934  0.00944692611347318  0.00981577782875547
  0.01020682194353774  0.01061628893240656  0.01105387096078793  0.01152121893393038
  0.01201525656987308  0.01253271873262928  0.01309619976070775  0.01371439999484329
  0.01438324690754361  0.01510200201900685  0.01586951185556066  0.01670263087920312
  0.01761969037212856  0.01863213400320504  0.01973866274762059  0.02095101451502507
  0.02230624760715702  0.02381381959913980  0.02550172043155585  0.02736993417391692
  0.02946995804495998  0.03190728124687904  0.03495107752150634  0.03898146653735471
  0.04399315459203930  0.04966758920533928  0.05672205965033127  0.06664625036129906
  0.08108322668501676  0.10592863086549704  0.18220399674570814  1.00000000000000000
  0.00170953556732605  0.00353867313132804  0.00461746224475864  0.00557278332448122
  0.00650049132080927  0.00746723851145152  0.00845633738227916  0.00943452487263260
  0.01043756341088270  0.01149961262887101  0.01258670680798896  0.01370068296555915
  0.01488551050001175  0.01611636837073210  0.01735060320112690  0.01865986466310984
  0.02002345563216800  0.02149303235375126  0.02291098629639686  0.02435962594428691
  0.02591774177149509  0.02758170575930249  0.02928134976951070  0.03100983923735112
  0.03278755323480969  0.03464615727032208  0.03656807573037865  0.03854383825812877
  0.04055800662308694  0.04262052691708577  0.04475413161155900  0.04698524996604738
  0.04932499149602233  0.05175794972193028  0.05426487528399145  0.05684981131479196
  0.05954949417925582  0.06240816655623375  0.06539883808592023  0.06842717861559344
  0.07147622876300794  0.07472650882691863  0.07814922948497395  0.08158579992485956
  0.08509543579552910  0.08873822811326629  0.09241703169810345  0.09613183973083643
  0.10007193508150557  0.10427191604587809  0.10863984985839356  0.11314978090468045
  0.11775949920648970  0.12241037808214296  0.12723044908835959  0.13236361268967822
  0.13784639137007254  0.14357787775486769  0.14947211754574730  0.15549109098356095
  0.16167148071515813  0.16814257012325487  0.17502374410144025  0.18229818629733988
  0.18984198851863682  0.19752369771955214  0.20535407789717433  0.21358777826580505
  0.22187797091219011  0.23110788418209732  0.24019649281492619  0.24976530863112992
  0.25970581802725923  0.27005406210441080  0.28089367128891807  0.29225764253161801
  0.30427340992746699  0.31726159362908779  0.33094093168862820  0.34578680067326345
  0.36059710228191050  0.37603861176084008  0.39249558332115186  0.41012356054765964
  0.42884134153663384  0.44950133491439920  0.47313932690836386  0.49979591802493512
  0.52873892968459779  0.56003319782096472  0.59538863276675680  0.63556712049276476
  0.68537265574716477  0.74791771720903155  0.84339417340254685  1.00000000000000000
 -0.00258239532400998  0.00967234104051798  0.02019905219212028  0.03106922921276041
  0.04211985828560872  0.05266682724218275  0.06338261628690191  0.07336163235961858
  0.08448030444396858  0.09522613901215551  0.10583650972872057  0.11602020047557413
  0.12649516575884487  0.13724518140608841  0.14808198477488191  0.15849937017528920
  0.16905604878709468  0.17954341737535751  0.18956855847492537  0.19916448662192074
  0.20875889068258502  0.21890185069651505  0.22960087190029504  0.24037073458882216
  0.25098324619845475  0.26121808904873434  0.27125959132948491  0.28178305146792199
  0.29231064545478125  0.30312682317023520  0.31353718163498878  0.32438053216813889
  0.33499917471647744  0.34574697147669065  0.35646220728170497  0.36725784224798963
  0.37788752709810747  0.38826803703810508  0.39870421948770057  0.40893067965061569
  0.41913560577580983  0.42927629342187862  0.43979836413790979  0.45037845398969811
  0.46080573374614286  0.47099735531180154  0.48121874195588166  0.49156454831628044
  0.50198830870276256  0.51251854123689011  0.52328884719170798  0.53415471214983901
  0.54508395088998229  0.55595947893760034  0.56680792217510800  0.57763210520582942
  0.58856852695117523  0.59940269686620296  0.61017093464301808  0.62065415158836057
  0.63107786110491271  0.64112245577690263  0.65126354634488193  0.66138049301785784
  0.67160154203637334  0.68131612992140222  0.69105528466770916  0.70150618039723822
  0.71210606566923562  0.72325573523333497  0.73378544965487169  0.74447174982864028
  0.75489999328139601  0.76532203347122785  0.77589075684102471  0.78624377832050241
  0.79661763394028662  0.80721122036580806  0.81773895144925812  0.82859493701477160
  0.83920531499037487  0.84998553312142466  0.86077205839098392  0.87156006330954483
  0.88211366935137892  0.89273285059696361  0.90360555269010745  0.91470190938366114
  0.92563598116286205  0.93631487328206842  0.94656462715896239  0.95661860118054454
  0.96714868730365400  0.97790410992025389  0.98909580693120902  1.00000000000000000
 -0.00248336003517645  0.00962571557683740  0.02006505896658541  0.03004878366372942
  0.04051206707817304  0.05099217702878876  0.06150697109527662  0.07169723210669603
  0.08140061876658289  0.09150149481348646  0.10168525221712811  0.11230333391826829
  0.12258596696953984  0.13278665555301064  0.14327232976547702  0.15391134367152776
  0.16428948461680074  0.17432833069695380  0.18438447315540837  0.19422917138875648
  0.20416268879493074  0.21405498387433083  0.22450092689214685  0.23515235458635320
  0.24601032279249344  0.25697049562992030  0.26805149193343081  0.27932589186438944
  0.29043620121298158  0.30142890543906742  0.31225087093908355  0.32351735304596235
  0.33474912908626048  0.34570650380514917  0.35672347348312794  0.36774948567440291
  0.37885687969645993  0.38995567087472810  0.40056374227141572  0.41096684194214300
  0.42160654813442777  0.43222057473373371  0.44270192521996099  0.45310600836369613
  0.46379846409434866  0.47499723801283844  0.48607957236270427  0.49724621053790224
  0.50817667982789205  0.51902007632609259  0.52938889586965332  0.53991740614169270
  0.55056483024586156  0.56138324155730090  0.57182584608934894  0.58212688535448265
  0.59264802698434982  0.60344576130624150  0.61393961217337989  0.62435489350735252
  0.63459049622254571  0.64481075205678806  0.65479840839559122  0.66478251049464931
  0.67513664096708426  0.68596181993497507  0.69670135635228003  0.70746813208690307
  0.71815422399279827  0.72889205458051964  0.73951758908103005  0.75024807843897379
  0.76088499818848454  0.77155394273119005  0.78244911800824901  0.79368501933632207
  0.80491365578342600  0.81612782732156564  0.82700868906745573  0.83750495973901173
  0.84720550269210426  0.85682775632465891  0.86647176379574464  0.87646218714824697
  0.88661094225780712  0.89672635537688905  0.90737332572187523  0.91752343359511312
  0.92793476278691345  0.93842373693329229  0.94915721784085638  0.95944773360189028
  0.96956567084904366  0.97949718225492965  0.98967066103108337  1.00000000000000000
 -0.00237195021468370  0.00944892227775983  0.01998267096002422  0.03089693087937194
  0.04197911609298208  0.05345179264285460  0.06474546817811980  0.07588227705531891
  0.08650257926980885  0.09693559926805702  0.10759117950940444  0.11845715770173817
  0.12909110928095707  0.13949736363638368  0.14989702383918066  0.16020558837635335
  0.17015246321557248  0.17999554564877646  0.19027542887818708  0.20098204606546283
  0.21117824353632222  0.22087502392862626  0.23055862513023317  0.24051056344340127
  0.25044998544667252  0.26059904233684128  0.27106887219985382  0.28187148815667240
  0.29251419773154125  0.30277341058583745  0.31301430780123357  0.32352043699183447
  0.33421779694992648  0.34485584864835456  0.35543789044499502  0.36610677892634275
  0.37666740781797980  0.38719190906817447  0.39775929375989805  0.40856653472657972
  0.41960250731146326  0.43067213494855794  0.44188504813605711  0.45277546684274272
  0.46332633716223859  0.47347794953978806  0.48386667564797331  0.49449664423466977
  0.50535129032436110  0.51594589192633167  0.52627026400278698  0.53629955312003175
  0.54640172887042615  0.55703477841569260  0.56772014093034773  0.57849169352529506
  0.58933126943453773  0.60031605130127152  0.61086238293685269  0.62102040112083867
  0.63138166876700608  0.64160769944387686  0.65190027675369355  0.66202454705139968
  0.67233762661513086  0.68274603232481124  0.69320886898525058  0.70366435482401501
  0.71381439422810400  0.72387252288897241  0.73407729851715131  0.74409295345605420
  0.75393022826307043  0.76391720089525295  0.77450020233274319  0.78550602255549351
  0.79665682423788153  0.80801357185806610  0.81923326309775568  0.83006567655335239
  0.84095343497419017  0.85177363214686319  0.86243632454291341  0.87292837945388713
  0.88359199539564870  0.89424376872994971  0.90489993115899303  0.91541447492890315
  0.92622792984230340  0.93692715913680535  0.94789965715675661  0.95819327995246018
  0.96854898296698311  0.97851732884810860  0.98914985423311819  1.00000000000000000
 -0.00249846101067841  0.00926080451924756  0.01962270205823587  0.02978754155217461
  0.03984140794888383  0.05008936418599251  0.06084833828647895  0.07149977729795615
  0.08199473591644364  0.09189766704610673  0.10192800726809485  0.11218100653614879
  0.12289537487212367  0.13407282491880634  0.14547555622134087  0.15672919465092669
  0.16814151750296899  0.17940552190909079  0.19050555564077715  0.20144502886460028
  0.21206566141886354  0.22239095175582252  0.23244366727228791  0.24247427173294264
  0.25265937637267449  0.26302127262970776  0.27355483363223021  0.28423965177169408
  0.29465796928744536  0.30514606898217417  0.31571568483007117  0.32646924658848331
  0.33749659053273035  0.34856226187533046  0.35945473912900361  0.37020462121962544
  0.38097235580154282  0.39225621768420332  0.40384969058484615  0.41554128208030811
  0.42629735118204215  0.43668573611097683  0.44687270393323292  0.45704531890552963
  0.46699292046442897  0.47664199461606122  0.48664033425337694  0.49696125616913261
  0.50700153549973437  0.51676813366900543  0.52649529931142103  0.53624497117670822
  0.54619203255687387  0.55616426933613994  0.56655282020132902  0.57694411801078205
  0.58732748881966279  0.59778415521397887  0.60836158814639607  0.61904952735256769
  0.62982424119196800  0.64040956511983649  0.65137905277812636  0.66250100811545520
  0.67328692332158591  0.68393031282536443  0.69453816919461109  0.70552139193393626
  0.71604345254909063  0.72620177984981404  0.73624331370442475  0.74641905390231755
  0.75708042934723174  0.76760291571797146  0.77833538996702623  0.78935730085913358
  0.80053239760931372  0.81167171494348567  0.82247754258722572  0.83323695609617310
  0.84346203435985967  0.85331559924553602  0.86288897278757926  0.87262360375739900
  0.88256136259158302  0.89285994813405456  0.90355832243290091  0.91437780889684939
  0.92514207017001404  0.93580918275755465  0.94658750156362104  0.95747076901946315
  0.96833084955274140  0.97912962438200435  0.98947090200817189  1.00000000000000000
 -0.00240939960654583  0.00960039615045010  0.02031354261780778  0.03117364350454587
  0.04190986101250731  0.05293779989997064  0.06374401424718426  0.07462743427848491
  0.08525180248557523  0.09583516450219069  0.10636106212319255  0.11685122216387170
  0.12732681193208165  0.13756531922315798  0.14767327528401930  0.15771414699815214
  0.16809867081428614  0.17879239000596148  0.18934777865255484  0.19968808534526725
  0.21000344611597818  0.22074526589247559  0.23170108295248401  0.24216118288452437
  0.25211577735015395  0.26164804938548814  0.27164465590462872  0.28179857188552743
  0.29175255945839851  0.30160391527987485  0.31157347455413609  0.32189968714977829
  0.33259488075172772  0.34325907409610368  0.35422374239399684  0.36509477339469276
  0.37614037219994267  0.38739662546515913  0.39883092166744166  0.40986325318304750
  0.42117045084108923  0.43230611410360770  0.44346373437764458  0.45459626174688750
  0.46554927003562452  0.47630354884285436  0.48682879808594803  0.49693364428785475
  0.50706094020558923  0.51712667786481492  0.52764257119854441  0.53826676874861323
  0.54890761632235663  0.55983222228133855  0.57059392673404097  0.58108599784796877
  0.59126243368979081  0.60151748633393698  0.61220034686303448  0.62308589876790765
  0.63385964752260615  0.64427717580624966  0.65413953469262165  0.66387456600037442
  0.67367737466681121  0.68368970353085867  0.69383055664754789  0.70403880398370922
  0.71380469373021804  0.72346813822190537  0.73325789753869963  0.74330764986817432
  0.75351255386842797  0.76365610677623463  0.77408803138340698  0.78501735642879988
  0.79592727980595446  0.80658257159520075  0.81706608437949169  0.82756601322951984
  0.83790252565976631  0.84839286702304717  0.85890834536126537  0.86971028241596859
  0.88033153278224119  0.89077107183321236  0.90136237779025707  0.91212918114401909
  0.92349682262715871  0.93537619673282835  0.94692477674373388  0.95786722843287309
  0.96827811961175658  0.97867704086891694  0.98936106612713348  1.00000000000000000
 -0.00265889197532092  0.00993544350979181  0.02045137698772058  0.03070624283099836
  0.04088837475334638  0.05108666675275395  0.06166891869804717  0.07200694006522980
  0.08213863302640635  0.09241944474497492  0.10244781816273364  0.11298904320147299
  0.12368469064143238  0.13549961673749603  0.14671891849562094  0.15728662878218255
  0.16758543639881471  0.17803301029514193  0.18941131517226195  0.20052714289322776
  0.21111833749217668  0.22123353105154611  0.23195844083215669  0.24339023382392816
  0.25448662501700858  0.26513794187413064  0.27563561735969255  0.28595422274709864
  0.29612066688548239  0.30643258244514843  0.31720427404674129  0.32799780903639658
  0.33844738933411439  0.34888538323591001  0.35979065473133237  0.37109308183366296
  0.38211231788931915  0.39277135424998816  0.40280308733941378  0.41279475955657702
  0.42292395045568293  0.43350441942253237  0.44409180866083808  0.45465830443677918
  0.46554530157840129  0.47657277067859749  0.48734547684441376  0.49787661161686980
  0.50852546436415258  0.51919961585411467  0.52969977548028047  0.53991777501641591
  0.55032012363626270  0.56080857096491465  0.57151772851047344  0.58224334454839943
  0.59259304805159585  0.60289143548054647  0.61300058201956309  0.62308815427984943
  0.63275371045778639  0.64243755623102450  0.65228522858850235  0.66289030762169709
  0.67341923413885063  0.68360869423825965  0.69378323703338574  0.70395147063626939
  0.71481818219434912  0.72576009539655073  0.73681539181852662  0.74735805763399010
  0.75773646723561394  0.76795168971499850  0.77878915570895069  0.78967140387648438
  0.80022546715060605  0.81075083823464900  0.82134140105034381  0.83255691727019998
  0.84307680735770085  0.85334322124279838  0.86311352279350873  0.87320330871437069
  0.88408225708644206  0.89454512205087999  0.90542199761702657  0.91573072130067434
  0.92617535444101151  0.93643294128049492  0.94684477853898930  0.95766876304551773
  0.96854624935041567  0.97947171846321823  0.99001823008910028  1.00000000000000000
   4.1082870639846353E-012  -1.0000000000000000     
 T T T T T T T T T T T T T T T T T T T T T T T T T T T T T T T T T T T T T T T T T T T T T T T T F F F F F F F F F F F F F F F F F F F F F F F F F F F F F F F F F F F F F F F F F F F F F F F F
  <DiscreteSampler_grid>
  grouped_processes
  1 # 1 for a reference and 2 for a running grid.
  10 # Attribute 'min_bin_probing_points' of the grid.
  1 # Attribute 'grid_mode' of the grid. 1=='default',2=='initialization'
  0.0000000000000000 # Attribute 'small_contrib_threshold' of the grid.
  0.5000000000000000 # Attribute 'damping_power' of the grid.
 # binID   n_entries weight   weight_sqr   abs_weight
    10   10   1.834500456479751E+004   1.571671913459053E+009   1.834500456479751E+004
    16   10   1.833061395824440E+004   1.577502351586028E+009   1.833061395824440E+004
  </DiscreteSampler_grid>
