 -0.00448228040310734  0.01948175153620602  0.03441573983682893  0.04685149202427273
  0.05834846355046958  0.06991026065267067  0.08143482404985559  0.09329722296889445
  0.10551958920170283  0.11771051928655102  0.12973447105354430  0.14144063863033218
  0.15322096352389339  0.16514012994110466  0.17677869434932539  0.18802870708974720
  0.19914299943696542  0.21031366001858262  0.22171958377833362  0.23318991800386718
  0.24467615279682392  0.25610096498058832  0.26755275448069610  0.27922850924115111
  0.29071752416230445  0.30220612595563512  0.31368835571481241  0.32520762642607065
  0.33644993158318504  0.34786127116563459  0.35934180856708281  0.37071631147228057
  0.38230182647269428  0.39382489362184103  0.40525624111918718  0.41617404055524243
  0.42692221034890981  0.43780629696866485  0.44903628907146298  0.46001262321032782
  0.47098424521429427  0.48200643535615623  0.49312409605394392  0.50390203617690310
  0.51416685218788583  0.52452726059434551  0.53477780348826376  0.54521111000187017
  0.55574177116540979  0.56636444330943037  0.57701053655535683  0.58766849678822919
  0.59811166166485619  0.60837175021653844  0.61866882215619534  0.62896331884268297
  0.63942967174503562  0.65007952626295107  0.66086866438221448  0.67159644540915320
  0.68226609230555280  0.69300567826867709  0.70372491785592683  0.71437587494028665
  0.72517936994889920  0.73578382734234549  0.74608304463977959  0.75641732399262984
  0.76676585067756931  0.77699356557120891  0.78723567993346011  0.79776096149307363
  0.80847972369130150  0.81914219880807448  0.82985773006931085  0.84046267689359211
  0.85067942586889167  0.86067286315750835  0.87063418632734946  0.88083830767650251
  0.89125940804351578  0.90159222079415013  0.91173665462285236  0.92153122410532651
  0.93099488063989677  0.94017760940493378  0.94903194729838403  0.95736315902829583
  0.96487013279213141  0.97177164677620431  0.97857538086049434  0.98490779612825163
  0.98993891689449476  0.99372399110738074  0.99699397492677977  1.00000000000000000
  0.00000009333346078  0.00000009900452506  0.00000010613361840  0.00000011328494609
  0.00000012144018669  0.00000012999129774  0.00000013915466680  0.00000014910463223
  0.00000015979727112  0.00000017164711326  0.00000018472788258  0.00000019859270144
  0.00000021313043605  0.00000022833013209  0.00000024448179578  0.00000026234185374
  0.00000028236886545  0.00000030437157851  0.00000032748192516  0.00000035220599754
  0.00000037902503644  0.00000040701949433  0.00000043859878029  0.00000047254558176
  0.00000051009634306  0.00000055139479941  0.00000059590249147  0.00000064331123049
  0.00000069422114755  0.00000074850020337  0.00000080888397871  0.00000087278441735
  0.00000094269619803  0.00000101844573060  0.00000110108744088  0.00000119331951309
  0.00000129342640856  0.00000140297893408  0.00000152061273461  0.00000164822625369
  0.00000179010480814  0.00000194638547524  0.00000211963773580  0.00000231350526135
  0.00000252903570502  0.00000277319050208  0.00000304906018662  0.00000334961000889
  0.00000367968583102  0.00000405456685526  0.00000448031952150  0.00000496644842779
  0.00000554242519215  0.00000620534007909  0.00000696389894105  0.00000777845685831
  0.00000864710509272  0.00000964108407980  0.00001077470050470  0.00001210402617132
  0.00001366129794783  0.00001547312938768  0.00001749561214293  0.00001973964106917
  0.00002230881591297  0.00002528598407747  0.00002881781615306  0.00003281029131779
  0.00003738820376442  0.00004277647362314  0.00004883513708397  0.00005556828151961
  0.00006334474305624  0.00007292310399609  0.00008433191411284  0.00009727668243521
  0.00011139803844404  0.00012745261684827  0.00014442942586729  0.00016385894905162
  0.00018416149968918  0.00020870906029334  0.00023606915806848  0.00026458050706676
  0.00029250675297131  0.00032398983748283  0.00036675356032104  0.00042219356019348
  0.00048617476560582  0.00056088053571619  0.00065299218542110  0.00077045366469005
  0.00093161032155808  0.00113929277420460  0.18428274167075392  1.00000000000000000
  0.00000001233293744  0.00000004525645773  0.00000006694400030  0.00000009228302982
  0.00000012379039495  0.00000016706387130  0.00000021989503470  0.00000028310935114
  0.00000036301882010  0.00000046530292102  0.00000059563481375  0.00000075183607221
  0.00000094592704857  0.00000119459228041  0.00000150330164020  0.00000188272248388
  0.00000234478079991  0.00000288717442976  0.00000350977353427  0.00000422469715174
  0.00000501570288045  0.00000592839192965  0.00000693146143777  0.00000804103469173
  0.00000924385505262  0.00001052748896062  0.00001193812732173  0.00001349316357444
  0.00001520047257743  0.00001700568009169  0.00001895881794754  0.00002103059364836
  0.00002323083365829  0.00002552519304550  0.00002791563330944  0.00003053253246806
  0.00003344680728040  0.00003672025438247  0.00004019510868828  0.00004379679769518
  0.00004753070723517  0.00005161724521165  0.00005588726975276  0.00006075102154233
  0.00006606122989988  0.00007191635317712  0.00007801704151113  0.00008417574730282
  0.00009053362002673  0.00009724752711191  0.00010457029157523  0.00011265396436553
  0.00012137648621128  0.00013089824889895  0.00014133483518750  0.00015194041101610
  0.00016347549152156  0.00017673636926249  0.00019255021147251  0.00020914698573320
  0.00022798904212619  0.00024406323156241  0.00026303052729831  0.00028043774569278
  0.00029803086538232  0.00031895438503719  0.00034256401690723  0.00037023204268761
  0.00039883625338161  0.00042618927847007  0.00045440957956622  0.00048783405019993
  0.00052712732976020  0.00057614078567645  0.00063079164714811  0.00068762513358162
  0.00074753825775965  0.00081725854312177  0.00089180468685395  0.00096521392042186
  0.00102303669133991  0.00108057384175441  0.00114445918210047  0.00122323390047336
  0.00139116593830640  0.00158919633166646  0.00183510866941836  0.00217562295366868
  0.00265319488969772  0.00307315306208127  0.00365308110940654  0.00434810322990770
  0.00513431448118447  0.00627774425692222  0.01629189958056549  1.00000000000000000
 -0.00199226980741038  0.00691089614278621  0.01562196364358430  0.02447556160871117
  0.03366760723561090  0.04313578258410696  0.05292239030833684  0.06282054248801380
  0.07265315554938659  0.08241568498314734  0.09224887875036515  0.10221644488448868
  0.11216931594101165  0.12194876983995312  0.13155391024743565  0.14117496835081822
  0.15107565717448004  0.16144837672965909  0.17224061768716628  0.18319646603992409
  0.19432456968871398  0.20566344052117616  0.21720887531649549  0.22892071356222882
  0.24048382539648291  0.25184010992641104  0.26318220016180743  0.27494814814296376
  0.28731369084458469  0.29988908925573610  0.31227683913793353  0.32422440165691879
  0.33613862397707828  0.34826226682354378  0.36051147084079477  0.37281453114084950
  0.38635489700110437  0.40035155675777473  0.41448457198859884  0.42816226690303510
  0.44173579007975722  0.45539773750571799  0.46839331736535661  0.48089229146991735
  0.49379878672730387  0.50622807130205005  0.51760759742445672  0.52885698141410742
  0.54099040454415148  0.55384487802590665  0.56655707225973895  0.57924283128668752
  0.59203833023941899  0.60465190316126505  0.61712950419446300  0.62917508011065426
  0.64084363376337194  0.65240347581773572  0.66400361408453779  0.67566822067063714
  0.68722186507412342  0.69875477829457955  0.71017142386959309  0.72113320505108058
  0.73161154379621463  0.74154385448441529  0.75134450002568942  0.76105792984295118
  0.77090438599131428  0.78084522077747520  0.79076454481950775  0.80035915832307103
  0.80971736005540829  0.81906241074401165  0.82844552677589245  0.83780023135810644
  0.84665860897885192  0.85496987573739613  0.86271138401332303  0.87045604007979460
  0.87867242510089338  0.88732690891804844  0.89605791976842886  0.90464656830087087
  0.91318964596233543  0.92160662194570542  0.92989725659028888  0.93803063666338882
  0.94593177797819006  0.95367735506370077  0.96137728460572891  0.96910557385570151
  0.97667910127509372  0.98436747656008228  0.99211380153741557  1.00000000000000000
 -0.00209603936906683  0.00868104557449301  0.01801191051319187  0.02834137311878475
  0.03819516985274665  0.04837196905022956  0.05868573771286365  0.06934853296962563
  0.08020996830767231  0.09124192119896520  0.10251904740673637  0.11375859855230452
  0.12486907417791657  0.13560765058953461  0.14598170526157644  0.15653738755770474
  0.16725734472329534  0.17829998732484995  0.18948888043704423  0.20051650614004712
  0.21135136149531969  0.22200066174301894  0.23228384392217521  0.24274156779758455
  0.25344556177483302  0.26480243296966532  0.27571809861749358  0.28614272598539037
  0.29636695073073482  0.30668651575785871  0.31736224817514552  0.32759160038647894
  0.33750157561009769  0.34729876174068658  0.35751776699897608  0.36836200901613769
  0.37976332383623324  0.39083688436981096  0.40112110787787397  0.41103199842999871
  0.42098722444680559  0.43119105634433430  0.44149122087186993  0.45184738868008906
  0.46196289115194350  0.47198727336498486  0.48187561768322718  0.49214247970179814
  0.50265685554017925  0.51323912474981370  0.52344903291625189  0.53379349684355526
  0.54430796990148267  0.55517294285234597  0.56628805862342202  0.57729249890750589
  0.58717894430592532  0.59656279793362554  0.60585141220310801  0.61587766252857623
  0.62612003632532287  0.63636287020441162  0.64676039508014893  0.65797389232157921
  0.66917675145438837  0.68049347964046958  0.69160810053010657  0.70206668687724216
  0.71238186738234599  0.72265813751130403  0.73345120758517335  0.74396412108415855
  0.75446072120273788  0.76511178761905774  0.77552501594186229  0.78590594083183241
  0.79607224572623758  0.80642208242687707  0.81661069704764799  0.82708070856729987
  0.83760222236162307  0.84840447569152089  0.85895923341124125  0.86966092713432008
  0.88026715973212943  0.89111025395450283  0.90200445401985330  0.91298610895836740
  0.92416045458789176  0.93530554558912904  0.94591974217168107  0.95640637202117751
  0.96744479472397704  0.97849128073643132  0.98934068625523286  1.00000000000000000
 -0.00331180727362437  0.01397791713999012  0.02796320798507897  0.04211050302683765
  0.05590065226297906  0.06959585402844065  0.08295455938157299  0.09569784684799003
  0.10794006011483720  0.11967623891236631  0.13123556742987733  0.14246589281050692
  0.15320782294039012  0.16365075802835860  0.17430354807200116  0.18528368197949999
  0.19649584444169554  0.20762074545139805  0.21843655057260741  0.22883084266441373
  0.23893781827899957  0.24906602183365242  0.25906197321915259  0.26887925009679697
  0.27874236387952606  0.28853260764909400  0.29820801623449567  0.30780088488489010
  0.31750872145269510  0.32737425487804744  0.33715712673874210  0.34682360041191573
  0.35629312219178372  0.36568036417447591  0.37505639314402767  0.38446843858477858
  0.39401758326570124  0.40356697176693174  0.41323843728028120  0.42293546215106526
  0.43267028287298825  0.44196512492500245  0.45062280657359688  0.45929085942310005
  0.46781348736087036  0.47648553181746345  0.48544996483792063  0.49436332045964076
  0.50337441923656645  0.51234108833676806  0.52150228290557710  0.53015552085544004
  0.53874392955901951  0.54755308459643903  0.55645386263393259  0.56566251388049349
  0.57507944572412173  0.58464943770745348  0.59428476687300691  0.60382193308070731
  0.61327586296186032  0.62248907273506138  0.63123680621249223  0.63974586641749132
  0.64867797342155742  0.65803164358736599  0.66734528912064028  0.67667544465476392
  0.68615016342828927  0.69544152186291697  0.70423482300298590  0.71289114661036024
  0.72198095057166933  0.73183424796634355  0.74227276089901295  0.75299619074144031
  0.76354562390569725  0.77396209319515208  0.78418733033065158  0.79472410907799185
  0.80589477795043118  0.81737271084093066  0.82905927433459314  0.84065024639767416
  0.85216840604294086  0.86386975019955803  0.87584426392487458  0.88811733801269543
  0.90067166343843152  0.91363062263555173  0.92712723179208500  0.94064906667557124
  0.95420824713012498  0.96877151336427281  0.98427667083607662  1.00000000000000000
 -0.00229621910235458  0.00890016970202815  0.01925827913207720  0.02997598821868333
  0.04043334268802810  0.05037366638467995  0.06031597239070636  0.07035917518130255
  0.08048778060150545  0.09053185251123065  0.10070294230620029  0.11136347086779178
  0.12217616444768745  0.13306935022155003  0.14396830568830124  0.15496701792131640
  0.16573988730411313  0.17626332387216104  0.18682398519701759  0.19749722115255469
  0.20797597401186982  0.21840800284291362  0.22870885782688619  0.23940749007823947
  0.24978506552372839  0.26018619215401295  0.27054279508593115  0.28145092414320017
  0.29231206639574353  0.30294516163539126  0.31364361520500766  0.32465465988761316
  0.33557454073173859  0.34596967228609476  0.35583224286256054  0.36579699715708497
  0.37612751852965598  0.38681191913422258  0.39768237642471160  0.40831841310678230
  0.41906410671766464  0.43001326251810462  0.44134558798902263  0.45267157659924834
  0.46392291569803618  0.47513533007054948  0.48632783877101582  0.49757515886698983
  0.50863695155716160  0.51947433244131835  0.53006458210284024  0.54084131754398856
  0.55201901181388158  0.56313879913741671  0.57418740035285176  0.58492162429885552
  0.59558426146608701  0.60608710559254542  0.61643790992119396  0.62691969117081292
  0.63734878852303578  0.64758353791375967  0.65774999577070314  0.66793512294569313
  0.67822353956196879  0.68879599134059422  0.69923816598854471  0.70944012355512109
  0.71908409657134931  0.72903119428400898  0.73941626995557830  0.75026453330573717
  0.76054524047164829  0.77034015225031283  0.78025375950086562  0.79058436766578566
  0.80121407427051272  0.81162360685717438  0.82179047946094153  0.83213991418955202
  0.84258945187984724  0.85341691841569445  0.86442652144063603  0.87576757296750229
  0.88683866964370728  0.89760814755024099  0.90784226851543126  0.91828017653672833
  0.92891936708557143  0.93959420366523017  0.95002112834058916  0.96022236876016154
  0.97035116754640771  0.98042401862947193  0.99000107583848940  1.00000000000000000
 -0.00214787732681393  0.00894046395270557  0.01869861370816278  0.02912084656319894
  0.03975995322808602  0.05082630027725481  0.06138951304801867  0.07166148313912400
  0.08201550869045605  0.09187972129980204  0.10196643327051041  0.11195143293125230
  0.12219776588174532  0.13239705485398806  0.14279379294713032  0.15336050941376303
  0.16399119197836734  0.17432933721607191  0.18429243123367009  0.19425933188050215
  0.20465697171822414  0.21535640374886650  0.22657999878301649  0.23800913786315803
  0.24933997768748811  0.26016796748625137  0.27058732481434461  0.28062210267001880
  0.29071269288584817  0.30053268458231813  0.31004345636935565  0.31974865428790950
  0.32999689080094025  0.34101215050842487  0.35173290784159900  0.36188040756766199
  0.37164458605439232  0.38163321917503140  0.39210330672503751  0.40270136239971194
  0.41332788315952163  0.42412318559956907  0.43506401643093939  0.44618879757502350
  0.45740618348451634  0.46856623859129198  0.47964271247652041  0.49078318098060303
  0.50170305760437006  0.51229396418940620  0.52278076559884379  0.53313314959115365
  0.54331019821146687  0.55316939901432716  0.56310639651040295  0.57339507037212611
  0.58422555828708189  0.59547995923629815  0.60649334762821250  0.61722147872220612
  0.62745570737723555  0.63772179907478288  0.64822141864603489  0.65940253115859981
  0.67064481212881699  0.68196878852402132  0.69324178373179379  0.70408803258915742
  0.71463933275958702  0.72518154407361257  0.73618525131317147  0.74719993711291066
  0.75792259960308261  0.76836903922288269  0.77905542703295660  0.78832886429911220
  0.79772368653028769  0.80707510601371490  0.81811350621671464  0.82951623847033429
  0.84055836922087934  0.85093974776281822  0.86139710768560673  0.87166090814928310
  0.88167068427998530  0.89150584944705469  0.90218475260495767  0.91333024747058622
  0.92448055687994224  0.93543331414491782  0.94652796541589146  0.95770799694617503
  0.96885730796945291  0.97976215081254803  0.98999305575054963  1.00000000000000000
 -0.02153878904870355  0.12817839469768719  0.21345752217157138  0.26417572976656301
  0.29371294584580049  0.31167936936748819  0.32270035059671748  0.33076333685419596
  0.33803618244522454  0.34522317664285218  0.35236346664302148  0.35919250587540075
  0.36575601615477860  0.37218529769758568  0.37841281663749415  0.38464863765383456
  0.39104214626986927  0.39749054438936332  0.40388278206320877  0.41007762787385632
  0.41596856904383828  0.42155156059119253  0.42697752080164708  0.43243468839756311
  0.43797368541032439  0.44330009040995000  0.44854807693402782  0.45365248033437644
  0.45868161851458605  0.46370679414969967  0.46877141170238767  0.47388513546669669
  0.47908190737635969  0.48429336014838231  0.48950342207545222  0.49465442977999530
  0.49972094294111191  0.50478784821730605  0.50990871919116054  0.51512218834805068
  0.52032728744612444  0.52548372870279603  0.53060217853951486  0.53573487923253926
  0.54117006618524621  0.54678713476301921  0.55247795928399523  0.55801199127404888
  0.56351404899993840  0.56912389479088688  0.57490278526177974  0.58060386219962101
  0.58637538791601518  0.59236625416517197  0.59860677180712407  0.60514157066620944
  0.61185447976258622  0.61864290767464780  0.62551973790633764  0.63235929128548707
  0.63911356557071552  0.64582942595168147  0.65260331709354880  0.65946161728436847
  0.66648044344229807  0.67375446546096618  0.68121045663411151  0.68894589476290824
  0.69693765335501756  0.70507570592609004  0.71326441704989640  0.72161921668064888
  0.72998616191113086  0.73853916445193923  0.74721726992996951  0.75592668805247698
  0.76451896688066645  0.77309656612446120  0.78210123422635724  0.79160825232640841
  0.80161250799344974  0.81206382347703454  0.82286781686417054  0.83385342931307171
  0.84502573782091928  0.85653818888561140  0.86831639435415853  0.87976435279894860
  0.89104104790707350  0.90262269366186254  0.91500057176939531  0.92830818174698126
  0.94241920617351638  0.95772949246936023  0.97679561083916022  1.00000000000000000
 -0.02766294249789178  0.14087709682818864  0.19126479421696360  0.22423964780048078
  0.25054879318997597  0.27344446281163076  0.29296795205225168  0.31023336416055780
  0.32660269290637522  0.34219454117540904  0.35700053163322698  0.37142827942492679
  0.38509041491464469  0.39783869899528079  0.40966067683453694  0.42122083181202286
  0.43259665606282660  0.44353166859310905  0.45427899064562616  0.46464500155384736
  0.47473433866496267  0.48435909047505116  0.49371708170857520  0.50303128553458432
  0.51221478291480116  0.52121586741149173  0.52998254321055005  0.53862962998841735
  0.54721300533074557  0.55579828086808691  0.56420294376698943  0.57221329429370071
  0.58004858579481822  0.58762837716877681  0.59443004288513213  0.60160473156748029
  0.60845786054349649  0.61554186423720825  0.62254705930147392  0.62922207425581755
  0.63573344861593162  0.64225829173101878  0.64889979169211753  0.65570332314950752
  0.66221504559929611  0.66835014081809718  0.67424957024332699  0.68003926987216134
  0.68591908907971444  0.69174836998883071  0.69748617191645312  0.70319113050025228
  0.70877286274863482  0.71435683266163685  0.71992860359598265  0.72539446688538145
  0.73064718535409234  0.73554025065802031  0.74041220858966594  0.74529809556506721
  0.75011526345790025  0.75481053096606565  0.75938437986442919  0.76396257897637831
  0.76862782957479570  0.77348367664686901  0.77842757147068886  0.78323943152567066
  0.78802200088253260  0.79276729114097311  0.79747592337688056  0.80216678366319738
  0.80684055250551279  0.81153769031634237  0.81625113954863882  0.82104315963328811
  0.82597655064565423  0.83100100825138756  0.83606374751374779  0.84104889060506127
  0.84606441314735070  0.85110877425072129  0.85622251012137862  0.86145239545136021
  0.86682814694573651  0.87237421844732088  0.87812060575587392  0.88416806235125256
  0.89055248696191291  0.89719527913802710  0.90428459820080231  0.91193872220439387
  0.92105748486158723  0.93257701022242223  0.95066094898298792  1.00000000000000000
   8.3009693920897722E-009  -1.0000000000000000     
 T T T T T F T T T T F T T T T T T F F T F F T F F T F F T F F T T F F T F F T F F T F F T F F T T T T T T F T T T T F T T T T T T T T T T F T T T T F T T T T T T F F T F F T F F T F F T F F T T F F T F F T F F T F F T F F T T T T T T F T T T T F T T T T T
  <DiscreteSampler_grid>
  grouped_processes
  1 # 1 for a reference and 2 for a running grid.
  10 # Attribute 'min_bin_probing_points' of the grid.
  1 # Attribute 'grid_mode' of the grid. 1=='default',2=='initialization'
  0.0000000000000000 # Attribute 'small_contrib_threshold' of the grid.
  0.5000000000000000 # Attribute 'damping_power' of the grid.
 # binID   n_entries weight   weight_sqr   abs_weight
    10   10   9.482935632803863E+001   3.564608683027017E+004   9.482935632803863E+001
    11   10   9.482935632803890E+001   3.564608683027024E+004   9.482935632803890E+001
    16   10   9.482935632803860E+001   3.564608683027015E+004   9.482935632803860E+001
    17   10   9.482935632803893E+001   3.564608683027024E+004   9.482935632803893E+001
    22   10   9.482935632803863E+001   3.564608683027017E+004   9.482935632803863E+001
    23   10   9.482935632803893E+001   3.564608683027025E+004   9.482935632803893E+001
    28   10   9.482935632803863E+001   3.564608683027017E+004   9.482935632803863E+001
    29   10   9.482935632803893E+001   3.564608683027026E+004   9.482935632803893E+001
  </DiscreteSampler_grid>
