  0.00173061754830880  0.00391971498113191  0.00592552407005564  0.00810159696432626
  0.01029645865449099  0.01237115401294682  0.01461712240653290  0.01683690486427085
  0.01879255617808884  0.02071842687925746  0.02295162341242527  0.02542188972058713
  0.02795289478042869  0.03035274915320042  0.03266502002909266  0.03499339986287653
  0.03742075236130284  0.03990936514472338  0.04232721046901106  0.04465268952391321
  0.04691302144125423  0.04921132114028539  0.05158406718157457  0.05394850924575227
  0.05633059182387636  0.05879627879582561  0.06124217539632766  0.06387067160436903
  0.06655321660384894  0.06943770328265346  0.07230228211448722  0.07542681993223288
  0.07852339372519634  0.08158990475026713  0.08469096703319093  0.08778587529251967
  0.09093837719098213  0.09421205375308039  0.09758237483389746  0.10109774102134915
  0.10475272880851549  0.10863380843749088  0.11262862941376467  0.11666935923436514
  0.12075480110142160  0.12505696835968508  0.12967174421436120  0.13457636630411599
  0.13969344234793404  0.14499966697432332  0.15054664890292288  0.15620131165354564
  0.16222791188359928  0.16884945364576623  0.17541930826071980  0.18167000864446747
  0.18783377271840906  0.19433377381567885  0.20128881138396357  0.20847018268879486
  0.21551715672963601  0.22302944912038072  0.23079825430392178  0.23843479122708069
  0.24578542187219965  0.25274700884380835  0.25958083451047054  0.26659146022601998
  0.27364924293261672  0.28109037695999745  0.28940202440270524  0.29816747382385544
  0.30671365662743305  0.31493657627899474  0.32288433131036831  0.33077657455010762
  0.33915188330218410  0.34884625331055269  0.35903426922028481  0.36979335760393217
  0.38095477551225709  0.39229760463558422  0.40376151719809222  0.41602868467313581
  0.42942624464182522  0.44450638945135357  0.46108273964362628  0.47905918339968062
  0.49881805570923204  0.52052988917490484  0.54442278803729993  0.57240528154286929
  0.60743526648293100  0.65759303302277994  0.74710652708827963  1.00000000000000000
  0.00243798164585779  0.00645328471117038  0.00946772014092866  0.01281884412469129
  0.01586790801017709  0.01876211936320215  0.02193655430775494  0.02515123853206187
  0.02815300225224620  0.03114126266975993  0.03453388166839481  0.03851102689246635
  0.04253433470809184  0.04662112719335358  0.05077002088787619  0.05496431923656336
  0.05914351336612520  0.06313356036973797  0.06766420234357617  0.07220413879497800
  0.07665893289232120  0.08160461649860472  0.08672135481785152  0.09207220058208714
  0.09723185361276823  0.10208833395879818  0.10679491420965685  0.11145351750375887
  0.11628978100811861  0.12139551955238573  0.12641286281897965  0.13157866488463205
  0.13658596857206740  0.14183964853903561  0.14729479315090821  0.15297598201976484
  0.15888371555606065  0.16498853838148372  0.17131502420914663  0.17783802419568728
  0.18438333668701137  0.19092805471843163  0.19746459981608910  0.20356887304307356
  0.21023451413059621  0.21720729719741444  0.22474816182429605  0.23255865435817724
  0.24010275663662847  0.24730958106571332  0.25465924277427804  0.26214733083782510
  0.26990089233784537  0.27784178884635552  0.28592429936902791  0.29421549493301014
  0.30261074279304939  0.31099758556941826  0.31961270383743168  0.32843526324229161
  0.33753302808330693  0.34705549986151452  0.35666347657049674  0.36587848141393153
  0.37567197405782621  0.38581703498918735  0.39619334732645689  0.40702448527887958
  0.41805018525599130  0.42913611121614054  0.44037925313343440  0.45198918138362343
  0.46423404483479597  0.47710542922904969  0.48988704280730139  0.50233041876365603
  0.51462769200082226  0.52698064359047203  0.54041265649510462  0.55395701923215590
  0.56812587526515723  0.58264802239153390  0.59755731816898083  0.61322466496284789
  0.62973993408304263  0.64721078192950054  0.66581982978880649  0.68529863389018997
  0.70607621906089579  0.72875162184608344  0.75236025141864227  0.77956540827036225
  0.81112064270376771  0.84988728759393817  0.90765605016467443  1.00000000000000000
 -0.00193003114051418  0.00841120969448444  0.01711031782843059  0.02588633027410817
  0.03506323741394445  0.04450859094677156  0.05437500668078771  0.06416062931021291
  0.07376037979503139  0.08328698763115916  0.09312575674043719  0.10317594955282280
  0.11313548052652955  0.12317586679726221  0.13316515710392871  0.14345551032729845
  0.15387463920330227  0.16394016680008255  0.17351478677897039  0.18280865733344437
  0.19268478959949936  0.20304789946602275  0.21346373670812993  0.22423918648149091
  0.23570845671648522  0.24764785823368321  0.25888619166147736  0.26967006410537880
  0.28065114916563283  0.29172763038569161  0.30294594341964998  0.31420937185643760
  0.32592751040673018  0.33805221091031507  0.35021471529241449  0.36198282809635085
  0.37332865709879770  0.38456546704442679  0.39541843494998874  0.40611121752987389
  0.41658510980473978  0.42733171773556977  0.43839322288664045  0.44995983343798773
  0.46154371095634050  0.47276871082421684  0.48389433027381779  0.49488297612885851
  0.50626627360087750  0.51831584782357432  0.53022991309616163  0.54153615144860123
  0.55234882154028242  0.56324021391082935  0.57448262509062076  0.58609152078453874
  0.59748743551639216  0.60802753937488829  0.61800201836551505  0.62828025282113775
  0.63932907068391387  0.65046010988091274  0.66177599502756457  0.67337444356929943
  0.68556705385159622  0.69753056898099697  0.70906245526183675  0.71985178580782516
  0.73021813229740573  0.74013116615905750  0.75002626556557839  0.76029775824256707
  0.77073596269129074  0.78079596861601086  0.79069085523154836  0.80014405106765030
  0.80988572397048475  0.81949298797840353  0.82929410219537092  0.83871246651410714
  0.84808191361113450  0.85741145858791357  0.86678974941479814  0.87639724835819111
  0.88661191215267643  0.89639931782522808  0.90627856939882601  0.91621750775441302
  0.92735215867639176  0.93793782956934879  0.94782081934813323  0.95760315240970317
  0.96804150986454307  0.97879062712075526  0.98930576979870044  1.00000000000000000
 -0.00241187946080172  0.01153747042068312  0.02212303565037265  0.03218508376629841
  0.04215373773400591  0.05157777789034830  0.06175454619975122  0.07189855731369214
  0.08182475197374199  0.09170402639606608  0.10180048589798542  0.11260596173083648
  0.12366367171945303  0.13463821700475770  0.14556730520218594  0.15558643041795470
  0.16570708994544436  0.17596357815575606  0.18644923599853011  0.19704567735373810
  0.20791609709782771  0.21979205593703982  0.23203890263474081  0.24451348178192517
  0.25646924041977853  0.26750745209305959  0.27812692540955725  0.28865448063218924
  0.29903456627538205  0.30931754713563087  0.31947316797122211  0.32946818175330611
  0.33964233346895961  0.34995333882267926  0.36064830191240904  0.37147218023892381
  0.38293403195575343  0.39464164481704206  0.40579433563496359  0.41643978976295298
  0.42730593418508023  0.43855750565277718  0.44970552279250225  0.46055933067500476
  0.47099153397348192  0.48153583295475316  0.49222700773747796  0.50295449692751493
  0.51296189174548612  0.52258246247033036  0.53224929626536366  0.54190360865322595
  0.55173041262316946  0.56173078796596088  0.57204160070591781  0.58241395434756793
  0.59254007090152017  0.60261977789748844  0.61262729741620048  0.62287175450297472
  0.63289642978987293  0.64251431113607771  0.65171133331663222  0.66103638423708078
  0.67061703097384440  0.68142803787444262  0.69203435816723269  0.70331236486252113
  0.71345816329357947  0.72341055836970491  0.73307922841651163  0.74298263565014178
  0.75368910129941635  0.76432711935130937  0.77513066762149052  0.78585937123087179
  0.79675109118379817  0.80767453173037962  0.81769522696634789  0.82775383376160627
  0.83817718747233505  0.84915386622611255  0.85991035502448721  0.87066590507396258
  0.88151298445339754  0.89285814436475874  0.90388522650841763  0.91469770082962421
  0.92563307947507223  0.93669776791461812  0.94735336984096252  0.95805579977568633
  0.96861780109674311  0.97976715757427812  0.98978842086091579  1.00000000000000000
 -0.00132551539951321  0.00593433353803753  0.01316839095776596  0.02021186606838438
  0.02736071644084387  0.03470509444886526  0.04211836755898323  0.04932013232613722
  0.05634852954206966  0.06310447807782797  0.06945871918017886  0.07569368073431290
  0.08185162737100331  0.08816435467312154  0.09486981241405530  0.10189527227862266
  0.10914524884027256  0.11628890412218751  0.12338262485040737  0.13078913659440625
  0.13831130143405229  0.14575135286877552  0.15306582395935669  0.16051526630920190
  0.16794831917098124  0.17552029445602083  0.18303517842718828  0.19049411108880368
  0.19778672561181751  0.20522985317308082  0.21303773012100008  0.22108838926138102
  0.22898613850599464  0.23672683856771198  0.24449792329988379  0.25233681856604617
  0.26012543415642553  0.26794692014617238  0.27616421786722944  0.28511383695187836
  0.29461744204081397  0.30411237463581603  0.31326311348233110  0.32157539878494756
  0.32955096605008960  0.33749709947480316  0.34537697317958976  0.35378175052448774
  0.36253717825843407  0.37181889908701232  0.38134433786941757  0.39067054906037746
  0.39948770439809594  0.40843302625091144  0.41773918744292454  0.42779058929035180
  0.43821657883414511  0.44819522352761171  0.45816676026363123  0.46819666197347631
  0.47813521966614186  0.48770018311326885  0.49657398723421819  0.50545430733227970
  0.51458083119913278  0.52446999825038365  0.53468752379462237  0.54548471324180792
  0.55646447451842751  0.56759012628789973  0.57898747116794680  0.59043559147065350
  0.60263279337096909  0.61496390457059413  0.62715648518322198  0.63914419298993319
  0.65023600010790017  0.66199685886063975  0.67456807594542711  0.68844764697470828
  0.70218715227851602  0.71544822776311989  0.72878914990844434  0.74155057826371207
  0.75509731715468054  0.77010664938383544  0.78668944578568334  0.80448848780807125
  0.82389724883538895  0.84493410738211328  0.86626104293354589  0.88768205637281161
  0.91029114949612344  0.93484847873277777  0.96399138672669460  1.00000000000000000
 -0.00294883547584882  0.01156274135828817  0.02328520249969228  0.03521223203993276
  0.04670060398806047  0.05823760801573923  0.07001815497808093  0.08143830284180731
  0.09264605530816337  0.10368537531126128  0.11376786163414561  0.12388079333181752
  0.13425197646826373  0.14445012948310057  0.15493324275838688  0.16595611760619716
  0.17803476857068090  0.18956616487680378  0.20054731855995203  0.21151023993191423
  0.22198534242464915  0.23186378420903880  0.24101515845237398  0.25001283553812192
  0.25969750289662558  0.27000311882413763  0.28052332729740442  0.29107295903193348
  0.30167228223673381  0.31245285224110769  0.32276304697878250  0.33276166801526913
  0.34292134374464039  0.35325451123931390  0.36323874421948543  0.37284750937387906
  0.38261788663454083  0.39293004817161559  0.40330110432182631  0.41332199701334554
  0.42320819803898463  0.43344103380380611  0.44324912432693347  0.45289968686967741
  0.46255160603484813  0.47264470344290677  0.48240492288301257  0.49217786047765999
  0.50233336032693321  0.51340519988192634  0.52407307485700450  0.53499624088408382
  0.54564178890283666  0.55636179140193687  0.56616888653729680  0.57624763366770859
  0.58657566349357393  0.59780421985108267  0.60882556402087762  0.61982329992946217
  0.63050431684645936  0.64078404563062841  0.65048118542271571  0.65934826231835675
  0.66935155620107722  0.67968117464438638  0.69037157663304671  0.70062568706694861
  0.71080064025203382  0.72139676182679657  0.73182724210031058  0.74173275336798239
  0.75141317271700503  0.76096381359104348  0.77108428043710520  0.78164391361109353
  0.79210494334492076  0.80212559144246975  0.81212506592407696  0.82228767122155277
  0.83282524829787530  0.84386504491523240  0.85479693016149472  0.86557253494789610
  0.87615773041845491  0.88700363214945765  0.89831665803125216  0.90993377458059999
  0.92119526965455889  0.93239755399617164  0.94395640859097985  0.95566458923959585
  0.96643500471745614  0.97683453112552288  0.98794343680728258  1.00000000000000000
 -0.00104486563857679  0.00385622791855386  0.00896970125800623  0.01384531903185915
  0.01890489293427420  0.02409707408721234  0.02945679852573602  0.03499693995405765
  0.04067040031410687  0.04636648861149326  0.05198774980624105  0.05758859519543142
  0.06336372492341449  0.06961101491740795  0.07574013629187630  0.08182121272761077
  0.08765441519088242  0.09354228902944722  0.09942836927950829  0.10549315757109153
  0.11174875087261263  0.11807225695705280  0.12442842980127283  0.13087956933035591
  0.13737979769177980  0.14377649441008544  0.15021858082598388  0.15703352671286053
  0.16404927218815879  0.17121888604371818  0.17791058708325758  0.18431380217110033
  0.19104359287602243  0.19801768915939050  0.20507115694761552  0.21223212097306063
  0.21949181673933954  0.22671782062082624  0.23383854429975276  0.24101992683919182
  0.24792238418222448  0.25489750668825817  0.26189897952388752  0.26928551549867558
  0.27694814077123775  0.28471894431357908  0.29272843807208987  0.30087624891753489
  0.30872095506665592  0.31637106235713330  0.32390788799657516  0.33172182273081713
  0.33998570640535136  0.34844241489760425  0.35677371847811906  0.36510456248590917
  0.37366446631140487  0.38252603112229222  0.39170106061229532  0.40108811955667190
  0.41019512374289502  0.41934335574237097  0.42883719620538346  0.43856196447355328
  0.44858862177997844  0.45890032750703552  0.46951771532994280  0.48020803809037310
  0.49060438308930571  0.50093046957473553  0.51169111932200562  0.52285776455890121
  0.53423684944149918  0.54606652622651719  0.55816712254153389  0.56997675845689488
  0.58185714685562728  0.59425014888062100  0.60640666404670374  0.61829796537839476
  0.63142434136599257  0.64621171766120178  0.66142745517001444  0.67643842382980301
  0.69267511655363367  0.71001681314834730  0.72927161374641947  0.75028899075135169
  0.77283786942657207  0.79630371295555968  0.82063492213858658  0.84702589360318747
  0.87504979561979723  0.90772414548637914  0.95166260415596560  1.00000000000000000
 -0.00179947295049743  0.00855313537822369  0.01784043258210875  0.02817473569987096
  0.03847070175707840  0.04831194353582464  0.05771615727130366  0.06751493239711859
  0.07769810503534703  0.08739512736377281  0.09706615644675773  0.10703988101855731
  0.11748128283660628  0.12776982507590690  0.13762796792761697  0.14794308632939285
  0.15863494543082146  0.16934704398401998  0.17949148834928713  0.18976754076729152
  0.20022165843929621  0.21144320927823940  0.22264021167902109  0.23327650667515135
  0.24337276645761233  0.25323429788507729  0.26332103179897282  0.27355104815740044
  0.28427257641864495  0.29568397707927180  0.30771642639358399  0.31948478543847325
  0.33084237859506682  0.34210493861857372  0.35270091310088786  0.36324990125184126
  0.37352548106773087  0.38495182638540204  0.39649401057002825  0.40716678946285384
  0.41771081674219995  0.42727588999034738  0.43756928553589819  0.44786853142530719
  0.45854309523099857  0.46964690636701667  0.48080344767100325  0.49184638845839118
  0.50254707117589803  0.51277615872453775  0.52297346704270442  0.53355419241134039
  0.54417507786322161  0.55437539157613525  0.56515448523394363  0.57508766916868803
  0.58523138688424248  0.59528008813546407  0.60635721762262706  0.61863459361919326
  0.63025132722584387  0.64140848156043029  0.65238412185744998  0.66324146375475979
  0.67465158303890327  0.68639440750197123  0.69750460625787025  0.70816235325626409
  0.71845470011998080  0.72933021798487563  0.73957063158209613  0.74988737417761830
  0.76071742325215863  0.77144369572096450  0.78183064172149108  0.79256262338158834
  0.80328005977910200  0.81382025012378523  0.82415776176324185  0.83427782991383559
  0.84392425443453523  0.85345979846728415  0.86333058793728779  0.87349629894639724
  0.88393999671206758  0.89377189424508985  0.90310982718904387  0.91264386660545049
  0.92318790386203442  0.93428709089832740  0.94589133324321006  0.95706130178646465
  0.96807873761415097  0.97851739907054824  0.98916111028821241  1.00000000000000000
   3.5151434490454844E-032  -1.0000000000000000     
 T T T T T F F T T T F T T T T T T T T T T F F T T F F T T T T T T T T T T F T T T F F T T T T T F F F F F F F F F F F F F F F F F F F F F F F F F F F F F F F F F F F F F F F F F F F F F F F F
  <DiscreteSampler_grid>
  grouped_processes
  1 # 1 for a reference and 2 for a running grid.
  10 # Attribute 'min_bin_probing_points' of the grid.
  1 # Attribute 'grid_mode' of the grid. 1=='default',2=='initialization'
  0.0000000000000000 # Attribute 'small_contrib_threshold' of the grid.
  0.5000000000000000 # Attribute 'damping_power' of the grid.
 # binID   n_entries weight   weight_sqr   abs_weight
    10   10   7.122067470952532E-017   1.119035809588912E-032   7.122067470952532E-017
    16   10   6.910170357302413E-017   1.128190791183288E-032   6.910170357302413E-017
  </DiscreteSampler_grid>
