  0.00191697980504579  0.00194941035289442  0.00198992665754917  0.00203011693810525
  0.00206800362382319  0.00211422355299858  0.00216069695572920  0.00220967773250011
  0.00226131157030314  0.00231595444203131  0.00237232652663589  0.00242906115000747
  0.00248617459990635  0.00254311673229083  0.00259856667670387  0.00265611402407437
  0.00271477395723615  0.00277182778444760  0.00283227891966878  0.00289600124912581
  0.00296172237636826  0.00302833688102193  0.00309555338027888  0.00316350915961991
  0.00323250400863085  0.00330243831675990  0.00337286038162432  0.00344609060462549
  0.00352492251985998  0.00360813398389946  0.00369507849421534  0.00378684278208967
  0.00387978367033825  0.00397611786722470  0.00407430797786022  0.00417867518381372
  0.00429393371724948  0.00442227369184796  0.00455459639252213  0.00468813658446753
  0.00482500091159807  0.00496424957134537  0.00510540488130382  0.00524932606557062
  0.00539503984719219  0.00554589590523101  0.00570615255100093  0.00587786564427746
  0.00605656906507560  0.00623852251233974  0.00641963685455388  0.00660535695238808
  0.00681026413845554  0.00702504003726349  0.00724939922538528  0.00748918955305385
  0.00774610389645380  0.00801635040969921  0.00829909384943556  0.00859228972768725
  0.00889896468504083  0.00922079599813555  0.00955630149525342  0.00990473965836072
  0.01028022900640270  0.01069406861932010  0.01113083808039251  0.01159361623919321
  0.01209167228294721  0.01264571752685536  0.01325069585762072  0.01391219840479664
  0.01462077432011452  0.01538942327392247  0.01621242307173078  0.01710938524315597
  0.01806216464912792  0.01912210581060883  0.02027415257331926  0.02152719159436366
  0.02291448514010928  0.02447349379471862  0.02619676500653852  0.02814509649550291
  0.03040739900942573  0.03300638795724914  0.03608561982706342  0.04003743675066439
  0.04490729922310727  0.05047878546931876  0.05739804478877279  0.06708498016085776
  0.08140381318714383  0.10666961333346606  0.18301277396728127  1.00000000000000000
  0.00223755594107394  0.00366231905272379  0.00470316886191333  0.00564631550049920
  0.00656221741361936  0.00746856062729703  0.00841375201322337  0.00937884807549389
  0.01035212215714070  0.01136444995134727  0.01244561441740618  0.01360161398737326
  0.01482765620351512  0.01610681224176476  0.01741575751794976  0.01872631267300529
  0.02006429947677906  0.02142792880452786  0.02282597607990856  0.02429988621767686
  0.02587489186108016  0.02754618984879544  0.02929277327361805  0.03107695293986619
  0.03290969764479313  0.03477547729365307  0.03669631035483638  0.03869014431268075
  0.04078165945128719  0.04296460850045476  0.04518747849544239  0.04744555490777011
  0.04980198426659530  0.05226704702826675  0.05484175608451796  0.05757463591663423
  0.06043456203659643  0.06330840309834196  0.06626233822111394  0.06937302705624672
  0.07269089631498347  0.07622424049035735  0.07982589859869060  0.08342015658767693
  0.08705809972617289  0.09072518959092117  0.09447362325333446  0.09835614565424228
  0.10228103858568860  0.10627189191534793  0.11060381806143951  0.11517827635357319
  0.11980676693404232  0.12458339073661427  0.12940966764086931  0.13464587219183466
  0.14014738758944634  0.14575647440456699  0.15163309661152830  0.15801215820966610
  0.16463575085029053  0.17128843814585107  0.17810804320516388  0.18532163231421611
  0.19291862825198763  0.20055127980572751  0.20819861348046564  0.21601732129910065
  0.22474017565147880  0.23420692986545052  0.24398486003521597  0.25409925917303339
  0.26456264089247511  0.27519622781285052  0.28599460761880086  0.29727530463213037
  0.30921610581290693  0.32169259612419726  0.33479260282530693  0.34927892996227694
  0.36509681409848721  0.38120940487552435  0.39879370337026532  0.41758796927375957
  0.43785757296054756  0.46036961753111028  0.48537078767328984  0.51245254884082259
  0.54125428047770829  0.57194647652655928  0.60566043598903030  0.64320482935126955
  0.68841101418716977  0.74517923246939510  0.83605310345738604  1.00000000000000000
 -0.00244292026650846  0.00961812836699977  0.01963201899993454  0.03012913297711183
  0.04064698207078146  0.05146536161427950  0.06204784293195377  0.07340699556341945
  0.08505150221860107  0.09667422695184394  0.10811226787753248  0.11966650680860637
  0.13072360985656661  0.14113568497852952  0.15139530760276110  0.16199736190823807
  0.17277069491463587  0.18323297216392759  0.19358461870951998  0.20407593874263485
  0.21463551635403058  0.22513386790633272  0.23553272575956435  0.24597706799131411
  0.25626109589629070  0.26640872728682058  0.27621238835998163  0.28581733676795201
  0.29542192253797017  0.30521695373385072  0.31540105391720236  0.32576266074077009
  0.33624391969322243  0.34704077242426301  0.35790413898603979  0.36876500225706560
  0.37938853830777119  0.38996557322576658  0.40047427940485247  0.41106625915896344
  0.42212373948468757  0.43384925198578722  0.44549818415244091  0.45654165587318135
  0.46733338756436399  0.47804720227959629  0.48845414009296051  0.49855605336642905
  0.50865211031743296  0.51904595474797621  0.52938513849356006  0.53957201196535698
  0.54954162719848543  0.55948397999946620  0.56963634048740952  0.57979045945333796
  0.58972391327615381  0.59941065567350160  0.60934523721382783  0.61970891421925456
  0.62990731755152041  0.63950451650618179  0.64902420943690398  0.65891073226763464
  0.66963301288565813  0.67997748387322476  0.69031955490199792  0.70061356957929044
  0.71111931243474247  0.72110317128396728  0.73071241526044983  0.74013212182699872
  0.75026056340526115  0.76162009536125574  0.77341852402349842  0.78523621638633301
  0.79681257698666130  0.80785222549486246  0.81866608755388581  0.82917877338629176
  0.84043092062155800  0.85144315336072440  0.86236501790765108  0.87346697856271915
  0.88537789044836113  0.89677583008237405  0.90780952199389253  0.91799723622415197
  0.92841102352927563  0.93835574942483957  0.94822631860687823  0.95787068420807064
  0.96788942849457360  0.97807978135198048  0.98892992476995323  1.00000000000000000
 -0.00230657193309943  0.00962822351922881  0.01925444942495530  0.03027915567982239
  0.04141646093843119  0.05285695433340192  0.06363045193658444  0.07477083434884942
  0.08599357823539093  0.09702604544071934  0.10824278893863389  0.11940334095296039
  0.13053433159409256  0.14173171554788577  0.15291849126260781  0.16372584381534208
  0.17415186985590411  0.18416011347326378  0.19419705976773405  0.20457263431186487
  0.21534447116450400  0.22622068632815384  0.23694414805508743  0.24716861545639268
  0.25683115842308707  0.26639367605322534  0.27671972824780172  0.28778571931383268
  0.29902769736211460  0.31032986020796333  0.32135451924327108  0.33214882389607675
  0.34238746609181353  0.35330467994825893  0.36428270206588598  0.37486470129010901
  0.38496827374208026  0.39492628116516137  0.40515196233642431  0.41556300931249379
  0.42624067324734094  0.43710670599279083  0.44776440148371444  0.45788736740134872
  0.46780950070715227  0.47796247109793882  0.48827502111751042  0.49868716841497918
  0.50915417648358119  0.51997483002776157  0.53069084033958236  0.54126696385427742
  0.55182750741609010  0.56279591275032137  0.57406690420003192  0.58509341946882898
  0.59561620636353052  0.60596919348144374  0.61660818848095500  0.62762695610204811
  0.63875228183462140  0.64975278596765551  0.66059493372792977  0.67085691044979756
  0.68102645943915652  0.69122899877809685  0.70132145875045537  0.71115805474767835
  0.72101783182840007  0.73076640640358614  0.74051108680248579  0.74934125425549680
  0.75858812348159710  0.76787779699646097  0.77718552405458996  0.78623841166297015
  0.79525262223023252  0.80447042143265135  0.81436958240674218  0.82481088897459742
  0.83592651257028461  0.84704614471603423  0.85794213671756803  0.86863486191944050
  0.87957038864608172  0.89086168102473928  0.90203993364821422  0.91342068859996639
  0.92405223205075360  0.93505106671032134  0.94528005569272722  0.95578539786282202
  0.96641593001619175  0.97757066670151183  0.98901390218733520  1.00000000000000000
 -0.00250357280246398  0.00933697704666295  0.01999092548507026  0.03049703137171727
  0.04108707127698141  0.05169825309567612  0.06261434562576566  0.07386249033028128
  0.08510302556349897  0.09640281797911425  0.10762262896066851  0.11890580546671228
  0.12987668063380098  0.14044458741761826  0.15098234628088375  0.16133526763748654
  0.17139111106277546  0.18088182246038614  0.19080021268056926  0.20118196605635813
  0.21224605266773330  0.22334653659174580  0.23426249166492746  0.24504106708448600
  0.25562055285614710  0.26632579659552047  0.27723884294569034  0.28807059251129452
  0.29865106482871190  0.30908952583670313  0.31930396477494172  0.32945798074944221
  0.33970078058716735  0.35024212102600688  0.36109933683088047  0.37214391253805384
  0.38315010057978377  0.39412202411709546  0.40498231228450399  0.41555930768574423
  0.42610207576749864  0.43679482511295026  0.44762491117451875  0.45829529679334857
  0.46867347483044508  0.47907011622465079  0.48941950669947637  0.50007731092992092
  0.51084828736417964  0.52148955295287269  0.53155273310343887  0.54142255918801663
  0.55174942592628218  0.56275819236799474  0.57325114207771488  0.58317757701722128
  0.59291823788288811  0.60300164576457604  0.61337454918151180  0.62359330394031942
  0.63382311054546936  0.64433910368226377  0.65530879356040972  0.66579286666573911
  0.67662694676422896  0.68704335729501065  0.69783811856255407  0.70877906842256810
  0.72001972668858416  0.73119344067236758  0.74211990233188729  0.75245767879879322
  0.76268480005422812  0.77310599413350789  0.78360914132057269  0.79396626690250405
  0.80419377284552751  0.81472410600024381  0.82563746327398690  0.83644260746882804
  0.84706959312788577  0.85713669628735811  0.86732613938061454  0.87726203183880680
  0.88738492620548126  0.89772485479526509  0.90846947477154572  0.91919886944619633
  0.92952920102508862  0.93966388203580153  0.94995535028693978  0.96007730203255737
  0.96989254874402930  0.97971062572355250  0.98960742344738772  1.00000000000000000
 -0.00246905078285257  0.00962696174220666  0.02001112991107474  0.03094024658951930
  0.04216364314870315  0.05309945191780817  0.06379423225138385  0.07392594460966387
  0.08420944653767873  0.09436589526887768  0.10449695552929332  0.11499032166562458
  0.12545205646460619  0.13553208332178640  0.14524895594738568  0.15502060730508774
  0.16530019091990150  0.17566109978216998  0.18627523849360164  0.19838320209878343
  0.20972855524491310  0.22016900627263145  0.23041974045179295  0.24079869470153620
  0.25110832622370644  0.26104641407608326  0.27107391423529348  0.28148725775867461
  0.29246276383438707  0.30353318590622824  0.31484503348374709  0.32644988927909985
  0.33781819527240881  0.34879780489606749  0.35928216582564565  0.36975402444552119
  0.38006625539594507  0.39020773662066560  0.40072909372568133  0.41168788537532647
  0.42278830117200206  0.43380436582666243  0.44488493457313860  0.45598859736197223
  0.46659532351459732  0.47685805230151340  0.48734875046559106  0.49794814203451482
  0.50835391218936266  0.51889074721799000  0.52945501818024110  0.53985912140994241
  0.54971834242311302  0.55954605841626726  0.56944461238036259  0.57959334731772405
  0.58998113717876410  0.60123004548005399  0.61322503551704133  0.62488047574157712
  0.63574836989307959  0.64633198201173658  0.65682377702809525  0.66709635074053342
  0.67689502403151192  0.68660450336061618  0.69660396730883478  0.70680267066251223
  0.71718741150591392  0.72788295480859799  0.73915233857212592  0.75011070709772198
  0.76080568012437533  0.77086467068207076  0.78079732422832748  0.79097666887748663
  0.80086781894083636  0.81149989878775597  0.82187194053967161  0.83238435202838390
  0.84306744801820166  0.85404016030180896  0.86471923577773480  0.87502940506587645
  0.88542340886453497  0.89574867442810324  0.90587741516370335  0.91575505516747890
  0.92623842815614510  0.93715850743995277  0.94779555938241433  0.95825686421238776
  0.96819571824221640  0.97858095640280707  0.98902611815381403  1.00000000000000000
 -0.00257387771699143  0.00984130788100631  0.02033291789980206  0.03119514202124544
  0.04119792788334904  0.05134854278517965  0.06153223385129195  0.07231975985288439
  0.08324966771417534  0.09370136289321218  0.10397174735885266  0.11383095175041207
  0.12351778208612810  0.13293659089575721  0.14265428895838198  0.15296298023651961
  0.16371153521668999  0.17415176665465903  0.18478792899985358  0.19533550189957882
  0.20562734483727496  0.21567149906035663  0.22654684268076661  0.23808213444257983
  0.24917975513833618  0.25957460919541986  0.27004335549954173  0.28058986565611832
  0.29137253520192063  0.30137579496011496  0.31153384110081239  0.32182824613471722
  0.33241874144096201  0.34280289570834865  0.35301891518655165  0.36354744534309769
  0.37456830042682304  0.38570011222423561  0.39667346497039185  0.40682774769270497
  0.41683508676192094  0.42642435210533036  0.43644077727198899  0.44675077188290058
  0.45722144127073377  0.46747077127925324  0.47729253573049718  0.48724451538200125
  0.49760583500316535  0.50842705807491928  0.51943858430675827  0.53050004940165096
  0.54156938984263914  0.55253115106343198  0.56336864057100244  0.57427012245596476
  0.58565781692641827  0.59707935527706901  0.60838965277212342  0.61909931235960125
  0.62978511604470744  0.64035787535939803  0.65053801528369426  0.66055947342363486
  0.67068606809926457  0.68168765104832874  0.69319795355645608  0.70448184216875565
  0.71534531374078447  0.72639898704908390  0.73750395638601784  0.74856741304838659
  0.75879550755889114  0.76893295789376548  0.77918462443358893  0.78930394799779646
  0.79939919250329627  0.80982906268225707  0.82084459893556405  0.83177841594647728
  0.84238409248856927  0.85306179201554133  0.86364532577735864  0.87408278941815665
  0.88424513537419758  0.89478646645399174  0.90494143389377035  0.91504730760818187
  0.92485114552199610  0.93485895248434725  0.94492436797819612  0.95508348145911348
  0.96585057037919264  0.97695059456648559  0.98848263836427974  1.00000000000000000
 -0.00228661281694475  0.00941231930828189  0.01936563685493258  0.02979332743342053
  0.04031474415733394  0.05087417952470872  0.06148392970195833  0.07158619506280056
  0.08187297183084587  0.09169189679669650  0.10152019261542766  0.11140206494650230
  0.12160750333404419  0.13191081929745391  0.14236510880510186  0.15305923732886190
  0.16427810107318638  0.17523084976003248  0.18629405347555369  0.19757719962997478
  0.20821767226011656  0.21844914896953241  0.22814413907226386  0.23797393103288653
  0.24780647585715040  0.25853059136825285  0.26974121032614273  0.28140096077723109
  0.29254950914803562  0.30378246958457555  0.31492291189653099  0.32580480689842373
  0.33615025327859754  0.34612118132825442  0.35600512262541756  0.36555957410789158
  0.37507014059909277  0.38517094601005386  0.39512581680790465  0.40490232274219651
  0.41439521186667189  0.42482952966169696  0.43598955638053666  0.44655054118442727
  0.45721411998984895  0.46855813894091036  0.48023590830286589  0.49129054602230915
  0.50175921273231505  0.51328638580671471  0.52418714151418166  0.53430874313645338
  0.54485700824439687  0.55560635740321129  0.56643472911075865  0.57628472060458968
  0.58609355754449199  0.59613922718844736  0.60714291852951141  0.61868211974568521
  0.62993575308934835  0.64046790665869668  0.65019464238652580  0.65987589800849711
  0.66996518244726611  0.68018060780974110  0.69000109434635482  0.69985109760762099
  0.70984217192703669  0.72050744893578866  0.73111902244600080  0.74179086613554290
  0.75244931025631401  0.76314618778138354  0.77392159348952949  0.78497068607177989
  0.79604720535898210  0.80707139685160456  0.81761791057808253  0.82884976349661610
  0.84013335193297045  0.85122066975330712  0.86168099342178184  0.87222056431921402
  0.88246607466722637  0.89309830066048757  0.90365666504967646  0.91412943191512941
  0.92479168193769790  0.93525924834313034  0.94616522838477546  0.95685945079945733
  0.96764528854602905  0.97810816133093115  0.98902295194738843  1.00000000000000000
   3.1481908614786232E-012  -1.0000000000000000     
 T T T T T T T T T T T T T T T T T T T T T T T T T T T T T T T T T T T T T T T T T T T T T T T T
