  0.00191591854860530  0.00194405913937175  0.00198740361821889  0.00202794939284378
  0.00206424566860769  0.00210005194088567  0.00213816813289889  0.00218231850902163
  0.00223099702671738  0.00228022069093163  0.00233381744552235  0.00238977997076368
  0.00244758586700550  0.00250423212754803  0.00255877258801110  0.00261820177691274
  0.00268044303344428  0.00273996364149375  0.00280346613157224  0.00286769718993838
  0.00293757655799381  0.00301200614752719  0.00309267733168709  0.00318598672853100
  0.00328357721844789  0.00338603336334309  0.00348908505256422  0.00359201460313629
  0.00369582706216381  0.00379689801435378  0.00389630292053733  0.00400603624219799
  0.00411250672484056  0.00421755685779208  0.00432426147489179  0.00443413432411027
  0.00454893545753280  0.00468168781993283  0.00481458268596812  0.00496067104535533
  0.00511798351283879  0.00528378401332960  0.00545222417899024  0.00561494542386416
  0.00577722789348644  0.00595180656553366  0.00613266997668150  0.00631327110249040
  0.00648698151967856  0.00665609862379277  0.00685622162197309  0.00707860036122568
  0.00732696092660885  0.00760993105242757  0.00788099391510875  0.00815121142865352
  0.00842890577259698  0.00873068374225506  0.00905049471116194  0.00936934026884717
  0.00968992860859485  0.01002178345677531  0.01036768815596342  0.01073278816690225
  0.01115462708159177  0.01163389266959891  0.01214309320419154  0.01268594304388133
  0.01322018164554311  0.01379792483335188  0.01443662232628424  0.01514429873653033
  0.01590121679747124  0.01680334080753502  0.01781748794510174  0.01891850434913832
  0.02008100413180710  0.02139242313973978  0.02280121976326778  0.02431112022518305
  0.02593633999493358  0.02781285276233634  0.03000080145494362  0.03248937858983643
  0.03542210138898524  0.03934278628860181  0.04393705578456100  0.04908325903906700
  0.05486050101431759  0.06198878702633154  0.07233110998677555  0.08653511756820784
  0.10862876359853441  0.14960562135243438  0.25671274705141794  1.00000000000000000
  0.00570659219020424  0.00673003127328021  0.00731120037232506  0.00786666822343415
  0.00842507678768754  0.00901262804304277  0.00960355257002347  0.01031735169793783
  0.01103335770959378  0.01183665246316748  0.01273666166739648  0.01371982149130018
  0.01475146462581569  0.01575747491974645  0.01671151554624845  0.01761707191959485
  0.01857273868511925  0.01965631554720534  0.02079745296005233  0.02194687060231850
  0.02311451310360663  0.02440776564365126  0.02570942902475395  0.02697183170729565
  0.02829835548379306  0.02975543401326042  0.03130010323411894  0.03284671914325441
  0.03432187209856586  0.03574556668016855  0.03715224746849956  0.03863430420656235
  0.04021764273952384  0.04184552595953099  0.04351871520307652  0.04526379941469742
  0.04708537072801512  0.04901194978216426  0.05098655437460066  0.05296410043278455
  0.05508357335096563  0.05736031817957963  0.05989227902969626  0.06272230335478496
  0.06564769086299940  0.06867652361739378  0.07176448655138726  0.07503356402238261
  0.07835971423692784  0.08185718484892841  0.08568789060050365  0.08983298315576815
  0.09428574795869463  0.09879179509507675  0.10351549579764097  0.10751393864469277
  0.11159002131965993  0.11535059470901626  0.11922717608998205  0.12291098634828056
  0.12654275402767678  0.13115878211315696  0.13637832002070055  0.14208409443321260
  0.14790449822839882  0.15396302175546961  0.16043902520177028  0.16735417613413089
  0.17460538426258648  0.18206233490556339  0.19012278784660672  0.19835532942566125
  0.20787587869358404  0.21727666767356085  0.22673181831366385  0.23646598517290229
  0.24695194873493964  0.25860464771252817  0.27125474120761828  0.28540378027790336
  0.30056896965175567  0.31718950047621530  0.33579655081242354  0.35677129192635965
  0.37948877790942376  0.40344223459437550  0.42935913001916809  0.45618430867832721
  0.48821660613918266  0.52271112660305374  0.56434465904314857  0.61107839705910272
  0.66509109056188898  0.73155305052618391  0.83217613111923561  1.00000000000000000
 -0.00289931377498501  0.01218583608682617  0.02317445642770145  0.03376722390530900
  0.04392478764853149  0.05466920130620857  0.06517314651742015  0.07497560246786301
  0.08473006949244259  0.09462722506058469  0.10459662906954904  0.11452893180880154
  0.12447518258046451  0.13488392376532807  0.14626153991351165  0.15860145724242006
  0.17006593266186792  0.18038585971775384  0.19058390621908247  0.20084290291440354
  0.21021992344743556  0.21891106585721040  0.22688465888258932  0.23699589768550977
  0.24733230321623959  0.25770859228428944  0.26830570017119376  0.27846995340388259
  0.28755821269196835  0.29652135502650040  0.30631765899487418  0.31786967450475528
  0.32983607340328558  0.33997301886923542  0.34986861566228733  0.36068400007913581
  0.37238676280852107  0.38356517163810339  0.39405890368871044  0.40424086639312845
  0.41458420649463984  0.42533599056801674  0.43600188736310513  0.44635536917947088
  0.45633255433923697  0.46622908496020465  0.47678580016285732  0.48775809538539505
  0.49872602333606980  0.50968547665358566  0.52143535284551390  0.53351392135402076
  0.54559325852044671  0.55772586426647874  0.56904056502527445  0.57896381377965267
  0.58800107887115505  0.59651762087648863  0.60544648968742598  0.61512765476126696
  0.62440476380756471  0.63533595283911204  0.64532571147839535  0.65548455104333569
  0.66514206811467869  0.67491309375980890  0.68534567896189180  0.69500371207064326
  0.70410037785003121  0.71260254529634837  0.72192416331570497  0.73220053635913129
  0.74356950372125963  0.75613454467020502  0.76877059063671771  0.78131219622885228
  0.79296491050084417  0.80427503172086745  0.81524055209849056  0.82610658146242621
  0.83704919847668058  0.84804435252652588  0.85982495344856225  0.87142912642818782
  0.88223448743512789  0.89249459902812978  0.90246949098867013  0.91141999024567844
  0.92095462128548200  0.93149764869500584  0.94298865010460875  0.95526358801961175
  0.96736233179579645  0.97915643618382731  0.98957223328033028  1.00000000000000000
 -0.00236660276799372  0.01080810002503253  0.02203163346599401  0.03372453796953283
  0.04507731310273996  0.05544629321048318  0.06572945047090185  0.07649795022727360
  0.08795929034588192  0.09903142109247867  0.10869166501087799  0.11732852179999047
  0.12578579218633837  0.13473363557474391  0.14405089944460409  0.15387122653809729
  0.16388916447555710  0.17437250534457721  0.18475298834231607  0.19461559291337571
  0.20448667897502654  0.21487842124402576  0.22538305149690846  0.23552749119134786
  0.24603587769533097  0.25723498194130817  0.26932444882265322  0.28095866178450352
  0.29209189600649221  0.30325907970711785  0.31489044680529349  0.32736606008730984
  0.33949686707874610  0.35188223230279186  0.36420463249060203  0.37665867159672500
  0.38786316783963298  0.39844817280214273  0.40850899876388569  0.41867421294814550
  0.42878637623465715  0.43988220046844251  0.45108120130408907  0.46132505517417771
  0.47067354531994499  0.47948819031827100  0.48880227104309104  0.49801502297575928
  0.50808941249427730  0.51836467325280922  0.52907612169107021  0.54003854290362241
  0.55209401596011254  0.56482071004944989  0.57672567247816231  0.58800235733986084
  0.59807978434547915  0.60801517307080999  0.61762326981907656  0.62740979750234682
  0.63750211060161754  0.64810777439908362  0.65765911363640184  0.66642769444576322
  0.67520381069095770  0.68392896542347481  0.69264692651695614  0.70108391081849930
  0.71018907828591360  0.72055741142152718  0.73202128955590573  0.74403088551694652
  0.75575582320542212  0.76686003119432855  0.77660000041891997  0.78598875883702024
  0.79616725054756898  0.80727470762674336  0.81967483267257946  0.83243382865599413
  0.84251681872512041  0.85183172064934332  0.86106197367407500  0.87070419314707392
  0.88089738875542101  0.89063051005152816  0.90058466015130378  0.91262529003841675
  0.92468812530585254  0.93695268177505020  0.94799183800029652  0.95884056342294988
  0.96956847969006676  0.98038378053901032  0.99032761648327172  1.00000000000000000
 -0.00225529250474679  0.00986804396108749  0.01952989591208967  0.02974754986693020
  0.04007538125173554  0.05123130427224520  0.06241331433443047  0.07376990476173319
  0.08528019523124018  0.09678638740492816  0.10802774286588153  0.12028238524364519
  0.13200563252047340  0.14407255186743609  0.15548859813209082  0.16526816575559172
  0.17473389921523544  0.18486619187016576  0.19537362872251463  0.20617417848562256
  0.21644519368663781  0.22654739691250703  0.23681209329241495  0.24751954344003721
  0.25916695260382694  0.27047050515283227  0.28091462332768863  0.29185425379155283
  0.30270939165612576  0.31343270396050232  0.32437842644416703  0.33566858871656469
  0.34781702533894548  0.35968012303911057  0.37068933160670947  0.38140144580911622
  0.39218610671415971  0.40344571975751203  0.41423438258441719  0.42451541518049668
  0.43420312378155235  0.44424030013349192  0.45424040808862637  0.46446766159654523
  0.47487004516624864  0.48568732669873338  0.49702773633163116  0.50830621507543372
  0.51952479816848407  0.53063200509943631  0.54073862335642953  0.55024783201346383
  0.55980033695301734  0.56982701786810475  0.58043150514224684  0.59143920369860081
  0.60283770595308306  0.61441151254220194  0.62587297907324702  0.63679220609065212
  0.64674479291142073  0.65761036511707593  0.66796984818581373  0.67787279881511042
  0.68677742207302739  0.69548916089437784  0.70441119969040678  0.71483299371362552
  0.72509535949525061  0.73622203241535600  0.74747954830097874  0.75939949966207310
  0.77076568462333606  0.78131559907251169  0.79100809714594245  0.80095901788157442
  0.81121054438866569  0.82206495854129424  0.83271856630125873  0.84391804558849393
  0.85559673220933785  0.86728865698526147  0.87874901488052937  0.88946623204151409
  0.89912329442036043  0.90821956987523011  0.91721567711756802  0.92622483536591937
  0.93538446203547143  0.94439923117778624  0.95359243310418595  0.96329602275009396
  0.97325318198351263  0.98230542538575405  0.99126488197303730  1.00000000000000000
 -0.00213345202568606  0.00772335667580932  0.01727382391867862  0.02760295535483024
  0.03853011538464740  0.04883853580803076  0.05864607393913475  0.06888212284267371
  0.08016961214882347  0.09261430168694806  0.10478652225818066  0.11626330367104720
  0.12623625745919129  0.13554992332254759  0.14536094043111811  0.15605929031015287
  0.16706141150364556  0.17782393214475692  0.18827617419751461  0.19800220841243057
  0.20756268033546829  0.21676905006062211  0.22597856545350320  0.23488073779671478
  0.24368824591766985  0.25333720432668394  0.26437020791700711  0.27563832865907956
  0.28611420005082711  0.29662786695016874  0.30836121651712306  0.32047516711881435
  0.33180831441476855  0.34415122359563083  0.35665017473393557  0.36972210205314687
  0.38121834791711751  0.39114734569027021  0.40050942383509397  0.40995832275595689
  0.41999625009291786  0.43036981020624937  0.44052852456235086  0.45044041710098631
  0.46058985234683231  0.47216186464323173  0.48398166738480169  0.49587211397759212
  0.50596769252001905  0.51471541331529913  0.52382311241191870  0.53368409468009381
  0.54485664574742143  0.55641243783915106  0.56804029742024875  0.58029437472804346
  0.59201114610787797  0.60399900263184836  0.61594703663957173  0.62734297470979550
  0.63733323657251695  0.64694176962449423  0.65673315366359308  0.66639031832275752
  0.67568323554423160  0.68520297540311104  0.69519326762944045  0.70495342588785193
  0.71400297450390537  0.72235512555866566  0.73157185643438905  0.74224398690978610
  0.75337628386937772  0.76450326233743626  0.77580721428625610  0.78775234016732842
  0.79988930440514405  0.81141431628981309  0.82327837660142522  0.83457479561519454
  0.84446186454662764  0.85298179316275480  0.86101874343710239  0.87004292766796421
  0.87985979229773037  0.89001856946028224  0.89957359474785592  0.90944413919402756
  0.92059089376839243  0.93238179399512300  0.94350677050728582  0.95491442747438182
  0.96603814291845569  0.97758876860348654  0.98865717155790622  1.00000000000000000
 -0.00190381395071983  0.00719843206665614  0.01564833377297110  0.02482348027802686
  0.03376679396610650  0.04296129492575539  0.05272784462795983  0.06345079955464936
  0.07492284587982509  0.08658989721701166  0.09809405921942660  0.10883346951600474
  0.11918684549231025  0.12982401279478045  0.14140191922057199  0.15219229080883906
  0.16174736908506154  0.17130197898430030  0.18137649446681589  0.19194327270692740
  0.20238070047099999  0.21339012483663142  0.22408035318356931  0.23380936522430890
  0.24306280350780873  0.25222666483668160  0.26148395638532612  0.27022634971096876
  0.27875451917672506  0.28727673568012085  0.29606659750694581  0.30556001216959677
  0.31646069541720845  0.32782877287446932  0.33860390625282200  0.34888608258026610
  0.35943264110968964  0.36993219378705344  0.38047651125813892  0.39150568144827974
  0.40375150696908091  0.41491132849972207  0.42472773270346675  0.43462772969121266
  0.44581453685809563  0.45721316648875809  0.46762315929281634  0.47717406078330921
  0.48683467560150656  0.49683320531036995  0.50720564356807107  0.51792233117934627
  0.52869228758896769  0.53967045432182359  0.55000263737470623  0.56011797953185971
  0.57096013042203353  0.58278344538167626  0.59535099471943165  0.60869852772140298
  0.62225226586350080  0.63487246493105665  0.64636778559290842  0.65745592347207304
  0.66841571804343958  0.67913218693429922  0.68880542385368082  0.69869299936622875
  0.70824304548002281  0.71780485103312774  0.72693430274238979  0.73599802132891112
  0.74535397197456132  0.75552728220697662  0.76592611427411805  0.77650201712314226
  0.78697788750202835  0.79729387385769213  0.80782480316331684  0.81949782763284429
  0.83154583052577524  0.84288574283639617  0.85416095563926686  0.86619449560846240
  0.87895700482849515  0.89173973059839728  0.90384651735084232  0.91506448585690081
  0.92631055800498729  0.93709297721859441  0.94757616049672910  0.95784193526645756
  0.96773472843461439  0.97816768446967195  0.98851987208191483  1.00000000000000000
 -0.00215248199190988  0.00957051339987459  0.01938242625239866  0.03055462162975066
  0.04261528398529522  0.05448163195766836  0.06580956586893780  0.07704074169683750
  0.08872799278695757  0.09989773309308295  0.11030052791245296  0.12014951519010696
  0.12935784846565912  0.13777771350093768  0.14620575787123077  0.15495393941767358
  0.16483988949909958  0.17502627059759829  0.18440291293239294  0.19333724797843171
  0.20235857610280283  0.21170721323498826  0.22178701247304347  0.23201235716806545
  0.24265010772497289  0.25377835750767214  0.26582024392214004  0.27799026840169838
  0.28948594614092582  0.30099051179326475  0.31252675030741039  0.32380991193026443
  0.33444189673436653  0.34444144642811292  0.35350428915952525  0.36234894918551874
  0.37119545075031685  0.38070560666949133  0.39179053762144173  0.40363421337298927
  0.41572303932164612  0.42771727935455883  0.43917917751887708  0.45047633243178831
  0.46134958506878421  0.47170917876547253  0.48164736514289191  0.49136362404386297
  0.50064401078033915  0.50994750850246107  0.51940759279880222  0.52936992327690158
  0.54028817199543566  0.55113455701317349  0.56199490076737157  0.57249550359220924
  0.58298518465475913  0.59379805926443152  0.60514018415282333  0.61587140299781307
  0.62575557591491282  0.63540769028146438  0.64579861764363677  0.65664928422822255
  0.66748405261851151  0.67812907220020335  0.68831530346845393  0.69842600831987134
  0.70855047641268665  0.71853811301159987  0.72919653910102600  0.73911437515385414
  0.74940587264968950  0.76009016609454261  0.77217904461883013  0.78463402533055382
  0.79643330291643866  0.80734288728493908  0.81893009090603663  0.83115706745987217
  0.84261793739367752  0.85329885188834409  0.86436767175018048  0.87620686820959404
  0.88855765403179798  0.89862116480074550  0.90832318974466431  0.91802945234394007
  0.92738549368510736  0.93756242478541507  0.94817497798818984  0.95894094191085977
  0.96876917849696131  0.97853558974146249  0.98881971450647665  1.00000000000000000
   3.9040115198798627E-011  -1.0000000000000000     
 T T T T T T T T T T T T T T T T T T T T T T T T T T T T T T T T T T T T T T T T T T T T T T T T
