  0.00191838174243301  0.00194195512935083  0.00197855412827676  0.00201533106125873
  0.00205159282836207  0.00208977451588061  0.00212920840060118  0.00216983218602415
  0.00221198113504971  0.00225503802760224  0.00229880399245344  0.00234465514859989
  0.00239390245817689  0.00244653127676935  0.00250161694561782  0.00255686542550401
  0.00261229753111928  0.00267120687791269  0.00273192974584986  0.00279311614074979
  0.00285478391277309  0.00291670684839533  0.00298042880806978  0.00304802942750319
  0.00311732184669845  0.00318995927836234  0.00326874942432687  0.00335039541082000
  0.00343312959918020  0.00351813177585192  0.00360713558043761  0.00370002387900173
  0.00379681365833227  0.00390017409495079  0.00400678712213959  0.00411853455939575
  0.00423137725073461  0.00434539510175439  0.00446134703211401  0.00458096859613243
  0.00470194774448460  0.00482417165115187  0.00495313958029205  0.00509087631315269
  0.00523747165501055  0.00539165180378683  0.00555504126400481  0.00573054771254282
  0.00591552577370211  0.00610757336365044  0.00630210822611844  0.00649936538085104
  0.00670635969986348  0.00692522294869907  0.00715290540248710  0.00739103430390033
  0.00764236846864378  0.00790677758699411  0.00818355103452863  0.00848614701109610
  0.00881303224415193  0.00915698194011086  0.00952350951993161  0.00990651748063746
  0.01030592621726701  0.01072809175581542  0.01118065234069989  0.01166873628516971
  0.01219705109648074  0.01276372436518734  0.01336234746735007  0.01401387965572285
  0.01470656632707995  0.01542204158858175  0.01619146889008090  0.01704676517321631
  0.01801128350886107  0.01904897064339944  0.02017152740557506  0.02140715478557293
  0.02276084763581405  0.02430603763991587  0.02605207493524149  0.02804105465404822
  0.03032822324201560  0.03291250463343266  0.03593960129409108  0.03972599428700550
  0.04441059881111101  0.05005635636941552  0.05703634439009088  0.06686959300754282
  0.08130099806016339  0.10630098803047151  0.18606517065113587  1.00000000000000000
  0.00199644790535847  0.00359853614819016  0.00470783004183679  0.00566617584684147
  0.00660765880385870  0.00755184881152088  0.00850701277891254  0.00949555276968784
  0.01050758988942238  0.01153219034262289  0.01260944464703414  0.01377387436649225
  0.01498108545028077  0.01622896080092953  0.01755489136170343  0.01891518385040446
  0.02027141919682363  0.02162466319092515  0.02304988421474441  0.02454628990555053
  0.02614300917590842  0.02782954299679878  0.02955720483686025  0.03129884678381099
  0.03308284872315180  0.03497650162482818  0.03699544453085033  0.03909476367485307
  0.04126077188540524  0.04353361299621576  0.04589643918974898  0.04827842255289917
  0.05069099283285797  0.05317302234599076  0.05575053330991585  0.05838781337304928
  0.06107797049766066  0.06385863752782271  0.06678763574372766  0.06983943730527663
  0.07294573312222988  0.07610258600051689  0.07932937192343439  0.08267529302121289
  0.08619898667066243  0.08990106525102752  0.09375295197040870  0.09777535581366259
  0.10196306158214878  0.10633061705275626  0.11060105389353964  0.11523409718726427
  0.12008146912278685  0.12503919887773185  0.13020806865759602  0.13558261203209696
  0.14117674039977499  0.14702971816380753  0.15306887496963986  0.15928687573226372
  0.16575497964229735  0.17244598293867194  0.17957521193325093  0.18710884368497213
  0.19470498602893216  0.20263115315587468  0.21080312166829890  0.21939409450139841
  0.22845131784162223  0.23802432340700830  0.24753668210989077  0.25737772464327929
  0.26709847222833788  0.27744122239865970  0.28856125147141476  0.30069804440512976
  0.31414860360185376  0.32878623225480458  0.34394351394712325  0.35947173951306116
  0.37589440596632617  0.39289776448955632  0.41098809143450105  0.43007474906464144
  0.45016128694357405  0.47139929402975039  0.49401605093182160  0.51838590008347851
  0.54540181035265478  0.57678736742130898  0.61264410945774084  0.65325809644819666
  0.70085122430614133  0.75928924826509125  0.84892836086300005  1.00000000000000000
 -0.00239102327487170  0.00947921657193827  0.01914361819158114  0.02991964139891086
  0.04047332321305487  0.05163273520636377  0.06269082322067915  0.07347513598628064
  0.08466314647652581  0.09546120050736399  0.10633226408684127  0.11674521644881522
  0.12721124708196249  0.13826248982808156  0.14915851800316221  0.15987136627717863
  0.17061184265624751  0.18114649149443940  0.19097229104807864  0.20012265915105890
  0.20961853218847323  0.21970792486687110  0.22983430350512007  0.23993532435728654
  0.25042048649048865  0.26124913517979481  0.27254264345790991  0.28380588157949654
  0.29499473863007608  0.30584752825857181  0.31636306533396347  0.32645116004634034
  0.33609149194037941  0.34559708744252554  0.35549335716869784  0.36562843118241695
  0.37582106561529327  0.38592988498161890  0.39627088863552812  0.40669216544924935
  0.41690213128805104  0.42675000484195369  0.43628632851886845  0.44593884581884929
  0.45603145754452706  0.46617702028671204  0.47651828995659151  0.48721710198372836
  0.49802152278033041  0.50858468438362592  0.51899598785701484  0.52967835338874036
  0.54080011728635080  0.55206408806025997  0.56306085209054457  0.57360464068671257
  0.58393451880729119  0.59456493497414387  0.60572153979252530  0.61704227089682062
  0.62780265447671946  0.63804923361598120  0.64842926761132058  0.65893553132807881
  0.66944090263623457  0.67993944546248108  0.69069497413876757  0.70173206382008313
  0.71268058904570741  0.72347488830621764  0.73427790230164136  0.74500843659479898
  0.75584517133412366  0.76631102671526619  0.77690578139553279  0.78766468182927607
  0.79883226563745369  0.80960982687284855  0.82031367575419067  0.83131708316772257
  0.84214690473531473  0.85294934211625617  0.86347432090811260  0.87427947653530647
  0.88488642274627827  0.89519002323921903  0.90527070406140797  0.91560205273918105
  0.92645651120105454  0.93751556650708645  0.94812285855204914  0.95867960698841093
  0.96903088378047553  0.97964305034734123  0.98992603118332911  1.00000000000000000
 -0.00259957939618388  0.00980820928623185  0.02074659156216867  0.03194961751857554
  0.04285016899896214  0.05288006214111104  0.06300640182903863  0.07334211287476403
  0.08405166192344124  0.09483885789913030  0.10563601670544227  0.11635327480271768
  0.12666143704158106  0.13698001665525500  0.14729574445454849  0.15849313566717690
  0.16947530613297224  0.18068581266186406  0.19201344436291903  0.20327467350148190
  0.21427356994610869  0.22488929845943159  0.23533001223581199  0.24560537808153018
  0.25566325104523846  0.26565347423820596  0.27596237784884531  0.28680775151997612
  0.29783583110324874  0.30847685412728809  0.31867618385344326  0.32873799726870356
  0.33880379041091940  0.34886082362717558  0.35890587548436625  0.36907524404621445
  0.37939092985011269  0.39013412273728276  0.40103465050862097  0.41191885156367219
  0.42266936194160848  0.43297944439594571  0.44302347115654567  0.45295466824001068
  0.46332622021421704  0.47427360499577242  0.48489587955759117  0.49551688278532130
  0.50591072579640683  0.51646918546470411  0.52652255011326332  0.53635611405020556
  0.54653942361179297  0.55687053094338312  0.56721386588296419  0.57708730854105716
  0.58707584070394525  0.59763319972336437  0.60861840391986399  0.61973760850762327
  0.63069450821577910  0.64125120538566305  0.65183469271476790  0.66257720491993122
  0.67359535648473556  0.68471828483732933  0.69548849453071560  0.70590086804212049
  0.71618165965010561  0.72680408301275790  0.73799597696404484  0.74969533563640478
  0.76122683847674200  0.77232169163166486  0.78320978581382605  0.79378405322935819
  0.80387279760872177  0.81401951977773446  0.82453548943622745  0.83510430163381688
  0.84546817797910145  0.85553151669564076  0.86592332810818684  0.87661612419374224
  0.88738831114682748  0.89813733081832181  0.90862940349408838  0.91869867540155359
  0.92803626353471214  0.93748777289193663  0.94744915361875670  0.95760987746170012
  0.96790078188927875  0.97793677322772310  0.98894814935001396  1.00000000000000000
 -0.00209734801835979  0.00855377633851281  0.01745327658793192  0.02741481247542157
  0.03715223068163276  0.04775878776398108  0.05859880743690409  0.06971130460303519
  0.08073714297706837  0.09166033066259821  0.10231581899352883  0.11275834658194256
  0.12341156395056177  0.13433912167307077  0.14521277886503417  0.15594550643248581
  0.16692599557673279  0.17785942642085106  0.18841455042288835  0.19905915088530743
  0.20989300335322261  0.22043553219292977  0.23036515931590804  0.23999431877423771
  0.24996868880321421  0.26022052332409101  0.27044541805313405  0.28104114361835836
  0.29153017588074231  0.30209237514916354  0.31269298138808166  0.32370598015091057
  0.33486754688597914  0.34605909163833232  0.35677745450057735  0.36697516531350777
  0.37717200444799576  0.38770383476784548  0.39823151879338836  0.40861497682715475
  0.41927300837400794  0.43051371139209194  0.44174802498936538  0.45253128674713844
  0.46262739135291153  0.47246097306013146  0.48248901838279878  0.49277330442983430
  0.50336664017271038  0.51430213825766535  0.52547271657827122  0.53661764971357695
  0.54734345915390692  0.55780049995130909  0.56815646876953418  0.57889567673959674
  0.58977522492711165  0.60031007509208811  0.61083858041211814  0.62110022011417787
  0.63136875135311232  0.64154937198210349  0.65275564879022729  0.66442213164493480
  0.67549865354175465  0.68594982238495350  0.69637590865244281  0.70680199790220677
  0.71733814259278628  0.72798910848390863  0.73892880528253224  0.74988527912674330
  0.76067063836656768  0.77183274547871150  0.78333896982930051  0.79456788278785562
  0.80515877385895429  0.81569927733566838  0.82614712933853995  0.83666760964815068
  0.84685051453644711  0.85718014915874774  0.86724855414607072  0.87732743759257170
  0.88731931153204158  0.89761776220722345  0.90816682354955958  0.91863049815600495
  0.92908020506861999  0.93975291419878104  0.95043891618552701  0.96063762096176852
  0.97013294457453181  0.98003794515710485  0.99005443369793455  1.00000000000000000
 -0.00247579251905329  0.00968819235097895  0.02028243594628318  0.03129458394046944
  0.04176924111408642  0.05205011263845064  0.06227834733451675  0.07308056899642050
  0.08378837620710994  0.09446734097107831  0.10498349644507743  0.11584065411503440
  0.12687947672560285  0.13840922627421240  0.15001879271797364  0.16123319669892519
  0.17180813955145310  0.18202886739258831  0.19250307746988946  0.20334829966608295
  0.21407104268198154  0.22485668022938154  0.23580081320208682  0.24677029756418187
  0.25713356057592440  0.26706167258898805  0.27669790349938045  0.28644006813689388
  0.29644015241983873  0.30652740203119061  0.31652703494271678  0.32669975378793187
  0.33707867736274094  0.34818816613024206  0.35905479654007416  0.36989911571417411
  0.38067246649449549  0.39106225532318301  0.40162135247275538  0.41172539787337559
  0.42196789488191588  0.43211891317680245  0.44234853796312940  0.45301742706145776
  0.46323071031222840  0.47325769981612242  0.48346445486284195  0.49386199248709578
  0.50481738762025752  0.51572424082549895  0.52669912021726850  0.53760324430541828
  0.54826078534129308  0.55902093529011587  0.56975147332263643  0.58012457543630569
  0.59045838910102877  0.60083412926838031  0.61157934705456252  0.62205814544181204
  0.63242821948043026  0.64261766677737475  0.65328050804963345  0.66419065976132186
  0.67484518522560188  0.68533513691587622  0.69605037195981867  0.70641103193839427
  0.71620037439866402  0.72548772117578941  0.73514073964611026  0.74495074884119050
  0.75539837929382470  0.76607057006352863  0.77703011967731694  0.78786577266923152
  0.79858614874867351  0.80923314606224206  0.81978128703410236  0.83083754517805297
  0.84192803548444073  0.85295515668993638  0.86355900766840288  0.87418505335623919
  0.88457474611896392  0.89456859942654954  0.90465072392559642  0.91432876170807087
  0.92446620884376796  0.93478083180766725  0.94535740133453339  0.95594804989200677
  0.96651109052578055  0.97753069173739882  0.98887071048723896  1.00000000000000000
 -0.00207096964004964  0.00848021504914785  0.01801073874935738  0.02876388438803277
  0.03948858943687918  0.05009945904216604  0.06035906200822730  0.07078613292992023
  0.08138877276301953  0.09167059500215057  0.10271886507939382  0.11363313080295764
  0.12392319332300891  0.13389128813318024  0.14395901383420023  0.15458985652397056
  0.16498827269821861  0.17494026271680216  0.18513181795178202  0.19559539714864740
  0.20642216334630972  0.21692412299998901  0.22743238894523987  0.23820484480755696
  0.24933499320286245  0.26069434992842533  0.27190413942941516  0.28286823288652801
  0.29293277771449461  0.30274039591621471  0.31251159084169999  0.32303309644207079
  0.33371474791708899  0.34415872706102507  0.35410582903714255  0.36406844771907937
  0.37407469075104016  0.38429540410402907  0.39446064849174506  0.40546101713832106
  0.41639119224288784  0.42712570458279592  0.43796311311355884  0.44928085718239835
  0.46049782819997304  0.47072524746948513  0.48090615270165893  0.49088970088793932
  0.50109749040531071  0.51103237909722632  0.52138335802474511  0.53173711854224004
  0.54241438979994594  0.55327476206501203  0.56416555756710307  0.57515030693830305
  0.58605790473004438  0.59708332432415590  0.60812746052518352  0.61927332712128613
  0.63054101510641858  0.64126104673965179  0.65176517568955472  0.66232331781029319
  0.67360904763933227  0.68542737478622018  0.69667357395671059  0.70740716838123696
  0.71809933039668472  0.72874757149359748  0.73956832561538788  0.74986923685292672
  0.76082626185875613  0.77150062181445944  0.78251607932856815  0.79289816323293105
  0.80367315283056218  0.81427765555937148  0.82518385205258682  0.83581527151845170
  0.84585464260418930  0.85545266383069019  0.86509522660258575  0.87540418002936471
  0.88616800351877845  0.89715460904089495  0.90758272862372558  0.91815311823563805
  0.92878225512290180  0.93966675679376144  0.95030372907395699  0.96074541054867635
  0.97068031819666889  0.98028253513036945  0.98993182010579661  1.00000000000000000
 -0.00219532741387402  0.00901197936099749  0.01921852854884900  0.03027817440448569
  0.04133094025381499  0.05233016536451891  0.06312577887984154  0.07388070755822444
  0.08443797757027853  0.09440991825926520  0.10457011346392960  0.11470501395912291
  0.12500783487459469  0.13523890505382619  0.14576507627276514  0.15686596299780486
  0.16816270478449988  0.17925319616213237  0.18985184210881126  0.20026401661771254
  0.21049153193369788  0.22046815088461075  0.23059814737941300  0.24085945184805840
  0.25080588043365037  0.26085478456365124  0.27092342028682781  0.28162214038224254
  0.29236059659135682  0.30284309936036991  0.31329350758438884  0.32360766320582435
  0.33365682992284906  0.34364994404477095  0.35407614461039316  0.36469772756496627
  0.37508914542855176  0.38519838219671310  0.39559406587869705  0.40640473139799571
  0.41706474498435492  0.42783372683392079  0.43802024620279562  0.44839924261072689
  0.45873084845162548  0.47006482233943908  0.48208695475906194  0.49339839583901407
  0.50450196628634481  0.51527150771201047  0.52591336142393919  0.53655090628132940
  0.54659725298045181  0.55664181244088029  0.56670101107182880  0.57722704315758133
  0.58768647987772349  0.59802111005166037  0.60857924210833814  0.61960826840537009
  0.63070851538948414  0.64181705729430927  0.65275536274664470  0.66338182348994235
  0.67379483556193476  0.68419393652376692  0.69436263794083508  0.70465955721097340
  0.71499886560081916  0.72575219828270821  0.73623697281712519  0.74705428618490699
  0.75755217960547594  0.76810363388832681  0.77877220933254132  0.78916447492901010
  0.79949684539153132  0.80976603391976087  0.82012410249318757  0.83042063917653974
  0.84045388478436978  0.85080933176160678  0.86156542098518896  0.87237751770663019
  0.88332195918680012  0.89430175539791845  0.90486909244178304  0.91548177448106804
  0.92617943571065164  0.93707049721802893  0.94757915917367475  0.95747517807090454
  0.96756459103856407  0.97793571414111602  0.98883340866573377  1.00000000000000000
   2.0481018546956297E-012  -1.0000000000000000     
 T T T T T T T T T T T T T T T T T T T T T T T T T T T T T T T T T T T T T T T T T T T T T T T T
