  0.00191672609313463  0.00194896751384447  0.00199285635029371  0.00203332635324563
  0.00207463366907256  0.00211828096580994  0.00216337284625306  0.00221022388667440
  0.00226027713610411  0.00231207129934546  0.00236446561823113  0.00241793302888592
  0.00247226800372243  0.00252717214612049  0.00258346839369000  0.00264142955319435
  0.00270176657201253  0.00276302086289630  0.00282787175339458  0.00289291313769064
  0.00296078134332787  0.00302979189170514  0.00309965760583799  0.00317098193170867
  0.00324506454714263  0.00332243020882486  0.00340185272171427  0.00348330063271514
  0.00356525755192393  0.00364808728034733  0.00373554166823324  0.00382925106040593
  0.00392744565476679  0.00402685009230909  0.00412773636106039  0.00423316165017495
  0.00434463015453538  0.00445969670504987  0.00457688568112531  0.00469525773929919
  0.00481478201272144  0.00493911767676088  0.00507274933449384  0.00520997051108105
  0.00535798319327866  0.00551535672723687  0.00567974928704487  0.00585391005050889
  0.00603765460847163  0.00622863759972760  0.00642545110207567  0.00662882094890586
  0.00683812708567598  0.00705013573645990  0.00727021108731609  0.00750025578765128
  0.00773848280040086  0.00799589250636824  0.00826904380812783  0.00855652364076966
  0.00886006476114577  0.00917892618007289  0.00951108419846122  0.00985420441561381
  0.01022056634554920  0.01062333615375218  0.01105463224345586  0.01151195168774522
  0.01199554323376454  0.01250862950042436  0.01306371891889407  0.01365410201282749
  0.01428395444306435  0.01495934385457692  0.01569143081682331  0.01647055892053071
  0.01732270347580914  0.01826574411733011  0.01929784680611122  0.02042972955859263
  0.02173659139829643  0.02321970962324953  0.02485723160643037  0.02669658460358035
  0.02886593557000488  0.03142151100018932  0.03455203540093606  0.03858014369105538
  0.04351789971540886  0.04923297483802674  0.05620979524539508  0.06588571300094961
  0.08017688103940063  0.10470268768966375  0.17549558646975252  1.00000000000000000
  0.00419279914928925  0.00510667476981207  0.00585939427802819  0.00656556046096036
  0.00725255285260412  0.00794617357805972  0.00866237781301114  0.00938649962127594
  0.01012847149826861  0.01088165960166290  0.01168356473599575  0.01251837432901521
  0.01338238724932403  0.01426867655300155  0.01517687083039345  0.01611850247007940
  0.01710017774796101  0.01814547116786914  0.01926299693022499  0.02044713699937732
  0.02166302860053415  0.02291724048547626  0.02422275035173143  0.02558841383922703
  0.02700178893072337  0.02845919946256431  0.02994529026446319  0.03148802439775425
  0.03307734003295959  0.03475599467386555  0.03654925342533012  0.03846071903395004
  0.04044876070006211  0.04251670643927457  0.04472197655351035  0.04700851729713226
  0.04937204407958487  0.05182832121175589  0.05440091587492771  0.05708189574198715
  0.05986688529974350  0.06262363518047384  0.06547032670439561  0.06837037426090724
  0.07136909796353777  0.07444600689398383  0.07755731091030474  0.08102461520114021
  0.08471977506006674  0.08848693070808895  0.09236108025168259  0.09626641173300385
  0.10026495309090139  0.10447427012442827  0.10890419194587217  0.11355023087480938
  0.11834034510250753  0.12320888906012370  0.12829591052307374  0.13367851780002424
  0.13942101133797311  0.14550344001314930  0.15178338221119411  0.15806659497989581
  0.16441019339482879  0.17102096749030565  0.17789240528720349  0.18513354139985802
  0.19306236892115303  0.20157541247789482  0.21048703761899240  0.21989939639080808
  0.23003543653501085  0.24104960439580184  0.25292142974172127  0.26539659143818489
  0.27842764636661582  0.29148304302721573  0.30586905949057586  0.32116917260577166
  0.33727095225414028  0.35382359580815514  0.37119863977941586  0.38986300328536749
  0.41052442227110492  0.43384453782596477  0.45953535762001807  0.48712097255582942
  0.51700674940255020  0.54992770540396019  0.58769168440867647  0.63285637784600302
  0.68616005922850487  0.75332494735398137  0.84978071698414370  1.00000000000000000
 -0.00237498184019712  0.00919272455656193  0.01965784850906960  0.03048453682517914
  0.04069249004636714  0.05047106072015645  0.06068126201213365  0.07148393639605606
  0.08210393988444865  0.09254104588187953  0.10316719297984081  0.11380321533410799
  0.12463145150458531  0.13529272727864622  0.14585083463729895  0.15645515008808109
  0.16657919770078897  0.17705089806868007  0.18762346220529297  0.19843051000162060
  0.20902806295833537  0.21950262503546561  0.22961233647086896  0.23967978489660555
  0.24978836124026005  0.26056195931559167  0.27148061552724639  0.28237656819272261
  0.29359833065944335  0.30495789171219922  0.31669195013645984  0.32793205368220490
  0.33896021994508008  0.34882225889127910  0.35870170451068051  0.36876099306058752
  0.37937259740833423  0.39067070630555317  0.40113761400528125  0.41146600245896459
  0.42161863538228855  0.43211567892108621  0.44231322996915151  0.45238593669976934
  0.46275391131535054  0.47330989224832859  0.48396134423450399  0.49467981615765749
  0.50520501917465999  0.51545810564679317  0.52567961314793932  0.53641685765516656
  0.54697944089309802  0.55699521484601822  0.56692784900268223  0.57749845491435203
  0.58837647682408678  0.59892873644451472  0.60901205160603855  0.61923013080445610
  0.62952715547003069  0.63993167147404728  0.65052436602269970  0.66105191225704563
  0.67166675883167848  0.68230770766894089  0.69329925972486450  0.70431455042878632
  0.71518026202458751  0.72576426755108192  0.73632779604002163  0.74667807814952980
  0.75688251281026331  0.76701157333792636  0.77707000867728204  0.78710395140331491
  0.79732037967467828  0.80779958634330795  0.81839182081755757  0.82898174464424434
  0.83954499703792396  0.85031292748612952  0.86081320295262975  0.87134510782122099
  0.88204845218092742  0.89276297853167041  0.90307981826272732  0.91338705159692846
  0.92393484522797742  0.93503081931426701  0.94618333247008690  0.95739423831442805
  0.96836350640667834  0.97888135622436145  0.98941063856360578  1.00000000000000000
 -0.00246785935240684  0.00978371410373421  0.01960131517568506  0.03020104107449842
  0.04011343941394332  0.05038002867412373  0.06063628205207050  0.07143542646871363
  0.08234581460067576  0.09274535137642903  0.10309606896682166  0.11361836359389674
  0.12407778171876813  0.13401945955473685  0.14377975911119312  0.15423414425869034
  0.16510877663539875  0.17571331664423911  0.18623308799658678  0.19680579383068666
  0.20715989364286833  0.21693506139467722  0.22696246687447760  0.23777909417131901
  0.24893663687080753  0.25980647411799151  0.27055009834263766  0.28145126518379948
  0.29224915944259655  0.30244142941474389  0.31237669953406560  0.32218130738479900
  0.33208834469952941  0.34229342425209386  0.35274383458408187  0.36315872837762092
  0.37343209755441825  0.38373274604620483  0.39437970957405460  0.40532509853573229
  0.41613398425687792  0.42674385880486521  0.43725011312609724  0.44800059885003107
  0.45902049530126210  0.47026095477286012  0.48141833044974330  0.49259572165257365
  0.50362874804640323  0.51453099374814926  0.52494404080488177  0.53499544147164124
  0.54523784017834853  0.55586518613684166  0.56642216814321933  0.57661910215717105
  0.58670225809529108  0.59690769887469963  0.60713419500502153  0.61721214182724427
  0.62735859208964051  0.63754898044410269  0.64808278524435992  0.65880404408475635
  0.66945025225812227  0.68001269659257613  0.69070831031413771  0.70187409581907667
  0.71324011119553810  0.72479038873256751  0.73610983649950290  0.74676839720451882
  0.75701414982765003  0.76720336112239784  0.77796818794701661  0.78884507477377863
  0.79948403354711983  0.80980654531165386  0.82027346559135672  0.83080875098534501
  0.84125622304260794  0.85180695362997849  0.86255546315603271  0.87306960628946884
  0.88346539607447128  0.89378912677458733  0.90457373141719943  0.91528237664799261
  0.92594585328232248  0.93677514027585906  0.94743642621524182  0.95822318291365727
  0.96901229642845121  0.97952988014525344  0.98996851537777497  1.00000000000000000
 -0.00237731356441324  0.00919526376517546  0.01994402435772818  0.03087370344734391
  0.04164122798524653  0.05202444390720033  0.06246042857153306  0.07336885883273637
  0.08444278309890145  0.09568946674132456  0.10693814351026544  0.11822105229429361
  0.12948000195439544  0.14062588678944232  0.15145994014704989  0.16200653634673479
  0.17233643176966937  0.18289517288103324  0.19331933184451711  0.20331022327498521
  0.21323426513922600  0.22303015581973398  0.23339471716095000  0.24384801234829828
  0.25434479960578382  0.26457285518611473  0.27475460131365043  0.28500155752674250
  0.29519199752156389  0.30549549833961898  0.31635443809175534  0.32760973679548361
  0.33899428020607403  0.35026406553201922  0.36148746717269215  0.37235926211041398
  0.38285835024240056  0.39310675327435896  0.40354410162672161  0.41405461234754465
  0.42454648444377241  0.43509342016640873  0.44559357001177241  0.45594970018276509
  0.46605719930810025  0.47593451238620177  0.48585192899856178  0.49582956002487921
  0.50600198559160237  0.51625984157076188  0.52656164741635569  0.53718369768262475
  0.54781166537187542  0.55821349142851329  0.56876391162415296  0.57956971523004286
  0.59038954788382991  0.60082095723485973  0.61092461554788480  0.62112810648227901
  0.63137431412390299  0.64189033998001832  0.65255170383611238  0.66356935553112595
  0.67485588052342682  0.68616200224613311  0.69719566015789780  0.70777990784549638
  0.71783655152255577  0.72790392006015159  0.73816835123693647  0.74849711754191550
  0.75844018048021444  0.76834684164308276  0.77878021832874034  0.78947078686859662
  0.79996576670414732  0.80998416951262664  0.82005040073352065  0.83004503208575797
  0.84051456031252592  0.85072243061043973  0.86123821738210282  0.87139996558834709
  0.88161934735074887  0.89161538808425833  0.90191442521899023  0.91239770741751880
  0.92309771422837728  0.93381788449433012  0.94501272630244482  0.95632101048193952
  0.96728641579979979  0.97822508840710132  0.98913546143715247  1.00000000000000000
 -0.00271435638416928  0.00965586691949117  0.02010217768483800  0.03068902623391829
  0.04142267906202610  0.05254953265070528  0.06386358268340277  0.07467997083107696
  0.08527414899435651  0.09580722907158716  0.10653074244585140  0.11732425406468049
  0.12800559029518374  0.13888817099261147  0.14954420475132599  0.16001835261408720
  0.17025948467322735  0.18044550930927317  0.19075652659064768  0.20116560810699044
  0.21170069226970697  0.22237181494857702  0.23318863296289871  0.24397077249671534
  0.25454683672345119  0.26478501862217840  0.27526249802231201  0.28537776814120847
  0.29510143522588428  0.30486528985437572  0.31471508562078765  0.32505741809422239
  0.33549941952195439  0.34609993007220913  0.35657218034859434  0.36710352700071897
  0.37774280791997961  0.38850625332540034  0.39903918282844575  0.40972123912556119
  0.42043644114078565  0.43115849416595792  0.44183056713221863  0.45266288452723286
  0.46390505488519868  0.47537014085035001  0.48652977800058622  0.49748162772210142
  0.50802694305355112  0.51835658948556140  0.52834935133325334  0.53846400322600774
  0.54876776131009730  0.55926756190860349  0.56979583220310337  0.58021109581498387
  0.59071127832285508  0.60152026148740678  0.61264048604098309  0.62334432380161853
  0.63384331747987044  0.64433314999026348  0.65485642160299351  0.66526337955079218
  0.67568399226893172  0.68615853779967950  0.69678740900673486  0.70752230093453372
  0.71846853321130255  0.72957026573022787  0.74054376287984636  0.75125445748833697
  0.76151474671782915  0.77168557672551774  0.78197784379674706  0.79263940428724766
  0.80321148200204329  0.81360755403171459  0.82392834278666471  0.83446196117658078
  0.84516080877195454  0.85588274899246986  0.86661771471675053  0.87712803940506523
  0.88762163854642318  0.89761412929512341  0.90809735704141470  0.91851758233111203
  0.92886970083922948  0.93877943960736310  0.94856342344695432  0.95875164638331045
  0.96911810820633770  0.97959973904167641  0.98982983870232144  1.00000000000000000
 -0.00231677141280102  0.00964232476321926  0.01970602683626904  0.03034664194089440
  0.04104124732765896  0.05147287377799406  0.06214764913767686  0.07319467866071627
  0.08430510866646432  0.09544251945942317  0.10635325906935987  0.11707712980884863
  0.12745300564410411  0.13763649594801386  0.14754629064217298  0.15765833495384562
  0.16801793045116897  0.17875021627986801  0.18920865620199082  0.19913527711986687
  0.20930400558126594  0.21960483056842570  0.23016162356658282  0.24052386743930890
  0.25088019339822576  0.26147121725634720  0.27200650605446269  0.28200998851004622
  0.29172270387384264  0.30134584083464983  0.31138754326022300  0.32190231694499877
  0.33265606706475875  0.34414959349637297  0.35573841078792656  0.36686431659697144
  0.37770359038630319  0.38754814293550144  0.39739171668805617  0.40741864615758033
  0.41778181046934543  0.42785503636636074  0.43778621496691600  0.44796004309540993
  0.45840999110309250  0.46887721450324038  0.47937906074435660  0.48988999948621237
  0.50059799986517073  0.51125059891118085  0.52174688193504737  0.53190229323347615
  0.54196015146511156  0.55227643488779721  0.56284794481153289  0.57335981115335233
  0.58391209246026288  0.59427267044509902  0.60467793273082915  0.61502716486746378
  0.62559867246662959  0.63614609303206548  0.64654193945024174  0.65678927425271383
  0.66697460279736398  0.67720830156488421  0.68756876337029649  0.69796784013816915
  0.70832887863241412  0.71859869234430707  0.72931723908367019  0.74018997835036049
  0.75122755958505683  0.76222054255032468  0.77305733998479387  0.78370384079496036
  0.79435214544070121  0.80507978870482988  0.81556031661719353  0.82614069085256703
  0.83681381543147249  0.84768001476521826  0.85871793818600495  0.86974610618312387
  0.88072414069562888  0.89189043646154731  0.90297762866401798  0.91407656734680143
  0.92457152548923305  0.93467836504793556  0.94514661365470976  0.95595680624239110
  0.96733999634982581  0.97830003174358704  0.98939624304949647  1.00000000000000000
 -0.00235469135673056  0.00953824659079810  0.01977930857625486  0.03029689883879629
  0.04076521554886301  0.05103547689720005  0.06153120859341783  0.07229010716029262
  0.08305890409392479  0.09383853480104438  0.10417713995705527  0.11458001563227123
  0.12474589682392437  0.13531928715267838  0.14614711527319735  0.15726717139622937
  0.16828011414213204  0.17914008248389190  0.18949808900886561  0.19982401313726228
  0.21024336073631503  0.22078578500444609  0.23151081840702151  0.24176304950851391
  0.25270370231683098  0.26292091214229268  0.27369082945020684  0.28449139575826143
  0.29552694569778443  0.30631282994201103  0.31667489269752486  0.32744676980395476
  0.33808831246479892  0.34861710316049849  0.35906973408081794  0.36933102092586084
  0.37957005787979986  0.38970341147230453  0.40010993258432315  0.41072940324365959
  0.42127731219856995  0.43180559108500527  0.44233717640490750  0.45277136117870026
  0.46314431932723732  0.47333461991881731  0.48362538108160313  0.49430888085263502
  0.50535395858439947  0.51636914991258642  0.52704790978765947  0.53766775139983947
  0.54816181420756849  0.55871458368592464  0.56922251090569842  0.57971776515536988
  0.59002456070962916  0.60030240355344333  0.61102379577580335  0.62174754074901506
  0.63231945543566381  0.64273335210202942  0.65333403638480769  0.66395496683041166
  0.67456199511947490  0.68535709223896313  0.69647382044611017  0.70735915174141928
  0.71805193922342925  0.72853646047204801  0.73914144819578942  0.74954167842766573
  0.75999553716066459  0.76998361332023346  0.77992352003158860  0.78999342176809850
  0.80104684290556505  0.81185421675455849  0.82253606567452564  0.83263804791555818
  0.84314464920470500  0.85369970692566166  0.86410646269256630  0.87431232442970663
  0.88455246865295889  0.89498852545262919  0.90557657468881869  0.91562443211909239
  0.92571908306575512  0.93583305029961983  0.94651770767453092  0.95696607436635006
  0.96769287931905712  0.97806691552308089  0.98913809978270384  1.00000000000000000
   4.0842117191275130E-012  -1.0000000000000000     
 T T T T T T T T T T T T T T T T T T T T T T T T T T T T T T T T T T T T T T T T T T T T T T T T F F F F F F F F F F F F F F F F F F F F F F F F F F F F F F F F F F F F F F F F F F F F F F F F
  <DiscreteSampler_grid>
  grouped_processes
  1 # 1 for a reference and 2 for a running grid.
  10 # Attribute 'min_bin_probing_points' of the grid.
  1 # Attribute 'grid_mode' of the grid. 1=='default',2=='initialization'
  0.0000000000000000 # Attribute 'small_contrib_threshold' of the grid.
  0.5000000000000000 # Attribute 'damping_power' of the grid.
 # binID   n_entries weight   weight_sqr   abs_weight
    10   10   9.608686108922321E+004   4.941005018557042E+010   9.608686108922321E+004
    16   10   1.140837851413743E+005   6.495974428903877E+010   1.140837851413743E+005
    22   10   1.140837851413743E+005   6.495974428903877E+010   1.140837851413743E+005
    28   10   9.608686108922322E+004   4.941005018557045E+010   9.608686108922322E+004
    34   10   9.608686108922322E+004   4.941005018557045E+010   9.608686108922322E+004
    40   10   1.140837851413743E+005   6.495974428903874E+010   1.140837851413743E+005
    46   10   9.608686108922322E+004   4.941005018557045E+010   9.608686108922322E+004
    52   10   1.140837851413743E+005   6.495974428903880E+010   1.140837851413743E+005
  </DiscreteSampler_grid>
