  0.00191715651248854  0.00194713394068459  0.00198916373669496  0.00202976346993359
  0.00207306653117571  0.00212014847699634  0.00216822771830795  0.00221707474290598
  0.00226734743395064  0.00231763570954751  0.00236924578269024  0.00242334104643539
  0.00247953693194263  0.00253790772387424  0.00259742450261449  0.00265670332124414
  0.00271490199566021  0.00277336484150206  0.00283248174085672  0.00289377813671984
  0.00295829701114851  0.00302804825487735  0.00310305231055459  0.00318044633950420
  0.00326083381005789  0.00334274035600771  0.00342638483270917  0.00351210576166479
  0.00360065799305743  0.00369255907108207  0.00378639951963037  0.00388268300726262
  0.00398394225635019  0.00409199950825136  0.00420351505142181  0.00432171632432615
  0.00444397435787686  0.00456671266805754  0.00469801469078019  0.00482549206163343
  0.00495849633150473  0.00508999641649501  0.00522415732159131  0.00536330087422513
  0.00550962249039199  0.00566539437451862  0.00583012507785655  0.00600088368521910
  0.00618277422987030  0.00636877934450781  0.00656083404579215  0.00675967206432328
  0.00697653549385821  0.00720375920572869  0.00743567058624161  0.00767473806629377
  0.00792861712025723  0.00820175026852885  0.00849304764616744  0.00880563663743311
  0.00913945710288430  0.00948980644959849  0.00985426047136685  0.01023671931535775
  0.01063926409097310  0.01106919368025904  0.01153763391273779  0.01204046588750690
  0.01257994929105893  0.01315779080194920  0.01377306763126624  0.01442468571230766
  0.01512510688740351  0.01590399143864106  0.01677442467760111  0.01772794673833220
  0.01873947265918181  0.01982095796060263  0.02099918645841318  0.02231375694580006
  0.02383109849791281  0.02556369859487425  0.02750252042106091  0.02970140770896458
  0.03222734464654115  0.03516362266171569  0.03866685756334700  0.04303501978285683
  0.04864269710618059  0.05580887325685798  0.06561570125638708  0.08025832765301903
  0.10482906941338350  0.17681655884117034  0.91675754298796153  1.00000000000000000
  0.00564711097039926  0.00646230918092760  0.00728775545118074  0.00805796506976900
  0.00880022055123827  0.00954214903790819  0.01030581466635018  0.01108436199707613
  0.01190288019546121  0.01277735876164438  0.01369509188053323  0.01469556880168298
  0.01579727249906275  0.01693904050949112  0.01807726410427568  0.01921165730558526
  0.02036085500303848  0.02152703825666777  0.02273330924382482  0.02401633922427222
  0.02537341817155321  0.02672261371613371  0.02809860879936312  0.02951337911616830
  0.03102842602497358  0.03266244852856676  0.03438138378820006  0.03615385203063610
  0.03795289702167928  0.03981834599535895  0.04168216967091714  0.04355091107289841
  0.04546303162101469  0.04756875588697652  0.04979635927656591  0.05201912802151280
  0.05439775351677417  0.05686731724433441  0.05957813898172398  0.06239020300133174
  0.06536781847128705  0.06845330752974196  0.07155277661808854  0.07469133432428886
  0.07797779689374554  0.08140209010328435  0.08488816682101301  0.08843976182999951
  0.09208764276155612  0.09587070656042075  0.09982714874869952  0.10393571567496578
  0.10822364750975975  0.11274594637935646  0.11746428027593807  0.12231305785545075
  0.12726804693542959  0.13233949683957805  0.13751508701550852  0.14291031939030077
  0.14852004239145100  0.15438959063184890  0.16038699251784114  0.16655352328567397
  0.17300840027718811  0.17988983981361559  0.18718485080834632  0.19517160447334553
  0.20356144779357074  0.21229374857425223  0.22129358410900896  0.23077124474610755
  0.24077697826988859  0.25128889432730733  0.26230163709061322  0.27355591254140049
  0.28499035070188766  0.29734628229791099  0.31016743310064543  0.32395839247657954
  0.33909207325530866  0.35564461776921424  0.37420743247199367  0.39444374037597396
  0.41606747093134633  0.43957743611904693  0.46542000185706578  0.49362483944326135
  0.52486444466012250  0.55910057444465266  0.59731208432657956  0.64131752846305268
  0.69268882182802771  0.75767008744837272  0.85180320323921099  1.00000000000000000
 -0.00215914125251954  0.00834857441193935  0.01778161868692921  0.02810470517648627
  0.03894178716980327  0.04903404151154508  0.05898245479779932  0.06912898398550682
  0.07978145863295941  0.09035857723527367  0.10099313426517920  0.11153172281097005
  0.12201878904005793  0.13249822379495652  0.14306983874592305  0.15372098324156849
  0.16417208855296556  0.17458635590477820  0.18469110715715345  0.19484621577349823
  0.20536474051331424  0.21569658693138868  0.22625552490599268  0.23689608843226584
  0.24754123474132553  0.25804009954726109  0.26872782618064056  0.27973519547520054
  0.29094107855068857  0.30150083652558862  0.31196129419448648  0.32237925743404261
  0.33304341092268774  0.34388848226509067  0.35486112939550063  0.36568434289617063
  0.37638409093531344  0.38707627015848584  0.39784372384152616  0.40866576798651910
  0.41967606227307358  0.43068347385036559  0.44167484207337010  0.45245762200967582
  0.46307943462482848  0.47374901456743074  0.48459014313264759  0.49559390122436353
  0.50636360276946257  0.51690532085139895  0.52741540419362065  0.53810778359802436
  0.54880858595247239  0.55949074669678012  0.57014857914962358  0.58107553386936528
  0.59224227903051940  0.60323156821342494  0.61399168969745921  0.62449982568558460
  0.63506091853367808  0.64571831960254378  0.65681838534065373  0.66825827516632375
  0.67965451191709492  0.69087711528411466  0.70179010466558800  0.71259122778159245
  0.72294803631572702  0.73339360849512314  0.74367057036710982  0.75354244880129428
  0.76321798824576093  0.77328668129036016  0.78415929446603505  0.79437073936706726
  0.80449282714567771  0.81437682392204125  0.82490945557979967  0.83531020409490120
  0.84514593626732148  0.85492214158050495  0.86438493595977417  0.87393933623996989
  0.88369638250581983  0.89385287368541211  0.90490052321930003  0.91607162651745022
  0.92712446017018102  0.93758615776997722  0.94811806797790710  0.95863602259354419
  0.96913437719747308  0.97954498888477393  0.98974204627027351  1.00000000000000000
 -0.00260765226649921  0.01021092209673730  0.02040146164279397  0.03138978969622265
  0.04220306856085331  0.05333724403274286  0.06433509185083156  0.07465668568086566
  0.08508311736877776  0.09555041203106546  0.10598303822008087  0.11668316840921966
  0.12780947159484651  0.13963305995935346  0.15110058559034814  0.16181598881983647
  0.17221543696793640  0.18259801063074213  0.19298629928589683  0.20328387725189015
  0.21375047538780698  0.22364556333949565  0.23369114672110053  0.24349027137051635
  0.25406484686175734  0.26469323832426844  0.27559915635632942  0.28626256741873368
  0.29705268985454836  0.30781968468340254  0.31865149460445774  0.32937869295884431
  0.33984876396666647  0.35015352515649401  0.36048933391584020  0.37083272667384076
  0.38121839391165724  0.39180095732996417  0.40256193034834331  0.41309891180621372
  0.42349938533094433  0.43394961044338048  0.44481570087866557  0.45577933899921919
  0.46685721149863202  0.47782907650119738  0.48848945317415138  0.49891517850226691
  0.50911193219437545  0.51918156744942268  0.52932002216796081  0.53958866552353746
  0.54990368450639870  0.56022759422845869  0.57087551318130181  0.58155902096226297
  0.59200448329701560  0.60239847937597668  0.61294513081746582  0.62323994208057332
  0.63331873318898402  0.64343810789272271  0.65387403167908076  0.66436819208192155
  0.67495222733743487  0.68542185551325507  0.69573786161391726  0.70590934809592765
  0.71623927194516268  0.72666704604334764  0.73702166736331409  0.74778372819827044
  0.75891015809164286  0.76995240526912068  0.77969230712447446  0.78942835301247960
  0.79919504303726197  0.81030616678653622  0.82121856856065711  0.83220770343982597
  0.84276957813828424  0.85328014186126366  0.86355041331643057  0.87396959977668642
  0.88411605875627830  0.89434280378585085  0.90510693042013290  0.91612972742614507
  0.92685163553575478  0.93749898508460849  0.94810869063420944  0.95867321443602305
  0.96901273400349941  0.97919352161009066  0.98956684604703526  1.00000000000000000
 -0.00242159601439326  0.00934105322275380  0.01949740496349240  0.03052824413731841
  0.04138794509583991  0.05210663366425552  0.06291779592687362  0.07373219134902310
  0.08452885999409536  0.09509192595925083  0.10568830459141497  0.11625066269991019
  0.12656969462202086  0.13660601890208729  0.14639996896404353  0.15632066132800310
  0.16654323938998966  0.17688675327628800  0.18723078296667561  0.19767820566274705
  0.20827556620836374  0.21941353823698881  0.23035059182944201  0.24124709003204872
  0.25214512485121948  0.26317030983639478  0.27427087271276318  0.28507624624193584
  0.29585355433139815  0.30647536633904876  0.31730875525950275  0.32826483839016268
  0.33916709786854771  0.34992743533862330  0.36041563986832981  0.37128092482715525
  0.38213034637837312  0.39290105591408120  0.40321129865498784  0.41359845786344251
  0.42435517796544020  0.43517723961311622  0.44543433654898268  0.45560574165695661
  0.46599621740408481  0.47666326034057865  0.48683140019149729  0.49696185080550886
  0.50731504671662964  0.51787099123676583  0.52835362016539245  0.53891553381462087
  0.54987910768719739  0.56096507395130368  0.57193413034938712  0.58233664966801302
  0.59263050021839869  0.60263481699067556  0.61281212743364377  0.62319562927387850
  0.63326468842226502  0.64319795012670666  0.65311415406225182  0.66346575368309246
  0.67359352355859614  0.68337176704874181  0.69363788451478980  0.70449533839925271
  0.71501655772446338  0.72512512428311882  0.73555025953153430  0.74597893070854771
  0.75632065349243871  0.76666048097138240  0.77767021051660401  0.78903127479770496
  0.79985820182662037  0.81009917062192782  0.82028456273537409  0.83038745896455624
  0.84051934950367346  0.85086421432076409  0.86163144802444114  0.87265193378599282
  0.88356927639783944  0.89441679020667975  0.90513610509308617  0.91582116633840205
  0.92639395817874237  0.93714114343563082  0.94800637933218224  0.95890090971853781
  0.96939651023536377  0.97974862900632820  0.98993593898075571  1.00000000000000000
 -0.00227550128984870  0.00940312967115823  0.01924909007109060  0.02871561080716484
  0.03826207144521170  0.04823901687245542  0.05901283994399431  0.06959035045462923
  0.08015812930144894  0.09055031100081673  0.10085740019958236  0.11098324671782747
  0.12116079112483548  0.13166152932564765  0.14240676855315762  0.15339707256871557
  0.16459968204621961  0.17590398961755646  0.18737979446034606  0.19800565157838104
  0.20864040163349490  0.21879800019382195  0.22911303575889716  0.23935618742048476
  0.24948148045862154  0.25961272647549299  0.26940881041363074  0.27941224208957471
  0.28976939802593515  0.30012661688970638  0.31030825574917631  0.32058313338322419
  0.33101302319198317  0.34173443924175706  0.35219906724139471  0.36291528369351495
  0.37345840107693812  0.38395974006280065  0.39388540966108837  0.40391458861994678
  0.41434170574677176  0.42551458135423881  0.43674223289151787  0.44781493240062764
  0.45861566888217042  0.46951516927450976  0.48017269718062400  0.49050814614543431
  0.50095816995368958  0.51158398193274690  0.52223124895482065  0.53227001488491088
  0.54241924032427680  0.55322368071145456  0.56434714775033079  0.57494854459773170
  0.58554419409113667  0.59635346241631093  0.60752127622718377  0.61872032533930077
  0.63000381854447118  0.64056974161328961  0.65090968586328168  0.66095555224644609
  0.67143361993016126  0.68213600665762864  0.69306944066638743  0.70395489976331460
  0.71469691251184342  0.72543465540337204  0.73601523917322187  0.74693533152704594
  0.75737941782573770  0.76802244659715335  0.77859047111798618  0.78958496086225050
  0.80061189238421004  0.81144212486598888  0.82187172174666667  0.83236704043649767
  0.84253436961361383  0.85297117361110364  0.86343111776568260  0.87373464766695552
  0.88393083156869745  0.89437949386772553  0.90485402008303129  0.91533023758508680
  0.92578860527035101  0.93688799431051240  0.94781960818842026  0.95841312467147555
  0.96864024396327764  0.97878100220309583  0.98931682792151088  1.00000000000000000
 -0.00239831399309524  0.00940536991450119  0.01980323293813565  0.03031311049051130
  0.04105597678767965  0.05139721288142471  0.06151373793522228  0.07212699738658648
  0.08275197804769949  0.09349567532783258  0.10405577734792512  0.11500634432995711
  0.12575896372298506  0.13638714275567673  0.14691318489572927  0.15698204169302046
  0.16709225813367834  0.17711550941292833  0.18766929959706011  0.19848350749482407
  0.20949630748200088  0.22027293819204374  0.23110261464101228  0.24217311639676137
  0.25323193594599891  0.26383392682977935  0.27431819535149521  0.28527332643271436
  0.29589812823637096  0.30604507024492328  0.31592224177705508  0.32584811019109938
  0.33596433408325099  0.34598809819936555  0.35632720214642294  0.36668107223688684
  0.37712618343051779  0.38753454062006198  0.39796414066596497  0.40851121291285653
  0.41906052130669169  0.42966880321480749  0.44020272210899208  0.45070703056030448
  0.46136344491089454  0.47247560640840636  0.48366364492820685  0.49464010315692497
  0.50488277442200868  0.51470759303471891  0.52459495667367251  0.53478735576290759
  0.54542655049761479  0.55606013283372469  0.56647812785089502  0.57669698751621012
  0.58711048843975522  0.59815347612927527  0.60947483674594971  0.62087422068714193
  0.63196080112910080  0.64266409959442505  0.65344421739307845  0.66430359624107060
  0.67513360005258594  0.68574606315502273  0.69619342062560974  0.70666419786370971
  0.71706662811758981  0.72776872442716722  0.73869336723474555  0.74950361246739328
  0.76009732197614188  0.77067912364929436  0.78121720587518684  0.79174288758821332
  0.80225708489645675  0.81285583461258404  0.82319639294165348  0.83345344431295587
  0.84392226742278176  0.85453047695047413  0.86477268169647070  0.87477965755227749
  0.88507362228455366  0.89558945604442608  0.90600652605517973  0.91652145599110424
  0.92707133518955309  0.93772014971336959  0.94814268027185522  0.95860386365900996
  0.96884461050137005  0.97911053713128959  0.98944498450488372  1.00000000000000000
 -0.00266885170800890  0.01058707519705302  0.02137427562657189  0.03234497103044964
  0.04314733009487504  0.05360252265603449  0.06395080525217428  0.07461944912765078
  0.08561709890162582  0.09623708453111560  0.10659298786241986  0.11649748167839047
  0.12677890412971529  0.13731263997309603  0.14813231135150823  0.15889908824367166
  0.16938008665409088  0.17974465135181295  0.19044660602180985  0.20105551329731089
  0.21172471265779022  0.22223692818381877  0.23317940334600970  0.24470295753960500
  0.25568372980969323  0.26621114901063569  0.27632889707804037  0.28672394220903458
  0.29707677850975844  0.30766284663891075  0.31798810006112055  0.32832635516385672
  0.33869639271261015  0.34874869212303644  0.35947567918966405  0.37011948969465075
  0.38067930573142383  0.39072918421544567  0.40107531764762216  0.41206161501365951
  0.42318128504599128  0.43425279234780589  0.44561369100745918  0.45627701857114145
  0.46663395193686569  0.47683758039058027  0.48768752215185851  0.49832514504164827
  0.50871311093839267  0.51874905737821020  0.52872616728590172  0.53865928076896463
  0.54900360475154952  0.55943125628751733  0.56948462652480691  0.57939175916302610
  0.58922956286911465  0.59926884800887958  0.60924782134841282  0.61944033434347023
  0.63019903085039053  0.64119830274151557  0.65187888421608542  0.66223980202215871
  0.67273326150545110  0.68340446111837327  0.69426906413426115  0.70512054768151589
  0.71580288684578075  0.72627577046787217  0.73689129207327086  0.74756968786800970
  0.75822500951341165  0.76853852011218693  0.77947088776689366  0.79067900114050882
  0.80179541047031766  0.81247611484765403  0.82286371982237316  0.83334225816075047
  0.84429744284959773  0.85503070911117829  0.86580660630563611  0.87598358715284486
  0.88618357768560496  0.89674966583852844  0.90745951513499301  0.91809670024060241
  0.92856679238825990  0.93873013208292289  0.94911160733080746  0.95972859610225447
  0.96991509551110622  0.98023693657815103  0.98990199956697922  1.00000000000000000
   4.2279332445851178E-012  -1.0000000000000000     
 T T T T T F T T T T F T T T T T T T T T T T T T T T T T T T T T T T T T T F T T T T F T T T T T F F F F F F F F F F F F F F F F F F F F F F F F F F F F F F F F F F F F F F F F F F F F F F F F
  <DiscreteSampler_grid>
  grouped_processes
  1 # 1 for a reference and 2 for a running grid.
  10 # Attribute 'min_bin_probing_points' of the grid.
  1 # Attribute 'grid_mode' of the grid. 1=='default',2=='initialization'
  0.0000000000000000 # Attribute 'small_contrib_threshold' of the grid.
  0.5000000000000000 # Attribute 'damping_power' of the grid.
 # binID   n_entries weight   weight_sqr   abs_weight
    10   10   1.636880676806984E+004   1.406627149643505E+009   1.636880676806984E+004
    16   10   9.332946470111718E+003   6.406073987263347E+008   9.332946470111718E+003
    22   10   9.332946470111718E+003   6.406073987263347E+008   9.332946470111718E+003
    28   10   1.636880676806984E+004   1.406627149643504E+009   1.636880676806984E+004
    34   10   1.636880676806984E+004   1.406627149643504E+009   1.636880676806984E+004
    40   10   9.332946470111714E+003   6.406073987263341E+008   9.332946470111714E+003
    46   10   1.636880676806984E+004   1.406627149643504E+009   1.636880676806984E+004
    52   10   9.332946470111321E+003   6.406073987263342E+008   9.332946470111321E+003
  </DiscreteSampler_grid>
