  0.00191165168443830  0.00195349518926407  0.00199835300778762  0.00203975813044912
  0.00208287720911233  0.00212962022654943  0.00217794232488406  0.00223091015566163
  0.00228627880252786  0.00234381437022938  0.00240172650655509  0.00245911561141973
  0.00251707588312207  0.00257732943316703  0.00264162010832620  0.00271110784715031
  0.00278235819933661  0.00285896737323967  0.00293345455660209  0.00300805253581874
  0.00308270235241703  0.00315514181195439  0.00322942226656434  0.00330697969963897
  0.00338780887630825  0.00347225551838443  0.00356039102769245  0.00365196447279841
  0.00374946197523095  0.00384979229895486  0.00395084217027725  0.00405733051614107
  0.00416924798279495  0.00428860873311686  0.00441180701760660  0.00453928956323993
  0.00467071872321445  0.00480767851248517  0.00495156245498350  0.00510065091016639
  0.00525314556399660  0.00541540575169643  0.00559076585089106  0.00576953255551278
  0.00596004944764714  0.00615662064977472  0.00635359128768881  0.00655141942553791
  0.00675609003840280  0.00696601264723361  0.00718558789743731  0.00742215846024128
  0.00767349312914313  0.00793819517956150  0.00821516650087621  0.00850615441164139
  0.00879835915766035  0.00911081030469533  0.00944828603928640  0.00980760542386135
  0.01019356700420154  0.01059749756305496  0.01101710771968223  0.01147364716915389
  0.01195943848017500  0.01247139504466055  0.01302157609379801  0.01363069262643273
  0.01430503375073506  0.01502214249571974  0.01576701598619604  0.01655965886033526
  0.01741656402828303  0.01835914848131051  0.01941005695759224  0.02053443841371236
  0.02171732560827342  0.02299095123880856  0.02441843922894045  0.02603464797041088
  0.02784392853017306  0.02985872996376197  0.03215200587791307  0.03480283756482338
  0.03770542977262981  0.04103052404837202  0.04503072405344741  0.04997800828758885
  0.05601623301838534  0.06366904843603158  0.07370302444993587  0.08761682805985807
  0.10929452286977476  0.14731357943259252  0.24891534115632438  1.00000000000000000
  0.00528604796846383  0.00578013906598425  0.00641561080087154  0.00699488293934428
  0.00756030751947573  0.00815741931596756  0.00877248222887097  0.00937164677063032
  0.00998987078551013  0.01065339725036119  0.01136454942712094  0.01213800958319151
  0.01297201155850255  0.01384256591298444  0.01468881698208369  0.01557536586928904
  0.01651241997221780  0.01751523496605808  0.01855793399711571  0.01964874399375748
  0.02077296121628452  0.02194134723178933  0.02314305794314046  0.02442005321548576
  0.02579799719779710  0.02721645296129392  0.02864348284137498  0.03007767813070648
  0.03155218936991521  0.03304941528750897  0.03466885462399753  0.03639996428433278
  0.03814572297852412  0.03995823048632862  0.04187775647487204  0.04392246046713152
  0.04607010288250861  0.04824525365529536  0.05043221714955209  0.05262097383739672
  0.05484829306914010  0.05717252163840431  0.05969850630802068  0.06233688130281649
  0.06503902023282421  0.06784083693854426  0.07082314888682935  0.07394632025025975
  0.07721034285090857  0.08060691818695591  0.08407515215695904  0.08772383485711646
  0.09153935038504304  0.09541828320772623  0.09949677054777341  0.10386124281003022
  0.10838129020641198  0.11294168269464014  0.11764968317113668  0.12278656212803842
  0.12817508038378017  0.13392848937788068  0.14015504648361704  0.14654018337595096
  0.15336282644721913  0.16000664657587252  0.16669008635487612  0.17377614623617177
  0.18125261546760135  0.18959676089656644  0.19862101222874190  0.20808715351419921
  0.21794676709979738  0.22795829472476398  0.23866248051383737  0.24992654434036343
  0.26221993693984319  0.27572326816759413  0.28993583570572984  0.30489052055587079
  0.32053506434229090  0.33765292394286978  0.35682476067969598  0.37794567018959635
  0.40059322888015836  0.42481729190308870  0.45116761892430551  0.48050981205913468
  0.51279378367552042  0.54822052540340138  0.58901420041894870  0.63489319465716842
  0.69125142425750907  0.75795380467052897  0.85393294189744506  1.00000000000000000
 -0.00264157782813825  0.01017865283877186  0.02111247491919140  0.03238987112885062
  0.04355832182182815  0.05431656109358810  0.06527935750105608  0.07587135397175539
  0.08669153239638745  0.09700028644847711  0.10705044215614612  0.11695131586123654
  0.12705847767212500  0.13789276180024376  0.14881656884767630  0.15993926355169724
  0.17077681067855832  0.18162624030740235  0.19257106443320685  0.20328025599949492
  0.21350765659242904  0.22286586998613331  0.23209934717904951  0.24148876074521991
  0.25133232935479538  0.26155064878441087  0.27178675210957554  0.28212076335096203
  0.29269167721522626  0.30350805409410925  0.31458288768185516  0.32508402097325301
  0.33492092651808786  0.34474347594005261  0.35449752624509134  0.36499331663860179
  0.37544079745367254  0.38612647301937603  0.39650183533919570  0.40701658519133160
  0.41761437137803603  0.42870920780689625  0.43982672080332808  0.45099084529901551
  0.46183750815478514  0.47247487738300470  0.48313933243337492  0.49380644372909432
  0.50440191567569914  0.51477206549651133  0.52562536615875133  0.53648918483087871
  0.54748972036931653  0.55808712435407881  0.56881838218447078  0.57976492608688035
  0.59055301063207655  0.60153813134851064  0.61206843649890386  0.62305006328225132
  0.63392889753662307  0.64443316768561398  0.65480550904866175  0.66494949121133129
  0.67481361672947349  0.68450721708762019  0.69447337666588949  0.70475638660053996
  0.71509069828830074  0.72529703469868678  0.73617030514219717  0.74695685338478346
  0.75775993395495289  0.76848636010287164  0.77944339171536359  0.79078308009348464
  0.80246813543462903  0.81406507567453912  0.82421414115123592  0.83453279114568246
  0.84445918437387957  0.85457204666137243  0.86459241094258177  0.87461837293610190
  0.88591533151582114  0.89701205622578506  0.90826356506768946  0.91899865529342850
  0.92967000193475413  0.93994209899881809  0.95026961623827066  0.96042050740633511
  0.97064067344002292  0.98058498935855021  0.99034453936592781  1.00000000000000000
 -0.00244068572454407  0.00952942829141167  0.01982174629169137  0.03030800526228818
  0.04113569783685856  0.05181341119125135  0.06265121756275470  0.07316313400606471
  0.08373012272955790  0.09450228923252536  0.10505648685104657  0.11602299302715886
  0.12654960014506950  0.13775506144602173  0.14853317934296964  0.15910314051264315
  0.16937509567866851  0.17964494966983530  0.19013649660586859  0.20046657079604113
  0.21049429730120198  0.22034441023345244  0.23021485113282719  0.24029641698448448
  0.25093778591189519  0.26182070317151596  0.27287350519446579  0.28381510478688843
  0.29485661393757390  0.30638929606354526  0.31788953039581663  0.32932393252898029
  0.34020662893416886  0.35060284013071941  0.36063688475341082  0.37065490825460617
  0.38090834627482373  0.39110232099718051  0.40135084831994378  0.41210046504521314
  0.42315112719165143  0.43439559480638801  0.44522283274158647  0.45601228454788972
  0.46668237606629021  0.47739188583053460  0.48813305289067593  0.49875190594851054
  0.50940554805873783  0.51992111084875792  0.53053600455138494  0.54120004424325086
  0.55222954022603565  0.56319018072953009  0.57384073999057672  0.58419210827445023
  0.59461327188895918  0.60500979806092703  0.61536046292539215  0.62565951161513855
  0.63608316917642937  0.64653495434558284  0.65710670357206946  0.66786319904113700
  0.67877783609688391  0.68963574590434595  0.70033706481374935  0.71103741958030764
  0.72181275001815215  0.73226034290723840  0.74236585610595318  0.75248224910136741
  0.76290689394118849  0.77335196388165706  0.78337350174842257  0.79316381818450532
  0.80322716367124070  0.81344770318217463  0.82371119299566742  0.83374003026022048
  0.84425710267477616  0.85528401231782258  0.86620344127621951  0.87663969822973875
  0.88679441994694719  0.89712037338519857  0.90744629101213603  0.91750178742987776
  0.92749536287108036  0.93769502418322981  0.94794586688683313  0.95814204486194143
  0.96844089447559067  0.97870096057137146  0.98943105245901319  1.00000000000000000
 -0.00251058004778048  0.00974901064725859  0.02020159760546442  0.03063556101474840
  0.04157505384953397  0.05222919548934394  0.06295549352434035  0.07328777749467308
  0.08431377888643869  0.09523457253668058  0.10568346868906907  0.11595021285963227
  0.12643105965783522  0.13706849343439689  0.14775881238025737  0.15888942632934569
  0.17015922365746725  0.18106945500855109  0.19168475136190388  0.20246416128348838
  0.21323826044958705  0.22385605235944137  0.23429076756444731  0.24481175128409666
  0.25550383727721226  0.26610883586050160  0.27667701216517254  0.28724054861444853
  0.29769760990511140  0.30790278943899763  0.31772226395790965  0.32785289480375851
  0.33806106960175497  0.34855936845525703  0.35882670270245814  0.36873506222498953
  0.37865886378567626  0.38850200027284121  0.39883932266010591  0.40963659527143342
  0.42032841809346172  0.43138404884424819  0.44162496849900573  0.45187628289648701
  0.46172837549736406  0.47164718087906515  0.48179747812200779  0.49247332208694355
  0.50298584296658744  0.51326461879971186  0.52295243267507630  0.53349153987090514
  0.54366786533560496  0.55411356342552642  0.56464329645328271  0.57577544959792781
  0.58670539083081985  0.59695157761084139  0.60745359993292636  0.61823757700900384
  0.62928977163933031  0.63949537148324598  0.64977131567167257  0.66008622440274722
  0.67055510151916287  0.68095311873262598  0.69114212749947401  0.70149399697112669
  0.71190576564694741  0.72235823159662216  0.73260702846601466  0.74322617042742145
  0.75382301187138256  0.76498927576279840  0.77637250648679512  0.78800537632366685
  0.79896770741837331  0.80942871692205443  0.81994665642326958  0.83057250150056205
  0.84146330047561646  0.85235858968622169  0.86273304280058560  0.87316239444839450
  0.88355991641346432  0.89496843221216982  0.90537137302299320  0.91558369538798323
  0.92599084324921632  0.93626497621602467  0.94633615145832739  0.95612476691961168
  0.96661612167179256  0.97757001076167438  0.98873208242634614  1.00000000000000000
 -0.00244935464310887  0.00911597687704759  0.01865375686221361  0.02846298200065692
  0.03815355612453673  0.04821376787968049  0.05839696053157290  0.06892202649851292
  0.07952157436462386  0.09047552999630935  0.10204855090853537  0.11288124361706944
  0.12350085559814568  0.13409929644092722  0.14473854432309555  0.15519750737405139
  0.16542478321772661  0.17577346244296435  0.18629202882949822  0.19714900837084690
  0.20814064501593793  0.21880721179555718  0.22930338912655970  0.23996051160244650
  0.25059901048258643  0.26082009216765245  0.27110681980624091  0.28173588282784900
  0.29245356651234666  0.30329752154819906  0.31428491655446561  0.32554460635498433
  0.33682085974259440  0.34767756822261320  0.35804290432332803  0.36830258276394873
  0.37872546510777122  0.38892478164885963  0.39907663733738136  0.40870412831231484
  0.41919580619534780  0.43018582715446751  0.44126095081388744  0.45219256670513719
  0.46257959622000067  0.47324901885211157  0.48375381249982896  0.49423651379348843
  0.50469185907303560  0.51533441531656421  0.52580890311804929  0.53646506359366897
  0.54726537302661171  0.55804179360521156  0.56904481142453633  0.57961997394452403
  0.59078363695946801  0.60211938284568212  0.61290083669779927  0.62392250183945153
  0.63492381442260681  0.64591906811105493  0.65638790208021769  0.66684065117727354
  0.67783043893439532  0.68817876631155317  0.69825920984650991  0.70792076068037912
  0.71863833498847918  0.72941585252872676  0.74012992616535789  0.75091558195286545
  0.76126821632789432  0.77152814696714611  0.78167911379026778  0.79170798401995823
  0.80178059024977677  0.81202418920962449  0.82191243560716698  0.83157865977235346
  0.84108242150437174  0.85104721538870043  0.86096105987819083  0.87071088602405933
  0.88061930884914463  0.89094772635265196  0.90170478154724987  0.91215267338591055
  0.92257659057418950  0.93298737196067960  0.94341002260089213  0.95395740067652790
  0.96419027015574366  0.97516980443173706  0.98687342032880088  1.00000000000000000
 -0.00253613902290740  0.00967676501527185  0.01966003486963925  0.03043151754636512
  0.04060972418061776  0.05096124337705202  0.06079698699831856  0.07118319460203512
  0.08149272197744541  0.09272856305991356  0.10366097069234534  0.11416294627445053
  0.12475725176413652  0.13520460006753499  0.14570007571261279  0.15609568113774883
  0.16710377458143169  0.17836269234074581  0.18938517157186208  0.20028994268828787
  0.21116580117719017  0.22199665643923780  0.23243214583616015  0.24281092857920528
  0.25347774952123731  0.26479782964649884  0.27590887918362961  0.28670980531757084
  0.29708023692128593  0.30754862899300051  0.31782782860293179  0.32800792174782761
  0.33824223302798151  0.34824264595425336  0.35845114408824141  0.36838728588837666
  0.37838981145101930  0.38841506742924031  0.39886290940484864  0.40924129429073935
  0.41943855410908931  0.42926723042908482  0.43912330659075810  0.44975157556697026
  0.46039834383022060  0.47141596338892716  0.48243222310927852  0.49356488416448224
  0.50427265581983749  0.51458182403546116  0.52487503248740297  0.53578963371244548
  0.54734754679253417  0.55847879624607744  0.56885606716681603  0.57872701545033256
  0.58896158808737975  0.59925555032873190  0.60936906800360824  0.61950247447164364
  0.62988588611006335  0.64032144052954498  0.65035540055534302  0.65989951379154688
  0.67034991631724972  0.68080448438876673  0.69155822045629334  0.70222850967144002
  0.71337297112501452  0.72426053117497147  0.73474347427681352  0.74510228915989274
  0.75530608886939909  0.76561542106206248  0.77593693914592465  0.78702592035354901
  0.79818510557400069  0.80974118087224989  0.82069591776274076  0.83141458792618750
  0.84187631782411720  0.85243010328539504  0.86295395266577668  0.87330476857061001
  0.88379401513821487  0.89435798755604679  0.90549658676660816  0.91648364139245864
  0.92689118410105176  0.93679986748908572  0.94655381615122280  0.95640233751796655
  0.96697034577214891  0.97802105201653788  0.98919937013407033  1.00000000000000000
 -0.00260205935919021  0.01002637169989109  0.02028469613496077  0.03096511023711656
  0.04224105178295139  0.05337316737763517  0.06425237321399499  0.07403426647342960
  0.08416811636170646  0.09408881100957493  0.10390661648916044  0.11324028116740144
  0.12281225244779073  0.13286102262041347  0.14351616994824445  0.15412183534640525
  0.16467794391261595  0.17515137147889792  0.18569643656988452  0.19649927929803168
  0.20770692993588197  0.21899522231721169  0.23008878288169160  0.24077835893937352
  0.25146540971509884  0.26170185048801659  0.27238975650005498  0.28299904037076101
  0.29378330570684652  0.30482922992378603  0.31579916416254539  0.32624801251400293
  0.33622307081314906  0.34583048457863480  0.35592714801257735  0.36592979470605858
  0.37655667720532288  0.38734892045033825  0.39797175866762619  0.40826946536518993
  0.41888478823809683  0.42953299415739377  0.44023237963211093  0.45052313760520529
  0.46087735033822264  0.47144199796864628  0.48181986528823617  0.49206241001716078
  0.50214178498553863  0.51203925081650514  0.52176768337030399  0.53162458316206485
  0.54186836369652158  0.55243499718156019  0.56271604329773506  0.57296580541292652
  0.58366339198973705  0.59492908147651169  0.60614375854845948  0.61663979967603588
  0.62665402781689938  0.63665072084352337  0.64684498675299051  0.65735767778589116
  0.66856744871238938  0.68013979063979746  0.69170466266867492  0.70302149301670624
  0.71421678875261241  0.72550937183254094  0.73667738687940110  0.74762592208029688
  0.75812963668276279  0.76875235832809474  0.77931664351221586  0.79034766162320280
  0.80122970815263650  0.81231316735968506  0.82305491350856430  0.83367474475408443
  0.84427716384827933  0.85512134331062561  0.86601859959590821  0.87665558522621012
  0.88716211415016044  0.89791441275446604  0.90866120564873454  0.91911933183783157
  0.92905564302338084  0.93907510651883452  0.94921756214657138  0.95976656670344984
  0.96997586636991540  0.97991926492258252  0.98981921495493264  1.00000000000000000
   8.4301181501477008E-012  -1.0000000000000000     
 T T T T T T T T T T T T T T T T T T T T T T T T T T T T T T T T T T T T T T T T T T T T T T T T F F F F F F F F F F F F F F F F F F F F F F F F F F F F F F F F F F F F F F F F F F F F F F F F
  <DiscreteSampler_grid>
  grouped_processes
  1 # 1 for a reference and 2 for a running grid.
  10 # Attribute 'min_bin_probing_points' of the grid.
  1 # Attribute 'grid_mode' of the grid. 1=='default',2=='initialization'
  0.0000000000000000 # Attribute 'small_contrib_threshold' of the grid.
  0.5000000000000000 # Attribute 'damping_power' of the grid.
 # binID   n_entries weight   weight_sqr   abs_weight
    10   10   1.820064175003015E+004   1.316795783651658E+009   1.820064175003015E+004
    16   10   2.028901542783634E+004   2.017074388529945E+009   2.028901542783634E+004
    22   10   2.028901542783634E+004   2.017074388529946E+009   2.028901542783634E+004
    28   10   1.820064175003015E+004   1.316795783651657E+009   1.820064175003015E+004
    34   10   1.820064175003015E+004   1.316795783651658E+009   1.820064175003015E+004
    40   10   2.028901542783634E+004   2.017074388529945E+009   2.028901542783634E+004
    46   10   1.820064175003015E+004   1.316795783651658E+009   1.820064175003015E+004
    52   10   2.028901542783634E+004   2.017074388529946E+009   2.028901542783634E+004
  </DiscreteSampler_grid>
