  0.00071603140678465  0.01675291817410924  0.03226543099383525  0.04635632746330719
  0.05919414999972259  0.07127565499115084  0.08272300639950128  0.09412208497218752
  0.10589629224097871  0.11805187393134695  0.13009878001703171  0.14195141589637095
  0.15375324685777444  0.16560337605727452  0.17725941345688115  0.18875432880534565
  0.20031743131415389  0.21257529018681595  0.22538698743969401  0.23832900831014761
  0.25091726357971089  0.26281865934304244  0.27448965761406474  0.28604742038512865
  0.29750452871080169  0.30869867377007792  0.31977597521528456  0.33112302916336678
  0.34236380122645149  0.35337037270092636  0.36430999430636307  0.37514052637550871
  0.38615264380739339  0.39672455604457602  0.40732425664783661  0.41755505386823355
  0.42823660699171406  0.43934108011751893  0.45108526427159373  0.46285210687960482
  0.47378091389853511  0.48426651485255306  0.49438171485223442  0.50467284203151441
  0.51490721570555831  0.52548252025145215  0.53618428205099433  0.54684670660993950
  0.55754115990661801  0.56846951749247221  0.57934354664955656  0.59002730219193478
  0.60040663875464872  0.61078393569881151  0.62141168271636826  0.63199266893946238
  0.64224323204548284  0.65190896594063974  0.66154726964333765  0.67120498994475830
  0.68103291055069437  0.69158441597155396  0.70272149166250297  0.71316926823080928
  0.72280985098733486  0.73232811080559734  0.74203292583706892  0.75144203558575973
  0.76051982428574338  0.76959117810065758  0.77897279387292373  0.78844442911147239
  0.79774176836105981  0.80674858304907249  0.81581320573848914  0.82507304655800562
  0.83468852108166303  0.84455458427982888  0.85419239864122742  0.86359514503021839
  0.87278845195585919  0.88193538739769350  0.89098368676626372  0.89973598888748130
  0.90854699050717724  0.91733276354071014  0.92617067203742265  0.93517612605481892
  0.94416222762368707  0.95317594416908247  0.96190939492641458  0.97025600345046614
  0.97805266393114076  0.98548109215409374  0.99268196798835584  1.00000000000000000
  0.01148098839257001  0.01313972847604571  0.01447815460046622  0.01521730199154143
  0.01633062686129787  0.01783144746276067  0.01915536201609091  0.02052619760832758
  0.02179518557682520  0.02308746387091229  0.02441542570563270  0.02573888389607279
  0.02702811319018551  0.02825557217653014  0.02942835310597637  0.03054809349868382
  0.03167392432673861  0.03282317458410298  0.03399924975320653  0.03517814200644722
  0.03634218551328774  0.03750126916278604  0.03866666126269087  0.03984870849290179
  0.04106655505253486  0.04233736205309361  0.04366008633928811  0.04501927412466914
  0.04641140723733526  0.04784465817640206  0.04929931485513404  0.05079052085041168
  0.05231607911270014  0.05385683259124128  0.05545967791453798  0.05712162039072990
  0.05890359961267889  0.06074452262918364  0.06261906503687548  0.06448184378186297
  0.06638559422965463  0.06830396813097042  0.07022999784590582  0.07214011723726169
  0.07405467271913976  0.07605792319467336  0.07817352341227296  0.08036218027282251
  0.08273731842584230  0.08521785877927933  0.08785106095213591  0.09065545658920045
  0.09341151144577649  0.09628421942826999  0.09910756180910338  0.10216842153086553
  0.10533520243717820  0.10865768326901937  0.11219521649487124  0.11589458049614033
  0.11975456998036620  0.12372511463006618  0.12777655108334138  0.13198434733031605
  0.13639464937814991  0.14115307724066328  0.14628397982455787  0.15172291546802422
  0.15732822925610257  0.16325987335533609  0.16961609945950404  0.17664377620316310
  0.18418667993363713  0.19214747150799860  0.20080035174524227  0.21015342929460251
  0.22043817123586448  0.23144220136972116  0.24325504389887398  0.25591506777267020
  0.26946011598264125  0.28441542008647952  0.30102768297963994  0.31860238520274392
  0.33740767217217316  0.35815026365781150  0.38153286803747677  0.40945681340551648
  0.44268234926348421  0.48061814850533652  0.52266363701751239  0.57091876190407664
  0.62676957838295244  0.69659232179349373  0.80011849737898766  1.00000000000000000
 -0.00240973676620131  0.01011334479815655  0.02018317013448791  0.03058827240104374
  0.04034290073642548  0.05014615698751317  0.05989258836076321  0.07031559164156788
  0.08087089552390093  0.09131844320757208  0.10156364258250282  0.11218922500051873
  0.12331900373342448  0.13486727490337116  0.14583563889761025  0.15641597706599752
  0.16683476246175047  0.17780249029977641  0.18892667233630439  0.20029296806399313
  0.21176375877534784  0.22368565907924520  0.23490195970207300  0.24560006945086374
  0.25601479440223535  0.26659090663321949  0.27731773019693884  0.28837911228674218
  0.29988924032195985  0.31129447555837791  0.32265749580643666  0.33405646421538226
  0.34513940113388769  0.35580476092437363  0.36586231432687943  0.37584304001854596
  0.38575980592731818  0.39573622433978495  0.40595990183448138  0.41608806898950484
  0.42656829078300423  0.43689709039702718  0.44719941061122181  0.45764691779023142
  0.46820420276582553  0.47864341423238860  0.48866283796280002  0.49858928755126375
  0.50889487387744614  0.51919443823764466  0.52937214504040075  0.53963535186706801
  0.55033032495435574  0.56089633176176690  0.57132285609919642  0.58153284718595788
  0.59184687636263011  0.60217544147120405  0.61260059806432909  0.62304119421300075
  0.63321005567055655  0.64279668883150665  0.65280336144294271  0.66284618529716921
  0.67326352741847817  0.68351380181207044  0.69401075881984164  0.70515922118508279
  0.71657244807793241  0.72769449726318314  0.73851996859793811  0.74913607010993266
  0.75997116986757296  0.77051926390841996  0.78103836437126950  0.79139505967876322
  0.80164997551665407  0.81204346308422426  0.82236716669987753  0.83257306210788329
  0.84281863039335680  0.85329097853685965  0.86405927955191264  0.87465105429336587
  0.88506652012318687  0.89531753496089006  0.90565071618935289  0.91595250405484918
  0.92665666321374718  0.93736207840775365  0.94802085527262103  0.95822173291281221
  0.96864652132659945  0.97904662455731128  0.98964779823089222  1.00000000000000000
 -0.00248171451776473  0.00924334599943463  0.01916081853552126  0.02968650497577555
  0.04034547861406212  0.05138227336239133  0.06227384515120263  0.07276796957022619
  0.08302399061450838  0.09331291785627424  0.10388312450249383  0.11481997997198383
  0.12596997647789610  0.13703085414942906  0.14796884898088714  0.15834585878390181
  0.16848985719248144  0.17858034369523115  0.18887212511760917  0.19969998968240754
  0.21013330760029580  0.22046595647293984  0.23045794304964853  0.24049302728303848
  0.25060632791161430  0.26075683251730591  0.27084886169404854  0.28102703585848637
  0.29099899282916353  0.30122803651957186  0.31130125228453365  0.32136417588816829
  0.33134444715734851  0.34125764761360983  0.35170478330484001  0.36205705814690220
  0.37259499703744670  0.38293105189648091  0.39333961168394088  0.40382326428528398
  0.41437028885132737  0.42482615401505130  0.43537968086444917  0.44600098295376661
  0.45700401825556891  0.46806212212135001  0.47899980703163680  0.48927253602603288
  0.49964892446976972  0.51059392395249892  0.52178955237523572  0.53249752048732257
  0.54316910388606054  0.55358180007949498  0.56445041898066373  0.57526530279783405
  0.58646232883321792  0.59684741415686737  0.60734608431463344  0.61847288345349360
  0.62945488945152550  0.64022334948209092  0.65091846293925437  0.66186800372659993
  0.67258901997389520  0.68293962997417945  0.69334200022577397  0.70365929661361692
  0.71407282354144175  0.72450149987635648  0.73501454551039269  0.74576555006306722
  0.75646984708025233  0.76727223136769251  0.77771281559111416  0.78844602205771153
  0.79892499245549142  0.80967242533081019  0.82038306625745983  0.83147835671937331
  0.84284227292278469  0.85398801830821902  0.86476752896974751  0.87546769614284214
  0.88648910124246061  0.89750752375372922  0.90799783731217587  0.91853411398169371
  0.92892146433629130  0.93950815833876444  0.95031103798268457  0.96093611404752532
  0.97112705998113791  0.98109194544773359  0.99061924679499491  1.00000000000000000
 -0.00209117351680461  0.00914660660700552  0.01960880733447314  0.03037419783475845
  0.04145998586650478  0.05266059039532237  0.06381436679513282  0.07519236415311630
  0.08639451976778635  0.09750800729041374  0.10825050586917381  0.11891958794864732
  0.12933650359699636  0.13955416435004073  0.14976625811310507  0.16035776309944799
  0.17131635739406370  0.18226361754988402  0.19296790357813928  0.20347173781538411
  0.21407740575732326  0.22494452248982813  0.23598427701225694  0.24712341085239367
  0.25825873407682409  0.26937931892433903  0.28039014655701677  0.29107099443311862
  0.30118268165917361  0.31113715794625918  0.32155761766572938  0.33246106374001266
  0.34356302752236573  0.35434614580657470  0.36485499128947707  0.37518533859363074
  0.38529650940828608  0.39518767662687487  0.40495649462372402  0.41498363319168907
  0.42540606499080347  0.43609194102082743  0.44683214365134871  0.45757360475728864
  0.46812272701131197  0.47833187019675977  0.48837896365441152  0.49840981280105834
  0.50859046321664025  0.51901238249380577  0.52952578014391305  0.53997205437775142
  0.55037725229383272  0.56078905183332317  0.57119819764219870  0.58153165637701276
  0.59186188180821864  0.60224908750242512  0.61260888503097521  0.62282698604213471
  0.63282643424580309  0.64293121373992812  0.65336102093556947  0.66394972393254015
  0.67447625454006721  0.68484570158772384  0.69569417705662961  0.70664508705089757
  0.71757583641771883  0.72831452248809703  0.73932180801415426  0.74975427977158160
  0.76005373783479002  0.77013284192795772  0.78044801344996551  0.79129649349726128
  0.80231786909006342  0.81372230481881258  0.82490028766955981  0.83544032384285849
  0.84536732541868631  0.85505980528047665  0.86471704770870950  0.87479164999535486
  0.88472061797696011  0.89476794108249880  0.90513893145867674  0.91571401463095914
  0.92597924567257539  0.93628937311675631  0.94678390267071477  0.95767745179933228
  0.96846164801243506  0.97917380172785451  0.98959176455335174  1.00000000000000000
 -0.00266399735056579  0.01060879911541251  0.02127880273953208  0.03162085058595264
  0.04194304691588162  0.05226673133692002  0.06280918788629410  0.07344804916745692
  0.08376400569589237  0.09415036008547868  0.10404828615240438  0.11391148104466127
  0.12381132039472857  0.13386061090830265  0.14409184962525284  0.15412296528778158
  0.16399348944040798  0.17395851335206403  0.18421295764007889  0.19465275040188620
  0.20524421454906711  0.21573970237959803  0.22648244702478548  0.23738635990851714
  0.24807781149324692  0.25874126762208399  0.26943875452106741  0.28037086645266995
  0.29094992282593884  0.30127279145691716  0.31147151670083562  0.32194117363339375
  0.33249877565505875  0.34295574929021616  0.35322990304515023  0.36398380711107969
  0.37513242716957335  0.38614808797378591  0.39659407327332991  0.40738516128523294
  0.41849794037112109  0.42955065283088922  0.44010633776030456  0.45052264963918193
  0.46084111033252728  0.47116102184189013  0.48152313026229288  0.49185549288750086
  0.50209827283114050  0.51244469824323469  0.52316348030331750  0.53436322664811198
  0.54550893040748960  0.55640483973702726  0.56711533372461509  0.57774017184026771
  0.58811151893741731  0.59828948642607882  0.60863821259118800  0.61908372035435155
  0.62978010555771347  0.64057065086796439  0.65182299810681810  0.66315953877852718
  0.67425326186596013  0.68517805974630608  0.69553875483017091  0.70574221068242760
  0.71675336764263775  0.72788841242238767  0.73884349382365377  0.74888998501093806
  0.75903675742643539  0.76931101935661372  0.77977116579506445  0.79011588286738466
  0.80017001771874929  0.81041784361580960  0.82117590146318253  0.83223141820117086
  0.84285532764081783  0.85318135358415625  0.86361034414943250  0.87421061707889280
  0.88483563003190402  0.89513579457404835  0.90544134508213947  0.91563824520117409
  0.92609313008294603  0.93657803136057649  0.94697617697795522  0.95762154216245232
  0.96839433845699852  0.97911536129492294  0.98949214274924779  1.00000000000000000
 -0.00245022516511886  0.01034817672183526  0.02138764350702127  0.03277981322405597
  0.04380236051075545  0.05407314899129206  0.06468322530093081  0.07580483583796763
  0.08679537899623986  0.09779447220221484  0.10891756450154184  0.12033522770137992
  0.13145104294838578  0.14203701073892147  0.15253888493025727  0.16293924240368196
  0.17342923781144315  0.18377001096180290  0.19408187446050285  0.20483527808203811
  0.21551733147950858  0.22609444165089013  0.23662782017401077  0.24723593971117841
  0.25817321225388229  0.26910623560079611  0.28055375779368763  0.29205716848817914
  0.30366019037399439  0.31486439944255445  0.32552745446684422  0.33616563233444652
  0.34682312722381509  0.35758993975768233  0.36755601806601473  0.37752561316043931
  0.38734409500757871  0.39788456277552670  0.40871623413557517  0.42015051735575193
  0.43185046414432704  0.44346259817904804  0.45468574665840295  0.46554910392851501
  0.47603964487237271  0.48618069921685020  0.49615867720371015  0.50623470655009706
  0.51643701859563373  0.52656723027869190  0.53633602471207364  0.54604026766902569
  0.55561712989663337  0.56565249902856451  0.57582854919406901  0.58619828614073999
  0.59614214415533873  0.60627388795312454  0.61710879625804904  0.62805758883645890
  0.63835514573432850  0.64820591876004918  0.65809427154862077  0.66813616647581686
  0.67876891782312032  0.68946424448681198  0.70009877276040999  0.71057212040364726
  0.72137401700272163  0.73229892983936951  0.74323367210754021  0.75365980556354395
  0.76393412420437323  0.77407848038083493  0.78384284297225137  0.79326128834169962
  0.80306316501024033  0.81337242852293556  0.82384261758789656  0.83414376880885543
  0.84443648425999418  0.85494626086960235  0.86538755624040609  0.87576668409030878
  0.88596374324079952  0.89605859471517535  0.90615512428242295  0.91651651330240236
  0.92703990813165305  0.93720029572435093  0.94755409674142621  0.95765022037723568
  0.96814261398070622  0.97854289485175838  0.98925181587876410  1.00000000000000000
 -0.00229946991115003  0.00931380087969199  0.01890809220382612  0.02980070915230442
  0.04047910054894525  0.05052855316212445  0.06011529607823844  0.07016828150309964
  0.08090864458428834  0.09133741950849818  0.10126126996939579  0.11131121582945834
  0.12172197998858764  0.13151419726377150  0.14083577854113893  0.15092690568178702
  0.16193600923677301  0.17317766933005491  0.18402220725463397  0.19495894976117212
  0.20597277754122228  0.21673915443841352  0.22749416857891580  0.23883978692014407
  0.25026495597038617  0.26168392038140414  0.27253193580808466  0.28278273472296422
  0.29300915346198159  0.30300227465461971  0.31315820423849905  0.32347728321523828
  0.33397893651443589  0.34448713279411391  0.35479254842753871  0.36493853007712101
  0.37527393997639019  0.38556558467754748  0.39584903725881460  0.40575776637471372
  0.41610364650153886  0.42687543554984753  0.43785283488075527  0.44832513749586944
  0.45857107009772036  0.46870467737200472  0.47912453376781672  0.48983132507854216
  0.50106621533509599  0.51215745872911578  0.52304018029096533  0.53385202060441173
  0.54464824403472833  0.55560414647504486  0.56653026583296973  0.57784702952019051
  0.58893577031001887  0.59938938166813283  0.60954967912107094  0.61991555921211783
  0.63058294470574916  0.64130322789238259  0.65177833275244923  0.66216464655998952
  0.67252081386944851  0.68285653350891473  0.69353923357317993  0.70412971512250511
  0.71453289395734898  0.72459798292496824  0.73455624250285223  0.74470966797506932
  0.75507879712170989  0.76549712845963758  0.77604083613808639  0.78656679199622503
  0.79700155346973178  0.80740300524455144  0.81779793045611904  0.82868772646730959
  0.83968440609046013  0.85069940553581069  0.86109782465480678  0.87138993425706102
  0.88168237254978399  0.89257805045809391  0.90369028927791073  0.91472721748025310
  0.92563351177452258  0.93641266888098529  0.94717317684297808  0.95808530374458789
  0.96908898950187117  0.97972052867353032  0.98998111237778141  1.00000000000000000
   6.0079536020974214E-013  -1.0000000000000000     
 T T T T T T T T T T T T T T T T T T T T T T T T T T T T T T T T T T T T T T T T T T T T T T T T
