  0.00191632965683295  0.00194905373541460  0.00199131773956220  0.00203368991261141
  0.00207723304065191  0.00212442589799294  0.00217172980687344  0.00222072147650398
  0.00227084814051942  0.00232127152225706  0.00237276132626760  0.00242554306344732
  0.00247884836873052  0.00253324970057089  0.00258943237726481  0.00264773251146022
  0.00270969547999355  0.00277090962100537  0.00283594785195739  0.00290319595705024
  0.00297546347305508  0.00305117172400402  0.00312831045423946  0.00320589673248347
  0.00328296469944794  0.00336059391376534  0.00343992706535208  0.00352406574534003
  0.00361345265819218  0.00370403443181555  0.00379704619751625  0.00389199312847002
  0.00399047123836077  0.00409251274783832  0.00419837493682416  0.00430829309461734
  0.00442418675036630  0.00454140922707265  0.00466597323660964  0.00478906761610450
  0.00491881400132370  0.00505845960202879  0.00520423218524239  0.00535750193484647
  0.00551586084223142  0.00567729882302120  0.00584408999719943  0.00601656843108162
  0.00619121869790294  0.00637195758176189  0.00656356845451028  0.00676586929305503
  0.00697993509838592  0.00720116229982261  0.00743236977555366  0.00767127811942735
  0.00792637730917899  0.00819933121002320  0.00849153193585263  0.00880051401413348
  0.00912374476346298  0.00945749415224780  0.00980091640701279  0.01016202328117517
  0.01056058894427559  0.01097730583332512  0.01142885495960149  0.01190192675158967
  0.01241037618144010  0.01295163607504353  0.01351942299023985  0.01412995951313381
  0.01479150868751307  0.01550488759710916  0.01627867199202829  0.01712145222555655
  0.01803671312297055  0.01907734252261641  0.02023251568258922  0.02149083945731684
  0.02285396728930368  0.02438246175355212  0.02608589092270377  0.02798870937020162
  0.03016994781501878  0.03273767419272013  0.03576293233756677  0.03940765211430344
  0.04384395366975331  0.04933026952709017  0.05630274045851891  0.06611822841699244
  0.08067929809975295  0.10605796156091105  0.17902794680107567  1.00000000000000000
  0.00571032597849192  0.00644147147315952  0.00712530593684682  0.00783718530866199
  0.00856592937887500  0.00932088442730503  0.01017310381024202  0.01105155265383217
  0.01190148593362566  0.01276290158448953  0.01368158065674218  0.01463472794998539
  0.01558634066772614  0.01657449915303069  0.01764646519274216  0.01875056889017033
  0.01988412235596453  0.02106911022837697  0.02231778806502610  0.02361342802907558
  0.02498420836174219  0.02639328452008259  0.02781221607955750  0.02926332429902633
  0.03073087772906452  0.03225205875609718  0.03384396006319364  0.03556291830380729
  0.03734970549381348  0.03924027403767302  0.04123981159651599  0.04329305527468292
  0.04531685608199726  0.04736313747318334  0.04958174415031559  0.05188037481509745
  0.05426821463047904  0.05673644702160440  0.05930537085624685  0.06201422606975084
  0.06484067297540155  0.06772043447265028  0.07067662892952317  0.07363481820879689
  0.07667477167422719  0.07980834611013152  0.08305443739513939  0.08644847061869866
  0.09001663467918841  0.09374398163419610  0.09758177080915625  0.10167774532369379
  0.10595787764589149  0.11039508798968202  0.11494974062839264  0.11965874517097567
  0.12457996685039026  0.12976402434001827  0.13519886481942608  0.14087740574110627
  0.14685888947200051  0.15306176973699900  0.15943933255779633  0.16609419852032289
  0.17286307305301563  0.18001341549407146  0.18743770368764634  0.19492923872097140
  0.20266397712612477  0.21077481694554512  0.21952112114901820  0.22913759462476216
  0.23977612131600889  0.25083216522123997  0.26213450817854744  0.27370479437425599
  0.28587559160058990  0.29916315183652242  0.31330460107092506  0.32858803113218188
  0.34460580740182345  0.36207212519820570  0.38085136210598236  0.40086894853245736
  0.42166058836166381  0.44396027375451913  0.46871149582583821  0.49681610631581646
  0.52888027544829608  0.56349336821838614  0.60231337858113176  0.64392823577137759
  0.69380968949317778  0.75657129954734870  0.85223917960759887  1.00000000000000000
 -0.00235490323621980  0.00962078359094037  0.01959079811854788  0.02988309687732138
  0.04012554413508995  0.05034543112837648  0.06046416785760911  0.07049890133135364
  0.08049274670036928  0.09062896154406552  0.10067226697602778  0.11082468644862765
  0.12103154511834441  0.13138232955120896  0.14191675561109385  0.15276185959972843
  0.16368197222415956  0.17467868879873319  0.18546301486474454  0.19588220236979706
  0.20631262994167412  0.21676159120895555  0.22767083762475465  0.23840691821653082
  0.24908663124175118  0.25964980945649158  0.27021683258753576  0.28099225960283669
  0.29141107788119192  0.30198351999508211  0.31242381291456967  0.32299354958822518
  0.33350315574971268  0.34417925206984745  0.35484272349693402  0.36539290362468207
  0.37566740944802579  0.38588168517863930  0.39605906258393964  0.40654220932570045
  0.41745964891711795  0.42824418767913991  0.43885572218466828  0.44944827284151279
  0.46004972659997884  0.47061299967153158  0.48107717869818151  0.49264435635325349
  0.50372968348602176  0.51437820302633974  0.52483649115431208  0.53534877237278256
  0.54589097719153612  0.55648623321690005  0.56734594826811391  0.57860322591683477
  0.58962160252450169  0.60103120533886634  0.61227479646260341  0.62337762096813054
  0.63429979603079190  0.64550887269164459  0.65649408617007010  0.66707282553830127
  0.67689691123797735  0.68686918448818690  0.69685138701066218  0.70763161454818657
  0.71827645801289985  0.72868477545471233  0.73886719940421197  0.74904371327637709
  0.75899353459078567  0.76879085725450413  0.77854924157899241  0.78885034120734787
  0.79926723339405936  0.80958677623107778  0.81978113468682923  0.82984985454149318
  0.84004865905785586  0.85022018555914458  0.86028936910645259  0.87049781641298274
  0.88142219614523487  0.89264627276064523  0.90329332993543765  0.91334812332736415
  0.92344099385837652  0.93396157286592307  0.94487958226657431  0.95596791741909137
  0.96714798062354224  0.97814868364026342  0.98912306499363412  1.00000000000000000
 -0.00216021340783330  0.00896138487455034  0.01925444388594602  0.02968858704075165
  0.04052578877809933  0.05076042820271288  0.06120142827769793  0.07182828249044214
  0.08270385885503213  0.09340922893218515  0.10372260142282275  0.11396856053512965
  0.12437733909148796  0.13522100393022113  0.14627098857176599  0.15715513881088797
  0.16768731964099096  0.17837322599241032  0.18892342127959633  0.19951850019574116
  0.21025335263279821  0.22088219212583202  0.23183889259007268  0.24240579593385284
  0.25326281513065391  0.26345476707400706  0.27381715648591698  0.28449567259400121
  0.29517125265335431  0.30609131023496461  0.31664424694955895  0.32751750839839083
  0.33749024940195033  0.34763248842021782  0.35784038101023813  0.36844615762629784
  0.37886750449373230  0.38909687297181134  0.39917593490327558  0.40934851737655126
  0.41928802988617475  0.42911902667240270  0.43883247364685241  0.44867893822530874
  0.45877114971963817  0.46969718615556150  0.48126437469434330  0.49265554108555282
  0.50407702566834356  0.51498368117816085  0.52587154425229654  0.53665404366573688
  0.54723064236442864  0.55786586804559168  0.56830730100985860  0.57878179106535699
  0.58892308110931635  0.59934168202994187  0.60985610498959897  0.62111987505648680
  0.63255959458100786  0.64414162839487277  0.65517035263915147  0.66602733441036988
  0.67693487336005786  0.68760488612705994  0.69814019718294928  0.70886722470335439
  0.71982319816075202  0.73062688856333635  0.74098888763888460  0.75157128149880514
  0.76181940484944788  0.77199883905559996  0.78216525243051105  0.79280609685241132
  0.80355656609942872  0.81427660693902504  0.82520989953697865  0.83614327129904564
  0.84689435130395796  0.85741430407316910  0.86777889832420363  0.87818842896257543
  0.88892020578852526  0.89990030041656355  0.91084187980763520  0.92144802205210441
  0.93182958480711786  0.94207690789292842  0.95201213611482560  0.96195237227025721
  0.97165599992971219  0.98162926783988413  0.99085880407658766  1.00000000000000000
 -0.00215528738567163  0.00894609547769085  0.01876542698417099  0.02890582187383310
  0.03924566128806577  0.04979627248692912  0.06022142269357091  0.07077634868876194
  0.08137541760602199  0.09197231855075591  0.10213474884084654  0.11224840558218575
  0.12283431177610331  0.13354895891403881  0.14414233996570772  0.15414141935865655
  0.16442896491937670  0.17493835585634443  0.18559166375279856  0.19650733213785193
  0.20687194026637667  0.21742940301282271  0.22747780195964623  0.23769527787190137
  0.24784345415514719  0.25804611067236338  0.26885669741387397  0.27916323938298376
  0.29007486711047781  0.30043412227108074  0.31114585141833606  0.32160500581798690
  0.33198105072862144  0.34263520681997961  0.35310261018252609  0.36366959528235998
  0.37421085380481028  0.38458524793954013  0.39517637288647500  0.40579622121706932
  0.41675154074132365  0.42788507296098788  0.43887849261446660  0.44975143520528821
  0.46026225492562195  0.47099749703640192  0.48167139110114121  0.49267534257953877
  0.50338555674235197  0.51441237791097838  0.52526747349334690  0.53595283754358802
  0.54641752176647251  0.55672540107444235  0.56704151187832408  0.57698868407440573
  0.58699411815487479  0.59727792447422057  0.60781977921503427  0.61847181576561217
  0.62909862424936125  0.63989020721333378  0.65097489468048986  0.66169250731802232
  0.67222568848432296  0.68261633705584313  0.69344119902553436  0.70442676803878190
  0.71527803794650424  0.72561115174358237  0.73549974528038720  0.74539506026255431
  0.75550558515067257  0.76612219037770013  0.77679149259485880  0.78757038809593738
  0.79828307010375898  0.80890240816452330  0.81985434546354852  0.83065594828932732
  0.84100985703895992  0.85096364536854430  0.86118716567689801  0.87188343750103203
  0.88271243983056658  0.89320580123861526  0.90391996825885090  0.91460817368296232
  0.92543577377504371  0.93629493315660073  0.94698334144811003  0.95771167915232835
  0.96776048692953431  0.97840943951152226  0.98884443970606317  1.00000000000000000
 -0.00229404743676208  0.00907421456512749  0.01902634564691174  0.02948143167361601
  0.03982587247202554  0.05108485752333756  0.06244448362029015  0.07393175462118153
  0.08514962161578882  0.09627622468365585  0.10681380813974080  0.11688850619887640
  0.12730617402399880  0.13765723339000119  0.14796468933620008  0.15841874717848170
  0.16893589709288909  0.18028813888455913  0.19120052703833654  0.20215737412127305
  0.21259234530491788  0.22247766704512426  0.23242969715122416  0.24268155831979391
  0.25329393753436402  0.26351005349843754  0.27371725644797645  0.28396287190542446
  0.29428445400428815  0.30484787510064681  0.31561476856109022  0.32592729657309083
  0.33584638308961406  0.34560687930885614  0.35568518960157469  0.36612807452355245
  0.37660171929454567  0.38739553389748599  0.39849210837122967  0.40959404746258044
  0.42076673500667727  0.43133019987205273  0.44175883772448266  0.45230707618088467
  0.46295650437898539  0.47372495320212615  0.48434536633304909  0.49508097753447583
  0.50566251184879141  0.51638670826592459  0.52706070470525068  0.53795997965095976
  0.54853345039931722  0.55870408760140389  0.56869175109936709  0.57831631142159501
  0.58840700240834864  0.59851454778148505  0.60858510907477847  0.61868492553559751
  0.62905717128536320  0.63974899093189552  0.64988761860216016  0.65968587511558474
  0.66973585701634186  0.67989056937291281  0.69016211638371694  0.70045910287313340
  0.71101737642288920  0.72145059701773340  0.73168889696857420  0.74189884485026547
  0.75223583286802276  0.76287858062950864  0.77385937851357389  0.78480102750693592
  0.79576799158183376  0.80666388939334432  0.81777364206660119  0.82851901044707665
  0.83963360812307886  0.85079749557985462  0.86227632688049405  0.87363059071430427
  0.88482708934864707  0.89612874765702621  0.90682752716070558  0.91702670339921744
  0.92671359452437574  0.93637163442545401  0.94631308064711972  0.95658293892567392
  0.96714603916495201  0.97800836532639546  0.98878664686223039  1.00000000000000000
 -0.00251230750641840  0.00962475701157385  0.02020919446156617  0.03137880344084788
  0.04237934765230701  0.05296431659939291  0.06346677823168509  0.07422372711999918
  0.08471281558172904  0.09541875308433657  0.10624443565722004  0.11732461893449819
  0.12834522105187696  0.13893364596552085  0.14925629629908038  0.15921916198799468
  0.16910703621725739  0.17896068068362594  0.18888482568936504  0.19913846580590933
  0.20972664435211694  0.22049213670892959  0.23117247982434164  0.24180254517475103
  0.25234995319058556  0.26310491410288245  0.27394914713904073  0.28431692528237179
  0.29456277204626113  0.30506276068597898  0.31598072041142267  0.32698848472029213
  0.33734917773143303  0.34740825215061344  0.35744860081998353  0.36806302743931074
  0.37874000685647163  0.38895812077492581  0.39922147062592023  0.40967322452993099
  0.41985837988247671  0.42970206938417005  0.43985520388308630  0.45063003754464293
  0.46143370141012974  0.47208173168841067  0.48267821339858974  0.49298061505356428
  0.50327174826178211  0.51371590055998462  0.52466745555023564  0.53575910942219573
  0.54692731580087006  0.55785258014004224  0.56878939697674369  0.57925169130817489
  0.58948291418866761  0.59956493408678835  0.61002967351989068  0.62104456067404756
  0.63196015988973797  0.64243835849508657  0.65300601484030329  0.66388115609200327
  0.67478238958097336  0.68582726423285678  0.69702901611787238  0.70835176832367197
  0.71902051034409387  0.72953358409754887  0.73981788472623222  0.74998684249709102
  0.75972225595605170  0.76950993178520477  0.77977919647928695  0.79058827864511250
  0.80132296979721018  0.81180490427273833  0.82207364106666414  0.83250695186439461
  0.84300835539498264  0.85384288177281642  0.86469947749787124  0.87545087073479144
  0.88589779871062446  0.89617303594098896  0.90642979145560920  0.91654481936201038
  0.92700740578549479  0.93746368926589208  0.94783932915147995  0.95822677967860470
  0.96872491083044576  0.97936180456524913  0.98956433403418731  1.00000000000000000
 -0.00227736619468820  0.00906399101491824  0.01906351595740834  0.02998492958352771
  0.04087879852996774  0.05123852451475892  0.06119193795137423  0.07134741209757453
  0.08200627784798792  0.09278818521740349  0.10361911876992903  0.11407231444743612
  0.12447222186002928  0.13451702871081705  0.14457209228314977  0.15419684575542592
  0.16425747611731195  0.17450424621089833  0.18485116632823229  0.19483486753204876
  0.20517447488204993  0.21586760139415276  0.22718641679320314  0.23818279969965836
  0.24931541794076817  0.26003059933590289  0.27043154414114523  0.28078996710455617
  0.29106584661708634  0.30204932890717617  0.31302865077389819  0.32459320951456311
  0.33570051424293795  0.34637904746812948  0.35699535105436275  0.36715076643105010
  0.37786108206316055  0.38816465912553016  0.39850687582187688  0.40882706205588226
  0.41967566094738606  0.43081940451767670  0.44170156223395396  0.45261059210801602
  0.46352546747762907  0.47472874527765729  0.48548543777287601  0.49611231253895671
  0.50673147673513796  0.51748343310063594  0.52812310853132083  0.53876691409683009
  0.54919802759124958  0.55986775988039317  0.57066143050781371  0.58165320065558856
  0.59229164395584644  0.60277538587901502  0.61336125693655130  0.62384991205936990
  0.63406041686083092  0.64379736940492194  0.65424885369734853  0.66495707472322096
  0.67599909117243229  0.68670106940334419  0.69763836113181121  0.70818987750665496
  0.71850636233975207  0.72841726525270623  0.73805145671197159  0.74769283339811055
  0.75765520718569090  0.76815828371923689  0.77896378852158299  0.78938010918818424
  0.79951980854896010  0.80964230266360615  0.82017787900098327  0.83069189303584234
  0.84115147124031975  0.85160645401550994  0.86213862223250270  0.87248814223892146
  0.88280517287209348  0.89326842131512174  0.90390757227887519  0.91396712713000572
  0.92443434570078664  0.93521283630477803  0.94637073654097859  0.95756046344228740
  0.96827014268988609  0.97905490250084093  0.98931769738947439  1.00000000000000000
   4.2051801302412980E-012  -1.0000000000000000     
 T T T T T F T T T T F T T T T T T T T T T F T T T T F T T T T T T T T T T F T T T T F T T T T T F F F F F F F F F F F F F F F F F F F F F F F F F F F F F F F F F F F F F F F F F F F F F F F F
  <DiscreteSampler_grid>
  grouped_processes
  1 # 1 for a reference and 2 for a running grid.
  10 # Attribute 'min_bin_probing_points' of the grid.
  1 # Attribute 'grid_mode' of the grid. 1=='default',2=='initialization'
  0.0000000000000000 # Attribute 'small_contrib_threshold' of the grid.
  0.5000000000000000 # Attribute 'damping_power' of the grid.
 # binID   n_entries weight   weight_sqr   abs_weight
    10   10   4.003142399089089E+004   5.457290831184507E+009   4.003142399089089E+004
    16   10   2.411386993643766E+004   2.651875866908894E+009   2.411386993643766E+004
    22   10   2.411386993643766E+004   2.651875866908894E+009   2.411386993643766E+004
    28   10   4.003142399089087E+004   5.457290831184504E+009   4.003142399089087E+004
    34   10   4.003142399089087E+004   5.457290831184504E+009   4.003142399089087E+004
    40   10   2.411386993643766E+004   2.651875866908895E+009   2.411386993643766E+004
    46   10   4.003142399089087E+004   5.457290831184504E+009   4.003142399089087E+004
    52   10   2.411386993643766E+004   2.651875866908894E+009   2.411386993643766E+004
  </DiscreteSampler_grid>
