 -0.00313103809075449  0.01453126683174889  0.02886445552866670  0.04311694510107833
  0.05615721703860045  0.06876475339054977  0.08123050744502490  0.09365315707801584
  0.10637143836510222  0.11901397699714444  0.13052852623777753  0.14134821517407614
  0.15195686511026241  0.16198467834618485  0.17188415689010100  0.18163604140004511
  0.19154381155838254  0.20142836136950815  0.21167109297632752  0.22199829157364662
  0.23229149495561463  0.24215096965409635  0.25181727314043506  0.26159571746640858
  0.27148141477634069  0.28170762614457578  0.29231904479551585  0.30283734417530950
  0.31331384818527391  0.32337937258531962  0.33332362046722819  0.34305182052513106
  0.35259747853760653  0.36230226051435344  0.37228858864191389  0.38249477055856923
  0.39262582791149203  0.40231006493813143  0.41181002450772936  0.42109791859165846
  0.43049612381696689  0.44022286011495493  0.45004127537525351  0.46012147820717514
  0.47024465754882960  0.48025578572916505  0.49037997603434413  0.50020056517429878
  0.50938810033080228  0.51837337208282108  0.52709769512426075  0.53583950138878100
  0.54443083075477350  0.55282984949986091  0.56149659266354113  0.57044288413574107
  0.57933925472271586  0.58810388291830118  0.59660515011713278  0.60514793080297780
  0.61403961172477683  0.62339195555314086  0.63323270691754940  0.64335690742887242
  0.65363931959687582  0.66379172450563695  0.67352700456201509  0.68327469495397752
  0.69334053988198885  0.70398087493358141  0.71464506788102256  0.72541017300402177
  0.73605682954331897  0.74615751977041311  0.75589537635483650  0.76560109317762637
  0.77592698142645844  0.78651405625823845  0.79675979396918473  0.80704491050140603
  0.81723392242294335  0.82740774664356098  0.83773289588208000  0.84878560748392107
  0.86007233194060817  0.87149196406008844  0.88293045942178383  0.89461301276086680
  0.90661540646934702  0.91879274297606317  0.93142995690637653  0.94453388739575761
  0.95865872878672409  0.97272623727493501  0.98669307821699626  1.00000000000000000
 -0.00401155471334046  0.01792969041667423  0.03343720762334798  0.04719660500383067
  0.05973550789176944  0.07124019660371207  0.08195147104000176  0.09281406342229445
  0.10348737757533932  0.11378305285533001  0.12410624273022849  0.13466128361271437
  0.14515027390093269  0.15532771047668692  0.16565730087660777  0.17606475555566073
  0.18607721454283072  0.19563830523928480  0.20513351140142816  0.21488809847008561
  0.22478456437822233  0.23463268649282235  0.24491573733628014  0.25556552262514043
  0.26633212105622539  0.27630182501331829  0.28608790631356407  0.29601063360841723
  0.30592227351802698  0.31561835764984952  0.32541891021711356  0.33550833911351413
  0.34590716215720019  0.35627023213059017  0.36675966053756431  0.37727383345324572
  0.38819739964310629  0.39925614875784760  0.41013433905381003  0.42081552437528230
  0.43136291552252060  0.44201315382141504  0.45298944896716625  0.46400523699976076
  0.47474602724356851  0.48517695415617662  0.49562308949843120  0.50625662269542060
  0.51724041107454644  0.52806285362303651  0.53874482855122607  0.54829216162347116
  0.55771328878896875  0.56695668707981894  0.57671676750289202  0.58648497552931622
  0.59645193318116374  0.60643650861280729  0.61734420608143104  0.62811855938104977
  0.63871463805279527  0.64893694516205358  0.65912209951205269  0.66979277712599716
  0.68020936210530125  0.69089213154438711  0.70182417605824110  0.71299368122552031
  0.72438522369575675  0.73478930073848236  0.74457169888886687  0.75486090020842389
  0.76531950981936048  0.77625403361179557  0.78690765286113562  0.79769439367388562
  0.80793036970371968  0.81768844179445610  0.82755526474813690  0.83772788296614753
  0.84757450273893187  0.85755477096450428  0.86762067753762551  0.87748509335946356
  0.88766169392094052  0.89761172443508586  0.90786236541938559  0.91801904429093928
  0.92839602143749467  0.93875018270824562  0.94909954822179576  0.95889353980685799
  0.96896002626277211  0.97877059545532819  0.98924711033123147  1.00000000000000000
 -0.00000004909787922  0.00000129543525719  0.00000205679796327  0.00000312842596242
  0.00000448261619976  0.00000606451974431  0.00000789225266160  0.00001003086385455
  0.00001251662780373  0.00001538022751173  0.00001852727497487  0.00002202863813082
  0.00002588455810134  0.00003014293067013  0.00003474071418450  0.00003967984877004
  0.00004507954067732  0.00005099210232619  0.00005715406796916  0.00006370884633828
  0.00007061707574852  0.00007797348213770  0.00008562232362617  0.00009339945929441
  0.00010160025924382  0.00011022808508409  0.00011922101028450  0.00012880534234316
  0.00013857685242297  0.00014861886924089  0.00015956940214731  0.00017042449345250
  0.00018204825428594  0.00019392900417750  0.00020608827629670  0.00021945728205082
  0.00023404259080108  0.00024778201299686  0.00026299664663214  0.00027870196643312
  0.00029521087464339  0.00031218924766908  0.00033042406156368  0.00034891699327170
  0.00036753143738844  0.00038693710273289  0.00040696219374289  0.00042766529908447
  0.00044893384728451  0.00047232114249158  0.00049539513065896  0.00051891013854072
  0.00054188079121913  0.00056660934371778  0.00059104388011829  0.00061580532508625
  0.00064080151762204  0.00067161473584411  0.00070732633406511  0.00074182632702447
  0.00077656154407101  0.00081381548256784  0.00085528440265290  0.00089551531706728
  0.00093566609432669  0.00097875132862101  0.00102721488604830  0.00107629877763012
  0.00112549824388611  0.00117286093299201  0.00122153494594451  0.00127098986149680
  0.00131982572031377  0.00136944270282196  0.00141843677942608  0.00147497392375022
  0.00153349071617209  0.00159322349899444  0.00167176642434752  0.00177097304987786
  0.00188325462689496  0.00199289810930022  0.00211251125179175  0.00223143368334054
  0.00234530367136701  0.00244694661730153  0.00255113961288745  0.00268337651529170
  0.00284961077065028  0.00304845657397225  0.00330909607575488  0.00362873000340277
  0.00402556743374067  0.00464311021181499  0.13570174932104978  1.00000000000000000
 -0.00231007058818660  0.00996344404761907  0.02027179491581154  0.03103433602620061
  0.04158055307305077  0.05178011457631466  0.06178216381341584  0.07203479990302893
  0.08259449445340343  0.09325045342936349  0.10369915233779567  0.11419058504128006
  0.12494862744418812  0.13592308364759020  0.14730389933198609  0.15865908161773293
  0.16978638490308184  0.18039213653246872  0.19089103951031050  0.20081446915902776
  0.21077071539240574  0.22083918984399162  0.23160756454701276  0.24308770087795109
  0.25465177937787131  0.26579078649602011  0.27652207224605035  0.28752694517160349
  0.29912230396496947  0.31046358776641353  0.32127885399660555  0.33193691590137309
  0.34289423116254186  0.35403176569386086  0.36458177869811803  0.37492901408140378
  0.38576890857636897  0.39727507716960153  0.40880804432787582  0.42045870144016606
  0.43192759404238396  0.44304481735916218  0.45291741597529556  0.46262343093763714
  0.47198320558970247  0.48159443834978366  0.49081763423655539  0.50016273638239983
  0.50916544815290499  0.51849171621722412  0.52819693283374336  0.53792990822031361
  0.54786117420972946  0.55835372014955575  0.56911913719016038  0.58014069474215380
  0.59090626464755203  0.60164313450697315  0.61241288780250425  0.62287681361629332
  0.63317178383164308  0.64330256243358552  0.65372549975319250  0.66423611828114015
  0.67494166870833205  0.68520866031622552  0.69530354706131747  0.70479932778621268
  0.71522644372472133  0.72583149338087449  0.73715492342101441  0.74845029318184486
  0.75951582383824312  0.77006051145259213  0.78053789333038781  0.79075956130903224
  0.80081527831799926  0.81054709908640443  0.82020284255826903  0.83002136751116995
  0.83989418879605260  0.84977775806697819  0.85971968864025394  0.86946573255763504
  0.87976978619190493  0.89036218790428523  0.90097394992210156  0.91151914548968571
  0.92232998752809636  0.93339342482159648  0.94410244015147016  0.95468722316740195
  0.96571654296274023  0.97714141121318865  0.98861815795448460  1.00000000000000000
 -0.00257347683987474  0.00938454849460834  0.02025787811453679  0.03124818289881926
  0.04253470013738441  0.05339001004187380  0.06425892755283558  0.07475566020906664
  0.08476361318636316  0.09467176243267741  0.10475786172707328  0.11544514966965605
  0.12614075361067328  0.13758643488492034  0.14883155242277399  0.15975513393596871
  0.17050010013962472  0.18075580838533811  0.19129207097385109  0.20139002941953460
  0.21167807464189906  0.22186397252994020  0.23234371624207950  0.24311571802179485
  0.25382413310340068  0.26423590770074862  0.27432440795527480  0.28394694130371112
  0.29357174843540901  0.30306315348898688  0.31265637942626151  0.32247860499016251
  0.33239225749945506  0.34266380494733095  0.35356148668592124  0.36501843499832581
  0.37669248531237626  0.38804263965083813  0.39900440008304916  0.40970535642247147
  0.42040165184815786  0.43132235300913113  0.44280150322176254  0.45395853563449884
  0.46487643251635297  0.47542310043673286  0.48598016809635713  0.49644766627478532
  0.50683126054090699  0.51708948145973810  0.52735141443786904  0.53782622211184561
  0.54835964219999500  0.55849849409587149  0.56829693235136147  0.57853852959744012
  0.58907162144804792  0.59995592812048426  0.61065093159302253  0.62162481821654325
  0.63271532656801688  0.64343097816295325  0.65386837344133630  0.66384599210607631
  0.67379222566464547  0.68418964100309576  0.69490041003538872  0.70552199621940304
  0.71577937138660741  0.72625126104007232  0.73709322763410712  0.74773146900085219
  0.75858378678184024  0.76951713081747042  0.78013145294613051  0.79045970208399108
  0.80015692627273838  0.81081112606963823  0.82164842467920807  0.83259047450257540
  0.84336467746043153  0.85348044008348589  0.86330238225916811  0.87349720036045886
  0.88439315900669357  0.89571528904636621  0.90653386509555101  0.91739420911222103
  0.92817721554846722  0.93882871783912658  0.94881733428689985  0.95862718078246323
  0.96884280009472723  0.97894282980178537  0.98958322004052501  1.00000000000000000
 -0.00236785185259802  0.00992161985274565  0.02018687500548792  0.03137832984134495
  0.04319891016742543  0.05454943766310184  0.06514338608339738  0.07562341969002909
  0.08614636138887231  0.09679226114538989  0.10750833438650576  0.11792844340905854
  0.12822982324133772  0.13786423088193120  0.14746423076678117  0.15692977699374000
  0.16684921022679092  0.17835863303066637  0.18963043715354988  0.20161699232682562
  0.21252600914211672  0.22415535574516393  0.23536419471843845  0.24661074095090968
  0.25712548348798148  0.26762179112610252  0.27806106720979684  0.28873049894961111
  0.29998951813778080  0.31196024961214874  0.32414299995038831  0.33598931375819385
  0.34769898005595612  0.35946917523043592  0.37113749977112570  0.38268633445187239
  0.39439821709247130  0.40628505888457167  0.41794601480787669  0.42930343662203457
  0.44038519691090566  0.45083506843777338  0.46123421804048587  0.47184176303725789
  0.48270737317216539  0.49340368504573495  0.50410952897941885  0.51523420364414740
  0.52696799311921783  0.53905730835969279  0.55068597802971020  0.56184812061538925
  0.57284143862450732  0.58367361793227546  0.59419070967576304  0.60458547226952641
  0.61523287856581521  0.62550538327684890  0.63529114347057902  0.64428825417887892
  0.65302695779719322  0.66194605007403473  0.67153231250363710  0.68151275064087391
  0.69163177555249311  0.70171168421543595  0.71190107663065849  0.72174993165244150
  0.73151762165060297  0.74122961958880773  0.75098240416922468  0.76100317068124312
  0.77094983032652131  0.78104584562872337  0.79119397659548174  0.80190421499726317
  0.81257553299364382  0.82260593812246263  0.83198517728278087  0.84175961499719243
  0.85196467410481325  0.86230430002595559  0.87241197520358094  0.88231308031039890
  0.89243860087927629  0.90296124341156858  0.91337767676207648  0.92317452944288025
  0.93257243108131627  0.94233784195638215  0.95199212162025260  0.96153046686567767
  0.97057527613553174  0.97995114043253073  0.98983146516262421  1.00000000000000000
 -0.00242720372829351  0.01046941457410576  0.02053677184291499  0.03033843697249233
  0.03969042724075011  0.04913953166252835  0.05837713322770723  0.06803654328147113
  0.07773395662043246  0.08764981649996642  0.09751409735278466  0.10814208325054189
  0.11941450118500577  0.13158804333519356  0.14348969288923277  0.15581417694327629
  0.16773052788540235  0.17868125788509567  0.18912186213755983  0.19950338161086931
  0.20937222245549542  0.21869138936341681  0.22800977279563062  0.23816545086908217
  0.24890276377969561  0.26009154181658484  0.27128030737767561  0.28207422769993390
  0.29247543059971487  0.30274051445732758  0.31288541528268310  0.32282383068506509
  0.33269413078388949  0.34271182398955835  0.35300588188272869  0.36346949536460016
  0.37395011147353513  0.38419839807591027  0.39426927107838167  0.40427964833921287
  0.41440625265840986  0.42489181921999281  0.43563938616654868  0.44644284591148387
  0.45740588710359897  0.46858687097682333  0.48004281118941344  0.49126596576538817
  0.50266777073411895  0.51406675530912427  0.52540622817566185  0.53646952284946992
  0.54761828122095257  0.55854197894930757  0.56944657944402133  0.57994118837036968
  0.59053296573855352  0.60090502994607842  0.61112606514567791  0.62124640491270389
  0.63109058008750230  0.64106408122094494  0.65122192470319673  0.66163755102378330
  0.67237013471103013  0.68307603864629218  0.69426085522515324  0.70477451485569054
  0.71573818686048085  0.72631412604690149  0.73707976791113350  0.74776298310053857
  0.75857948017173626  0.76968794336724611  0.78007826191342566  0.78975816440332303
  0.79955681788088717  0.80931567838830110  0.81904215958969662  0.82904198805433393
  0.83989426279025325  0.85170715001686170  0.86300394028002925  0.87443442900263324
  0.88540362108830239  0.89577249393205760  0.90579101389760486  0.91610973326780554
  0.92700375314379890  0.93753502922877718  0.94805659064158843  0.95837060983061806
  0.96861168138765530  0.97886134214446840  0.98939714149147984  1.00000000000000000
 -0.00199533988391502  0.00852007624920113  0.01821500509765020  0.02815254227260416
  0.03833530804077967  0.04883564517827078  0.05944030575685295  0.07043068027000757
  0.08122622703243881  0.09178010445535781  0.10194865636270910  0.11222842549548950
  0.12274183808590976  0.13327306238350348  0.14372639556284414  0.15434004825546355
  0.16505808094020033  0.17525966579410554  0.18547756629692722  0.19570268699561494
  0.20635609537347666  0.21682620481041986  0.22753875724944375  0.23778394324758190
  0.24788414459251959  0.25783589669451079  0.26796945274692496  0.27809427393114483
  0.28847212758184415  0.29888046006411695  0.30963861638290058  0.32038929292345342
  0.33088427534965253  0.34111366739023330  0.35160031294357136  0.36282147549864152
  0.37438641493204577  0.38527825325167214  0.39565838332908049  0.40611111281483675
  0.41673479447849904  0.42736554450880188  0.43774019103813644  0.44798592771118945
  0.45802147544349503  0.46772761838355265  0.47735354832925969  0.48691449213639248
  0.49669307512345551  0.50653351974859440  0.51664985234967020  0.52693008651783468
  0.53713833674245670  0.54724527560474145  0.55715848446646465  0.56704477307641421
  0.57725111748272251  0.58782348486520641  0.59877803858035250  0.60910503930078808
  0.61905855837687929  0.62928613884711582  0.63971500350694155  0.65028154904575852
  0.66116411161445832  0.67269534955823940  0.68458699935405198  0.69637178065834882
  0.70779379303930923  0.71865573347344014  0.72961896697004702  0.74095048039525635
  0.75191593305349491  0.76236803203529602  0.77260823679801616  0.78284614590764523
  0.79302496697313052  0.80301812880087642  0.81335407725544473  0.82417835018685792
  0.83511662193462188  0.84597168279539636  0.85684521497933053  0.86795731733104953
  0.87909243814136417  0.89002331168745119  0.90108453494577845  0.91263368992858573
  0.92385802536365247  0.93449291925902878  0.94500436524124265  0.95566977393498986
  0.96649568709935152  0.97737695415130188  0.98852207947171711  1.00000000000000000
 -0.01348880103127762  0.10010310069539068  0.15067091210526895  0.17317751492816141
  0.18816550260767217  0.20035038294996282  0.21100498319669450  0.22092945221722957
  0.23100442218844355  0.24094649015061101  0.25056772478887895  0.25995628063589443
  0.26950717112246614  0.27824473262365085  0.28647710198494458  0.29451133038507016
  0.30280567522434149  0.31110408968845776  0.31943874166893482  0.32768015162731789
  0.33579215226915266  0.34402618989431921  0.35240095469766086  0.36086961157615577
  0.36902817154260692  0.37676728725382697  0.38437382655516567  0.39201726579297536
  0.39980334832205727  0.40767920852796724  0.41564802189670946  0.42346655040819953
  0.43108494302068745  0.43862125617145320  0.44624394961857755  0.45404201992654997
  0.46212418154684920  0.47035768055423988  0.47850830234760822  0.48650078518394535
  0.49442665754503373  0.50241182354743263  0.51040456638248244  0.51826723028846178
  0.52605146687318360  0.53374288296046590  0.54127621846907759  0.54872043411357507
  0.55628628925081380  0.56362697904719383  0.57161493737881675  0.57953474583114595
  0.58735649339449436  0.59513545821281966  0.60293970024930432  0.61067608775681481
  0.61827801761918078  0.62578788883207070  0.63330277840810123  0.64089303991698954
  0.64867474099875555  0.65687194768473534  0.66505027196923683  0.67302894480228470
  0.68091329053796457  0.68872379596921385  0.69657984484800595  0.70434993223351194
  0.71190680829850517  0.71941320139060771  0.72700854714776253  0.73482015366252040
  0.74279612672199224  0.75078420342992114  0.75879144011897715  0.76685340757372844
  0.77497735177038884  0.78330777486911762  0.79182814248442202  0.80027274982784902
  0.80896643858529682  0.81792676055573588  0.82693287732619425  0.83580883269347839
  0.84461130565737086  0.85352318774782332  0.86270202699606024  0.87188008659857585
  0.88126491071432789  0.89083872224558347  0.90137333568009315  0.91348321674397182
  0.92692949935860924  0.94256255532057009  0.96310363005254651  1.00000000000000000
 -0.01546889452074877  0.09155995936233534  0.13042484944684810  0.15387293864293486
  0.17314732401633606  0.18945778920691003  0.20359578166816408  0.21665512140263993
  0.22887573912784182  0.24012185599397434  0.25021188543862233  0.25983397232165262
  0.26910070767847960  0.27808156433962533  0.28654508345214386  0.29457075212208650
  0.30233692197577872  0.31014238807006583  0.31791167856629593  0.32558019497478735
  0.33303344101608701  0.34027892172830648  0.34728019244192004  0.35406471153165631
  0.36072422572603380  0.36729915839871768  0.37399761970516376  0.38066660715545708
  0.38716254604112560  0.39355469383061104  0.39991749557438694  0.40644452254757268
  0.41299559788408735  0.41892197903870343  0.42468699788366160  0.43040647751688604
  0.43621677423035488  0.44205408554305653  0.44774307416535841  0.45336469920974626
  0.45884436994415756  0.46416803898536502  0.46945597433850544  0.47468344054580880
  0.47995454146456729  0.48545836686171984  0.49108456774243775  0.49702705764184074
  0.50263370873497282  0.50813116224383748  0.51341185486048724  0.51876329571496060
  0.52438242587413486  0.53022597444920450  0.53609980482624775  0.54191777567160260
  0.54775527669090052  0.55363916731392226  0.55949026411203995  0.56529930703985831
  0.57106972275570778  0.57679520064758272  0.58258393551882848  0.58859335845726524
  0.59457099343421138  0.60057754687359421  0.60655476457621837  0.61251428676760011
  0.61854978521175008  0.62477322762634169  0.63135208364643458  0.63835391453347745
  0.64550701456502790  0.65266528868112250  0.65997811023705721  0.66724046469086162
  0.67488789371191760  0.68238041285510320  0.69002673039758999  0.69804629033337262
  0.70628194998218707  0.71477996927579068  0.72306164058226940  0.73179235189740155
  0.74111942851056967  0.75107423177029431  0.76164932513330563  0.77296683860525572
  0.78563106808115357  0.79946444837505870  0.81428539603159367  0.83026816373052714
  0.84871781531374990  0.87357114998145702  0.91284668394394797  1.00000000000000000
   7.8032643728804516E-017  -1.0000000000000000     
 T T T T T T T T T T T T T T T T T T T T T F T T T T F T T T T T T T T T T F T T T T F T T T T T T T T T T T T T T T T T T T T T T T T T T T T T T T T T T T T T T T T T T F T T T T F T T T T T T T T T T F T T T T F T T T T T T T T T T T T T T T T T T T T T
  <DiscreteSampler_grid>
  grouped_processes
  1 # 1 for a reference and 2 for a running grid.
  10 # Attribute 'min_bin_probing_points' of the grid.
  1 # Attribute 'grid_mode' of the grid. 1=='default',2=='initialization'
  0.0000000000000000 # Attribute 'small_contrib_threshold' of the grid.
  0.5000000000000000 # Attribute 'damping_power' of the grid.
 # binID   n_entries weight   weight_sqr   abs_weight
    10   10   1.656478603820510E-004   6.702771630376175E-008   1.656478603820510E-004
    11   10   1.656478603820512E-004   6.702771630376192E-008   1.656478603820512E-004
    16   10   1.656478603820510E-004   6.702771630376167E-008   1.656478603820510E-004
    17   10   1.656478603820512E-004   6.702771630376193E-008   1.656478603820512E-004
    22   10   1.656478590121919E-004   6.702771629515408E-008   1.656478590121919E-004
    23   10   1.656478603820512E-004   6.702771630376193E-008   1.656478603820512E-004
    28   10   1.656478590121919E-004   6.702771629515408E-008   1.656478590121919E-004
    29   10   1.656478590121921E-004   6.702771629515435E-008   1.656478590121921E-004
  </DiscreteSampler_grid>
