  0.00191745399794843  0.00194524481221578  0.00198387681233279  0.00202127957933527
  0.00205945350122946  0.00209943483805020  0.00213892270624963  0.00217827473121785
  0.00221931801209392  0.00226503724237327  0.00231256571284024  0.00236064918635939
  0.00241058273525470  0.00246128654983807  0.00251216338765754  0.00256382292778895
  0.00261784518049352  0.00267502934947149  0.00273556968417694  0.00279783859287042
  0.00286146701263213  0.00292628491193013  0.00299262199505760  0.00306105284741831
  0.00313165828910471  0.00320436601844589  0.00328055798625921  0.00336094777071655
  0.00344245970606873  0.00352430474137188  0.00360701012094346  0.00368930714709476
  0.00377894620250712  0.00387268398141144  0.00396894924478703  0.00407010908281826
  0.00417561882057433  0.00428559904712281  0.00440241546826687  0.00452098032008447
  0.00463813529972989  0.00476127710148762  0.00489214471056197  0.00503137523961150
  0.00517347667994875  0.00531621497040000  0.00546368487162006  0.00562078391509221
  0.00579123815971466  0.00597384424140777  0.00616493634536215  0.00636151553078663
  0.00656667623514237  0.00678487405501222  0.00701161500259979  0.00725044795679786
  0.00750565844476453  0.00776747770252277  0.00803210948767213  0.00831510103219957
  0.00861850451461663  0.00894551197400215  0.00929051538853452  0.00965752093841959
  0.01004891410686127  0.01046408045205964  0.01091081376403756  0.01139673153051887
  0.01191526527660557  0.01246786703427714  0.01306150967768616  0.01368256953476641
  0.01432170402122936  0.01500553391075567  0.01573783186928398  0.01655283349128186
  0.01742351329123102  0.01840852437444025  0.01944617222849374  0.02059604953073686
  0.02188422208307707  0.02333353596583723  0.02492438078902234  0.02671104748423095
  0.02880552873806919  0.03130022513543045  0.03442440135687542  0.03852581394164366
  0.04355104860035677  0.04922463596459017  0.05628054969288381  0.06622630836268620
  0.08051285704673664  0.10499365842942625  0.18396692664466871  1.00000000000000000
  0.00205156081238299  0.00368545805954566  0.00479685419618412  0.00584321175610661
  0.00680099641151730  0.00774855569195078  0.00876282361130460  0.00983731828485746
  0.01093619199332595  0.01203726186756187  0.01317695293996111  0.01437179533903386
  0.01558413520441288  0.01678813470400091  0.01803731509081522  0.01937484168303034
  0.02078606166131123  0.02225844386665975  0.02379497080995890  0.02537375073225752
  0.02697740709445080  0.02854886945926503  0.03015595265260666  0.03184669665121732
  0.03369075002043845  0.03570732770221027  0.03782168317379838  0.03996548509106027
  0.04211067031672953  0.04430324933532317  0.04663505293526130  0.04908576994384990
  0.05161526619725362  0.05424884251305982  0.05693616540285337  0.05966742355726539
  0.06246118502719866  0.06533885968576078  0.06836263923790256  0.07147178603361717
  0.07465527158080322  0.07793849660606240  0.08123118189254194  0.08470270395111626
  0.08844376193355007  0.09233276529217592  0.09624568300911207  0.10045313660776163
  0.10473530993992196  0.10915327634926661  0.11365266053821077  0.11844026514437257
  0.12342931368886473  0.12872460318184975  0.13426870790907700  0.13971675485583182
  0.14521754990867466  0.15075139971593929  0.15638224344090385  0.16228370592515470
  0.16849467828252668  0.17519843832197021  0.18244667089395281  0.18995209378444994
  0.19748964178096476  0.20520927535640229  0.21326203440637931  0.22156981207993257
  0.23019277276608513  0.23925302984709340  0.24903208968360116  0.25970730409652920
  0.27067655665538359  0.28187025441768448  0.29324978573528276  0.30474207623456434
  0.31660729592928005  0.32942385741761065  0.34373009701061796  0.35979461317343203
  0.37722886632274216  0.39508072518224135  0.41389189961859091  0.43326398859538123
  0.45307292989055353  0.47396006176610117  0.49637965154821850  0.52105419883430482
  0.54839600495053686  0.57858291349626489  0.61259569249327150  0.65251077153728110
  0.69841654449567170  0.75514212456767627  0.84370324526053619  1.00000000000000000
 -0.00270590833576158  0.00966437127589268  0.02004801642416189  0.03114935564041850
  0.04232828115979199  0.05417270911048267  0.06535901111509670  0.07633335073919606
  0.08681350614801227  0.09708945099917482  0.10742591273713881  0.11773072586843400
  0.12813148273823080  0.13853154876924992  0.14892284291459493  0.15930710414301374
  0.16955981872295645  0.17973455597557719  0.18979581989170460  0.19970437741163286
  0.20968618318418733  0.21985412780271907  0.23014485972216414  0.24043372875837574
  0.25071975795353890  0.26114152911205990  0.27156110662553984  0.28177273877064729
  0.29178141001981978  0.30172579887856671  0.31178902270889369  0.32222341965210038
  0.33241911648967126  0.34230006678102448  0.35199240085687594  0.36222185486552044
  0.37270696663853614  0.38326925610055335  0.39357486424086058  0.40432310054792392
  0.41534405012489928  0.42624318633253150  0.43709744908389681  0.44798865909438434
  0.45895945658795401  0.46982260406298615  0.48033190718292385  0.49017086637689805
  0.49982130287741960  0.50972456972501767  0.52013413687716537  0.53077954929104731
  0.54157495488379059  0.55249517403044446  0.56353517200381087  0.57454483209045282
  0.58527709575680387  0.59571570221632320  0.60628997599945400  0.61726070778344588
  0.62827632836241032  0.63944523076488013  0.65074242658581449  0.66187833100903148
  0.67234935490345349  0.68262711729224068  0.69329497275463903  0.70443452172841015
  0.71515446374655212  0.72550637129639484  0.73566053283720967  0.74600630922422706
  0.75663598490111672  0.76729628768847402  0.77785268855523892  0.78831401988745164
  0.79849335981669400  0.80914788531298520  0.81973799239084733  0.83024029434038471
  0.84073051854591052  0.85117824012798982  0.86130032545844282  0.87151104410466651
  0.88199758068555034  0.89295988169412421  0.90390226446332123  0.91500679128059881
  0.92649122760211922  0.93770441544846139  0.94847039242237441  0.95885385140101242
  0.96937473433970656  0.97974765430750888  0.99000137039690173  1.00000000000000000
 -0.00242040095736617  0.00947329942878584  0.02033021857117999  0.03100529968794300
  0.04178578407692763  0.05276146192997670  0.06369082852157422  0.07402076117798738
  0.08391196685526159  0.09370469826348492  0.10374593549863745  0.11406380029596834
  0.12479070801491275  0.13586240243540054  0.14683873568583183  0.15752993391564285
  0.16830579358755451  0.17891907603033627  0.18921293929480804  0.19926730055762867
  0.20928465427351553  0.21895569032015000  0.22842792942074486  0.23827457589909390
  0.24869990260138397  0.25916248579524970  0.26972326840396366  0.28053775757044697
  0.29134402022652250  0.30145545782657351  0.31123315466381096  0.32112104846773287
  0.33140557939468740  0.34174350062734959  0.35227274563405991  0.36296577515574663
  0.37410279668676755  0.38507542804049028  0.39594585980226277  0.40679845850754764
  0.41735414896735074  0.42757032637461290  0.43745755396485936  0.44809725367291081
  0.45898276224547085  0.47029311935805157  0.48142689002462835  0.49248178669545933
  0.50333048265614899  0.51401702920306169  0.52491603499952710  0.53580570109678272
  0.54691858483275391  0.55813174063461490  0.56948223654457730  0.58029605564126208
  0.59055035348568696  0.60082497408986657  0.61093205921420379  0.62151374165717654
  0.63200488504804997  0.64234278728514782  0.65229104882201239  0.66245631606317446
  0.67303417122266662  0.68426437042582222  0.69517275392824163  0.70560015206855287
  0.71519408454025624  0.72513264708874015  0.73525539395385819  0.74627263677191524
  0.75722072818511643  0.76805326051745249  0.77864196075845071  0.78878718572560635
  0.79891241873018115  0.80959925868071625  0.82007680826658180  0.83051815718173649
  0.84054868272510930  0.85076588302579781  0.86135376402668284  0.87247061841036333
  0.88348260567439019  0.89460856611429906  0.90525090126286223  0.91653778277923104
  0.92755213291275296  0.93864381274353270  0.94830359345386117  0.95848305303805870
  0.96836381718726539  0.97925746690479032  0.98939904812672541  1.00000000000000000
 -0.00263883349721173  0.01048083817011841  0.02100347973406935  0.03157123539440716
  0.04200692114200768  0.05248601118922588  0.06326432239564686  0.07383907573375771
  0.08440886947892397  0.09490197047688129  0.10563194772324036  0.11629313962797699
  0.12696957242372273  0.13763798589855458  0.14839771408192365  0.15888032399822946
  0.16946480600541469  0.18047333531119797  0.19170281160507305  0.20289786482787875
  0.21362678088044412  0.22394315856059802  0.23422010000786631  0.24420412086294277
  0.25456735893923504  0.26497214668593355  0.27531269327642582  0.28551448605186314
  0.29571823256589241  0.30613502363381556  0.31643447820049347  0.32690114197243708
  0.33773322904397113  0.34853484371695842  0.35866578732944870  0.36852043152528602
  0.37873032845643312  0.38925130964065324  0.39966362669622985  0.40983148203982067
  0.42010983652379830  0.43054939714874818  0.44108649399651978  0.45201378435486439
  0.46262246437193677  0.47323955623489389  0.48378716742555428  0.49440608040442696
  0.50491113582679537  0.51485480924563476  0.52466534690483968  0.53451441289198087
  0.54445346293502850  0.55450566092551623  0.56488222127456200  0.57533326305066768
  0.58623424930627310  0.59705288529280931  0.60788736506283414  0.61885711489195905
  0.62963363833016039  0.64006268269399946  0.65005496799976237  0.65993070487599814
  0.66989404682030429  0.67994004053449064  0.69021039471801171  0.70072916962246190
  0.71087835690965717  0.72088703386345243  0.73138082774989521  0.74227949829443285
  0.75340572974464459  0.76446250546400663  0.77567142662729494  0.78698917190138373
  0.79768307983965281  0.80857448043872104  0.81951922274787492  0.82977471576763373
  0.83998930512797887  0.85033136438488754  0.86116133521803329  0.87207463274940411
  0.88303974183045242  0.89382992613425782  0.90482323271061615  0.91588184204873702
  0.92726618653684301  0.93843877827502276  0.94874400432586714  0.95886921150065896
  0.96918728791792452  0.97994336308073016  0.99022092216059543  1.00000000000000000
 -0.00221690964831556  0.00839168252285388  0.01801725635473473  0.02840176466200644
  0.03878955967135944  0.04922590928720749  0.06011518054545317  0.07098616598264164
  0.08192402510224246  0.09247918562805470  0.10322916295625244  0.11388148555120170
  0.12466400674031258  0.13545977384426244  0.14638580601465481  0.15758688315096425
  0.16863189078111701  0.17946366342636683  0.19004335658600252  0.20030257082072511
  0.21045184599883104  0.22063558434974709  0.23104253315506673  0.24173373412939875
  0.25255962812492622  0.26352324023262741  0.27452720068083686  0.28556277442531658
  0.29668693449825045  0.30808882359450424  0.31950575090348665  0.33079960398229169
  0.34196007644662157  0.35303693450407236  0.36410183955671405  0.37486007391929238
  0.38545868853039611  0.39571534426493221  0.40568088862090135  0.41549932083351271
  0.42532936464229631  0.43524748522645212  0.44527924360952453  0.45540774802197009
  0.46581377133028290  0.47641185762642102  0.48708631266645741  0.49778140170645618
  0.50856313011482190  0.51949617202809795  0.53050706454662067  0.54111296853685853
  0.55075768630767941  0.56022379176975401  0.56993074360134455  0.57990977539076571
  0.59018588323000309  0.60052020680418228  0.61099520157034659  0.62141282495465888
  0.63188201890138729  0.64231784421562721  0.65248967598347729  0.66250747627443163
  0.67257962897867463  0.68254217999067501  0.69268365596357018  0.70290888140572072
  0.71374734394905270  0.72495907137551219  0.73622743876147489  0.74732743044691874
  0.75801060516786556  0.76845066238466009  0.77946743794102402  0.79065529821421787
  0.80172572810131615  0.81208140515692007  0.82226692832465231  0.83219673599314692
  0.84267426225982445  0.85316872155363488  0.86412660408033148  0.87492886632302580
  0.88583250926954715  0.89697159908420332  0.90743109829716107  0.91795299959126064
  0.92788259904934767  0.93756901539425053  0.94748492590990452  0.95776301180303247
  0.96815358772762039  0.97843556951614097  0.98870297068124080  1.00000000000000000
 -0.00216678973600165  0.00893364703545470  0.01915172663930988  0.02992793047036255
  0.04050110763827015  0.05087174515413465  0.06146865316122646  0.07204003257798933
  0.08248541286673852  0.09302623779652050  0.10356844017242436  0.11414302713311081
  0.12462953289286181  0.13529103072554471  0.14618849810184681  0.15709721817472685
  0.16804370209721220  0.17883573569735514  0.18957264010943506  0.20011640803458228
  0.21080264700447535  0.22141274484107967  0.23201670019847820  0.24275517072793407
  0.25355404946178128  0.26476987757816278  0.27569739113254421  0.28627318973122329
  0.29681950704140736  0.30742275093249211  0.31773079006592092  0.32757284091813826
  0.33749759255668499  0.34800569741906123  0.35881311339720640  0.36996294980867073
  0.38072484270814622  0.39132300622900257  0.40169339942053639  0.41212997156385406
  0.42254508691900339  0.43292510180621691  0.44314726001026777  0.45315939890821533
  0.46328451735915971  0.47332604886733987  0.48334253594847515  0.49290244153390339
  0.50243792354088612  0.51247987939188222  0.52271853834776172  0.53337668141154537
  0.54363163381375856  0.55385344407937642  0.56411637505574252  0.57454944320219592
  0.58498718118619797  0.59522372675440682  0.60535467132472487  0.61554180235881328
  0.62539638053382240  0.63531034345776372  0.64536370421854283  0.65573197138040218
  0.66624623737778066  0.67661487852096003  0.68732880756240566  0.69813088549426272
  0.70880125272351890  0.71935297106477347  0.73019971467435574  0.74172698246613600
  0.75339498506740943  0.76469317968825201  0.77545586281863665  0.78588682627478890
  0.79615677437906696  0.80644640206001206  0.81679265787629385  0.82734851335374859
  0.83775684426471808  0.84805700869664136  0.85849492351006829  0.86949487396933411
  0.88093600794266658  0.89221716256278705  0.90315770046496635  0.91392627436799101
  0.92482601921705088  0.93653092882814359  0.94718079630636887  0.95774985426084547
  0.96797886740571404  0.97870328637316251  0.98925246819351254  1.00000000000000000
 -0.00231345058517804  0.00907160200476357  0.01873112507644183  0.02911715249375009
  0.03962974613360971  0.05061507683150719  0.06116875670449141  0.07175589656786557
  0.08218739268476047  0.09255229468422758  0.10297662856442050  0.11306155648933161
  0.12290485693877010  0.13295625292280913  0.14331074645713127  0.15382911937927179
  0.16443276769281412  0.17493432152400223  0.18557860774979876  0.19615934936998483
  0.20667232970441615  0.21737698599266292  0.22764278993034967  0.23779231334744258
  0.24814710128710307  0.25881986448103356  0.26981409203024498  0.28083259384290532
  0.29158445465401200  0.30196751218494727  0.31233841380323774  0.32305860412754134
  0.33408190431031909  0.34511999281952710  0.35602191597830257  0.36693243844908874
  0.37765491405381024  0.38828397959702171  0.39874841948592932  0.40915380927118838
  0.41960270721256676  0.42995883866082013  0.44029952760010038  0.45055131201642618
  0.46097339121175757  0.47162604620883003  0.48229767430629655  0.49304983089964688
  0.50390801307199651  0.51474027834068636  0.52549647786153686  0.53625668215542344
  0.54709486624935999  0.55775369499447480  0.56824789024817368  0.57874882515264658
  0.58939275512514111  0.60021467768351944  0.61124922234699886  0.62231788346723982
  0.63268311285295897  0.64256291187078596  0.65264066448964597  0.66315819826479361
  0.67388120254382333  0.68439178914878096  0.69485210509785511  0.70513851271623529
  0.71525965992249640  0.72539380687494881  0.73582928254709201  0.74625976522864412
  0.75672147959216962  0.76708225973092170  0.77752861957658248  0.78814478500046559
  0.79886190184234107  0.80985038155563716  0.82088204381970464  0.83174722877433671
  0.84212977107855147  0.85249507765890475  0.86326271472403859  0.87435512070056354
  0.88519009213542654  0.89590412043084444  0.90667580837240247  0.91760963938606321
  0.92838858646370703  0.93898281985192300  0.94911116053771560  0.95919256097566030
  0.96946550050917735  0.97969728311810778  0.98978836057113007  1.00000000000000000
   2.0610407303658345E-012  -1.0000000000000000     
 T T T T T T T T T T T T T T T T T T T T T T T T T T T T T T T T T T T T T T T T T T T T T T T T
