 -0.00226748988512250  0.00976573241122063  0.02017335602880257  0.03160797871325512
  0.04320895861156512  0.05469953664257764  0.06590772918419673  0.07720096856667202
  0.08847934658234077  0.09967322721957995  0.11066842749752720  0.12174087170862746
  0.13292422198404433  0.14419053128646425  0.15533964924550708  0.16639440306964126
  0.17745633096272942  0.18861822685533894  0.19994438441910387  0.21116984351667378
  0.22236319402717319  0.23328087261721983  0.24413956003777074  0.25499158152766799
  0.26613576005965583  0.27736253826060947  0.28853573610954059  0.29950449385582334
  0.31040601075777724  0.32102433313961659  0.33141531135089797  0.34174639306234922
  0.35225181846554621  0.36287207992076281  0.37346825608635464  0.38408838461832590
  0.39479498462567775  0.40550292127462229  0.41616130055247130  0.42684653933854089
  0.43759477465869062  0.44830226045565136  0.45855504733509972  0.46870823773016934
  0.47917063338534893  0.49013590872779583  0.50101739722342364  0.51169466505446970
  0.52242929465329535  0.53339251595604531  0.54441177017825149  0.55524673984866857
  0.56583257577707713  0.57642027813500796  0.58698915343956792  0.59747896732653449
  0.60782038072230038  0.61804847154799725  0.62818749133494856  0.63825534902188752
  0.64841661655023819  0.65885362793985924  0.66934131818927323  0.67963117505947024
  0.68982379457495091  0.70015262483293261  0.71060131162429474  0.72103850782850676
  0.73136954488293948  0.74149424445493428  0.75156394288375949  0.76177216999365127
  0.77204108149789830  0.78235184735837393  0.79272330027347826  0.80331331136190731
  0.81406398682200165  0.82475828432037390  0.83544877650851923  0.84589413564641602
  0.85610278786252669  0.86604915473555866  0.87595941354624141  0.88582043671288468
  0.89560230356977466  0.90543656518592475  0.91554029422381955  0.92604186303030500
  0.93661885796386790  0.94688895776128157  0.95676499915996016  0.96620444946722994
  0.97534229544267714  0.98405630503009967  0.99218461812624203  1.00000000000000000
  0.02473269708980387  0.04480284055950839  0.04906087524938303  0.05252159965866991
  0.05548364732683368  0.05820331381051103  0.06074326378149625  0.06315821406768209
  0.06548388581913202  0.06778927506086624  0.06999455180925367  0.07216297828049213
  0.07432005754521111  0.07651008532006191  0.07865686740666034  0.08080019483674401
  0.08290864951172952  0.08504458102141403  0.08718405348514517  0.08933615560298383
  0.09151076524490905  0.09368950415897387  0.09583247180929892  0.09796204273169627
  0.10010995097502649  0.10227124220725585  0.10445510953934679  0.10668678678966123
  0.10900530308363067  0.11125671072326571  0.11359015453159367  0.11595716284289279
  0.11835007567527892  0.12076232710868413  0.12323317526060827  0.12575206832608773
  0.12827453299547928  0.13084357312927197  0.13348729269527904  0.13616972932780425
  0.13890512807558919  0.14175059804020781  0.14475966036470150  0.14773848010295801
  0.15077751637052064  0.15390862688917764  0.15707905160799432  0.16023954669920201
  0.16348998993081612  0.16687166150228366  0.17033174534063544  0.17388757737809477
  0.17759951733883145  0.18143611701435541  0.18535083336963543  0.18932065690565905
  0.19352456729883336  0.19775574685619884  0.20217902757963355  0.20682277422211259
  0.21161697797894016  0.21652991091660717  0.22163297146856720  0.22685471923460213
  0.23230424031836161  0.23810689435295232  0.24413950916722846  0.25038762381500757
  0.25706521775102670  0.26415122850173961  0.27170255786661635  0.27987114826289311
  0.28846619122354261  0.29767509570436007  0.30753090289120261  0.31815731470571385
  0.32963541082646886  0.34221153361070372  0.35559362519549115  0.37042113200211724
  0.38635998265424210  0.40411567704031309  0.42306645089319206  0.44417776859241070
  0.46685361204677883  0.49173061328681195  0.51869820695636271  0.54781970219470288
  0.57859191015348033  0.61108271312788454  0.64541621915459624  0.68411490916229523
  0.72798031936361252  0.78168315068914818  0.85848907480493386  1.00000000000000000
 -0.00249737082623623  0.01001546887210710  0.02011501888131204  0.03034300316604483
  0.04038290684238740  0.05065913720827888  0.06115989350341382  0.07168901005661608
  0.08217765299895685  0.09276133926259753  0.10327958246996839  0.11365795640726298
  0.12393053591430436  0.13449065559260293  0.14498403111875593  0.15550029849164609
  0.16583082100002822  0.17643641571739022  0.18720455144037965  0.19785243067036434
  0.20848662536726931  0.21928887386142515  0.23006092348133986  0.24055047981284844
  0.25091373717175192  0.26122198029739097  0.27161423519516958  0.28189608042731545
  0.29230245548017675  0.30290969127985190  0.31347518619462322  0.32410374858036689
  0.33465537846560894  0.34522324751627370  0.35562207418928021  0.36598769594828495
  0.37641747784351742  0.38685160923163620  0.39721526003632657  0.40757186072048551
  0.41777953182294103  0.42806603322844994  0.43831243964671662  0.44890836296332109
  0.45958036762717119  0.47046611230545399  0.48131267224895613  0.49218611229849946
  0.50288502560655091  0.51362821434664863  0.52437201120002497  0.53530473255527844
  0.54610236226244402  0.55679463951813357  0.56737887653438035  0.57806565686554634
  0.58854369842065102  0.59910487481211316  0.60970253922772799  0.62059947539336302
  0.63140113190633729  0.64233233726508443  0.65347768063189171  0.66477845182307294
  0.67572834012953764  0.68621535882112927  0.69623877915449373  0.70630000394382042
  0.71640655637226858  0.72658632970042969  0.73668562011249983  0.74689498322145687
  0.75725654815387078  0.76761659835127538  0.77811438347291551  0.78865105938934477
  0.79921883040409680  0.80969631308795420  0.81988705397059336  0.83021875094327136
  0.84081025187193892  0.85172267065028295  0.86273031862394955  0.87350519005016347
  0.88421953862599068  0.89469972946409926  0.90541071685664654  0.91598787900129142
  0.92706844823093837  0.93794843112655857  0.94871486184485654  0.95937994531878312
  0.96975369833363079  0.98013811866395750  0.99004680264704226  1.00000000000000000
 -0.00263205159382785  0.00993420491584003  0.02023318551927248  0.03079577812543118
  0.04150118429848220  0.05243740539512548  0.06320999552242910  0.07360208584968565
  0.08395339445117955  0.09461341344928559  0.10518853796297378  0.11545132743645956
  0.12571645959764990  0.13602942648532967  0.14639691946896555  0.15676738590366551
  0.16738940016351517  0.17824779760121945  0.18909942819100428  0.19993255513176103
  0.21076517197585787  0.22150185284144436  0.23192552444427766  0.24220945044910261
  0.25249066150225352  0.26301214837237452  0.27362841768538804  0.28412965164415088
  0.29436340192701849  0.30437141495623321  0.31461441747646524  0.32493930360434070
  0.33553941454591169  0.34616831679579757  0.35707574770912226  0.36793480190510625
  0.37861835439388813  0.38911471467321940  0.39985625673515329  0.41065675212397940
  0.42129605175774620  0.43171368611019734  0.44201066113348786  0.45230323576655113
  0.46288971408370788  0.47316808967347168  0.48350103941076839  0.49383245042156731
  0.50444084031806635  0.51528949215793651  0.52571124651158263  0.53636969635786713
  0.54695215009418008  0.55759306485382065  0.56794802274646461  0.57844237458410674
  0.58898875151233931  0.59948533423572614  0.61006982319181602  0.62062090962550642
  0.63135933843130110  0.64170458236858019  0.65193621866723539  0.66198062134568447
  0.67238779078897937  0.68294370816261285  0.69340860559460338  0.70373289117462168
  0.71384297529694163  0.72421261135478776  0.73445826702110084  0.74508007694405198
  0.75553088368447563  0.76614811642061820  0.77680250059379874  0.78772224040314609
  0.79859264434992816  0.80940179274664581  0.82035483797680875  0.83126333083855353
  0.84192414178714514  0.85245515274221306  0.86296656346934064  0.87366556550351904
  0.88436166641000113  0.89495068861369376  0.90558981280484585  0.91602941510091263
  0.92651373246054136  0.93693180328698755  0.94750003526515270  0.95837173548491206
  0.96925133177820522  0.97985499791745123  0.99002165585659119  1.00000000000000000
 -0.00240512606911221  0.00948411347645565  0.01958835938127888  0.03043204674482111
  0.04134531555908641  0.05208492210157125  0.06277496157707940  0.07343223474701499
  0.08405945127605552  0.09450663925117060  0.10477989818269719  0.11538445278958102
  0.12592397648513792  0.13667358897097592  0.14724087298680774  0.15774397721011602
  0.16827007392340146  0.17868417599903030  0.18922271360026463  0.20012085004245792
  0.21083185498650800  0.22148263979691601  0.23197857563309293  0.24279577397640958
  0.25358061430941475  0.26452245706441546  0.27534013139328245  0.28605459473279199
  0.29646903613619330  0.30672690628961774  0.31689165572671002  0.32681183711756068
  0.33704676691714419  0.34747075007946221  0.35835747876895596  0.36927120409471331
  0.38016976321559720  0.39102442144577454  0.40164536676585949  0.41233541544624014
  0.42264531711391423  0.43281143376157505  0.44311067483840910  0.45341699767459098
  0.46359539911537634  0.47373592552737054  0.48402981438934845  0.49437855725726609
  0.50465582809254161  0.51473659895392176  0.52488769718694350  0.53519187062055196
  0.54561662162507785  0.55628728795528759  0.56663828117730231  0.57699511468819609
  0.58738046750334993  0.59803186296698296  0.60842874325604557  0.61867275268088551
  0.62879786477399813  0.63897602755508398  0.64921664777044330  0.65970629409833526
  0.67054877014084602  0.68133330289798355  0.69191243881425279  0.70253606779437039
  0.71329978180522557  0.72411489053399447  0.73478899721178526  0.74535432291214887
  0.75600160847589892  0.76681923604043878  0.77762601291742406  0.78834713383907973
  0.79868081917868960  0.80901245113802600  0.81908914601659200  0.82934462275460241
  0.83977849529249959  0.85053996044360836  0.86148276538654733  0.87239403543872018
  0.88347182140208946  0.89445538476993525  0.90523384387971517  0.91581554499815498
  0.92622816203875624  0.93682774930300539  0.94727636901004764  0.95763264997906805
  0.96788539021116515  0.97840176243265897  0.98916836573608802  1.00000000000000000
 -0.00240639258882571  0.01009886875877257  0.02050999042613034  0.03110852064708943
  0.04140132565287695  0.05154352835998970  0.06184323660447264  0.07247027445437274
  0.08318407457401940  0.09389638975947226  0.10443236237384268  0.11501719534277664
  0.12552019718940646  0.13628111079214694  0.14710795175908628  0.15781413631408622
  0.16818021626488533  0.17865407788128332  0.18927118676173699  0.20019944636195236
  0.21065545506299618  0.22083073483964111  0.23092826780315423  0.24114908874898153
  0.25160060992116190  0.26185089334209377  0.27218822670535814  0.28282592500662163
  0.29351228761280451  0.30421402662525238  0.31460368424774149  0.32523610961579091
  0.33590377633139873  0.34660428054126824  0.35743759242995621  0.36832358249927927
  0.37932091196595713  0.39012274865453550  0.40074489165207799  0.41144114652779973
  0.42242127977157973  0.43340917949799024  0.44417544516247676  0.45490082005975246
  0.46571441256808938  0.47655358822252447  0.48694232716047858  0.49717572686661882
  0.50750681184831892  0.51783301861120457  0.52837917185918770  0.53887464108007332
  0.54942392211890745  0.55998272424952589  0.57062567826789046  0.58133238786203911
  0.59187081917456319  0.60232310014997881  0.61271878869357954  0.62325540440286686
  0.63399024077483279  0.64485600885605776  0.65571836292605590  0.66637241487411747
  0.67727150913582734  0.68786440635180912  0.69842865897448692  0.70891282790836940
  0.71957762509016243  0.73007946085006004  0.74037394316734206  0.75075578574512658
  0.76117497346432850  0.77170986123636809  0.78210602434598475  0.79234007168990117
  0.80261231804930477  0.81307189554775849  0.82400258379379931  0.83478876262662749
  0.84545635427237165  0.85584371156292083  0.86625903291713402  0.87669771543645747
  0.88715934586446088  0.89747820349840846  0.90798323002564318  0.91847992762531128
  0.92893668501483040  0.93915388501914820  0.94926299062671793  0.95937347642722015
  0.96936735784105266  0.97934447563594806  0.98959777364147594  1.00000000000000000
 -0.00249321755023123  0.00995246873776770  0.02055040899757084  0.03120120195982618
  0.04186565409347414  0.05220511326034624  0.06291281807003046  0.07371356236333602
  0.08427395054878661  0.09472365753226146  0.10510609729429243  0.11559451078412927
  0.12611512713642373  0.13647226321364123  0.14697200444469519  0.15739366175324632
  0.16795857290422173  0.17828048345578162  0.18863815435587758  0.19882319343449140
  0.20922773697378191  0.21996347915805872  0.23066529250500065  0.24152783295716854
  0.25222339352733980  0.26305391664382222  0.27372530346993990  0.28424651200550960
  0.29490129626053446  0.30554446765134380  0.31638006432684274  0.32708956620810337
  0.33746486384243057  0.34762772387756319  0.35787718977833688  0.36853004432390618
  0.37938404699944639  0.39017648921423964  0.40090164701434416  0.41148755261590297
  0.42196097425653789  0.43247776679346861  0.44268170238568361  0.45281140417425669
  0.46265376947062420  0.47273150425889687  0.48303544168902673  0.49358332075071359
  0.50397554752114404  0.51442663480361017  0.52521855401898598  0.53602341783255358
  0.54650050073882828  0.55667478030716511  0.56729522875097682  0.57828286559253328
  0.58928587544605615  0.60010735125512638  0.61069500899166884  0.62117020626002950
  0.63153517507666879  0.64213962475082587  0.65260743160211887  0.66317926355788093
  0.67365870022308105  0.68436210451775814  0.69490940633829290  0.70552720824046011
  0.71597457886753468  0.72648463677982811  0.73700216770020632  0.74747183038719256
  0.75804938695767154  0.76832776742863274  0.77894508442143406  0.78943851014155397
  0.80010591684527355  0.81085631438398875  0.82167574631352791  0.83236052311936082
  0.84268037918574246  0.85302493781689659  0.86348218461550774  0.87399824700528861
  0.88445683100314310  0.89493479121020691  0.90544733875650729  0.91598414771568837
  0.92627793657577828  0.93653770357054600  0.94691434940528663  0.95761567447527574
  0.96838244495743142  0.97908810891947862  0.98952284836175231  1.00000000000000000
 -0.00261620672822967  0.00993546119125427  0.02037165262967792  0.03109442503320868
  0.04173916790369246  0.05222596781589738  0.06268514137512317  0.07340432480086696
  0.08414946923711196  0.09504526761072862  0.10597268028823312  0.11682414460255774
  0.12763261050122338  0.13783987051666693  0.14808881753124539  0.15801506529313084
  0.16828270273709178  0.17840357356899902  0.18863926957087210  0.19879050616884783
  0.20913829469978154  0.21977080286119779  0.23048615482630402  0.24128793991189176
  0.25176227284132441  0.26227210295738662  0.27292991178880438  0.28382630337857312
  0.29472597099999265  0.30532419035976877  0.31601887400025108  0.32682787108886135
  0.33758624193948311  0.34812899831551158  0.35868541228816136  0.36932662241787262
  0.37988070869518775  0.39017465940328117  0.40059798120731022  0.41132985602831906
  0.42211049134284440  0.43303339301562815  0.44349809885958835  0.45380348636433770
  0.46392249555880749  0.47395698047267770  0.48416047474392249  0.49417557178607924
  0.50459075121021624  0.51504474317924998  0.52557468618620395  0.53593994516479049
  0.54651496591307969  0.55709764093663883  0.56763177595596037  0.57826952278063637
  0.58905602131385060  0.59997549027796160  0.61034311525311202  0.62045930182063469
  0.63047697027025584  0.64070633218277517  0.65127516043132727  0.66161188969654228
  0.67192141919207504  0.68195165300104510  0.69196201691421577  0.70196164555392837
  0.71204891127638170  0.72229981574944224  0.73264496092839015  0.74323980491254782
  0.75402828431365820  0.76504198257246747  0.77595336748267130  0.78680503991286521
  0.79750904773485864  0.80833627732421665  0.81906740808716738  0.82996224511081262
  0.84058840503921450  0.85128244236573203  0.86186469078314487  0.87248125177225366
  0.88293477061797832  0.89343884706827981  0.90392147614574370  0.91470281145517962
  0.92535578572973376  0.93612941952876016  0.94660933926868640  0.95739645285160002
  0.96808949304873027  0.97885988631307064  0.98939781410481409  1.00000000000000000
   1.3574812186165272E-011  -1.0000000000000000     
 T T T T T T T T T T T T T T T T T T T T T T T T T T T T T T T T T T T T T T T T T T T T T T T T F F F F F F F F F F F F F F F F F F F F F F F F F F F F F F F F F F F F F F F F F F F F F F F F
  <DiscreteSampler_grid>
  grouped_processes
  1 # 1 for a reference and 2 for a running grid.
  10 # Attribute 'min_bin_probing_points' of the grid.
  1 # Attribute 'grid_mode' of the grid. 1=='default',2=='initialization'
  0.0000000000000000 # Attribute 'small_contrib_threshold' of the grid.
  0.5000000000000000 # Attribute 'damping_power' of the grid.
 # binID   n_entries weight   weight_sqr   abs_weight
    10   10   1.972173464546741E+006   1.334571090321228E+013   1.972173464546741E+006
    16   10   1.868893260291577E+006   1.326711147096547E+013   1.868893260291577E+006
    22   10   1.868893260291577E+006   1.326711147096547E+013   1.868893260291577E+006
    28   10   1.972173464546741E+006   1.334571090321228E+013   1.972173464546741E+006
    34   10   1.972173464546741E+006   1.334571090321228E+013   1.972173464546741E+006
    40   10   1.868893260291578E+006   1.326711147096547E+013   1.868893260291578E+006
    46   10   1.972173464546741E+006   1.334571090321227E+013   1.972173464546741E+006
    52   10   1.868893260291577E+006   1.326711147096547E+013   1.868893260291577E+006
  </DiscreteSampler_grid>
