  0.00191560391170870  0.00195261911407791  0.00199507893816187  0.00203399772179424
  0.00207412013031270  0.00211720397548129  0.00216177999712262  0.00220696059249273
  0.00225301718334792  0.00230045387015557  0.00235023427152859  0.00240312704029968
  0.00245796200403854  0.00251481686896469  0.00257143287755121  0.00262897366037917
  0.00268810104689367  0.00274981038954592  0.00281341876326526  0.00287792538313530
  0.00294189335433055  0.00300755076849666  0.00307523844215757  0.00314682297871578
  0.00322305312352407  0.00330049249011521  0.00337920895085368  0.00346067277196611
  0.00354615425188031  0.00363359739851707  0.00372686017585762  0.00381969380647472
  0.00391618793594469  0.00401751856725427  0.00412516861723380  0.00423430504771553
  0.00434648415098841  0.00446063322597837  0.00457683847525310  0.00469712923961989
  0.00482322692259916  0.00495450690648275  0.00509040787535897  0.00523154054847566
  0.00537972149093958  0.00553697049724422  0.00570017478412036  0.00586698825840863
  0.00604165330842396  0.00622097665040106  0.00640647180580995  0.00659939898669785
  0.00680780663185928  0.00702626803976952  0.00725798999505406  0.00749577331609426
  0.00773821598282779  0.00798908413986688  0.00825633749917101  0.00853754627919577
  0.00882968245903442  0.00914071084014072  0.00946767744532042  0.00981711379529044
  0.01019485287450786  0.01059975764554211  0.01103157949122353  0.01148632341676350
  0.01196383249461523  0.01247115389414573  0.01302226448824896  0.01363799927697973
  0.01429788111637998  0.01499926615785390  0.01575578343612113  0.01658454043357821
  0.01748284673260562  0.01845917351709628  0.01951362022252580  0.02067932746473499
  0.02197150467940051  0.02347430087771055  0.02521452376762369  0.02719196391929473
  0.02941015798094832  0.03199557488280723  0.03518266073440306  0.03926543716655267
  0.04408802786226219  0.04966724070061306  0.05680777176847204  0.06721207164035650
  0.08221594946907856  0.10751320529997799  0.18165419882645834  1.00000000000000000
  0.00484515631953952  0.00570068740134436  0.00642986072579752  0.00714912257238752
  0.00786671050795195  0.00860193220481235  0.00937184656099834  0.01020846353836460
  0.01109991998702231  0.01201478216751469  0.01294623261411878  0.01391073250012017
  0.01492957845660835  0.01596830518536771  0.01705325597044828  0.01818700072839956
  0.01937465884039667  0.02061031181141507  0.02189669401975051  0.02322418626521259
  0.02457235053222120  0.02595098433680039  0.02741171692780206  0.02894240894053830
  0.03046977400627827  0.03201832545788932  0.03361284408886010  0.03528097485688233
  0.03705906511446989  0.03884071191013873  0.04065641330981876  0.04252077247223496
  0.04458823614618924  0.04683764581687875  0.04919762619289567  0.05165347508724806
  0.05418468603939438  0.05679705147174116  0.05938662591020145  0.06203020238990498
  0.06476780748850799  0.06770535074766205  0.07073981814210069  0.07392142466140822
  0.07721758365003122  0.08067549860410633  0.08413293052814484  0.08773398795340906
  0.09150417369285820  0.09551115464395937  0.09950848855943545  0.10353470401135111
  0.10764647654432710  0.11197909361267598  0.11637472745905358  0.12101767353595980
  0.12588981402355715  0.13100917757203021  0.13641606884133051  0.14206869543639475
  0.14791376388040200  0.15385400914922240  0.15988322672138441  0.16621231749596688
  0.17294899115363832  0.18024123571266934  0.18798942970874749  0.19615938720531914
  0.20472361250607310  0.21355919588538533  0.22255874713451826  0.23196701924101998
  0.24185756375637590  0.25236289049303190  0.26333502586766344  0.27484727366643458
  0.28704753208032141  0.29964817283672007  0.31343673594925064  0.32793670328210700
  0.34324805429158339  0.36003212979015198  0.37809084543406746  0.39740829599049543
  0.41790112193431933  0.44028656887442807  0.46530563831532729  0.49339860997038315
  0.52470042998467203  0.55889983913008701  0.59596331361713828  0.63759393903965567
  0.68657750427037634  0.74874268923639242  0.84485015115016782  1.00000000000000000
 -0.00235055848057497  0.00945139409377669  0.01923496578303025  0.02946194147197844
  0.03932422570824110  0.04986170522783373  0.06068354558384326  0.07150799713463564
  0.08234480722425438  0.09335814811979003  0.10438626974519813  0.11505879780606164
  0.12528328795687019  0.13587543897340654  0.14627608995058081  0.15668688201364037
  0.16719699035162819  0.17760564451493036  0.18766831754042892  0.19773957325279501
  0.20790801621385926  0.21861976872185826  0.22940179088624332  0.24034254045721062
  0.25156708159623148  0.26257956636324425  0.27341260771156062  0.28396385464991475
  0.29476538668113422  0.30565214421933734  0.31615870611879887  0.32615896834640007
  0.33597134923629046  0.34608234903590390  0.35654057237255438  0.36683204600757746
  0.37693933063614665  0.38709030321475540  0.39708375292639408  0.40704633472805768
  0.41701607764054294  0.42732291685750001  0.43756176133834979  0.44797443770582757
  0.45852515172116187  0.46924810098704622  0.48039030352170325  0.49118888365532781
  0.50203904255151810  0.51255390127457545  0.52310620982854705  0.53375792865391603
  0.54460545969882967  0.55577495263497811  0.56687868250162199  0.57770267842089973
  0.58815992438154863  0.59855486682252346  0.60860368330949211  0.61901258522210412
  0.62967195382218566  0.64055923180254570  0.65134793008687697  0.66209286969326819
  0.67297829568475531  0.68366576083499375  0.69379851211434396  0.70369154482014806
  0.71370491148049997  0.72384907824703904  0.73432941649462768  0.74450030379093046
  0.75465566591153044  0.76494643651261152  0.77522211847822864  0.78576810918236895
  0.79645689428560851  0.80713518340318313  0.81743101755954239  0.82759238592203843
  0.83834971332397867  0.84956957273636713  0.86061696290718970  0.87147944994671267
  0.88267342113962521  0.89461979419083637  0.90603080873337738  0.91654231642248796
  0.92671180928111496  0.93663662541334047  0.94697840770371200  0.95741038347266316
  0.96807104348787054  0.97852613689998602  0.98912017979763045  1.00000000000000000
 -0.00258948722587869  0.00982768457997800  0.02022351287569895  0.03080470128460715
  0.04086180260380272  0.05118251570824994  0.06142642568604505  0.07171374497160105
  0.08202312548643192  0.09245274388715310  0.10329522108055526  0.11432221605924002
  0.12554385920700392  0.13656833578374228  0.14734586108564199  0.15782715002720110
  0.16823314357469782  0.17874238582448729  0.18944013231977513  0.20005391151725249
  0.21037594121399281  0.22058663663607164  0.23093743014259641  0.24135982019193786
  0.25179630498742189  0.26251498936729850  0.27330756042492832  0.28425776442695033
  0.29502600873157925  0.30603495860296626  0.31701180810820334  0.32820129794350300
  0.33916352990720411  0.35007522577058353  0.36087002305151161  0.37156924241540090
  0.38205867926129045  0.39211598645010964  0.40218492714229870  0.41258330179387898
  0.42349527038570606  0.43471898710956558  0.44556006375319712  0.45605476301442782
  0.46659959620188274  0.47740012464510745  0.48839764908399941  0.49927257671172171
  0.51002662265973220  0.52083513973837825  0.53156688643213612  0.54191896078095314
  0.55192879488001034  0.56210256805101799  0.57300272839759125  0.58399192436002223
  0.59449128694651587  0.60485336387962663  0.61523320337662935  0.62544424134856536
  0.63528264775392906  0.64508616704668975  0.65521266487384477  0.66520847818421536
  0.67504084965937550  0.68475124371397578  0.69479795062518757  0.70550734028973461
  0.71664322126717961  0.72762205774612509  0.73833394907327998  0.74894956112625954
  0.75958469834270792  0.77027974246460340  0.78091967163464671  0.79149891013419349
  0.80186438465498766  0.81207064618710356  0.82250351292064738  0.83279716528987302
  0.84305990242614492  0.85330345629979232  0.86358934950458044  0.87396236678505634
  0.88428587822917259  0.89466204827139251  0.90524093701489772  0.91586063523457151
  0.92690428248562795  0.93798966958716123  0.94872097226176100  0.95935374256531003
  0.96952484683444584  0.97948590418416914  0.98963411470388873  1.00000000000000000
 -0.00246674034866753  0.01009475240291988  0.02046631337287197  0.03156054758048694
  0.04210989268305598  0.05294842428892811  0.06353170301692293  0.07472865534636210
  0.08584763245010758  0.09652577484140677  0.10671628108884468  0.11700251727880613
  0.12734433424375668  0.13774418922540879  0.14811846941315007  0.15841527258405272
  0.16887196935166168  0.17932410657025069  0.18988617166213742  0.20029040806070195
  0.21062600861349315  0.22087357526448259  0.23111644644136706  0.24123382514574856
  0.25172663950173746  0.26231233156109524  0.27305147318826861  0.28360258037232694
  0.29429396243267536  0.30515069476995105  0.31592108409195957  0.32655333200501907
  0.33698270730854341  0.34764399900258569  0.35829429240110178  0.36885838179095920
  0.37933260579133465  0.38998448180786210  0.40080614609920368  0.41123650959003044
  0.42166573524586198  0.43237159539313302  0.44334434079746643  0.45421366606014385
  0.46505694783338986  0.47583577961012002  0.48670168304949651  0.49733941090392358
  0.50768063639573113  0.51817370015479647  0.52886678046960112  0.53946315771286502
  0.55005614252073631  0.56041020916599715  0.57120202541357012  0.58160245903295982
  0.59190480380625254  0.60226166965422701  0.61238800599770793  0.62248653755795103
  0.63261231643883487  0.64267009532753472  0.65306600545534965  0.66315061878204784
  0.67348380119877460  0.68367305159369729  0.69384655856506583  0.70420132822066772
  0.71481299778215146  0.72557468709761752  0.73601974192848785  0.74640053238740833
  0.75664680428717812  0.76707343448293952  0.77729577592939114  0.78786979164803039
  0.79828393202290793  0.80900276756984135  0.81946139343787328  0.82982645153185430
  0.83989075560877069  0.85028289372847699  0.86082310223060055  0.87178122105160216
  0.88260995073535342  0.89322011558238668  0.90393951090019231  0.91450090279435681
  0.92543907137001702  0.93603554929893173  0.94667841669694508  0.95738729358343300
  0.96792681987115925  0.97865630208180243  0.98914222787017880  1.00000000000000000
 -0.00252748141186376  0.00985176431477781  0.02042278445169483  0.03143499539049803
  0.04188572419014614  0.05221229305234689  0.06263762008832072  0.07355426466355859
  0.08448691497968734  0.09508307653339251  0.10520823900759065  0.11524078970890925
  0.12536987880426834  0.13549515326035441  0.14586624992046088  0.15604655531918973
  0.16619890801523660  0.17636036635369387  0.18686692480625552  0.19727199746146185
  0.20751437099351788  0.21773472056321785  0.22795925546196211  0.23846545884989143
  0.24884677934811900  0.25941781663998220  0.27035045835807370  0.28150581893786203
  0.29247456289667201  0.30308971219770109  0.31377345285231867  0.32442019865206384
  0.33539466971195409  0.34636088669443099  0.35722662859402787  0.36800921244673279
  0.37899407555250603  0.38996380956612409  0.40061476620741365  0.41086444586183984
  0.42118576563481486  0.43133933397872543  0.44144124004380592  0.45161544188815339
  0.46204173266097703  0.47266458216794005  0.48323644066330640  0.49358512357054762
  0.50402044489274644  0.51456294382023027  0.52498928604392803  0.53527823343591141
  0.54562311205257796  0.55614412014163361  0.56666409528324446  0.57685927615385102
  0.58707446216510240  0.59723553258841933  0.60744268121637168  0.61781004226910641
  0.62840762622349955  0.63882628868953639  0.64925901765174165  0.65933004316605526
  0.66992954138608407  0.68047654000961588  0.69113212520457290  0.70150436592928822
  0.71161195425992319  0.72225052771547749  0.73292429908127854  0.74380925616521720
  0.75477388074927887  0.76559941869186998  0.77657325741800365  0.78700950330437847
  0.79727622324536906  0.80770735676334104  0.81866020302767162  0.82927363504814555
  0.83969245072643905  0.85001961190664399  0.86096071191447676  0.87202708414863350
  0.88243510288344518  0.89263321460622957  0.90263040188336552  0.91259899315016446
  0.92285133277557518  0.93339529868717486  0.94404867470191833  0.95520137121047877
  0.96617963173508603  0.97753981490192421  0.98856874851293652  1.00000000000000000
 -0.00254781340814147  0.00999214834796306  0.02020131953475514  0.03071613853760608
  0.04069578785201965  0.05123008809390712  0.06176404868916269  0.07238087301873439
  0.08327712758354303  0.09437002409251340  0.10551516028404662  0.11631240985350957
  0.12707288302897873  0.13753492539733314  0.14810535020048221  0.15879552259435792
  0.16950887907272119  0.17985844981741309  0.19009339072010192  0.20043455387008591
  0.21101031559176414  0.22086518430837440  0.23061432202548010  0.24068039051342410
  0.25138039334567502  0.26156173660431009  0.27158107151061139  0.28154091453620295
  0.29170879207450240  0.30175404888633028  0.31187591328124947  0.32232869119064800
  0.33295001014607373  0.34393592056579170  0.35509334746000976  0.36645418188321455
  0.37734124177958878  0.38747449715952015  0.39732851275641162  0.40734891781644172
  0.41769684836976217  0.42778335110000393  0.43795490500612078  0.44857252533758923
  0.45887829463528429  0.46917032362623889  0.47951177641088616  0.49043108632651233
  0.50111929750390083  0.51094566661060548  0.52062370646930989  0.53050711898172753
  0.54082090473337185  0.55151238827433890  0.56223018780907963  0.57288920311432956
  0.58333133259150682  0.59382457531090349  0.60474194410614257  0.61583588880550633
  0.62673071230025523  0.63724295476077297  0.64766137855451300  0.65822556003609989
  0.66842633867512036  0.67874606556143025  0.68906343768058453  0.69978439196610576
  0.71026100512693113  0.72053527685950836  0.73124412854373311  0.74222917791328902
  0.75348847512402883  0.76452486606681991  0.77568458234927340  0.78685718264218119
  0.79768000486828816  0.80836041762285193  0.81878796687816879  0.82935948524323644
  0.84002379445000253  0.85101865286931078  0.86176202431903737  0.87251654958306180
  0.88289254461207445  0.89317570284683134  0.90339698736613305  0.91373844844207064
  0.92442157154911353  0.93499453643681751  0.94546078614562645  0.95593434907014718
  0.96689201549483206  0.97841419603353097  0.98923048956942905  1.00000000000000000
 -0.00224576065696873  0.00836522145015519  0.01866216050735841  0.02879246105820105
  0.03906693052704127  0.04945263841135571  0.06023354692077475  0.07091992412577602
  0.08128980945793053  0.09164758989185849  0.10188468846124436  0.11174791400031696
  0.12171890038403115  0.13215114055072499  0.14328288144385096  0.15430133148653030
  0.16502143724425125  0.17563123870423855  0.18611553330010594  0.19642363131944920
  0.20665390095902619  0.21721993164276648  0.22787163945411895  0.23814613405116156
  0.24875272090533013  0.25978574515021485  0.27095224192220158  0.28154794140481848
  0.29233181345367693  0.30326953549034724  0.31385125669144692  0.32432020032479292
  0.33429860402337247  0.34456186906230674  0.35507767686828540  0.36574416802740067
  0.37658903252610326  0.38710514523145784  0.39767796213118367  0.40794555956188239
  0.41825802474624668  0.42892014391363636  0.43970237527428968  0.45034831456156582
  0.46117039808282967  0.47215768069350478  0.48341802831378156  0.49432737657728959
  0.50546152913278364  0.51643561660357373  0.52743367625057480  0.53805652378456748
  0.54865693512699776  0.55909030990772823  0.56969995020630437  0.58046262877290400
  0.59134871970151459  0.60185671699592747  0.61224014445244346  0.62251483860725298
  0.63312066168789649  0.64396124155581191  0.65493983948729206  0.66543165478424537
  0.67558545556966276  0.68544250803462436  0.69537700984447093  0.70533396548249649
  0.71567219557427553  0.72609833985791850  0.73685383818717232  0.74777780858557352
  0.75895567259019614  0.76962345918938113  0.78027352248019688  0.79078660307926929
  0.80182268755690622  0.81265867898855870  0.82327537141194751  0.83381539964069318
  0.84441483839168774  0.85489774515406347  0.86559667681286667  0.87592159682948512
  0.88618729631767845  0.89657882588813742  0.90698890059595261  0.91735799722439471
  0.92753863541488679  0.93769285399348334  0.94793545737055540  0.95809698812422472
  0.96858997267968583  0.97911461825075241  0.98963780605210450  1.00000000000000000
   2.1638680355908763E-012  -1.0000000000000000     
 T T T T T T T T T T T T T T T T T T T T T T T T T T T T T T T T T T T T T T T T T T T T T T T T
