  0.00191130358858878  0.00195063950793376  0.00199705145477521  0.00204191637998776
  0.00208777372583133  0.00213581101544744  0.00218330775868460  0.00223170474829591
  0.00228158874756655  0.00233245493798297  0.00238619034759139  0.00244190261094259
  0.00249829589887880  0.00255663586082012  0.00261775561717251  0.00267942732618333
  0.00274119307458813  0.00280638566111869  0.00287596465964282  0.00294876054123983
  0.00302699808997028  0.00310485852801840  0.00318240133458670  0.00326251025461126
  0.00334517644078802  0.00343169065196461  0.00352258156193819  0.00361606988444062
  0.00371151722686533  0.00380907572749137  0.00390986677664733  0.00401045178972770
  0.00411555855315413  0.00422270550963985  0.00433651863066279  0.00445808203546082
  0.00458689367765893  0.00472036644936981  0.00485681394015259  0.00499721721683474
  0.00514371921471368  0.00529631160876816  0.00545704136644124  0.00562915687388242
  0.00581264464118500  0.00600672610036857  0.00621061431228299  0.00642002079776255
  0.00662808735019197  0.00684046722924367  0.00706345660041361  0.00729995458298336
  0.00755052333653888  0.00779905736850827  0.00804378476310940  0.00830616720875533
  0.00859012807158862  0.00890019829994745  0.00923311266860682  0.00959171610770473
  0.00997591815995129  0.01038705789344329  0.01082543306314094  0.01128661699957687
  0.01177850299059804  0.01231342187308116  0.01288161365710471  0.01347185849891537
  0.01409208696627204  0.01474422795474483  0.01542713871639808  0.01617306742988771
  0.01699470486569513  0.01788694892714154  0.01886556875705758  0.01995491998170581
  0.02113989524910187  0.02243255886382783  0.02380686260973992  0.02534083675016292
  0.02706232049759161  0.02898361045804588  0.03116968608450335  0.03369982073618304
  0.03670393270220790  0.04011774896819542  0.04419632324496370  0.04923350260832478
  0.05529498022789527  0.06281133689608982  0.07303605382118324  0.08709391657897644
  0.10914035785392352  0.14971112996225058  0.25517551325352889  1.00000000000000000
  0.00514310154941242  0.00549549386401414  0.00603168099354712  0.00655607760607949
  0.00707956192981350  0.00767629314459223  0.00827875679451486  0.00889174919046975
  0.00951486003818925  0.01014561696165176  0.01079386090505613  0.01147222685766146
  0.01223570956515155  0.01307963739476051  0.01394603423694001  0.01480778325384014
  0.01571077097085658  0.01666145492717379  0.01764771270731302  0.01864447671703011
  0.01968384132313192  0.02074364708980897  0.02184760474637823  0.02296257292954667
  0.02414573924169667  0.02544976329002223  0.02688040891192120  0.02836204211406697
  0.02986823244180639  0.03139544158977783  0.03297595762844150  0.03459888070291098
  0.03630179066916292  0.03804072878071221  0.03989858845641280  0.04184876877559687
  0.04390865614652467  0.04603582313876078  0.04822629970762666  0.05055125419400086
  0.05308519311334187  0.05578027977371328  0.05858588094493810  0.06145808910273417
  0.06439283596967027  0.06740559876889350  0.07050710036926261  0.07368741884269629
  0.07713670905135687  0.08070394643099393  0.08455492816169974  0.08866977742584108
  0.09268708460995459  0.09663173978196091  0.10076034547586930  0.10510957856139579
  0.10970141933040399  0.11443618243430852  0.11925838268498096  0.12426627024360397
  0.12943508823791086  0.13505545921906772  0.14081821386611884  0.14714518975803159
  0.15347361197661141  0.16006708750222648  0.16712068046647499  0.17499108711407851
  0.18359667263661669  0.19245644723422409  0.20139657501871555  0.21049824035397649
  0.21994716842082096  0.22972749363945399  0.24016301904921764  0.25132265842550910
  0.26303885819264433  0.27565748178789418  0.28936393094889323  0.30388574601263679
  0.31980536642721730  0.33706847486870084  0.35546346846939264  0.37505260463030243
  0.39626137438280579  0.42003255171449361  0.44717875323217954  0.47824934771375044
  0.51232618967289389  0.54843011591582724  0.58811557382318169  0.63303660847821774
  0.68710870633596799  0.75378578526444817  0.85091331535020409  1.00000000000000000
 -0.00271451569599716  0.01014820286761551  0.02099235744588244  0.03200755638767651
  0.04310608663979484  0.05409137509457022  0.06516512239498427  0.07642380462459510
  0.08714215999984039  0.09765722687337075  0.10831723893058026  0.11946368818083417
  0.13073964887912751  0.14189067792887045  0.15298103915162026  0.16386051242993918
  0.17407802415315832  0.18405314530883760  0.19411212881577522  0.20408659844691757
  0.21378321533911829  0.22333868646559560  0.23336264448674407  0.24394193680149093
  0.25425841674846361  0.26412129299455606  0.27397721495940147  0.28424886079775424
  0.29482439533389787  0.30542214471248369  0.31590677823480012  0.32661669488390832
  0.33738135340756509  0.34841631021312769  0.35928011879024058  0.37038517950033989
  0.38146969575528350  0.39260270499521394  0.40377398382888746  0.41485188139467855
  0.42585935271947389  0.43693302590045863  0.44817231087367720  0.45945166412397820
  0.47041550273642696  0.48121795641090104  0.49138935116112181  0.50134964714630315
  0.51102483466755588  0.52126506187404775  0.53108328000239291  0.54082536993939978
  0.55052437107879437  0.56052036385055215  0.57114232943828880  0.58204654992739147
  0.59251468899504012  0.60315097275316809  0.61370537757891797  0.62489001308948511
  0.63523345219792449  0.64559738615627660  0.65593513611202015  0.66629251647472165
  0.67645793039797653  0.68665025546039549  0.69695224620220719  0.70731273998884037
  0.71757277678047104  0.72774554213458864  0.73808464127908135  0.74813315269182346
  0.75795615480829182  0.76735529664103397  0.77696949846318986  0.78694814670510360
  0.79700951540126608  0.80729452500847798  0.81769098048875843  0.82843017974199273
  0.83885371617372317  0.84913913260958485  0.85963559163211667  0.86995227261169616
  0.88010621265898981  0.89022015968670565  0.90094006179671660  0.91217608387910443
  0.92349712635868331  0.93459078005535801  0.94563894653000913  0.95678954687220619
  0.96774573064787184  0.97859256625241786  0.98930211577487170  1.00000000000000000
 -0.00261517103274041  0.01022736558195813  0.02043373089614354  0.03045554480671445
  0.04050685447231640  0.05092483939953828  0.06099383689723002  0.07096274618292833
  0.08084970490205910  0.09147880497146454  0.10287587683605119  0.11433685926358436
  0.12531637355121195  0.13515869328807939  0.14503502320023079  0.15481976389754076
  0.16491359576974343  0.17499027999749581  0.18537316387975009  0.19606454000688389
  0.20642737131630937  0.21644190053304008  0.22616569881998186  0.23609143596297019
  0.24661259601373789  0.25704081831093839  0.26732623743502587  0.27725974991551550
  0.28737360142514234  0.29738214058580703  0.30743333320591337  0.31740755704287232
  0.32764533911507976  0.33776851356057902  0.34818748464019983  0.35846860682573561
  0.36879096604127348  0.37890289917516168  0.38885915663320098  0.39825558489727481
  0.40844768802611642  0.41872604675671798  0.42978912304230493  0.44035276300059500
  0.45093198939886531  0.46202710647644946  0.47323132955627722  0.48461188675615019
  0.49588417562286174  0.50696604155354597  0.51786424059724590  0.52881237773733747
  0.53994983420665799  0.55072382380026286  0.56129657909031550  0.57175647050081257
  0.58223470723044568  0.59282008522315510  0.60362138195583270  0.61492915909625856
  0.62607102863003894  0.63699082934695017  0.64778769292342497  0.65846103409707679
  0.66906091329778306  0.67931119379024063  0.68954731002178671  0.69993142133824338
  0.71044553636020213  0.72117962639282063  0.73210998176125963  0.74342850277131289
  0.75431023191236357  0.76472160202910777  0.77515267150665057  0.78563728808110356
  0.79608311162363143  0.80606723367330724  0.81626165910985737  0.82692644567290630
  0.83786707246636138  0.84880102031858629  0.85977297257223206  0.87098821663659021
  0.88211811787584926  0.89289152740593536  0.90356883765397011  0.91440606850558404
  0.92525538943979946  0.93597089035259762  0.94633217142703729  0.95696651778950126
  0.96729492976362941  0.97779401341407346  0.98836858020863039  1.00000000000000000
 -0.00275364789725337  0.01020985019665299  0.02086635524704639  0.03076503544476086
  0.04061709993803196  0.05080008539212617  0.06133937394563298  0.07152544494616710
  0.08136477341681735  0.09130514151742466  0.10136241140647044  0.11101099067108385
  0.12125105771818682  0.13192410806246252  0.14256201714875955  0.15289805305305354
  0.16315103415415624  0.17389077217422741  0.18499339479352792  0.19606629796960962
  0.20711783562548386  0.21818216787653702  0.22954064040657596  0.24066033011282273
  0.25121776535329798  0.26122309335402022  0.27079921889449354  0.28084745612079848
  0.29074970071606143  0.30143761089500226  0.31211370998089388  0.32337768268508404
  0.33454012132741734  0.34601353933844109  0.35755028479307505  0.36884970840164305
  0.37973219806642372  0.39054065013326417  0.40152348014072331  0.41305773300961934
  0.42430214046326409  0.43461566640113081  0.44415638441437139  0.45307299417263208
  0.46196770022687189  0.47129013987099933  0.48087973071777063  0.49160747878460526
  0.50251287908664877  0.51397702361816955  0.52541008233540210  0.53666147153653454
  0.54754943605750572  0.55848832975433860  0.56897656598240087  0.57924048341230194
  0.58908176929158640  0.59882795272881539  0.60894620396214827  0.61948636458037154
  0.62998035931587393  0.64055034684665357  0.65099797569231654  0.66179579489277152
  0.67236876413838054  0.68290272964213383  0.69338221733667682  0.70397723579259497
  0.71443140830926866  0.72471193330962669  0.73514971791478789  0.74573003008962058
  0.75630583700385734  0.76669359807346782  0.77708222865584220  0.78736837841674556
  0.79759289347337059  0.80773919942770156  0.81813952110885702  0.82863572599731816
  0.83907437013971364  0.84944116996092811  0.85976125588320063  0.87033819392250800
  0.88102368141434340  0.89168030343522720  0.90256793838982030  0.91356402246875756
  0.92445697837243779  0.93527089041128098  0.94601498237249504  0.95698294695402641
  0.96787439820834564  0.97876408264024284  0.98932683768190854  1.00000000000000000
 -0.00209192665671633  0.00882295029131494  0.01781931080383475  0.02739412590996559
  0.03739623325831049  0.04723132558790239  0.05717763094534781  0.06732102807847617
  0.07858233159017863  0.08971160830889911  0.10057537496462124  0.11093810921628661
  0.12103186488198944  0.13147571218389983  0.14191196710385257  0.15187680189480882
  0.16185087850589000  0.17228134122342173  0.18339014931362382  0.19407321063223040
  0.20436878609085002  0.21474560233955883  0.22532215014751750  0.23614017120399217
  0.24695443981528803  0.25779511400968624  0.26859661981680227  0.27916118133394285
  0.28929910332372982  0.29926355233502433  0.30941199517343654  0.32004401980395381
  0.33082332002808928  0.34129257462702767  0.35150706453149566  0.36160577838137270
  0.37204483485608897  0.38290091004067867  0.39381100027837374  0.40482689404067429
  0.41602839453750640  0.42717745635025139  0.43812428584622393  0.44892036266001811
  0.45956615064590084  0.47003610613927466  0.48016671711773856  0.49030347495187521
  0.50059932867984713  0.51091253818291293  0.52100698135002288  0.53090968135541416
  0.54121994413502172  0.55194273517308257  0.56250061481774860  0.57344062087943615
  0.58416510906900510  0.59547235283535549  0.60639996331665391  0.61704717906984885
  0.62742289255131145  0.63765578435231374  0.64818322735577305  0.65870305454318812
  0.66902333833267480  0.67919651045398999  0.68948636217627790  0.69998539603950483
  0.71058797501790039  0.72104763878547329  0.73127434210534181  0.74118470427656469
  0.75142616346394109  0.76215503904827919  0.77297703791413330  0.78387081913496504
  0.79450107621459976  0.80534072812082713  0.81612048026039763  0.82739258264738880
  0.83857374575637866  0.84944930825945497  0.86004280352336770  0.87071019360863200
  0.88160643172577791  0.89248095328364130  0.90368199829718376  0.91508164764138422
  0.92654501976598280  0.93821243750458139  0.94901468592287375  0.95946016061677664
  0.96934516286440398  0.97939787401353950  0.98965919579033212  1.00000000000000000
 -0.00270456331294280  0.00980877623117085  0.02067906468383306  0.03131702880148243
  0.04226189659404591  0.05327203260759241  0.06440967628487199  0.07558338103263586
  0.08675741102757208  0.09803868055925929  0.10904402699041352  0.11984170647078099
  0.13014867112746595  0.14016571966395769  0.14994753412214562  0.16008950384344556
  0.17015651490387920  0.18005697432392245  0.19017505960425676  0.20075837391323506
  0.21165025692662293  0.22224431713104928  0.23263305930172914  0.24307843790802508
  0.25353287120131768  0.26388121365567718  0.27419004923853196  0.28465387332403902
  0.29514112701488077  0.30577241979739733  0.31676433407572036  0.32802097312567569
  0.33889445245107025  0.34921664144487885  0.35951085406555305  0.37006806704934203
  0.38070015232307752  0.39095492213801714  0.40084970194544289  0.41045366764245478
  0.41997301370458612  0.42964551943599705  0.43966038803287999  0.45002526287772804
  0.46071617475961124  0.47134698383890544  0.48218537395647781  0.49306486271070676
  0.50432718228802687  0.51572920469788952  0.52702366348030361  0.53748942853992676
  0.54789719909949264  0.55845864710095827  0.56904665803678356  0.57905496822382974
  0.58876279137464049  0.59891095797915583  0.60932056414163149  0.62001809167106348
  0.63106693466618324  0.64249499123617448  0.65294052094502208  0.66340353105476291
  0.67392472159540739  0.68455651599926748  0.69468579649612450  0.70480250270897693
  0.71567632388091751  0.72682155483817379  0.73770266428950526  0.74808576577689911
  0.75860929866623472  0.76895698905348786  0.78010219041308704  0.79070502396937936
  0.80118410377984117  0.81146824711170074  0.82213073434142014  0.83302361455815366
  0.84353108143687816  0.85345202229749706  0.86326134994298831  0.87304306427450817
  0.88351512550692546  0.89456333905351970  0.90568708555077648  0.91640499202868297
  0.92715013066996910  0.93768894403455816  0.94850501617046745  0.95915572903942126
  0.96950352444384713  0.97927879884921387  0.98943296752443199  1.00000000000000000
 -0.00232143307960956  0.00888104784239969  0.01815714045482603  0.02796354099790128
  0.03767495698178885  0.04825216555464661  0.05922044266170301  0.07031180957871452
  0.08125144753447247  0.09251576229173972  0.10399781420467444  0.11470479313761499
  0.12495883230762342  0.13498094674476091  0.14517161661077366  0.15579601140211130
  0.16644830832372778  0.17696272005893224  0.18752493424269590  0.19769105508438931
  0.20776684416650515  0.21804247801730223  0.22885920566116907  0.23967542990430807
  0.25035725110064672  0.26085439337937688  0.27164962330052089  0.28252201746564082
  0.29362641729499955  0.30479584924875258  0.31623903995818964  0.32756017666471859
  0.33907469383053979  0.35027199621259791  0.36135758284132802  0.37208555292699891
  0.38277291880822439  0.39329354269696420  0.40368073258623716  0.41430661061536328
  0.42496758781976268  0.43540231203382757  0.44565360933493126  0.45592078323345503
  0.46629654667051168  0.47653296312700694  0.48672262115423748  0.49717296083543305
  0.50772490994571562  0.51864314902421305  0.52946430520969412  0.53997441422157044
  0.55015253464879843  0.56024971383004463  0.57018517177356098  0.57989935221474342
  0.59031838040799223  0.60033412267619257  0.61048356376668167  0.62051854995060085
  0.63102586640309521  0.64212625647173005  0.65303366756539527  0.66376537664680890
  0.67462123683832786  0.68550729382556252  0.69651981160160736  0.70733519129726996
  0.71792586809201564  0.72831812829124354  0.73871479252781314  0.74968651871490577
  0.76070572371069811  0.77147442111028641  0.78158941389951475  0.79153617210700811
  0.80135493024814075  0.81119087355580344  0.82151860737630644  0.83161567383376689
  0.84214320910174034  0.85282614190992490  0.86422667640357920  0.87546511065850563
  0.88585537778471302  0.89615629066664182  0.90660377931764435  0.91751803410577448
  0.92835819075693093  0.93913698543737845  0.94977541675164234  0.96032775341999754
  0.97012727673974242  0.97990538496109592  0.98975433006409408  1.00000000000000000
   8.3526700852363502E-012  -1.0000000000000000     
 T T T T T F T T T T F T T T T T T T T T T F T T T T F T T T T T T T T T T F T T T T F T T T T T F F F F F F F F F F F F F F F F F F F F F F F F F F F F F F F F F F F F F F F F F F F F F F F F
  <DiscreteSampler_grid>
  grouped_processes
  1 # 1 for a reference and 2 for a running grid.
  10 # Attribute 'min_bin_probing_points' of the grid.
  1 # Attribute 'grid_mode' of the grid. 1=='default',2=='initialization'
  0.0000000000000000 # Attribute 'small_contrib_threshold' of the grid.
  0.5000000000000000 # Attribute 'damping_power' of the grid.
 # binID   n_entries weight   weight_sqr   abs_weight
    10   10   5.104293320052196E+003   1.270909624060924E+008   5.104293320052196E+003
    16   10   5.734491028228535E+003   1.308872711640994E+008   5.734491028228535E+003
    22   10   5.734491028228535E+003   1.308872711640995E+008   5.734491028228535E+003
    28   10   5.104293320052196E+003   1.270909624060924E+008   5.104293320052196E+003
    34   10   5.104293320052196E+003   1.270909624060924E+008   5.104293320052196E+003
    40   10   5.734491028228535E+003   1.308872711640994E+008   5.734491028228535E+003
    46   10   5.104293320052197E+003   1.270909624060924E+008   5.104293320052197E+003
    52   10   5.734491028228535E+003   1.308872711640994E+008   5.734491028228535E+003
  </DiscreteSampler_grid>
