  0.00191770663960159  0.00194509397198011  0.00198770736540524  0.00202687630156025
  0.00206819671491133  0.00211298501389392  0.00215878066203854  0.00220603062155474
  0.00225618742300950  0.00230809418550281  0.00236028928419114  0.00241258453225349
  0.00246532719897327  0.00251893135547183  0.00257433915785850  0.00263290768272867
  0.00269525110282174  0.00275773857595993  0.00282114929673656  0.00288650435144871
  0.00295231206650147  0.00302021273465342  0.00309115865992385  0.00316456874915522
  0.00323995805841177  0.00331738417688164  0.00339743629319946  0.00347843163194601
  0.00356142125055606  0.00364537161820386  0.00373594703800984  0.00382675896830407
  0.00392111089667979  0.00402015983496907  0.00412426815953844  0.00423178057006933
  0.00434261617888199  0.00445658774383031  0.00457588561729980  0.00470122009534878
  0.00483218855887900  0.00496924904852357  0.00511039758799403  0.00525547515535869
  0.00540604565024402  0.00556183545759470  0.00572287091683549  0.00588841998401534
  0.00605559257423176  0.00623115051090042  0.00642248989118249  0.00662183059859567
  0.00683334985860866  0.00705599658529657  0.00728317613862558  0.00752017991387987
  0.00776941910844020  0.00803711724094950  0.00831200948727203  0.00859669104520054
  0.00889681306798792  0.00921969195173968  0.00956254707587574  0.00992122650035003
  0.01029937350494375  0.01070273783331285  0.01114224818193484  0.01161868049261542
  0.01213014062344871  0.01266803855540584  0.01324872012104221  0.01387365507606739
  0.01455906631136346  0.01529865333802781  0.01609846727382844  0.01695203522258384
  0.01787307288885944  0.01888317742621631  0.01999477714379762  0.02122004811131299
  0.02256905651031999  0.02408193732433610  0.02578345186679276  0.02772018127893293
  0.02993796424630064  0.03252580695814092  0.03559510989774037  0.03921539186661154
  0.04349359758327906  0.04870245130478418  0.05556432668042118  0.06550735883314010
  0.08046041412924401  0.10591668841297873  0.18206406532858996  1.00000000000000000
  0.00409562255204386  0.00505248995729550  0.00579863074760859  0.00656041286481742
  0.00727838120155811  0.00796545253035699  0.00867531249876937  0.00940797053457229
  0.01014589788971786  0.01093299249915519  0.01178340838660574  0.01269952618804130
  0.01364162832689453  0.01459700741105877  0.01556277000224803  0.01656747281127289
  0.01763789634652310  0.01876886112505814  0.01996386575842369  0.02122766034469492
  0.02255524847570451  0.02391448028348484  0.02529284022709314  0.02669201432402312
  0.02816370938669946  0.02975706005186227  0.03143212769759760  0.03314105386637016
  0.03482705238244214  0.03654110207609101  0.03830190445002285  0.04021197363133662
  0.04220718627120708  0.04430400902750951  0.04644631602377720  0.04869699206879158
  0.05102588245072594  0.05343808036019365  0.05591903363088736  0.05845957083577435
  0.06115970280679556  0.06395762114724589  0.06696464262549874  0.07011942505190806
  0.07350371117265915  0.07698906659814561  0.08057157715114839  0.08411404971502781
  0.08777365357204904  0.09149809491851943  0.09536975154740511  0.09946199764034186
  0.10370597438549427  0.10803094390758840  0.11250506557445476  0.11716126803620630
  0.12211590949990481  0.12738219119463345  0.13287044515630281  0.13852777001196528
  0.14437139467597254  0.15036422060500607  0.15628267184252762  0.16243844427255133
  0.16903131320269019  0.17605970082139255  0.18339099626331654  0.19102746857114777
  0.19909775154946943  0.20738156472036717  0.21600671285196330  0.22515972567530740
  0.23471529981239475  0.24468393549950984  0.25527566541188279  0.26666501294379186
  0.27885498958263955  0.29180694649292177  0.30561955358367865  0.32066077126992742
  0.33628608231051199  0.35290280919374301  0.37026873971323343  0.38898208943349749
  0.40912507298625145  0.43157337474991525  0.45673058443093484  0.48434203763691525
  0.51520995962112548  0.55043589832522277  0.59026971368819081  0.63608898308156436
  0.68956652766107829  0.75631396651506988  0.85289698342915066  1.00000000000000000
 -0.00241788627374721  0.00940457776089779  0.01923620602938659  0.02938908141296437
  0.03937622147384506  0.04988611683669572  0.06034006207482935  0.07055064650536393
  0.08055202833498123  0.09066622093096431  0.10078755668886583  0.11081557167952749
  0.12098285993257005  0.13135077184264338  0.14215022069390604  0.15261887383965600
  0.16307465138430091  0.17344477636573782  0.18392403194310744  0.19444136852828608
  0.20442469107835065  0.21443251259449836  0.22429762824273863  0.23463972290004445
  0.24533802917829750  0.25649815751351945  0.26753186676437857  0.27874176397685752
  0.28947354949610005  0.30025928207921704  0.31085333103446716  0.32149360281046591
  0.33184113482600996  0.34249677512037113  0.35330008522198653  0.36395028498372706
  0.37471357842681385  0.38546780047043588  0.39603102724954720  0.40655146126679836
  0.41711528611534843  0.42798853309225987  0.43867331903506585  0.44934367251047785
  0.46003481651239947  0.47086946930612045  0.48156075495627754  0.49183668853031198
  0.50170421850791680  0.51172878384898501  0.52208555137139423  0.53271686627722858
  0.54356109121194529  0.55456107332394589  0.56534125737692364  0.57576518794332687
  0.58587818204758646  0.59595608918592069  0.60632555964744494  0.61661034557234629
  0.62676657969053517  0.63676187359319092  0.64674659824285075  0.65698251431202526
  0.66744969958405231  0.67843546075106032  0.68946454282254643  0.70024906154669186
  0.71095519987202516  0.72187531300430907  0.73303572724059818  0.74406434934698429
  0.75488736763715747  0.76566667618775064  0.77684713514343495  0.78806993190225072
  0.79917055729373088  0.81006982068802491  0.82070659647180322  0.83117211297756388
  0.84152385080168846  0.85219436541901206  0.86286783864696415  0.87332209382296144
  0.88375174915018095  0.89449771305220560  0.90531131326999037  0.91577270185554760
  0.92615633404919573  0.93689175368840927  0.94779290690671303  0.95857072636040586
  0.96873511166477322  0.97878656137030440  0.98889780011080319  1.00000000000000000
 -0.00250499789709186  0.00999221078065335  0.02034176823527959  0.03101521992137784
  0.04178062373959366  0.05231077621642065  0.06296105243119207  0.07391336947626359
  0.08450179947266082  0.09524344550875398  0.10586473208845269  0.11731444220186303
  0.12860456910934273  0.13960646515389516  0.15055317166690826  0.16108168676493698
  0.17167484223926879  0.18150363915572396  0.19137233373537815  0.20143822663764141
  0.21183263978924569  0.22272539547912656  0.23354402466063762  0.24445870760973418
  0.25507694565699612  0.26556267920983767  0.27566708636733112  0.28525773250562786
  0.29484606434823335  0.30490585371405016  0.31548941019966259  0.32628849244446501
  0.33699929193946565  0.34791149179176056  0.35861522629661341  0.36925679140625994
  0.37992492862739602  0.39047696935648751  0.40083776276348493  0.41101892920293304
  0.42145267950885673  0.43216512827852105  0.44296353697260932  0.45369121965077730
  0.46444356177399770  0.47552967178039390  0.48666908041311463  0.49749444795010295
  0.50770763225832460  0.51787573287118005  0.52796659518821021  0.53806630572565517
  0.54820585563088775  0.55850563368385309  0.56908421284598176  0.58002654769198014
  0.59095166556422229  0.60203457909298486  0.61245123301045989  0.62352366727210751
  0.63439749275228974  0.64573228154221951  0.65642325519910794  0.66697833995770506
  0.67693359698508404  0.68701815213577166  0.69726534378464089  0.70757296943619363
  0.71772805120618255  0.72781490987800290  0.73815634738115710  0.74868421831601151
  0.75907884214880450  0.76949174563482026  0.77959476261636973  0.78939472179538939
  0.79941612068208778  0.81001308445009501  0.82150151451177655  0.83252079693986936
  0.84347085893192586  0.85412247104886863  0.86488663523183673  0.87545086419334106
  0.88577611577667204  0.89617309562877878  0.90634834689572530  0.91664898098823611
  0.92695619877354540  0.93750867402525861  0.94824073653744689  0.95857668913957372
  0.96872617117441562  0.97873540232261658  0.98922780979679181  1.00000000000000000
 -0.00247254667794618  0.00908131941216623  0.01951481976694835  0.02995997450528792
  0.04066998386057694  0.05074611653920859  0.06084136099339564  0.07101545507207205
  0.08124216749047569  0.09125576757823670  0.10127424449923643  0.11150572271099631
  0.12230491830768786  0.13258840601887256  0.14306196512187777  0.15442612613402676
  0.16612250855612543  0.17720453848019027  0.18760322220257730  0.19815212833483159
  0.20869827262996704  0.21923164945984777  0.22948319998301717  0.23980853708690777
  0.25021236169670791  0.26046901879511419  0.27081198134859735  0.28112498088536275
  0.29185582186713677  0.30286119307267323  0.31422011897968466  0.32535028407267513
  0.33576035869118043  0.34569366627005982  0.35568129343746840  0.36591065468087486
  0.37613558975223632  0.38655955190896785  0.39707024426443377  0.40756993465881747
  0.41823950537433063  0.42913017952586441  0.44040673602555463  0.45185994277324132
  0.46306567698902762  0.47313461633240589  0.48271943074040385  0.49213453523149897
  0.50225984624251929  0.51241237874948997  0.52271953877941790  0.53312776312400123
  0.54355931028529203  0.55431747146297661  0.56502297611509611  0.57630223181886109
  0.58701336167886864  0.59763785537961645  0.60835709786362857  0.61937154390268412
  0.62996310456258464  0.64054471648591660  0.65087545514001588  0.66157803210727950
  0.67218470909177619  0.68291368379481132  0.69310621398767058  0.70333497839094217
  0.71389106725017193  0.72482785640664715  0.73559133314957514  0.74574137131624374
  0.75668144625856659  0.76727716170451632  0.77807318918439639  0.78811396094260389
  0.79875484480316994  0.80970498071914498  0.82052716904413414  0.83119751764775907
  0.84196351170559136  0.85294602595412339  0.86362831549604746  0.87429026973733326
  0.88476977510301713  0.89530969854644549  0.90582481443006713  0.91591084041791571
  0.92600511211144620  0.93617970727190014  0.94704705554195800  0.95789809421406225
  0.96872189812199572  0.97919179947727675  0.98967398809753082  1.00000000000000000
 -0.00258716250212437  0.00949697921816050  0.02034949176862899  0.03134666859699548
  0.04248859626108666  0.05370342705377765  0.06460295826787575  0.07537282227214580
  0.08582309437205905  0.09643349226896133  0.10695591788912467  0.11763779122427802
  0.12830170840476726  0.13906839423394837  0.14996302901308067  0.16087464085424641
  0.17190502631597332  0.18302908925513986  0.19411587305062600  0.20512763443511198
  0.21600153920840789  0.22683093915731750  0.23773808262161689  0.24857702687303709
  0.25925211818721849  0.26996744058942074  0.28086453173844650  0.29170301521776870
  0.30233691664594420  0.31292361034025917  0.32375563009001607  0.33470541460963388
  0.34560021556636294  0.35595154902787135  0.36574432892307018  0.37549004103302130
  0.38571355065068758  0.39594936859632124  0.40611031382137652  0.41627134705738783
  0.42666628780496507  0.43723197775681177  0.44799982985812309  0.45874284647656749
  0.46924943749953779  0.47971351560174991  0.49000538854219572  0.50011320637652434
  0.51000639822143445  0.51993850861182256  0.52997972899130696  0.53994120311738136
  0.54998542222767155  0.56022980310238113  0.57077533778011968  0.58158477159111144
  0.59257048309283655  0.60341125050086164  0.61408260637172107  0.62447035491775238
  0.63498430178981891  0.64545613300546856  0.65564511681625703  0.66579647735705494
  0.67604126273455178  0.68620049186299759  0.69620957487397772  0.70609581499357210
  0.71630320611316278  0.72651458329881613  0.73676845967736626  0.74722358307858050
  0.75788086943757660  0.76860707294283237  0.77944351016874480  0.79009535137462428
  0.80051087698343237  0.81092649077066781  0.82182364256990348  0.83309679058000197
  0.84399292914387669  0.85453914580096324  0.86502121289190936  0.87553517651399704
  0.88603488927423546  0.89673096031809985  0.90716739464931895  0.91725147598430612
  0.92731573769306330  0.93722406445952167  0.94762321681118378  0.95811388017431554
  0.96913797051145611  0.97974858630495687  0.99005969750418055  1.00000000000000000
 -0.00233748797026612  0.00947953959524245  0.01943848270678901  0.02992008326600457
  0.04040036064821118  0.05077648855202907  0.06088326316974361  0.07134042716401263
  0.08190830232908794  0.09297965620511967  0.10386939707540992  0.11495564157373513
  0.12597115688103885  0.13668077119809172  0.14762754545753307  0.15845476541752057
  0.16909985909087108  0.17930766199462475  0.18951486707973389  0.19997487069217432
  0.21067050599782142  0.22147624954035608  0.23227320590099484  0.24281233088405987
  0.25328214299046087  0.26396740898075449  0.27469188685247420  0.28600093218562206
  0.29676928581007961  0.30756615120152392  0.31806158889811281  0.32803977941204665
  0.33792280207510350  0.34774717528639504  0.35806707240828878  0.36859743323775973
  0.37887954049968509  0.38915839412751890  0.39971354719384994  0.41067193599429286
  0.42173764498531485  0.43262633711378384  0.44369422219953608  0.45451398618077649
  0.46513431328923732  0.47548678755979717  0.48644670964522413  0.49713070180857405
  0.50751139507409737  0.51756690419886431  0.52775710338612247  0.53804468509760028
  0.54848427166400948  0.55897152221275814  0.56987263296382129  0.58084160703447452
  0.59147168436665154  0.60170082947354819  0.61166077863818757  0.62193949029914009
  0.63268062863450614  0.64352530599530555  0.65413145355361846  0.66433269989110733
  0.67422957375143888  0.68406973918168179  0.69436984459639828  0.70482116817272411
  0.71561860056105520  0.72608219757542825  0.73655099229881671  0.74720173202009588
  0.75826640997979833  0.76955956523900415  0.78056825893709336  0.79136415857800413
  0.80209582535510004  0.81270016610637130  0.82312731004624362  0.83356950868786128
  0.84379520813833309  0.85409313875485326  0.86413024358700385  0.87482111235403603
  0.88534813638260079  0.89563683396054783  0.90549564255556103  0.91556037403648083
  0.92611330441847317  0.93686245053032602  0.94754444094609380  0.95861838258193466
  0.96929136714406838  0.97971338574856892  0.98985777217262183  1.00000000000000000
 -0.00214394074517399  0.00877171108786844  0.01838141446696050  0.02860314011240675
  0.03859541935098684  0.04897426692433231  0.05960641359765170  0.07049454812628071
  0.08088693624519563  0.09128519842801758  0.10155688514732973  0.11197331711884964
  0.12212271260633430  0.13193486312318559  0.14184099561428853  0.15221446590698032
  0.16285447597868383  0.17373385854637480  0.18429261407468459  0.19491694702731099
  0.20535898548574982  0.21572392643703464  0.22597418296135896  0.23626780763107641
  0.24650571489308493  0.25687927477828343  0.26695744568186885  0.27756031379157836
  0.28833157667724002  0.29941186975065809  0.31034025720191905  0.32108504096618184
  0.33216755729835173  0.34258118562545026  0.35295752283971954  0.36310655564773214
  0.37357559331343154  0.38394492028635813  0.39400969410366260  0.40399348913788868
  0.41414518192554012  0.42428771430992712  0.43473204033798002  0.44519314528893406
  0.45562912729357885  0.46595544536109851  0.47662467720588580  0.48708452156606191
  0.49746099854186410  0.50762016248725794  0.51821140674680688  0.52896047216419428
  0.54004965602825672  0.55147295093537507  0.56273756457374491  0.57378805456150861
  0.58455091939914361  0.59546349205884219  0.60662103889499153  0.61757905428932058
  0.62821930933425785  0.63884035344752177  0.64967926389308661  0.66085281002796337
  0.67191256724194481  0.68258814573364557  0.69304445427729366  0.70344261746537318
  0.71377073811284208  0.72424610975886416  0.73497905628867932  0.74576422514016572
  0.75604329017634175  0.76612759858053514  0.77672554971697294  0.78785491616220160
  0.79924988198487434  0.81045291544633657  0.82159932054684737  0.83253813776751839
  0.84347459436345396  0.85402369343075379  0.86423509535844112  0.87468272094503574
  0.88576446338546910  0.89685798305162256  0.90701439577710508  0.91725379664436479
  0.92756173681464948  0.93828111533030290  0.94849808180362571  0.95883012433816184
  0.96938270466107979  0.97966228042473402  0.98989860976447175  1.00000000000000000
   4.2484167394652445E-012  -1.0000000000000000     
 T T T T T F T T T T F T T T T T T T T T T F T T T T F T T T T T T T T T T F T T T T F T T T T T F F F F F F F F F F F F F F F F F F F F F F F F F F F F F F F F F F F F F F F F F F F F F F F F
  <DiscreteSampler_grid>
  grouped_processes
  1 # 1 for a reference and 2 for a running grid.
  10 # Attribute 'min_bin_probing_points' of the grid.
  1 # Attribute 'grid_mode' of the grid. 1=='default',2=='initialization'
  0.0000000000000000 # Attribute 'small_contrib_threshold' of the grid.
  0.5000000000000000 # Attribute 'damping_power' of the grid.
 # binID   n_entries weight   weight_sqr   abs_weight
    10   10   4.200220599055614E+003   5.719968691774700E+007   4.200220599055614E+003
    16   10   4.061818933242700E+003   5.349603832297701E+007   4.061818933242700E+003
    22   10   4.061818933242700E+003   5.349603832297700E+007   4.061818933242700E+003
    28   10   4.200220599055614E+003   5.719968691774701E+007   4.200220599055614E+003
    34   10   4.200220599055615E+003   5.719968691774701E+007   4.200220599055615E+003
    40   10   4.061818933242700E+003   5.349603832297699E+007   4.061818933242700E+003
    46   10   4.200220599055615E+003   5.719968691774704E+007   4.200220599055615E+003
    52   10   4.061818933242700E+003   5.349603832297699E+007   4.061818933242700E+003
  </DiscreteSampler_grid>
