 -0.00321003917970893  0.01434787785977231  0.02700786783244954  0.03858449546413368
  0.05017696779746370  0.06213424499747585  0.07281420665973516  0.08340455070651757
  0.09401327954433289  0.10438174945724735  0.11423670312194725  0.12354556515129363
  0.13329520530401143  0.14366670611516563  0.15485870206459951  0.16566527218149396
  0.17552961059119998  0.18495358085670319  0.19451895356763316  0.20439595571776664
  0.21444068943440314  0.22504593273502280  0.23567796121933504  0.24581949422949581
  0.25540982646174543  0.26527639897474292  0.27604029643041011  0.28694288115883448
  0.29771661075990802  0.30822498261738906  0.31903875054324177  0.33036153733654888
  0.34135148493971101  0.35189535065133526  0.36150145233079750  0.37106289881024201
  0.38072155536482571  0.39093053543893208  0.40154997754420657  0.41177832875894410
  0.42251553202472725  0.43302988598578179  0.44384816236632496  0.45491290977837362
  0.46745449357266344  0.47981189039471778  0.49184498495006163  0.50401918661790446
  0.51641160089631699  0.52806119934413176  0.53883514087676876  0.54997930117938298
  0.56169641495152611  0.57299838046591356  0.58400813771093907  0.59506087637233962
  0.60595017045818789  0.61645880761449101  0.62702660469467519  0.63815457945417198
  0.64921102519858032  0.65991269778902573  0.67046696871976497  0.68066037631627374
  0.69047457933054324  0.70039776186598446  0.71126343243545498  0.72267093473148281
  0.73322811417741152  0.74339456608988097  0.75425393488709136  0.76548073803418959
  0.77649005211886468  0.78693571996038825  0.79730825009485473  0.80801859509675789
  0.81869538387184571  0.82901114810487009  0.83910551625857044  0.84900929996136587
  0.85865940012635600  0.86809896299532507  0.87779537666387497  0.88801651622855027
  0.89819069695124643  0.90772864076960758  0.91703857462679861  0.92639491863530954
  0.93588472827497660  0.94534119801126959  0.95425591439924318  0.96286656500522461
  0.97190561819152821  0.98121089534829209  0.99071296905187844  1.00000000000000000
 -0.00463276511228179  0.02183697111291057  0.03744216043172407  0.04970345657143138
  0.06078285956593284  0.07135449515288128  0.08178641538984180  0.09280063933366116
  0.10447368059687739  0.11660379036402857  0.12866278240884305  0.14011414858332716
  0.15125098709682841  0.16254151155780863  0.17405395821749320  0.18571413710874410
  0.19733912934649506  0.20886150491358946  0.21972466687355663  0.22981517458084216
  0.23986689456690796  0.25004831395501431  0.26037736568416814  0.27072101412832611
  0.28099713128237719  0.29092598475374398  0.30044537157627804  0.31028878833437995
  0.32030524959466111  0.33051630513359470  0.34042366524743239  0.35082911947328804
  0.36132535416586359  0.37205989745285800  0.38254583244094592  0.39326041619712365
  0.40397790305309267  0.41463613990984327  0.42528595643144135  0.43669501721501169
  0.44839743643189017  0.45957030798489990  0.46983556945452637  0.47995488924248830
  0.49047940733923440  0.50099732591914303  0.51144875616298213  0.52160034342534511
  0.53191054512071700  0.54261172087357734  0.55333212504997875  0.56396445341362789
  0.57396131587749322  0.58361439493631062  0.59324544885151020  0.60311505990900627
  0.61340104543928164  0.62396811619848680  0.63488695191538336  0.64574461227442703
  0.65629538536271115  0.66702983022570594  0.67801497895241836  0.68881316202253762
  0.69920942795237462  0.70977234427916436  0.72123203558521409  0.73294207534258371
  0.74477816971286370  0.75625504124692544  0.76704228239777761  0.77733201171334798
  0.78757252686309087  0.79847435773760922  0.80986247477313267  0.82128425997766674
  0.83283770835043336  0.84415860057294922  0.85512768346177204  0.86514022070829055
  0.87577461458945483  0.88620039619261071  0.89647475254004261  0.90592273942687884
  0.91579626684536564  0.92596315501384496  0.93693056380817130  0.94651063172181427
  0.95644034089137642  0.96526287097686292  0.97343006036318802  0.98098640586371133
  0.98765373404152657  0.99215064558702315  0.99621807481052793  1.00000000000000000
 -0.00000003950313666  0.00000154489793355  0.00000208048456907  0.00000271860590278
  0.00000341238176335  0.00000414016962178  0.00000494709786875  0.00000577624687949
  0.00000674790792986  0.00000779185668105  0.00000891594205573  0.00001014961456290
  0.00001146702663522  0.00001288733137373  0.00001444050651503  0.00001615467363141
  0.00001793089091039  0.00001986977149878  0.00002181160522048  0.00002395598490846
  0.00002620906962415  0.00002866971420585  0.00003131146987962  0.00003421221196105
  0.00003745417746563  0.00004079376014022  0.00004429394630586  0.00004799568871695
  0.00005199910798602  0.00005610639555126  0.00006036205803278  0.00006474557431491
  0.00006929659064725  0.00007418416753668  0.00007906580980618  0.00008406244878492
  0.00008921690044840  0.00009440237067664  0.00009967002486111  0.00010533872563612
  0.00011117121823201  0.00011716695658682  0.00012360034069914  0.00013047393579788
  0.00013764438795523  0.00014526448704944  0.00015365604813908  0.00016217420437356
  0.00017043960787488  0.00017893499899274  0.00018824840850580  0.00019739587715440
  0.00020653469076374  0.00021593245601909  0.00022576844504283  0.00023586591397780
  0.00024629055825765  0.00025792667489824  0.00027110074905281  0.00028503508923270
  0.00029908223770990  0.00031328336674583  0.00032794248809947  0.00034347481498923
  0.00036025649581623  0.00037801471361229  0.00039690066651345  0.00041773096137237
  0.00044231456833904  0.00046979748384067  0.00050124439954680  0.00052945007384398
  0.00055760073465288  0.00058849929520512  0.00061902369051222  0.00064772917989106
  0.00067753504793791  0.00070830969440978  0.00073768909574966  0.00076472922447188
  0.00079290615897510  0.00083410578972341  0.00087756961421196  0.00093225957680738
  0.00099331261961400  0.00107898950267136  0.00119930200207838  0.00142146635673044
  0.00165109020357530  0.00197386260248503  0.00244722243551638  0.00313270692098460
  0.00517805760615837  0.00847189181844545  0.15522606683927820  1.00000000000000000
 -0.00288066110609752  0.01304755365484238  0.02526669951029107  0.03789126529064416
  0.04935648880742381  0.06091613494417816  0.07233245056311045  0.08429914485470785
  0.09615595255162600  0.10787088958233726  0.12002782854514413  0.13196945960953585
  0.14466595256206055  0.15567899188545545  0.16729470559805601  0.17809961602223318
  0.18906049736021108  0.19874866873554090  0.20872130835781977  0.21879908909413534
  0.22958515567743668  0.24092367627336753  0.25287815385006457  0.26507564323787058
  0.27662749686802751  0.28811166670356603  0.29927027854971405  0.31022424963581230
  0.32072864443988153  0.33093483877367363  0.34167916473892962  0.35225899921828291
  0.36323750677593214  0.37398236844832849  0.38486154655313509  0.39571653358599790
  0.40653366125825829  0.41714823865872824  0.42763958928030549  0.43803178998808018
  0.44830199154609712  0.45872043707943200  0.46930303447166910  0.47986610174880873
  0.48977132873593993  0.49903047533367006  0.50852041633422596  0.51817202190886846
  0.52815348126289718  0.53807704926684785  0.54842501673457755  0.55919151215996044
  0.57004664121381698  0.58074104612822630  0.59101911217795522  0.60115065452958583
  0.61135875047349264  0.62131907246309059  0.63130821798610681  0.64156004433824620
  0.65186410187478450  0.66177833600441316  0.67078850125637790  0.67914626996943295
  0.68752926354814181  0.69617731757242363  0.70483776307597734  0.71417204778518362
  0.72420464802389672  0.73484581603013455  0.74651228508380696  0.75754931543704140
  0.76869668838723426  0.77928497460005219  0.78995729416320848  0.79996869764047962
  0.80968680188706288  0.81998310427219911  0.83040248293259245  0.84023742356639564
  0.84976837191733212  0.85931454304161403  0.86891450219570543  0.87823918176158022
  0.88735501160162766  0.89630744845295285  0.90585669477261621  0.91592561137519868
  0.92683926542646144  0.93750540147037020  0.94785841265785264  0.95823445948001296
  0.96860803498091819  0.97901621654919191  0.98941857089779051  1.00000000000000000
 -0.00195192093522002  0.00852521294622599  0.01716911013080073  0.02616060516158422
  0.03575679526961996  0.04510588545184773  0.05469348126253010  0.06466838075299797
  0.07594613463633153  0.08781476193038174  0.09979292511710111  0.11173428646506213
  0.12382986701982825  0.13539035965545218  0.14687486413703343  0.15832903181779784
  0.16947961339800002  0.18028179731527949  0.19075846345001554  0.20107354307833178
  0.21141859595828666  0.22145590382835503  0.23167820711130815  0.24170759818983822
  0.25147653429320865  0.26125457846203448  0.27152129587123602  0.28213079052227469
  0.29281356760594845  0.30342687819390790  0.31416453554553792  0.32482728981169268
  0.33576454970967756  0.34742072484270725  0.35932537125641678  0.37182284032558705
  0.38349942848209306  0.39414509108512175  0.40435745087443642  0.41430085563545593
  0.42437252235732426  0.43457443433241416  0.44507865548114056  0.45537432317617293
  0.46549880568632962  0.47519575449010504  0.48494195112285887  0.49477886192231713
  0.50460320814905024  0.51457857498093251  0.52477079674768268  0.53622035445773897
  0.54810257087684455  0.55990846460307075  0.57153962169537464  0.58341537722543035
  0.59463268992199037  0.60577600938994625  0.61694588364863434  0.62766321623636923
  0.63771284502218295  0.64736739266990395  0.65713127863219789  0.66748864656189966
  0.67820722046550852  0.68914243067007797  0.70003308084842275  0.71053652951022583
  0.72102214567609380  0.73150264913230789  0.74225713196798127  0.75343023950919552
  0.76475447902893057  0.77545737730312636  0.78567200717401386  0.79577308656549139
  0.80622251953854129  0.81621116354801071  0.82566190279113438  0.83543849438799167
  0.84560362760725361  0.85596232496364044  0.86627156796939153  0.87667485731125350
  0.88711420760012327  0.89756923944306233  0.90785351571559236  0.91811206587972638
  0.92875646786079324  0.93939545999490870  0.95016832918655036  0.96084979207491295
  0.97091246456748981  0.98045571446973179  0.99009647449515414  1.00000000000000000
 -0.00209375835042384  0.00988415347727959  0.02002560042803502  0.03117805120751044
  0.04251678936653731  0.05413661130374956  0.06584597087367478  0.07761064549397921
  0.08925184081749156  0.10080789795095524  0.11234925612663423  0.12391612006029652
  0.13537257112700476  0.14711947951824064  0.15870370781948392  0.16995939456752154
  0.18086048559645032  0.19208885574286330  0.20386920973986064  0.21586794490508460
  0.22810081452635247  0.24024637771483390  0.25203373330909967  0.26372038032852985
  0.27473724502833458  0.28517047709388732  0.29523530753877231  0.30509010454293511
  0.31493544048084821  0.32503703493795361  0.33564058536056546  0.34697147790768657
  0.35779492786167250  0.36834709136322047  0.37888454986515568  0.38972922837440144
  0.40100121105487685  0.41247323868853253  0.42309341182808852  0.43313908680785518
  0.44315525979857107  0.45302019790413484  0.46267587845810126  0.47174343734746998
  0.48076661059719084  0.49035827548928190  0.50063674009537462  0.51151329292751424
  0.52272300276964767  0.53384269973618459  0.54521353035877440  0.55643055119349438
  0.56776341817122111  0.57878637841911729  0.58910999075204684  0.59945059791017885
  0.60992534750815164  0.62089199403683903  0.63247254835735622  0.64368480929201199
  0.65350872094793067  0.66273264008320820  0.67213257496605194  0.68141206087299644
  0.69023182675982131  0.69900383706424385  0.70829641660969356  0.71852948727117039
  0.72887836368922043  0.73892946441298923  0.74898778939695154  0.75922693374134220
  0.76939387448456487  0.77927784879787976  0.78910875520612000  0.79954342856253402
  0.81053437201917222  0.82139091406353326  0.83205316940494212  0.84273788574406971
  0.85298858005824518  0.86270824396987034  0.87249302299466591  0.88283469678500570
  0.89314910563326344  0.90265139705681030  0.91161365188237231  0.92104501728672661
  0.93086452262383124  0.94067028729733715  0.95002890079359870  0.95973936398856807
  0.96994986701334507  0.98021707944128866  0.99013922158052325  1.00000000000000000
 -0.00189910371924824  0.00850341351239378  0.01750767051209713  0.02742892179225426
  0.03754616876097884  0.04807702656500040  0.05879419758432072  0.06935063655777374
  0.07986545937814603  0.09042039633162928  0.10080942051501839  0.11133409866682578
  0.12168819086297694  0.13198939332116913  0.14213754289445130  0.15212958432936977
  0.16201311003236712  0.17148317638295488  0.18115265919862464  0.19182068940036087
  0.20329572182292027  0.21438016448638370  0.22495951294174771  0.23594238621325100
  0.24753247948018575  0.25918603065081902  0.27124840249568155  0.28448106855951683
  0.29651691629745341  0.30741253045725214  0.31788354724451029  0.32823576630616380
  0.33865661730981195  0.34943755871090137  0.36194609443510650  0.37540339827663538
  0.38690254518299022  0.39787129373487068  0.40767160287267512  0.41801499560386057
  0.42849162548938674  0.43964287911729066  0.45047792924516494  0.46095978263043691
  0.47054009532187246  0.48045196455585903  0.49056214611713383  0.50054638097887272
  0.51091070353407486  0.52190206717603338  0.53527683589558783  0.54699230128405263
  0.55713330971934227  0.56719030837852813  0.57733403627667568  0.58765409940973312
  0.59752873227440062  0.60725867580364479  0.61757283988500733  0.62777101536872315
  0.63825869560922366  0.64895130405096080  0.65964765644774981  0.66985000032322817
  0.67953256954849039  0.68898043227269257  0.69840353481371642  0.70769895277235195
  0.71669327007501837  0.72600905466756849  0.73534026484142334  0.74520417412121609
  0.75484272034716782  0.76472227613755861  0.77507030799755805  0.78600868006739510
  0.79713942233469970  0.80809011051938484  0.81931249992981292  0.82988841311728523
  0.84046759101228463  0.85104606051872034  0.86130338127853212  0.87172018058023870
  0.88195374824242911  0.89235070910696301  0.90328040992534719  0.91356060000150063
  0.92489426955020260  0.93619192785115302  0.94814346950834472  0.95982038081234566
  0.97004024915136300  0.98052263707972642  0.99026149500085248  1.00000000000000000
 -0.00247660332877026  0.01028435420865302  0.02155980123323184  0.03293009526705934
  0.04338991388255089  0.05310919943946357  0.06304569918011051  0.07344136919251730
  0.08359435447541699  0.09310084996159775  0.10301764559017768  0.11442741942157651
  0.12603025420977160  0.13717050903399386  0.14878280859738452  0.16095531257001983
  0.17233444096807449  0.18354370573721496  0.19492627014910929  0.20635568473676344
  0.21653500528123315  0.22608944961382590  0.23582315955075461  0.24586366170014726
  0.25615188008590306  0.26669570787605484  0.27778393514597988  0.28890516711553066
  0.30028566863532641  0.31167101018076410  0.32313387246581060  0.33518429493405760
  0.34691981635318725  0.35765704950554772  0.36719977822889843  0.37692318197915298
  0.38652649584283416  0.39604592528398364  0.40543990044384787  0.41529598754377989
  0.42601504514889565  0.43685790081820774  0.44708370622893745  0.45743473175480392
  0.46806581134636172  0.47912034299125134  0.49042097457532474  0.50129540307147824
  0.51227414905731616  0.52359099114864471  0.53546705844594422  0.54696488040536073
  0.55786790862113123  0.56835576902699181  0.57873634122483930  0.58909262310608301
  0.59940896971536251  0.60992692933300685  0.62064857196583956  0.63171936891093361
  0.64316017965393391  0.65458619508158300  0.66545907169309026  0.67572496593159059
  0.68576348319657765  0.69580571222719034  0.70607312932196575  0.71625066949986493
  0.72637635519120314  0.73603407536380205  0.74545073228301761  0.75499409934189277
  0.76476720968990597  0.77476601484817120  0.78540125211091782  0.79632436408771934
  0.80701441658004758  0.81755429882459452  0.82788230606500668  0.83747439735321605
  0.84643620970615341  0.85564073150742681  0.86553538282686859  0.87600227320002211
  0.88663428869238792  0.89791425883985476  0.90953110302611739  0.92068773512769064
  0.93133864592383364  0.94149296786818815  0.95117505651149070  0.96075726215679014
  0.97023448823945524  0.97994176565024571  0.98973989941155183  1.00000000000000000
 -0.01090692132782221  0.11680866193731670  0.19894166930673929  0.24395800001279921
  0.27377675803695878  0.29358917926259653  0.30764084569149641  0.31730742624141794
  0.32445931267526362  0.33076869216093630  0.33632439126055841  0.34162884132983945
  0.34683599860620307  0.35215122722201014  0.35746985200785880  0.36270743972270603
  0.36769456924133470  0.37252942805446698  0.37745003042172465  0.38250777161997296
  0.38763853152618738  0.39293632783587940  0.39804813550958934  0.40308421126582938
  0.40811452916796020  0.41319556708892613  0.41810570706021599  0.42304057206849544
  0.42808917505271693  0.43320144295628238  0.43840357769283617  0.44364696320974867
  0.44875775228946452  0.45395150666624734  0.45917211198301477  0.46458068472076747
  0.47003845855139531  0.47526887031023551  0.48057120830954009  0.48590695979939352
  0.49140214763385720  0.49715270666830413  0.50297629946562572  0.50874687782958539
  0.51483215748827416  0.52095618983555958  0.52708933608114084  0.53313663480535278
  0.53911595778836674  0.54492774155894841  0.55052810870433944  0.55639980962646685
  0.56242843965221123  0.56860212277838140  0.57471292078258696  0.58078765588422343
  0.58687158041330467  0.59289274857667795  0.59892153538237625  0.60488321899402875
  0.61109003830625930  0.61745792209428607  0.62419628054509113  0.63150429889893245
  0.63923998079146360  0.64706570452372325  0.65488583303667558  0.66274494059002131
  0.67054591575953804  0.67821171340050079  0.68582306310552155  0.69347228397483862
  0.70123454339024982  0.70918424656031631  0.71699572250826715  0.72493572185737809
  0.73338999922363068  0.74273820592255324  0.75249282249269078  0.76262713422894335
  0.77291983062931713  0.78324533174907329  0.79348547594058105  0.80357776142880777
  0.81387278837170329  0.82422387950899123  0.83499944880504806  0.84622714332602800
  0.85806733446186201  0.87108875704078692  0.88569663466271753  0.90254000034415416
  0.92081007524673708  0.94105106629638324  0.96626281327111685  1.00000000000000000
 -0.01499474108277975  0.09198739010339321  0.12815816360959964  0.14984224947252917
  0.16764936132272548  0.18305925398302428  0.19672714571149866  0.20862022362554508
  0.21930362771466319  0.22977079511184159  0.24024666380583362  0.25051680462501397
  0.25992280390403272  0.26907960727835473  0.27806505806349563  0.28739262633502177
  0.29647405638010932  0.30508912880425931  0.31321564008841052  0.32137732932353613
  0.32924672792269294  0.33671212617385288  0.34411474019246785  0.35132723892828505
  0.35875892525615077  0.36615382879224323  0.37315838165481147  0.37988675557490992
  0.38658693258647547  0.39331701316367440  0.39967901857120408  0.40551156868955052
  0.41115085007766150  0.41657559106458197  0.42194296630658773  0.42738610067329091
  0.43308967785082891  0.43901019673941183  0.44491550434018434  0.45095114120601526
  0.45694187502077965  0.46314980923649890  0.46919200623340879  0.47507672577401411
  0.48071279150297103  0.48629504025663911  0.49191643704285004  0.49752229981218454
  0.50311118019305201  0.50870127908908302  0.51422432459759693  0.51971541994908688
  0.52550873364977857  0.53152071448007998  0.53747737226895387  0.54336827117011943
  0.54907320051252140  0.55484306494098723  0.56080912365376123  0.56690360434361464
  0.57311307644981546  0.57948625579970969  0.58596639687539465  0.59271226747131212
  0.59955646475996327  0.60608071069858171  0.61302196431575429  0.61961658513686291
  0.62617571269347272  0.63301894525504165  0.63997279418018704  0.64699854512092259
  0.65392192521727777  0.66065877269052031  0.66748841215116672  0.67424664071086104
  0.68141731104124470  0.68851885873839358  0.69571063195398619  0.70297880451810790
  0.71022446100158076  0.71788264837108995  0.72592550518124654  0.73514383973266817
  0.74495724518693973  0.75525911029108661  0.76619735312470594  0.77769187928266503
  0.79024143065289698  0.80371376977955389  0.81826029497223896  0.83462890567984238
  0.85327177341290428  0.87619744509735376  0.91458652348854719  1.00000000000000000
   2.0638321781955306E-008  -1.0000000000000000     
 T T T T T T T T T T T T T T T T T F F T F T T F F T T F T T F T T F T T F T T F F T T F T F F T T T T T T T T T T T T T T T T T T T T T F T T F F T T F T T T T T T F T F T T F F T T F T T F T T F T T F T T F F T T F T F T T T T T T T T T T T T T T T T T T
  <DiscreteSampler_grid>
  grouped_processes
  1 # 1 for a reference and 2 for a running grid.
  10 # Attribute 'min_bin_probing_points' of the grid.
  1 # Attribute 'grid_mode' of the grid. 1=='default',2=='initialization'
  0.0000000000000000 # Attribute 'small_contrib_threshold' of the grid.
  0.5000000000000000 # Attribute 'damping_power' of the grid.
 # binID   n_entries weight   weight_sqr   abs_weight
    10   10   4.052933447048349E+002   8.142253166479345E+005   4.052933447048349E+002
    11   10   4.052933447048430E+002   8.142253166479763E+005   4.052933447048430E+002
  </DiscreteSampler_grid>
