  0.05172992651046985  0.05202904974088914  0.05231308387955268  0.05259538290726117
  0.05288315768380448  0.05317387379018231  0.05346511658784604  0.05375722610398632
  0.05405354895159481  0.05435548584613883  0.05466477340753573  0.05498806171216584
  0.05531876344082345  0.05565317245363696  0.05598380578283053  0.05631243177104759
  0.05664407749676607  0.05698213306742889  0.05732186809351927  0.05766728728212886
  0.05800853487467937  0.05836111447331744  0.05871835109580807  0.05908256893281496
  0.05945436577798784  0.05982982203170092  0.06020596156676744  0.06058269314760373
  0.06096257112948055  0.06135173360361876  0.06174390366971422  0.06212888892404268
  0.06257304984519142  0.06306244515577047  0.06360372362377406  0.06416618402022634
  0.06473532505723216  0.06531687027462146  0.06592324174979475  0.06653169339954047
  0.06714691424505023  0.06775486966193547  0.06836372821190034  0.06897890241419614
  0.06960950082849388  0.07024663928303633  0.07089070133789881  0.07154966259412919
  0.07222181158427887  0.07290423370923212  0.07360474722762700  0.07431734651179464
  0.07503885265837601  0.07578607784357551  0.07656969679635703  0.07739513716164145
  0.07825192193784920  0.07913162558877629  0.08000556879095218  0.08089840561079410
  0.08181077216072420  0.08276627079643466  0.08384375962314339  0.08505080506777077
  0.08631010257655218  0.08758491839929750  0.08890068584448976  0.09027807034104021
  0.09169861034354594  0.09316059990504041  0.09466137090774562  0.09625666952604385
  0.09791238827910498  0.09958104836066745  0.10126118214614083  0.10289744690130333
  0.10482151129840882  0.10711082296625962  0.10960986610236241  0.11217456717384343
  0.11479826820851485  0.11760685631150598  0.12051957490767587  0.12349888045233690
  0.12689825137522850  0.13086573036308013  0.13494862543882663  0.13910985656865069
  0.14339296650522454  0.14816182820040499  0.15349829000628898  0.15924701458282359
  0.16515793582601498  0.16951934580680700  0.17267792532423307  1.00000000000000000
  0.76521353151971749  0.77652176275872076  0.77894096945823388  0.78272545639285651
  0.78628426838170362  0.78993640086017880  0.79340204209486109  0.79670722180994880
  0.79966601472355181  0.80238217075271201  0.80490246427107492  0.80720185849299297
  0.80928242692331054  0.81124426878451406  0.81318675675998398  0.81531793225095006
  0.81733234528703380  0.81929418664453946  0.82124762205614921  0.82312906211766534
  0.82504305606172312  0.82696790529312481  0.82885964222136344  0.83080191595584452
  0.83270965056194879  0.83458358696441337  0.83632357032997218  0.83805244931324163
  0.83975214743039395  0.84143696339320140  0.84307226194398277  0.84466261378497898
  0.84625623469210731  0.84789472091965290  0.84955809849517638  0.85120402885098745
  0.85286133716585799  0.85449765453277682  0.85603480678804345  0.85755512727675465
  0.85912282611727731  0.86068561110918085  0.86221157742312515  0.86380014749541822
  0.86548348650588558  0.86717517812983724  0.86884385800078945  0.87052042311865785
  0.87223496781077936  0.87394283066155243  0.87568834880197599  0.87746167077450943
  0.87924262049766611  0.88103065492329102  0.88280103958652067  0.88455598970803806
  0.88628196356525635  0.88810300811997667  0.88997872079881390  0.89188389136644808
  0.89381562710762408  0.89571409583218153  0.89762125230312040  0.89949315085926385
  0.90135041691352424  0.90323079237389436  0.90511339510257793  0.90705000193626895
  0.90900597070129241  0.91102427625335680  0.91303765230962841  0.91508899404454358
  0.91721653399322933  0.91943602314372852  0.92170780971352684  0.92401419582898070
  0.92629933172776957  0.92856871502803739  0.93090209799967782  0.93332692723868804
  0.93582883389892590  0.93841676399312091  0.94108688047157130  0.94393261936306827
  0.94690768612893750  0.95007421219127630  0.95331270705146454  0.95675078969469751
  0.96049212761186642  0.96463954346939085  0.96919739490392010  0.97451267201304881
  0.98099125101227636  0.98840904715287026  0.99171005315688154  1.00000000000000000
 -0.00180788758675857  0.00820508634072955  0.01707180400411274  0.02661330880823150
  0.03685913944402320  0.04743474313435121  0.05850062323698470  0.06902199470455805
  0.07970346668837659  0.09058024806916819  0.10178396043908954  0.11212858188259210
  0.12231459243691258  0.13276658691509430  0.14350186054730599  0.15396658835820554
  0.16423101902187645  0.17486812820628203  0.18589731913837901  0.19737834027522336
  0.20868271102251457  0.21973989451035669  0.22965399370233899  0.23992041515113474
  0.25010593012507759  0.26039076590858767  0.27102614455417423  0.28152438818693820
  0.29168666548742900  0.30153545805699267  0.31147641789301700  0.32164291602793321
  0.33196628618614676  0.34248053977302040  0.35298350279503810  0.36338942217965337
  0.37387057866924500  0.38483530725556830  0.39578789893193211  0.40679847484226817
  0.41765473334909337  0.42803372220987057  0.43833719978247127  0.44858160292649157
  0.45908837814413739  0.46981292994134594  0.48117033843589974  0.49274830471076347
  0.50387618029414272  0.51438377314062644  0.52471094124726692  0.53504979446724565
  0.54591936493441595  0.55681263482170384  0.56789892768935868  0.57885113798813248
  0.59002270650933275  0.60135177330023060  0.61269850543205806  0.62377828162841609
  0.63447886041171409  0.64509886084793444  0.65573688457502000  0.66657225133220421
  0.67701351511119268  0.68767294234859244  0.69800360218764734  0.70876318887642276
  0.71874952357823707  0.72889713413376089  0.73880250562859806  0.74811663130811845
  0.75732304121927418  0.76671572326878268  0.77699710900332075  0.78777131193617289
  0.79829693673381186  0.80891369630906551  0.81951113586972835  0.83013847608119040
  0.84046455482431726  0.85057254811353611  0.86064677239437082  0.87067736719160471
  0.88077972683116623  0.89101163480503254  0.90129156239285024  0.91226070800011139
  0.92338368981517138  0.93504862293359903  0.94624336129885489  0.95710766046458950
  0.96807094344019018  0.97893490352943380  0.98955806677666003  1.00000000000000000
 -0.00255562732992681  0.00979425049107456  0.02013789306896667  0.03095191262995085
  0.04192811470431108  0.05284223775512871  0.06354551172182910  0.07415538999870065
  0.08473915158210973  0.09528549248707865  0.10572371166203157  0.11609526716240495
  0.12651919585812021  0.13710846351807424  0.14749556137532427  0.15774147767175234
  0.16749625468011922  0.17706517230574725  0.18703522358558386  0.19757613138257582
  0.20839141751170018  0.21874764986975134  0.22904731214072027  0.23981042146227383
  0.25063617770443447  0.26095248108869107  0.27118577267822641  0.28147113950621255
  0.29173142330943896  0.30171069453475396  0.31192906230176010  0.32270346541809058
  0.33342992852786085  0.34380738883791401  0.35389329120495522  0.36401692632979776
  0.37414574816743262  0.38428520449798154  0.39462682949918937  0.40521337056681894
  0.41588445906751631  0.42651286424338075  0.43705452406549350  0.44742400688946848
  0.45775521619025789  0.46818048657932060  0.47890059995820733  0.48958223653316330
  0.50030286876306396  0.51101171715984017  0.52164685744918282  0.53213807234224164
  0.54258388162880467  0.55315948247851598  0.56365638654653560  0.57397625230971194
  0.58449977718592483  0.59548465620489544  0.60640189084777085  0.61667000924894166
  0.62652570368770177  0.63615368102200176  0.64607230278546590  0.65595181340611142
  0.66577556043568409  0.67582463718588148  0.68604691894152303  0.69631987152958841
  0.70657963783822986  0.71699984660773664  0.72740200550468070  0.73768989604851587
  0.74799735796667177  0.75843531508147133  0.76902007781579240  0.77962440758686113
  0.79033162985969241  0.80109755121642323  0.81182475439129287  0.82269214097261811
  0.83356579185504931  0.84440448379744548  0.85548169526466200  0.86672347517765691
  0.87823891975103718  0.88928675266300972  0.90018745761277152  0.91099191906273469
  0.92180625590900911  0.93277554196763701  0.94401661461276132  0.95578659823627021
  0.96742872835700200  0.97854290130699251  0.98949025508731847  1.00000000000000000
 -0.00249239537849319  0.00979385419232330  0.01995816006449605  0.03059334579585752
  0.04140247881594848  0.05263618752507250  0.06388512830174903  0.07514096006759971
  0.08595215388655567  0.09702307500003214  0.10791788341296006  0.11903904228933838
  0.12977609473191784  0.14021892186700066  0.15046940840274797  0.16044280572091957
  0.17050262722553350  0.18085672838431813  0.19147559760711780  0.20266058682104834
  0.21374639841634951  0.22514223487422869  0.23610887045560133  0.24725999428995618
  0.25846134012116861  0.26958689403203190  0.28024694706117248  0.29087063506161681
  0.30106419547360652  0.31151797873051590  0.32196548130208230  0.33337537449045457
  0.34449317032391286  0.35523488014868360  0.36540445462236376  0.37580142667915623
  0.38632281908832045  0.39704477016702344  0.40791305775978709  0.41884751962657768
  0.42982493556777945  0.44038110910509326  0.45072235039180880  0.46092095865204902
  0.47118733900618748  0.48152744722117813  0.49232554004497464  0.50334723194262998
  0.51450365432678569  0.52537082955135073  0.53578382739399155  0.54586765290524053
  0.55553857367004578  0.56527010330356020  0.57504974500454575  0.58514340200379567
  0.59531822475346885  0.60520188913622763  0.61509912228900976  0.62518797260005654
  0.63560642946324564  0.64626741777713193  0.65687573964684098  0.66720003518427851
  0.67730206138504689  0.68762092211314452  0.69844663262487527  0.70916192531964695
  0.71958165776004157  0.72992132248563102  0.74011259276852759  0.75050653521937927
  0.76020730307196360  0.77000924749655952  0.77976745968589734  0.78993204317628685
  0.80037470637786845  0.81063513460916026  0.82122305548569718  0.83230103800022148
  0.84342348134265044  0.85434268520763923  0.86490041887957070  0.87522557886413732
  0.88545463163894000  0.89548784170031270  0.90567306296054417  0.91618222048879083
  0.92675372561710789  0.93719178239487855  0.94756451367216599  0.95821272467255136
  0.96906341355007042  0.97960004044309945  0.98996003929441811  1.00000000000000000
 -0.00234030421499503  0.01024658177102994  0.02135178017619832  0.03214253654478504
  0.04301574839260075  0.05332655288504595  0.06387967802246113  0.07443921057999658
  0.08507110591005307  0.09562580792978853  0.10610674228394724  0.11668977953681653
  0.12725947098556226  0.13759515646531362  0.14791453065947216  0.15841873701564305
  0.16873508920176786  0.17934484871522416  0.18989068584119037  0.20079761211165723
  0.21159358751363094  0.22269432182068105  0.23393944594205701  0.24463426813053657
  0.25457217882285932  0.26432373699741474  0.27432601788704764  0.28415107672315093
  0.29380013831308316  0.30392647853477706  0.31419291548906375  0.32472219343313030
  0.33523014434722520  0.34593649669760101  0.35646113379968680  0.36686322878326028
  0.37726060367422343  0.38791913518066651  0.39862258762654068  0.40907453186731668
  0.41965303668028420  0.43000528639153740  0.44035173641892417  0.45054872798167311
  0.46095710875751145  0.47141104443645576  0.48206680131415142  0.49261103044336402
  0.50291378150043131  0.51345422824053844  0.52427336509843581  0.53538627661168525
  0.54632937880283405  0.55743937118781195  0.56894867422236461  0.58033982566768239
  0.59101893164427199  0.60149650674263455  0.61220718869449187  0.62284095150356211
  0.63336381978793466  0.64385489759268566  0.65448096512901432  0.66544582159274956
  0.67624439111216261  0.68683812522547916  0.69719942330260742  0.70763717754244349
  0.71836970914149634  0.72900720607586067  0.73975493243009049  0.75065085096386686
  0.76146206452261056  0.77193339222129753  0.78197958154873992  0.79189780992484904
  0.80183311669147916  0.81171746773554410  0.82125840090602042  0.83091585854709471
  0.84060632821259906  0.85060797618920025  0.86042527740601549  0.87058626456784105
  0.88104442912470837  0.89227425983852970  0.90298561904943053  0.91304049495973327
  0.92327252082667710  0.93392477474966318  0.94494306475302692  0.95595074957933768
  0.96674824855592145  0.97793683055383629  0.98903856631344034  1.00000000000000000
 -0.00211521696687612  0.00990715259643344  0.02030403792052173  0.03096771050433979
  0.04134968400953160  0.05202526712246135  0.06293404333545055  0.07335562641684004
  0.08367810163390164  0.09415389766923617  0.10430884610898208  0.11450913628229095
  0.12479644890724056  0.13590773716408708  0.14713692338530293  0.15837561576495518
  0.16953999852262494  0.18085801323600867  0.19154745843426085  0.20192355503612888
  0.21206375600840846  0.22259002353082596  0.23348657600127018  0.24463943097629470
  0.25588036419536692  0.26711640271391479  0.27823650038543235  0.28930163580225915
  0.29988398988325959  0.31005626156458749  0.31976487849101037  0.32943533577958450
  0.33934294078589528  0.34949429040465263  0.36015864975201750  0.37126179563846529
  0.38267191269737072  0.39390173899900149  0.40494191550530145  0.41587271727265746
  0.42685110728792308  0.43765643798202447  0.44777156864279466  0.45738686359343755
  0.46682244628087616  0.47631777619515681  0.48586786318601832  0.49556441112525651
  0.50554332133528790  0.51572631658009482  0.52581723715622419  0.53597354933552088
  0.54615527942134046  0.55622376546119112  0.56637756919774551  0.57675407493123387
  0.58748931422961348  0.59827650124996556  0.60900887926876079  0.61996106088927683
  0.63118105484060061  0.64273503428193934  0.65404507349562968  0.66520178558654286
  0.67579083468112311  0.68652670626143975  0.69728942792032733  0.70787462163515169
  0.71822519940143603  0.72867418412892371  0.73870251608034521  0.74867634952111384
  0.75857050706343765  0.76897265476586318  0.77944114518500185  0.78986814438137265
  0.80009355445827657  0.81033195889912590  0.82048165204833345  0.83119352747189890
  0.84208603749701083  0.85271619263761844  0.86319909377114123  0.87332382167392797
  0.88347802684674348  0.89344860104484725  0.90370488198917986  0.91431720839261277
  0.92541661973341727  0.93669464303470051  0.94728031006910107  0.95781067449230006
  0.96847787771998561  0.97926856084751046  0.98970432154174071  1.00000000000000000
 -0.00270301323108368  0.01056671138659167  0.02149913235618581  0.03256857229997637
  0.04326092525828482  0.05352348929605077  0.06346083675570816  0.07300538692676296
  0.08302407763086679  0.09318422180552523  0.10392513822460984  0.11532696170264552
  0.12650508017901682  0.13751068548487028  0.14815102065926716  0.15924778637677461
  0.17046042251825608  0.18214748211686674  0.19347362481278860  0.20497433583819252
  0.21622785414610188  0.22770489205480804  0.23906872732607173  0.25028533437227501
  0.26091195335836559  0.27119680362715115  0.28140139455971730  0.29154046527498501
  0.30171346400591470  0.31179847658477772  0.32218331685340951  0.33257574838715376
  0.34267652416796041  0.35263104428904268  0.36278715051270793  0.37299918675988630
  0.38353746734670108  0.39405688524456056  0.40514656158469786  0.41634687663870373
  0.42740959260514677  0.43830960680955766  0.44899709323914028  0.45986241683214729
  0.47073114587843423  0.48134919742681698  0.49157560231768282  0.50190964565738938
  0.51240773108659210  0.52293938133221352  0.53348924901439987  0.54415702023832491
  0.55459501522878074  0.56485462880111958  0.57517474630311516  0.58565130843039448
  0.59633356666367421  0.60708960132169931  0.61790664978007959  0.62866249290942422
  0.63917954266133037  0.64970243333987365  0.66028693005870542  0.67067628838385140
  0.68111918355684453  0.69144920148037514  0.70144839877979726  0.71120533501809646
  0.72076028863628328  0.73060268191740740  0.74112438633354460  0.75201702375743806
  0.76316182412998756  0.77404604610548544  0.78473720956056381  0.79534729463145770
  0.80583855374735869  0.81636427718817417  0.82692202611775989  0.83720262648949517
  0.84727350938452861  0.85758722705119472  0.86793130579824929  0.87814929945164211
  0.88810106365963881  0.89825572783763274  0.90866066250529565  0.91892404936917482
  0.92902326185263351  0.93911531213659261  0.94956918851951500  0.96013032758695727
  0.97018742679087511  0.98025767115896978  0.98994001793240549  1.00000000000000000
   1.0376097396312411E-017  -1.0000000000000000     
 T F F T F F F F F F F F T F F T T F F T F F F F F F F F T F F T T F F T F F F F F F F F T F F T
