  0.00191566901087693  0.00195101440998961  0.00199477006506221  0.00203844056133630
  0.00208105183664868  0.00212556632230242  0.00217199162671627  0.00222048504026638
  0.00227125752306195  0.00232339103803714  0.00237583637771424  0.00242811460694294
  0.00248195854617407  0.00253676247676049  0.00259491183803094  0.00265636404163930
  0.00271934976887748  0.00278510546100572  0.00285329115769537  0.00292366450312731
  0.00299549253943910  0.00306712861674098  0.00313936667631207  0.00321304957445280
  0.00328895206678917  0.00336944290626916  0.00345221703791968  0.00354010280893380
  0.00363008525710686  0.00372657195284482  0.00382695319843015  0.00392848165277213
  0.00403109121135668  0.00413541175303686  0.00424069484985113  0.00434905753301126
  0.00445840211822303  0.00456985856532801  0.00468663489986487  0.00480884306295291
  0.00493861048393003  0.00507350492156875  0.00521091903692070  0.00535444287126184
  0.00550788346648536  0.00566570445188814  0.00582648992358803  0.00599090019830984
  0.00616345068781317  0.00634624350800305  0.00653814505464652  0.00673646474872470
  0.00694204942570168  0.00715123155459782  0.00737620997480658  0.00760935620511601
  0.00785834292696751  0.00812316043746837  0.00840016222282480  0.00869839263580412
  0.00902072947342794  0.00935134252485736  0.00969171712082953  0.01004864120104955
  0.01043002870300913  0.01084757364433811  0.01130146683784022  0.01178179229594077
  0.01227554420803913  0.01279397310910985  0.01336079560623543  0.01398410519755627
  0.01465350942389913  0.01537088033571607  0.01613657585791918  0.01697637869723466
  0.01790954747832317  0.01892116847884662  0.02002757458580229  0.02125532296120983
  0.02262862757572096  0.02417954653022847  0.02589648427100298  0.02782470867321485
  0.03004657284019393  0.03262731212988723  0.03561209677312239  0.03914375134038500
  0.04345933930108629  0.04869298067972654  0.05550765670828561  0.06531993247003183
  0.08003962795892444  0.10490901841538731  0.17776778432780743  1.00000000000000000
  0.00508071183433348  0.00581329066850725  0.00646667403772267  0.00713011101020443
  0.00778667256832691  0.00845505924743175  0.00915776248936615  0.00993147909930486
  0.01072946036099600  0.01156168016138697  0.01245945512903256  0.01339907392021071
  0.01431590096036840  0.01523747372970480  0.01619063937569573  0.01719481327157999
  0.01825607165676362  0.01937984310844921  0.02055545415263788  0.02177213355844844
  0.02303783926426913  0.02438745278495278  0.02584828665584332  0.02734823788911861
  0.02882780605295584  0.03030830506869765  0.03182877607383317  0.03340367473724187
  0.03504776194685998  0.03679936905075532  0.03866301692877011  0.04065213108963125
  0.04275390003118165  0.04489815579356615  0.04709284536724733  0.04935068937879095
  0.05171020381081454  0.05407933801978908  0.05655282097953392  0.05910423877873514
  0.06191408162200854  0.06479723308072939  0.06782280287837428  0.07088343216487593
  0.07403263299517931  0.07729879830596781  0.08064793741065504  0.08410055369686520
  0.08765860754290347  0.09134294985618349  0.09510431871190947  0.09897900913792795
  0.10306936336046431  0.10734499365440509  0.11177935266212020  0.11639393034469267
  0.12114488062729603  0.12610423793803677  0.13135867581422325  0.13694576034705952
  0.14283203509976894  0.14887785392705832  0.15502283151937041  0.16151074659913719
  0.16824433501740563  0.17537412691965362  0.18269601536931931  0.19048381273971018
  0.19874169258613147  0.20733198835320063  0.21606982943378641  0.22493138417362912
  0.23423534228702975  0.24423434586042100  0.25487390019555811  0.26600249453554120
  0.27766941642299880  0.29038854812262405  0.30451145218340808  0.31994418902029065
  0.33643523501084693  0.35349174973679065  0.37088062920662013  0.38941170431942396
  0.41050386248826176  0.43437812097389777  0.46059118431438473  0.48893780947715426
  0.51949767314397666  0.55402507507176746  0.59300355769652413  0.63662024738635403
  0.68665560038791995  0.74856693170604716  0.84064016598302493  1.00000000000000000
 -0.00255138136372853  0.00982271762978655  0.01955625361622225  0.03007699648790132
  0.04038455144323830  0.05126036569339890  0.06212758295174768  0.07294733270570911
  0.08368825303458498  0.09423541387410279  0.10473394551774311  0.11510857289394541
  0.12540770194943865  0.13557748806656020  0.14562634683629672  0.15582669828724918
  0.16614141347908976  0.17649109337994967  0.18669507749071632  0.19687707528666568
  0.20730799954411436  0.21797263031465189  0.22852640206669428  0.23865636608413607
  0.24848996884140639  0.25850982233214037  0.26878190993853202  0.27920946628954241
  0.28969554823546678  0.30028094421365437  0.31086490097852554  0.32125244163118943
  0.33172768997523272  0.34237465228214059  0.35293005422712331  0.36326574843681153
  0.37371917227706308  0.38456748835922089  0.39582663471373336  0.40675413532164995
  0.41782826589708455  0.42878136555283508  0.43978460814593445  0.45084272419803140
  0.46184219905364082  0.47269414466246157  0.48348072935424380  0.49422833952573736
  0.50520828269627926  0.51607925702846780  0.52726101713615325  0.53861586364133462
  0.54995352140565357  0.56080061674420045  0.57147854595893977  0.58184882018612893
  0.59280419800382234  0.60376877496251069  0.61457995216471606  0.62534347659620093
  0.63568612563492588  0.64607263133399739  0.65640287569419542  0.66687662572261253
  0.67726208581943881  0.68757112302557777  0.69787493258435940  0.70822289893264223
  0.71844346315367213  0.72871730066884399  0.73896665304903852  0.74929284813395125
  0.75986497089007077  0.77007124123472226  0.78032677945158180  0.79022671260090527
  0.80031455033517884  0.81057041344440250  0.82080186704172375  0.83135188491081791
  0.84166980310361073  0.85211260173992998  0.86256893789288902  0.87308454362764265
  0.88431220232647323  0.89554438003918246  0.90604850144797944  0.91635888495945961
  0.92651220483635433  0.93715558096917928  0.94775246211834430  0.95854313945062719
  0.96890353729091894  0.97929417263806784  0.98941252781633360  1.00000000000000000
 -0.00258170844788166  0.00969719645524244  0.02048733332819780  0.03113542072628811
  0.04202627959167811  0.05246658367101216  0.06297316573331770  0.07323136632538954
  0.08376658591995556  0.09415612178633223  0.10451834037501774  0.11448509521665159
  0.12442906769521232  0.13458933246373467  0.14485517901313077  0.15527575011846470
  0.16567664641048493  0.17615623265321390  0.18667974307019664  0.19699234007668975
  0.20746360234086353  0.21798335928690243  0.22855329577807190  0.23910998534304473
  0.24966929377613675  0.26018434124169054  0.27075344325048062  0.28136321539049086
  0.29232709607140589  0.30314804834365294  0.31399851970654569  0.32483022848505055
  0.33568972741624353  0.34651563468936331  0.35736416064444304  0.36819128668741369
  0.37896242529598334  0.38969804180844192  0.40064876485246154  0.41182796058941723
  0.42282869735543183  0.43375191692823328  0.44437165891462699  0.45472784299091573
  0.46494596323483589  0.47511629439656250  0.48545707385423131  0.49582122750662866
  0.50619067962049302  0.51657248656782873  0.52663146319522613  0.53652244066467902
  0.54642010183483203  0.55657159283167013  0.56693836759817651  0.57732596117512947
  0.58782254966713288  0.59848720489776741  0.60914115605266728  0.61968485165255893
  0.63026013221537802  0.64101082150794619  0.65173255936573349  0.66235986144496728
  0.67288863834468771  0.68353110282453799  0.69413522590564913  0.70467714356362410
  0.71520334894794035  0.72588536090216726  0.73647629832019768  0.74675027393869664
  0.75692711506386645  0.76734435869020312  0.77792596674269732  0.78860129589195194
  0.79896863447187272  0.80940067283466388  0.82012756449277591  0.83129110427731601
  0.84225663311234333  0.85318587245637667  0.86396337797408951  0.87475964131177453
  0.88527180162391894  0.89594513465493508  0.90687958892483311  0.91777225826143960
  0.92874617891242051  0.93925606542888873  0.94953796363660725  0.95961819100736057
  0.96992842511144206  0.98035413393165682  0.99040983456858123  1.00000000000000000
 -0.00248775121557389  0.00952215771316810  0.01983264928115969  0.03119814987757710
  0.04248348604763238  0.05313677675474449  0.06356588502983850  0.07417048591266301
  0.08497829183344704  0.09564616132379068  0.10614887170680271  0.11675739654670864
  0.12735606659438622  0.13810668795231892  0.14900903885864933  0.15977150395457412
  0.17032936331023588  0.18071471553452367  0.19114900984946112  0.20168466673059615
  0.21236926998884825  0.22321954445613018  0.23388902297951880  0.24416116480965216
  0.25414321744545887  0.26407264295800054  0.27421134821531096  0.28449259016072165
  0.29498943420873436  0.30555430506018472  0.31645953247957626  0.32759530590208558
  0.33857344851258975  0.34933082396455323  0.35974512152321686  0.37065723659373234
  0.38157281454753694  0.39300328895734482  0.40357439793244321  0.41401624151509914
  0.42482283630522599  0.43599592688964989  0.44635520037460330  0.45655089765937173
  0.46698343857578450  0.47783890897448023  0.48819497708256426  0.49822959073061113
  0.50833160465545524  0.51854911839515860  0.52887657083810991  0.53930477728059967
  0.54953151338849371  0.55996707399748435  0.57045525730097013  0.58153147890583823
  0.59161326259877889  0.60182579982354834  0.61163469197099429  0.62203100288761237
  0.63209660256319522  0.64253107312799573  0.65313425490427335  0.66355224639766086
  0.67364170158845993  0.68351873375703098  0.69355414658947023  0.70396930644337985
  0.71453316382575227  0.72526937551894810  0.73569338507597937  0.74608812751504550
  0.75671262341834822  0.76741401692671152  0.77805167848694756  0.78861401909508644
  0.79944719798049280  0.81047723485598022  0.82119516190230846  0.83196409095555424
  0.84260839462536641  0.85334646154387506  0.86376411635287320  0.87407407316438457
  0.88448448204914665  0.89452705271398136  0.90517903235739416  0.91595482672351902
  0.92677537933937082  0.93758277332167805  0.94822060581228340  0.95920471252219519
  0.96958271037983779  0.97978716258726029  0.98976694534459086  1.00000000000000000
 -0.00268520877377163  0.01000386452781267  0.02087557758145787  0.03192440261230341
  0.04304803720730858  0.05413319721670658  0.06509022773755674  0.07617835913285190
  0.08706450790541362  0.09803476241331874  0.10855350759472024  0.11919059808336417
  0.12945454048780444  0.13980872999810220  0.15013851192126190  0.16066317541228106
  0.17111195749600880  0.18121365112633447  0.19116374412248985  0.20148892791401748
  0.21211556273151991  0.22290217780251040  0.23315144914723504  0.24335138771159359
  0.25350439000085345  0.26375468240354238  0.27403898227448481  0.28425128086534512
  0.29490986273850694  0.30597156784985624  0.31695084711529642  0.32774528111127366
  0.33855383870682909  0.34945127905928275  0.36033551974830386  0.37077368002214561
  0.38134156968196947  0.39177940628378877  0.40243074660865435  0.41269699261515302
  0.42321221557376804  0.43369149825597259  0.44459963444774270  0.45575271183386357
  0.46613477770471851  0.47646635042606400  0.48643527164616723  0.49666994185693197
  0.50683788328047463  0.51688496721132371  0.52740038964309022  0.53817566647287018
  0.54976170661782142  0.56160251616251755  0.57294013773495733  0.58374538300699730
  0.59397484646003218  0.60476907908335664  0.61565961336201280  0.62692571992629631
  0.63806534206190646  0.64889708600976459  0.65941944730723168  0.66976843349376547
  0.68033970091533680  0.69103183814335689  0.70174675495372751  0.71238889281666173
  0.72328869875106483  0.73407533728378538  0.74461044746585159  0.75505562301766693
  0.76526839385781398  0.77524826080604192  0.78492235191032200  0.79447045528899296
  0.80422367680070350  0.81406618713088263  0.82370466041212531  0.83330627197075879
  0.84277816996798038  0.85275992606422657  0.86324688596325461  0.87414813895119226
  0.88473846210707618  0.89533112198879261  0.90610746893880378  0.91725150556164659
  0.92811023044758334  0.93851694463968360  0.94845216871174109  0.95826921355351002
  0.96869024463827724  0.97889474356220563  0.98945335926332834  1.00000000000000000
 -0.00229820566920444  0.00917954828671455  0.01895276410675546  0.02951198308683166
  0.03989400073697193  0.05015962674368235  0.06044041383205843  0.07111272543012416
  0.08204504692897757  0.09258263196137187  0.10305737737716573  0.11363140625240763
  0.12471035312402029  0.13551342077520884  0.14615277539038332  0.15651870466022239
  0.16689311768120974  0.17715351065225135  0.18738090869638124  0.19776015275120037
  0.20827918194325221  0.21912614304144282  0.22985698643539124  0.24032727735557960
  0.25051430335267472  0.26112363915806130  0.27196362559387066  0.28243678636936786
  0.29280460911470690  0.30330927426165866  0.31391500285492308  0.32440783469799012
  0.33478171940474072  0.34503617324579883  0.35517902603381613  0.36510095997677949
  0.37544870104884942  0.38591882566358832  0.39641019942988204  0.40695635752799958
  0.41748943011965178  0.42866530714566037  0.43939861195085766  0.45013463801153603
  0.46049802957582076  0.47091343964508625  0.48126378982389756  0.49155354272720614
  0.50166643769336505  0.51174234236174776  0.52200453945614889  0.53275825808706145
  0.54364115283611469  0.55415197959832929  0.56416053322584958  0.57443096836659335
  0.58490096722082774  0.59579250873598144  0.60660964808247320  0.61764372278644086
  0.62860483621559682  0.63962849508345798  0.65057682905199576  0.66131254319089339
  0.67193639874375455  0.68265670351941221  0.69331943495238146  0.70361397395274772
  0.71435585352990816  0.72522269013724239  0.73594973902530236  0.74631201838944472
  0.75691442319458058  0.76721155924811790  0.77722808864546744  0.78715821111112383
  0.79747467019224294  0.80778534129015922  0.81797269098562231  0.82803588900871283
  0.83815857315865050  0.84868664232045388  0.85932913428382318  0.87008647812869333
  0.88045599120033258  0.89076434990461961  0.90132103461803004  0.91176884629750266
  0.92255615785960343  0.93340468547072253  0.94450742503235285  0.95596322773058273
  0.96708446659573633  0.97832674148155907  0.98912012673473315  1.00000000000000000
 -0.00245101177061552  0.00988695044749593  0.02039647043134074  0.03148671099844207
  0.04247870922455932  0.05339369388489677  0.06459052758340804  0.07591968451203521
  0.08706926231578628  0.09724430261427587  0.10770269165863006  0.11809767170526687
  0.12860316539364808  0.13850797390430533  0.14869887511876406  0.15900015710087753
  0.16957751595789283  0.18010429351535318  0.19075939193010430  0.20158919649755636
  0.21245761408443137  0.22293676476582530  0.23326483801620368  0.24347180503650301
  0.25381838705293308  0.26439474349178993  0.27535356560677926  0.28622135590776332
  0.29714473698152516  0.30766251738831424  0.31815320741132586  0.32844673096729782
  0.33869366024472392  0.34892210315928696  0.35904714255732711  0.36917584973232431
  0.37943458201315317  0.38954686592184168  0.39981097189074744  0.41031718916462184
  0.42077132818504709  0.43118830112747403  0.44155771969572249  0.45205974121385861
  0.46257395843110238  0.47317197364064478  0.48393328189067875  0.49468184131935922
  0.50556375214020721  0.51646559714410301  0.52717631535484444  0.53789455736278136
  0.54864583949592816  0.55940566558385163  0.56994606496116595  0.58054983324895548
  0.59132284856906003  0.60233898032248523  0.61354284454578167  0.62458358144487358
  0.63541025983591803  0.64586303431692149  0.65612007051054522  0.66598038500609791
  0.67619224833660274  0.68639330949346278  0.69698372828938626  0.70725083401728805
  0.71738630959701466  0.72758472801562390  0.73805311059554779  0.74906376685652021
  0.76011101606589104  0.77115876375871029  0.78201797174613474  0.79251137184672649
  0.80259960582302892  0.81276699640581529  0.82307864373557216  0.83346315308566332
  0.84371078349618311  0.85431414644571957  0.86540254692317231  0.87637412019105398
  0.88659963274608466  0.89686800233120989  0.90715796005724170  0.91722338717451180
  0.92725028094020423  0.93710175595998757  0.94730767298661123  0.95773937756008154
  0.96815126139269081  0.97855545669567046  0.98914351681131740  1.00000000000000000
   4.2565134478962701E-012  -1.0000000000000000     
 T T T T T T T T T T T T T T T T T T T T T T T T T T T T T T T T T T T T T T T T T T T T T T T T F F F F F F F F F F F F F F F F F F F F F F F F F F F F F F F F F F F F F F F F F F F F F F F F
  <DiscreteSampler_grid>
  grouped_processes
  1 # 1 for a reference and 2 for a running grid.
  10 # Attribute 'min_bin_probing_points' of the grid.
  1 # Attribute 'grid_mode' of the grid. 1=='default',2=='initialization'
  0.0000000000000000 # Attribute 'small_contrib_threshold' of the grid.
  0.5000000000000000 # Attribute 'damping_power' of the grid.
 # binID   n_entries weight   weight_sqr   abs_weight
    10   10   6.349074473789577E+003   2.645952220340539E+008   6.349074473789577E+003
    16   10   5.446316551417447E+003   2.307653953622873E+008   5.446316551417447E+003
    22   10   5.446316551417444E+003   2.307653953622871E+008   5.446316551417444E+003
    28   10   6.349074473789575E+003   2.645952220340536E+008   6.349074473789575E+003
    34   10   6.349074473789579E+003   2.645952220340540E+008   6.349074473789579E+003
    40   10   5.446316551417447E+003   2.307653953622872E+008   5.446316551417447E+003
    46   10   6.349074473789578E+003   2.645952220340540E+008   6.349074473789578E+003
    52   10   5.446316551417446E+003   2.307653953622871E+008   5.446316551417446E+003
  </DiscreteSampler_grid>
