  0.00170669853876645  0.00410541918177040  0.00615873838488858  0.00808751979327077
  0.01006237000137367  0.01217477385890836  0.01432762775007338  0.01653327586598490
  0.01881487009164411  0.02109732529802815  0.02338915938422951  0.02573921070782201
  0.02811334054257594  0.03043045413395327  0.03283210640676793  0.03540732999235664
  0.03819198063362237  0.04076619193865155  0.04317741909822763  0.04552546259674364
  0.04786422844175371  0.05033884350025445  0.05275585761186288  0.05518694333303383
  0.05762326246569986  0.06009481746893305  0.06264376239768357  0.06513631171986622
  0.06768049071953487  0.07021470364134677  0.07271852674252033  0.07520088303113673
  0.07771878966826425  0.08036854931049306  0.08322229728369000  0.08625105496570050
  0.08942176190761256  0.09267822039622603  0.09577672518778506  0.09889040429617799
  0.10201884410490085  0.10514412756706394  0.10841808525944086  0.11190301550928239
  0.11556275933900674  0.11937400245068239  0.12320828298647561  0.12708247279730089
  0.13106643613185201  0.13532230368688436  0.13972472405489941  0.14408566118549923
  0.14835131185938594  0.15261543779069248  0.15697536957418437  0.16145444947972826
  0.16610170457353748  0.17084514240264465  0.17578606015972886  0.18091932006951517
  0.18609267111179434  0.19165494773525110  0.19757302079099523  0.20363359339376916
  0.21007993387989649  0.21691265784840294  0.22416353132010011  0.23174835601562202
  0.23947596892634868  0.24738790938926050  0.25543137110182551  0.26372477859441268
  0.27232053975807180  0.28143946498050099  0.29068916919545951  0.30020197493256956
  0.31021960556075584  0.32041328196602903  0.33103225876819387  0.34214136253050886
  0.35387530746698836  0.36572110205517211  0.37790152353546280  0.39040075697689808
  0.40358508116274100  0.41780665800493821  0.43359548115966201  0.45161702780315521
  0.47180540935007786  0.49451457374206415  0.52176500139657356  0.55386351077164198
  0.59381973761421603  0.64912173157377229  0.74284439259194546  1.00000000000000000
  0.00382749295816253  0.01176054345630058  0.01493065411776119  0.01796853657787504
  0.02091563005424239  0.02412106295742829  0.02742414922410601  0.03064967783465802
  0.03389437702190331  0.03735759595373678  0.04149118407255440  0.04594921258892087
  0.05033237225532378  0.05489175136721543  0.05965221436931861  0.06427184697964342
  0.06842850143108482  0.07264723508722276  0.07722948363984068  0.08185178797838746
  0.08679169085056773  0.09201157979097416  0.09747477215274550  0.10240525727627105
  0.10735852133602344  0.11220674468710323  0.11724409035565557  0.12204270546956628
  0.12697203960842338  0.13186210138176599  0.13703621273775704  0.14248164867969657
  0.14809276991972234  0.15375483317012303  0.15925855903130695  0.16460483929931191
  0.16981201276041827  0.17498978160508807  0.18032566613392903  0.18578651727390202
  0.19137018328726554  0.19718546843889351  0.20319027350099905  0.20953229922853453
  0.21611387155362360  0.22267307379197829  0.22922753658134135  0.23580631064728647
  0.24268885393555223  0.24986592347556813  0.25683302356628390  0.26380546176964659
  0.27092504882923940  0.27815835764455193  0.28564231412424279  0.29336817706474827
  0.30101360270975569  0.30856296795707405  0.31617935642577505  0.32388654417715962
  0.33178032812441577  0.33973368608595916  0.34803948127146583  0.35643086161007620
  0.36482569200777215  0.37335256785163967  0.38197319606332103  0.39104876181923731
  0.40084478761736630  0.41109213175586951  0.42152707710235715  0.43243657133804392
  0.44364043638937734  0.45525707875777471  0.46760995594980398  0.48029723978051775
  0.49349776081330299  0.50680903569153835  0.52050469197772342  0.53525715071647406
  0.55107055480604028  0.56731706418532502  0.58466355639564138  0.60175351803441535
  0.61933177691584662  0.63774055148006337  0.65648978276079284  0.67653517183109690
  0.69766627925035918  0.72021484602968300  0.74477554367816723  0.77226527202702322
  0.80470021383656276  0.84580801879305034  0.90455373794211003  1.00000000000000000
 -0.00180756459583041  0.00795514438634097  0.01685518298825163  0.02645785814698240
  0.03623995593146379  0.04625519577318301  0.05702807080978849  0.06789329220650406
  0.07793197737182754  0.08766808736248044  0.09751226695607382  0.10749584347586334
  0.11777957806520227  0.12834889658702492  0.13910454045331225  0.14968437700296219
  0.16015351322622737  0.17018273787235236  0.17993450050307860  0.18988859353831425
  0.20077968246077271  0.21237711895541808  0.22393258158176829  0.23480728403367601
  0.24549352799789240  0.25626927910520941  0.26712580136420849  0.27807235560870369
  0.28931268313685371  0.30044023658584368  0.31122101958727044  0.32185244480748026
  0.33223931182520483  0.34251334798939043  0.35247064426938407  0.36239301108945021
  0.37233715780792570  0.38229074258164580  0.39243815742963400  0.40337444689571672
  0.41449910716130117  0.42584987934329849  0.43723504738517249  0.44878468100827396
  0.46014725638276205  0.47075293983772315  0.48121967951999506  0.49193599286774786
  0.50311028086103082  0.51456530805853140  0.52567056780842703  0.53632850466936099
  0.54655529271512238  0.55656875650034632  0.56666300107234513  0.57675479193040236
  0.58691331649427381  0.59716303118573255  0.60755612320051111  0.61818870525401715
  0.62923182716087167  0.64046386797744370  0.65212859004751289  0.66391789707863214
  0.67549815019621695  0.68701249872723547  0.69831334992897198  0.70969365235436277
  0.72113219845893839  0.73227983500688587  0.74303489419356483  0.75336430108922825
  0.76339603430984748  0.77317530879031526  0.78325164522068991  0.79366170720328955
  0.80436390290784709  0.81479190694002424  0.82461280599521625  0.83440735133315558
  0.84406041538831422  0.85382448436738589  0.86324580293830977  0.87265243481994270
  0.88244045880499333  0.89256070057147185  0.90351075028661776  0.91402017188535012
  0.92511019731953104  0.93564372220420622  0.94599054277864159  0.95593009845786769
  0.96698132176681884  0.97858199125520062  0.98958427504645186  1.00000000000000000
 -0.00244714120222458  0.00991327697624740  0.02010689161071393  0.03062969308571055
  0.04092444975221644  0.05077729937416341  0.06055138219603955  0.07146418384782789
  0.08165033012841870  0.09127211255496767  0.10094093164662292  0.11169403677802268
  0.12294987120981188  0.13362618802702947  0.14407221185155344  0.15524974447810330
  0.16658513051673993  0.17732021742218276  0.18752486810523841  0.19772442395199280
  0.20772150548330442  0.21756061042535027  0.22794187207787447  0.23909203479833047
  0.25034176192720498  0.26095515775574135  0.27117747502331863  0.28171756229168676
  0.29244121584770044  0.30333658324382684  0.31400141566237827  0.32472834528408767
  0.33513555669520789  0.34518318275285231  0.35490831346753937  0.36444639906572329
  0.37358277052255140  0.38306951257533989  0.39311408424419364  0.40420595920165819
  0.41574035986137647  0.42670179338742625  0.43723943175504620  0.44784959233104865
  0.45869873996507898  0.46986980514629456  0.48123544810636049  0.49244642867859389
  0.50345346496272414  0.51387435165154616  0.52443372825210233  0.53497738970081543
  0.54526431175257739  0.55513189283736963  0.56491685950690929  0.57499501315049784
  0.58550139913690058  0.59603875390591810  0.60709297117080985  0.61881114219273670
  0.63094512506755240  0.64329651727846293  0.65547253234399427  0.66726938208103648
  0.67807673706580518  0.68811913593243401  0.69779632971353800  0.70787342002790721
  0.71845998821953050  0.72883070220631818  0.73897114631344096  0.74931266835214172
  0.76023239184905189  0.77152643778997954  0.78243436115287202  0.79290503517457078
  0.80307260068321995  0.81367657233892043  0.82443841368238124  0.83500651573516194
  0.84542668318920411  0.85570576765914885  0.86599356405871397  0.87640686790773947
  0.88657857298336396  0.89630424207239856  0.90575167150224190  0.91529509119042196
  0.92509704550549565  0.93498981562602068  0.94494453192484984  0.95511120384017711
  0.96549754655747144  0.97639062015108480  0.98777701826234987  1.00000000000000000
 -0.00250646894050070  0.00980650186391121  0.01887406239649909  0.02851438589310466
  0.03795687732851852  0.04883775599002207  0.05968679444988089  0.07074063868304321
  0.08112599147651905  0.09180532440316055  0.10270416309721507  0.11409809650490624
  0.12579182667094674  0.13652581682589843  0.14696304941423102  0.15676958485277831
  0.16705791185132879  0.17734326729576746  0.18776665754171024  0.19831659464473184
  0.20881956908308646  0.21909851557280471  0.22956662895360300  0.24021096728356031
  0.25171163302296590  0.26331964264201901  0.27519468938801994  0.28634027393328582
  0.29694901112740080  0.30720650451184828  0.31815239090298453  0.32928599155624833
  0.33998969693528031  0.35055484715705931  0.36109639128909993  0.37079616118468894
  0.37974729000540741  0.38874874563591827  0.39842062301381348  0.40932451845339646
  0.42023326942961531  0.43087194830647169  0.44115216335204588  0.45117364686172196
  0.46160074260214307  0.47250854068602971  0.48406021825042950  0.49554297523946722
  0.50647529684611114  0.51686335430459562  0.52710185081414873  0.53746517087724122
  0.54806012909684354  0.55873058482478843  0.56917798387864227  0.57957195314636223
  0.59010425336650074  0.60091243410956852  0.61148774917720405  0.62165485265090636
  0.63189736837875987  0.64232367475768859  0.65255201267242902  0.66228797573427745
  0.67229232889066759  0.68273439705188377  0.69311917498468389  0.70298022383689451
  0.71304533872724074  0.72373543210087499  0.73450679858590950  0.74508673742927123
  0.75566014372247459  0.76621637450697344  0.77682858847760516  0.78772843544066051
  0.79843095148954679  0.80885663017839216  0.81890601248780082  0.82951191510872502
  0.84058451280877300  0.85269395526283864  0.86457994334025390  0.87632257226569465
  0.88751804799299394  0.89862202208824993  0.90929645260276903  0.91962878005031590
  0.92951386099164324  0.93944691729713070  0.94935858232315651  0.95910822842183385
  0.96953598047503320  0.97943654998201435  0.99008245720903065  1.00000000000000000
 -0.00206667931700136  0.00861112341763191  0.01874040492595349  0.02963511466282241
  0.04073807481167474  0.05125776398194844  0.06136501166031108  0.07144817844145540
  0.08177700106686867  0.09166075329426709  0.10141273347424910  0.11087100254186136
  0.12089745440564581  0.13188936447468885  0.14252281731067271  0.15199611476602423
  0.16102986804342387  0.17092766139152638  0.18244421198430755  0.19371605156205490
  0.20447801842054394  0.21510360628232947  0.22606026357878453  0.23699811917925417
  0.24822695550641424  0.25959639795890177  0.27078633799915741  0.28134729512485790
  0.29244591970275213  0.30413910108032538  0.31561064749113044  0.32612960962006043
  0.33651602957627341  0.34720424519188403  0.35816245682503933  0.36877890253966172
  0.37916282540712509  0.38945728812370956  0.39993943850764552  0.41086016595510588
  0.42225133130087650  0.43401662259308893  0.44543923321723233  0.45584511192672311
  0.46603605098275935  0.47597326366084075  0.48635892890830201  0.49676721401079144
  0.50734833346882358  0.51793467956690620  0.52845768060569409  0.53900351794422841
  0.54920857353537422  0.55916713819093355  0.56910760969220076  0.57913691293626346
  0.58932379630152587  0.59970761380062620  0.61062495540477790  0.62184431011135299
  0.63294072968046899  0.64380162214292136  0.65469580618761924  0.66587654683519959
  0.67661354742255464  0.68696631771194305  0.69735111760915314  0.70794463906416050
  0.71826986180357200  0.72863931035669405  0.73958697967859199  0.75113061489522015
  0.76240068684270890  0.77304483672705904  0.78358293319014227  0.79386692529710845
  0.80391412771157189  0.81392228165457858  0.82404959542814760  0.83482141849535241
  0.84588190501116167  0.85668314779434329  0.86716977914621163  0.87745468847200603
  0.88805834643623216  0.89893619622209409  0.90973950151379734  0.92032205389633437
  0.93075892011374173  0.94134438292876421  0.95177768764599946  0.96209644502126834
  0.97168538592266129  0.98125051564355026  0.99054932873963997  1.00000000000000000
 -0.00237950684287048  0.00945763428482553  0.01982552302605676  0.03053775979536048
  0.04157547384929867  0.05221881099067920  0.06291824429005083  0.07431039541682574
  0.08592834301118621  0.09728197246331843  0.10834025690778387  0.11909978175151867
  0.13051366360752817  0.14212801379307158  0.15305742115962054  0.16306329599834118
  0.17293558723878691  0.18333269158120649  0.19379288045301982  0.20409018029387496
  0.21428063158965824  0.22515989627210262  0.23635200290533245  0.24754121540183563
  0.25830066707513666  0.26893649207833087  0.27981230882535990  0.29066296556506255
  0.30134914241343380  0.31208474397557456  0.32306328351822439  0.33407897736259490
  0.34481504069461666  0.35540512854261025  0.36581822909209533  0.37591443723483509
  0.38611196275831217  0.39676210052380884  0.40736009480344082  0.41756547844604630
  0.42756066892660838  0.43781133712275228  0.44830259616263068  0.45896281480371831
  0.46951430543336586  0.48052253981024023  0.49160127520327168  0.50296532460975452
  0.51378737748152337  0.52456428477070260  0.53510262865255476  0.54577854878465970
  0.55646652179390854  0.56708622831283051  0.57748532768863747  0.58787596995951719
  0.59836090016771171  0.60915334675436317  0.61946480770615631  0.62951382034103376
  0.63917754259193016  0.64918490551164865  0.65960576156144823  0.67015175339537281
  0.68033316545886058  0.68998839847221860  0.69956038789384589  0.70904198570895183
  0.71903674727212641  0.72911454463105196  0.73978823135666938  0.75014867526937601
  0.76090201881225683  0.77156229547217492  0.78250472892714462  0.79336151068136429
  0.80448510209960589  0.81529991177687355  0.82556707918510663  0.83568547595660170
  0.84552654977228481  0.85519652869357887  0.86489883425159120  0.87524464693751014
  0.88575261733848887  0.89573671246855568  0.90541847904637018  0.91533652949978495
  0.92546389238380367  0.93575636023599618  0.94606674832337168  0.95662626954056262
  0.96709575735624886  0.97754438951302836  0.98866009960215206  1.00000000000000000
 -0.00248899904107483  0.00921727816697928  0.01945985553702816  0.03011555672898911
  0.04103042271083666  0.05155884401808748  0.06183804892608700  0.07165772990897569
  0.08175555137189014  0.09192662282325410  0.10204016262874065  0.11212144372878344
  0.12203398314319265  0.13181299288029055  0.14122539494137909  0.15118190365927564
  0.16119080646083161  0.17179007135981308  0.18267560862572377  0.19347097443490444
  0.20448877386598940  0.21516831957967353  0.22602600057923478  0.23642407352014849
  0.24672303184267713  0.25711514100959526  0.26781049526308121  0.27810152384206976
  0.28833053455847429  0.29852652158140386  0.30885367243987399  0.31887162926140172
  0.32917695851928019  0.33937102542596459  0.35009846824945401  0.36134322467195551
  0.37255956094915477  0.38308838736375100  0.39301526557385241  0.40322430985503321
  0.41372287903380400  0.42376407238779012  0.43356663483235947  0.44320406173339710
  0.45313685267969894  0.46359729911087277  0.47471831290776040  0.48578246393596186
  0.49678164958072213  0.50771512462883528  0.51851525805120013  0.52899305831202492
  0.53917998823791269  0.54958923107458535  0.56012898303441838  0.57076981207275035
  0.58163596383988003  0.59282432503621829  0.60405679527619338  0.61469386891192901
  0.62513766876154997  0.63539341556046458  0.64538164461331315  0.65538674356739712
  0.66558843104811150  0.67652765715806540  0.68780121663016780  0.69919783783899969
  0.71050317138160879  0.72122888633033111  0.73178988092160058  0.74228866238286084
  0.75271817361344484  0.76317415151922741  0.77372746544638005  0.78461214073119645
  0.79570130369982939  0.80647946183821084  0.81708734328180610  0.82817361237609644
  0.84009429229159327  0.85210524470024862  0.86318018119336892  0.87370932556918035
  0.88384181038451504  0.89412495165245698  0.90385900402395158  0.91334964976507038
  0.92307143177451234  0.93321016685311042  0.94378925979979711  0.95468820444927038
  0.96584019449163772  0.97719491029570571  0.98843909809377373  1.00000000000000000
   2.7173197157146415E-036  -1.0000000000000000     
 T T T T T T T T T T T T T T T T T T T T T T T T T T T T T T T T T T T T T T T T T T T T T T T T
