  0.00191884938681062  0.00194142632608427  0.00197897461366709  0.00201554783965899
  0.00205225261547090  0.00209118122032298  0.00213269859451559  0.00217621096409598
  0.00222002915991937  0.00226561286236490  0.00231340410516038  0.00236228582972278
  0.00241154494210256  0.00245954712893963  0.00250582408164982  0.00255232984241454
  0.00260175868939119  0.00265492007764218  0.00271537903034041  0.00277753894875868
  0.00284119321429350  0.00290244550589334  0.00296489901946662  0.00302944776952751
  0.00309840010781049  0.00317057926758235  0.00324496790371253  0.00332250608163527
  0.00340358404047049  0.00349081088002482  0.00358594855934428  0.00368438630609254
  0.00378615897814719  0.00388767924867815  0.00399176409798475  0.00409909592896797
  0.00421105878594844  0.00432640445329655  0.00444409983192704  0.00456409984059012
  0.00468735798318461  0.00481402951705267  0.00494762473596867  0.00509106367540518
  0.00524159433203394  0.00539935285410727  0.00556292712484269  0.00573157565205759
  0.00591270362026789  0.00610552116446395  0.00630148643055091  0.00650959478168241
  0.00673333074114372  0.00696213222545429  0.00720121276169810  0.00744352292932896
  0.00769564728965665  0.00795376740747780  0.00822743458091246  0.00851904773428590
  0.00882876933854547  0.00916612306800191  0.00952934107645302  0.00991937131417115
  0.01032420063609925  0.01073019189871226  0.01116517778135641  0.01164395821254609
  0.01215923645899269  0.01272065864368549  0.01332027769805208  0.01396379833910353
  0.01464314625770237  0.01537888205559614  0.01617265265735679  0.01703785882166749
  0.01797500559142777  0.01898320877712598  0.02010042742452208  0.02137533090304103
  0.02282876419322987  0.02442633196051965  0.02616552458537746  0.02811243979995739
  0.03036926521509959  0.03303619060380542  0.03611343933459583  0.03964912223663000
  0.04396081597691142  0.04939567233963334  0.05616644531503701  0.06550178482566488
  0.07962489030746807  0.10436472197580673  0.17782248695543668  1.00000000000000000
  0.00186606341945814  0.00363979221902115  0.00473555239042041  0.00571134708866679
  0.00664015278859147  0.00760918031633591  0.00860007402177763  0.00960612232883607
  0.01067856216647923  0.01173464745003094  0.01280277648116511  0.01389327574367158
  0.01499014340086581  0.01620616864230525  0.01744883201963363  0.01871115313175075
  0.02002329613676294  0.02145864579706489  0.02297100831295228  0.02448017594376586
  0.02598664102070464  0.02757662558763057  0.02929787434063111  0.03106778311727875
  0.03291459518844111  0.03483794484995056  0.03680034643678477  0.03877579125164811
  0.04082631088595269  0.04298235432740338  0.04525473639903717  0.04760893336450509
  0.05000971684671890  0.05243938777813906  0.05497121262441135  0.05754606893192958
  0.06018332627869326  0.06295137383108113  0.06581287547938947  0.06878399991321753
  0.07177073526559494  0.07493350171703798  0.07826551179072813  0.08186023374120784
  0.08532021675185721  0.08902286338051911  0.09277299465506311  0.09689965065865833
  0.10118260934579686  0.10550716434352027  0.10974535180570920  0.11398403646502284
  0.11833282966358145  0.12296790005259643  0.12801369769412235  0.13339135139412703
  0.13898681817342953  0.14479970477108761  0.15072319226215522  0.15672452911512955
  0.16277821390446787  0.16908895901149434  0.17563313464571753  0.18248025109094779
  0.18971824098542875  0.19730007488060347  0.20527522714012342  0.21384242701364781
  0.22259381652360677  0.23135229488958403  0.24095190529368207  0.25090387874735581
  0.26102639805250477  0.27142330774251311  0.28277885578956891  0.29408161563559032
  0.30469620104137829  0.31554898207138471  0.32722179571712617  0.34034222529306413
  0.35484086422411204  0.37049785616688558  0.38825778145434192  0.40793652743362446
  0.42927841214190182  0.45207974832417047  0.47561801372412782  0.50048522849829136
  0.52716768463858266  0.55688863264691713  0.59184470132976408  0.63380359253193574
  0.68506193026675644  0.74746135187409368  0.83950375843679848  1.00000000000000000
 -0.00242610169226258  0.00886659523039509  0.01831607188713461  0.02804469477474933
  0.03828319047187933  0.04904732138661567  0.05928294198490406  0.06950405624970997
  0.07974749984741838  0.09056527720824005  0.10156961886260904  0.11263084284249512
  0.12400207903471741  0.13544329053210230  0.14648157713911980  0.15704980143473457
  0.16747427765266512  0.17793723174847698  0.18869445601561613  0.19957046967890224
  0.20995723237354375  0.22042030901155385  0.23114061603824476  0.24212004335130691
  0.25286561010939262  0.26346719801183022  0.27395376821398326  0.28428238139482492
  0.29451067119234736  0.30491369719343275  0.31570180073824411  0.32682077202831672
  0.33813663362352886  0.34923405124746126  0.35940239954594044  0.36914044000431057
  0.37884800684522424  0.38852043511713169  0.39800232567045030  0.40720402289353352
  0.41686884631034477  0.42694096885502353  0.43695741260294857  0.44724168451159996
  0.45748371708454394  0.46801850605317097  0.47857971340158156  0.48917836255055175
  0.50001700435760454  0.51052270868591321  0.52086991692267548  0.53134114794066478
  0.54184184850019323  0.55206839879528791  0.56180244053710748  0.57147445342726599
  0.58108475503782786  0.59134232069144166  0.60177090502084896  0.61221832088791028
  0.62246884007734449  0.63313682663825832  0.64379893158530477  0.65444327837692773
  0.66413013374212293  0.67435380780166898  0.68500178246513699  0.69660305876134554
  0.70887519910529118  0.72064224131541321  0.73146549148326012  0.74175064546624259
  0.75201413740143097  0.76222755904660755  0.77273156997533377  0.78308014595334385
  0.79408887072255341  0.80536149861322226  0.81652357340531445  0.82708238526357591
  0.83748204414226768  0.84825763999903536  0.85960994385906175  0.87110591950175820
  0.88253344216655960  0.89351830123974652  0.90395199008488203  0.91435486967034763
  0.92478130796663283  0.93547320279137613  0.94620786491746944  0.95710725551591891
  0.96813694974318831  0.97860413248503564  0.98926678145104197  1.00000000000000000
 -0.00235989910972035  0.00929412243863326  0.01971460301882240  0.02966478753616289
  0.04004617595307323  0.05004708867145664  0.05977520217672030  0.06979793609902327
  0.08033383449075360  0.09093912568486698  0.10174098424352500  0.11205582767850801
  0.12234719045533993  0.13234401700579151  0.14236184250367734  0.15262396098156417
  0.16253402141855047  0.17298348077582995  0.18334746502044294  0.19377198700579390
  0.20436549578866742  0.21468263726502038  0.22502335412129262  0.23524847580112482
  0.24577257165391636  0.25636135010541178  0.26697348906859103  0.27761684911340528
  0.28864377648227735  0.29925379993466161  0.30964665109234557  0.32031235195054003
  0.33123657506554632  0.34222297773945581  0.35283008272792132  0.36364913169068785
  0.37451686469734424  0.38572768669841079  0.39648630299248516  0.40667715952343053
  0.41660518153532139  0.42657261609932601  0.43661783951645783  0.44701343827561152
  0.45708738252730985  0.46874471030187270  0.47955508874551472  0.48959701359890440
  0.49969543604401556  0.51009549225682915  0.52105782734364792  0.53208895879785068
  0.54322667286592352  0.55447946402585990  0.56546470541556249  0.57627206658444396
  0.58683577869826586  0.59736023266827609  0.60814987739505122  0.61914810922045260
  0.62958800947835680  0.63961659077439137  0.64959456979722496  0.65980233324704241
  0.67005584087191716  0.68061210336027322  0.69143848193911428  0.70269858501211613
  0.71378124046139180  0.72474881884466069  0.73593186245213538  0.74763234056814087
  0.75956251264856744  0.77139950395979828  0.78253350822062828  0.79311157975168745
  0.80283004978867478  0.81237069118181193  0.82207295326652918  0.83143308918758430
  0.84159894163006577  0.85188537700906120  0.86315541530688444  0.87437547337720656
  0.88505862838535798  0.89555174781636626  0.90620399652253392  0.91668306306116976
  0.92733957428543889  0.93833625938126786  0.94931282702005737  0.95995433497366467
  0.96999895993940732  0.97978603116099761  0.98996455665293182  1.00000000000000000
 -0.00241636394718244  0.00987148316182945  0.02011274035553270  0.03004964424201801
  0.04016312954320253  0.05050005897041315  0.06140188510616620  0.07225417116014134
  0.08313825933026069  0.09388576668773049  0.10422374737733706  0.11474435247690841
  0.12494585911850685  0.13544853098432871  0.14560167451313674  0.15653988141081776
  0.16810185583192719  0.17937421025605632  0.19059369154125630  0.20143409710909313
  0.21261403863844763  0.22314914431737809  0.23337040314624050  0.24353907371556927
  0.25352446188461975  0.26324322044412835  0.27340419405628852  0.28412883709469250
  0.29530935180865897  0.30626744535558820  0.31669658132082179  0.32720632738139294
  0.33775671518575912  0.34848168092761594  0.35861388013359558  0.36787078055585110
  0.37719909676175256  0.38686695634021601  0.39698252197533712  0.40737505817304398
  0.41785791839086750  0.42879957736823027  0.43933495174071374  0.44972102065136049
  0.46010451081012571  0.47082532500816565  0.48134959461230470  0.49175179462700602
  0.50206939289305175  0.51279841903797008  0.52371828255063357  0.53471877155870029
  0.54549809128011839  0.55614981315897893  0.56675327249486152  0.57746713351153733
  0.58839398623120764  0.59942765385930563  0.61048266364581294  0.62157497474859769
  0.63243732805497910  0.64298780766117869  0.65348069009741472  0.66418454315686470
  0.67512015731625974  0.68577574672812802  0.69671037182344042  0.70714153691281079
  0.71715060160714350  0.72681789669252816  0.73692672204959397  0.74784255899808139
  0.75853008232786101  0.76884822994219904  0.77957596945192831  0.79048561794375538
  0.80121403687359483  0.81154531652194772  0.82158669098107573  0.83209528704814528
  0.84279358579079067  0.85358139974791181  0.86430048077523458  0.87512919826331403
  0.88596513139528366  0.89620729341990457  0.90671285783496902  0.91685100353122628
  0.92729875491163183  0.93746253505767685  0.94822958896073373  0.95924787400689593
  0.96941849130399627  0.97944430650126335  0.98939921102999939  1.00000000000000000
 -0.00262612550890235  0.01071424072556933  0.02114193541107642  0.03142364608618536
  0.04123323590321622  0.05053798593956649  0.06043832813622182  0.07066325877476534
  0.08153050145534184  0.09202093991620650  0.10217940386695319  0.11233742591054204
  0.12251396182320552  0.13283501302262210  0.14334872416067684  0.15417378898225170
  0.16517284409650285  0.17650407815559313  0.18788947565109848  0.19873845223471187
  0.20895319201432302  0.21920548194379610  0.22953973852330950  0.23975693840557361
  0.24983929836638444  0.25991231639434986  0.27011799646370571  0.28042861610033804
  0.29083167914003699  0.30127978408735906  0.31171405690727344  0.32199500506491013
  0.33250315602681585  0.34351429155983482  0.35474813036864472  0.36554769179465774
  0.37593312937789947  0.38616991195506817  0.39661067216138285  0.40746128162620249
  0.41848325437447309  0.42935252946653651  0.43980288915032845  0.44998893162811360
  0.46039987218955597  0.47109918727345601  0.48185319219412887  0.49247650535964388
  0.50302675241731021  0.51334309078980933  0.52341295606332983  0.53361896961346078
  0.54430998301546374  0.55528244240497882  0.56603789553198658  0.57658109882891295
  0.58717280292164531  0.59800482959746382  0.60908129225882346  0.62003314169165535
  0.63034018644600676  0.64013725838453117  0.65002715581095560  0.66030016086837795
  0.67081611429706867  0.68135521306776781  0.69166342780479551  0.70165627058414437
  0.71170019657578765  0.72199513894646250  0.73202154613333192  0.74075985777256026
  0.74930567637584933  0.75839583285871670  0.76851609444819069  0.77928670225778185
  0.79038888837152166  0.80206465752888612  0.81411907325766042  0.82634392519396493
  0.83797974484947235  0.84937532861670739  0.86068049946401814  0.87158570119007905
  0.88220034191089525  0.89232885294537723  0.90248922548763499  0.91288315886690696
  0.92304396805125122  0.93353790648210155  0.94461823303630921  0.95684534908310737
  0.96875794607559607  0.98009146887006715  0.98994814602042858  1.00000000000000000
 -0.00242143880130417  0.00945669937742243  0.01996402739177097  0.03058902238946691
  0.04112924076622460  0.05142238598833387  0.06194695737588143  0.07259346548076602
  0.08295517265286791  0.09361747908167131  0.10427294599522895  0.11500979403845808
  0.12568039326186345  0.13634070633577947  0.14702805939580874  0.15781763419159608
  0.16910347382774960  0.18039814987351172  0.19085393254401947  0.20100370588519670
  0.21089512597201551  0.22099064987969089  0.23124023412873435  0.24163757589907645
  0.25214209429847945  0.26256545390411673  0.27304850997458108  0.28378570923454405
  0.29453496312525518  0.30538138423515354  0.31633072629455128  0.32731940067000048
  0.33790963857110895  0.34800285397296093  0.35806482415273189  0.36857210750004854
  0.37965340847267054  0.39052313729898741  0.40102949248166925  0.41147650936240038
  0.42219989980908468  0.43337484806876853  0.44490520081902069  0.45670363886711973
  0.46825534121343054  0.47915897375475786  0.48942329609871205  0.49970119868467128
  0.51033909279520429  0.52090844537337788  0.53101352963822801  0.54097286960631386
  0.55130508191710681  0.56190137475927082  0.57235671515054698  0.58241780728489001
  0.59249387372960372  0.60270565165007994  0.61336099332135063  0.62409605606835850
  0.63481724182117760  0.64509969530583500  0.65495184998300160  0.66474714314153804
  0.67466461343584860  0.68453489227727293  0.69438407930665480  0.70398081387172640
  0.71396788426467828  0.72451024164931366  0.73463248359184874  0.74469600893052801
  0.75445233819369395  0.76435355864471721  0.77392169792881971  0.78375381161143709
  0.79416831692738843  0.80496538016746899  0.81596927112223983  0.82702233426981175
  0.83819578713336940  0.84949458517307219  0.86059730445122595  0.87158967847749258
  0.88250478465939808  0.89355519630505553  0.90417766623048246  0.91459351908853004
  0.92501886030167346  0.93575398254692665  0.94659022615131383  0.95746393279217945
  0.96819485773405789  0.97898184926371834  0.98945581777344116  1.00000000000000000
 -0.00258471752953564  0.00992965463837362  0.02029787624478428  0.03082096911847784
  0.04119642356140141  0.05153363816389401  0.06181260730602701  0.07238516739369952
  0.08336722600161121  0.09425343830264370  0.10501659806683622  0.11516255725133123
  0.12517489614692284  0.13500588194297586  0.14537055036757182  0.15587548520889730
  0.16630185147397011  0.17665865764997024  0.18637909305161018  0.19568687461489553
  0.20514368716755704  0.21527615249575480  0.22602565340991476  0.23698299648963542
  0.24765774726276943  0.25822789110542532  0.26905359552641528  0.27982870665788079
  0.29030568233021903  0.30047919549705393  0.31085894192452679  0.32183448169945078
  0.33311799462504726  0.34459484633284737  0.35617719954990396  0.36794943805027136
  0.37975544439862124  0.39105814836385949  0.40186652371065973  0.41241299506117679
  0.42313146914007088  0.43388547574921232  0.44468023226073217  0.45524605133896767
  0.46535522591013767  0.47503522028142675  0.48447387051374546  0.49391081021012706
  0.50363109776980364  0.51368575895659174  0.52405487279331442  0.53491783312270480
  0.54622391704056605  0.55759614888580444  0.56860186787133649  0.57894797676224874
  0.58930470965554660  0.59999399332653491  0.61093470626834034  0.62173050964413323
  0.63217878257529980  0.64247066990602442  0.65274726157631757  0.66318059533545226
  0.67305422679776583  0.68304256434433974  0.69325654525099745  0.70374805059873635
  0.71466846761984404  0.72492904308430262  0.73568690500487177  0.74621404539304048
  0.75659581948339572  0.76698036322889773  0.77790663527609849  0.78949891888284662
  0.80116106433857504  0.81216410663840355  0.82268043457325779  0.83305080927882824
  0.84370267281181477  0.85463258523067953  0.86578631916638760  0.87675070336683181
  0.88670588903381531  0.89638299938969468  0.90628487266805291  0.91665337540292191
  0.92728820595210770  0.93762525052187806  0.94811600346724034  0.95837912525234126
  0.96839586646744202  0.97857636136119708  0.98890589780158011  1.00000000000000000
   3.2082547634954696E-012  -1.0000000000000000     
 T T T T T F F T T F F T T T T T T T T T T F F T T F F T T T T T T T T T T F F T T F F T T T T T
