  0.00191573343731484  0.00195148751996898  0.00199186591219933  0.00203027036153847
  0.00206951413107849  0.00211064849633546  0.00215317452601638  0.00219645519632448
  0.00224064516844717  0.00228592849625671  0.00233138532995530  0.00237843443449985
  0.00243123833182425  0.00248583876818285  0.00254144989816474  0.00259690794361006
  0.00265357819400807  0.00271319123318909  0.00277434551233024  0.00283730192430639
  0.00290116112163945  0.00296564740449483  0.00303236563356091  0.00309804862411227
  0.00316778792841143  0.00324176159126119  0.00331947682078521  0.00339890304134909
  0.00347957889048856  0.00356357408707530  0.00365056196820691  0.00374136646567332
  0.00383723957721711  0.00393326939365229  0.00403114767131872  0.00413321034290029
  0.00423875783686003  0.00434898398423783  0.00446573353610927  0.00458975097171987
  0.00472090966247022  0.00485543270530312  0.00499523139050108  0.00514385125860959
  0.00530448019346250  0.00547158708531006  0.00563999710654456  0.00581052578368891
  0.00599058272678171  0.00617818620972691  0.00637040095701808  0.00656918701820425
  0.00677580410633218  0.00699318623976192  0.00722884940250535  0.00747863479777812
  0.00773747099917733  0.00800813673013464  0.00828768158769526  0.00857927779266874
  0.00889958114310942  0.00924631044715353  0.00960986232106660  0.00998805838555108
  0.01038245081214207  0.01079812409763939  0.01124238172166138  0.01171070045449803
  0.01220241772172443  0.01272871192818013  0.01330052330070365  0.01391997478389319
  0.01458656259467308  0.01530984708110066  0.01609563689897140  0.01694584744814100
  0.01789157579396856  0.01893015816233597  0.02006736865886422  0.02131433962678012
  0.02273255958388162  0.02431197331271620  0.02607117327393587  0.02807011695279172
  0.03033486413434865  0.03297162033941944  0.03596114567662795  0.03956324581249531
  0.04407625350857874  0.04961458561991439  0.05632487872958350  0.06603208832865998
  0.08064616673133172  0.10522186581582625  0.18388146284502044  1.00000000000000000
  0.00181687769996148  0.00364766083219014  0.00469988067994119  0.00566200214511630
  0.00655551369989724  0.00745158513609233  0.00839169785325053  0.00938016305187078
  0.01041359828053092  0.01150487812555275  0.01259053301549932  0.01370495525199175
  0.01486319486359942  0.01607394417999991  0.01732577570207965  0.01859777730229634
  0.01991093318380280  0.02129309532163553  0.02276085967293966  0.02427500127427821
  0.02582773941301875  0.02746246722191230  0.02915873704300976  0.03087257903034667
  0.03260285743637203  0.03435658524001183  0.03616140863883951  0.03803161720814781
  0.04001868182340922  0.04214484019537801  0.04434140575145126  0.04657735927668365
  0.04891522090831328  0.05139827278856079  0.05396211510219391  0.05664957643718601
  0.05945043553814037  0.06231464256492313  0.06518992178823320  0.06811087272428877
  0.07112145478415739  0.07428515003495718  0.07765376572455442  0.08121122631807440
  0.08481462857258372  0.08841218586477476  0.09206524274059652  0.09585679551520419
  0.09989327005925835  0.10409575102873848  0.10840069466057047  0.11298726470520239
  0.11792226252747742  0.12300058383599131  0.12816609769674275  0.13344058986160670
  0.13887844454343853  0.14449995701351592  0.15026231210659327  0.15633256929639730
  0.16254684218327276  0.16897076170048270  0.17566748777559479  0.18271220637236338
  0.19022556029039323  0.19830601066086068  0.20656782792363196  0.21495344530775226
  0.22363738167928976  0.23267856984301136  0.24206952609201376  0.25190123239041062
  0.26231181041816659  0.27347738602812716  0.28507427573553457  0.29719820459251339
  0.30948237253417404  0.32208980501796186  0.33541616433429244  0.34970628634578571
  0.36493601268420917  0.38083866428708069  0.39731163424876004  0.41512616997195073
  0.43479139190697735  0.45583542441444952  0.47925741515181902  0.50536803204650482
  0.53449352068671407  0.56716285535886912  0.60383631562875695  0.64499650780614859
  0.69205791012470186  0.74918416876585692  0.84082032734511125  1.00000000000000000
 -0.00245457826429857  0.00947628364861022  0.01939059374078026  0.02943996275246907
  0.03946223305586868  0.04988583741171188  0.06055453975182649  0.07126158546835548
  0.08191633828836943  0.09258509098562530  0.10340119193200312  0.11417245469724592
  0.12504610687858608  0.13563448958209681  0.14606514509161730  0.15654077560576959
  0.16699832114047039  0.17691787232565945  0.18657181288177560  0.19618945601487203
  0.20628175498237666  0.21617811173526921  0.22587090705511145  0.23588524818484699
  0.24599569115780348  0.25614498698604382  0.26648388900161402  0.27730773687676658
  0.28852577138009089  0.29971266860591411  0.31038194975015942  0.32078161392429583
  0.33066881224470834  0.34055347374855788  0.35083496463271036  0.36174500189692016
  0.37316008562731368  0.38453889346159353  0.39558511784585160  0.40626865701753506
  0.41694590009177029  0.42813014405156746  0.43905760630204232  0.44926404198904119
  0.45956262836475115  0.46984182306311872  0.48015494623362603  0.49037192550151654
  0.50066176117985139  0.51079568988969870  0.52074449305581272  0.53075933209799475
  0.54120606063225096  0.55122796835046584  0.56132518041305346  0.57135618327085502
  0.58179783070704949  0.59228556399639365  0.60266382549048558  0.61284597383094475
  0.62321319799368491  0.63346639716136932  0.64409396427310084  0.65474024194097591
  0.66585696381528048  0.67651464899022662  0.68669944070235633  0.69653656425929200
  0.70656443944620695  0.71659191083277751  0.72694248777400550  0.73761730476348208
  0.74901503928080615  0.76041663655862335  0.77204464980869336  0.78408423230472546
  0.79605994282276560  0.80756541171378138  0.81874280482547201  0.82932783628001705
  0.83998704461474849  0.85037407998787662  0.86132855090354421  0.87247604915471466
  0.88305437613913795  0.89318240421246076  0.90330405015646020  0.91323569256523862
  0.92373428156048965  0.93395780023168362  0.94522889210905736  0.95629581760615978
  0.96728826845731075  0.97811762349442144  0.98894262886605477  1.00000000000000000
 -0.00261722301184701  0.00945946549727171  0.01992696178709791  0.02991841427438650
  0.04051185417495679  0.05152369584244722  0.06260678867771272  0.07330588863210019
  0.08406854634933775  0.09517738768727795  0.10631841690709863  0.11718475308901946
  0.12792367053198833  0.13854149211473846  0.14894706163380478  0.15892698741274713
  0.16866256277393224  0.17878452183917795  0.18915682729057423  0.19927055967649820
  0.20929349078200812  0.21946139103662482  0.23005804924983514  0.24112389144864310
  0.25241626951988455  0.26366141123547104  0.27474020817087430  0.28562643330836729
  0.29635203873135746  0.30661956017758984  0.31638483807456852  0.32618689375534227
  0.33652562483535442  0.34737287020491797  0.35814131087204909  0.36862324352229192
  0.37900122080279636  0.38932785742076154  0.39972716032559907  0.41036642180978439
  0.42123520245800133  0.43204900111397060  0.44292234113342938  0.45387027876633418
  0.46425704187291439  0.47426038297412854  0.48441163129777220  0.49482605570507437
  0.50553628145359364  0.51596464310519852  0.52636806071250075  0.53692982582641102
  0.54740853762846897  0.55810701249559580  0.56896116335091174  0.58011464081044239
  0.59097129689775885  0.60154470920758818  0.61194845242614715  0.62234807896335642
  0.63257488205777290  0.64288324043184542  0.65324669972073790  0.66370206228214446
  0.67422916992190018  0.68499525663808492  0.69576657053294511  0.70649415692242545
  0.71698919279842754  0.72788976710115905  0.73901124973174470  0.75007925976733336
  0.76077483941412372  0.77111878888584406  0.78181764548638688  0.79270427192632897
  0.80381692105541480  0.81468726113897127  0.82523117808638691  0.83567379841700185
  0.84594170503172950  0.85620787139996390  0.86629662987451084  0.87652790492494881
  0.88691338218228233  0.89752573097293675  0.90817674436273066  0.91861778094275148
  0.92888589757011619  0.93896157657715673  0.94889861405191034  0.95919893709944337
  0.96949322381397551  0.97977628493870905  0.98968657246802261  1.00000000000000000
 -0.00250013730761256  0.00968326591981843  0.02047300857368511  0.03178428265323656
  0.04288573398114579  0.05357327748904566  0.06379910093707596  0.07402675010187187
  0.08395144157410969  0.09402258816854578  0.10422106598915271  0.11490525041886153
  0.12595466092968349  0.13699092492972209  0.14782738879321913  0.15831626560436857
  0.16881851813359458  0.17913958001849947  0.18947804089415704  0.19989486919514815
  0.21070461063129531  0.22119720827272882  0.23143915010943480  0.24154534224363330
  0.25184633702437426  0.26221339152596335  0.27222197932218056  0.28209687546552925
  0.29235129963514261  0.30292165568150042  0.31366128904365398  0.32402385340025286
  0.33434395050042298  0.34506904734113686  0.35629895981345433  0.36780882721628705
  0.37835484639990330  0.38865714207358348  0.39886631634079728  0.40988249205856186
  0.42046792029095631  0.43066804405359893  0.44057603234656156  0.45042880059529067
  0.46032855371258297  0.47027854877999875  0.48045712010401653  0.49141495264138552
  0.50216460533646046  0.51286032286151373  0.52337181347888417  0.53407049619501445
  0.54457328557201090  0.55524248970609424  0.56633120112078839  0.57745901168579739
  0.58816773076101292  0.59862184165720478  0.60887677697014086  0.61910890689187259
  0.62934095495883757  0.63976926133190304  0.65041281738205659  0.66104516935105595
  0.67159236216523033  0.68219353814523453  0.69282626240915646  0.70347164901801051
  0.71387723392260261  0.72436763011470195  0.73498834899033294  0.74582822385877079
  0.75681525888002510  0.76788544165013384  0.77901717992434816  0.79018182532819015
  0.80147179432720506  0.81276972443068229  0.82376068224580179  0.83454766196236840
  0.84542877350898027  0.85623531667971675  0.86705580975715424  0.87773806448914549
  0.88853935103739867  0.89909690019209487  0.90965818321196723  0.91990311484338849
  0.92963458569431423  0.93919210146925691  0.94907735081144029  0.95909820010290525
  0.96912995615637987  0.97901689372509648  0.98945289796870417  1.00000000000000000
 -0.00242732260354980  0.00945398243432686  0.01943456406354794  0.02954287617866845
  0.03994947132215629  0.05028060488670097  0.06031770682926656  0.07051843258264477
  0.08090616833398578  0.09153265350894289  0.10243541913756916  0.11338105224026440
  0.12430628566553310  0.13469775829633721  0.14505647453806966  0.15568140972139072
  0.16629189831899907  0.17688256300538044  0.18732887953842661  0.19764565604285980
  0.20736882893065420  0.21697235037754117  0.22678077786936077  0.23692709492058978
  0.24721808613530050  0.25771043991085180  0.26829240537793869  0.27879332792811429
  0.28913705429321224  0.29954142685247476  0.31004772982624595  0.32083466271270311
  0.33163425899996923  0.34220270125746954  0.35279784712071904  0.36337437527766958
  0.37414202272207875  0.38481590295416740  0.39563769049563097  0.40628988984215253
  0.41688282483314643  0.42759870852316639  0.43834402014585622  0.44911710831956458
  0.45997772349744676  0.47099578111598478  0.48228503206944850  0.49364881846974118
  0.50491355370704327  0.51603723427408499  0.52704643108736882  0.53789761699937144
  0.54870789030322664  0.55981911879501278  0.57114178543254379  0.58233952560927782
  0.59324091200971230  0.60386140382504905  0.61449117662688924  0.62499104677253214
  0.63584094667064139  0.64675749254600590  0.65807921868967745  0.66906620102133163
  0.67961232026709195  0.68987556486362633  0.70034269358333257  0.71109231171816867
  0.72185638413125131  0.73266145534680105  0.74353724560270917  0.75384751349191703
  0.76367423963157222  0.77306379445814433  0.78299776600591509  0.79280137004765194
  0.80332452349941508  0.81371846538642434  0.82432286417381961  0.83479908035193284
  0.84538667756722286  0.85557354219455739  0.86528206484155878  0.87474062011604803
  0.88474021528926772  0.89506426191228861  0.90559927600131196  0.91589126514441377
  0.92666015885737574  0.93720389545758931  0.94766471700870192  0.95826640176890654
  0.96926739745435642  0.97979188840764730  0.99009553782394766  1.00000000000000000
 -0.00245432187382331  0.00984091163936434  0.02020215507142907  0.03097533172898337
  0.04171230705194614  0.05211305499823805  0.06254697615247730  0.07299873702152360
  0.08345531624124208  0.09372312748896025  0.10372673626834157  0.11370267317524120
  0.12393790392131850  0.13448082291954067  0.14507144777640701  0.15541209690865129
  0.16584594425750149  0.17631357360598876  0.18711013606650648  0.19781211673438481
  0.20846890672851043  0.21903514212895217  0.22958770036087853  0.23983124729216490
  0.24983451167852413  0.25986033437415396  0.26993686513764886  0.27973442636755519
  0.28972331999072887  0.30021094098640067  0.31077560067108945  0.32121777134221569
  0.33155712689706179  0.34212401590709635  0.35260215517460891  0.36289928661511728
  0.37309764899499315  0.38337339290429256  0.39360140385157122  0.40367929426999344
  0.41400294738216398  0.42446640252178858  0.43512577531712515  0.44592231681535099
  0.45703292987958954  0.46823154563126301  0.47903240843918721  0.48965607406986567
  0.50042600052140307  0.51140276213688884  0.52202455257528091  0.53255058291457780
  0.54316272637024732  0.55388151986800649  0.56453681989664495  0.57522534196323383
  0.58622811781096218  0.59742707455678090  0.60857080873385971  0.61980265759783282
  0.63116233552640200  0.64215822596276451  0.65282267014569284  0.66315805907120717
  0.67355660197335909  0.68365134699012486  0.69374912109853604  0.70401217003406791
  0.71497985595221858  0.72595879605562141  0.73649892585487420  0.74664636289952813
  0.75690253551513031  0.76729556472852800  0.77781341355937028  0.78835442404963141
  0.79862795532546160  0.80866571819824540  0.81851144811348120  0.82878812644419220
  0.83923112754362328  0.84980863315081190  0.86072326513715380  0.87186720145840668
  0.88341218332924965  0.89507601973630924  0.90655864000678132  0.91767871656058220
  0.92864804529642764  0.93983817050960217  0.95086840167836684  0.96129446558881937
  0.97110227055418130  0.98087142073937483  0.99038066209916931  1.00000000000000000
 -0.00243924567714408  0.00938734042027422  0.01966419852338878  0.03018014550441587
  0.04033579097230338  0.04996389036937098  0.05969022104541271  0.07023784002970786
  0.08076561583453852  0.09143329143680813  0.10208414365712917  0.11284362364946998
  0.12323756286732912  0.13330017052351964  0.14332344428799770  0.15362683198697849
  0.16391621925585720  0.17436195349295322  0.18484105407584889  0.19583220897877232
  0.20694472914097009  0.21794189300596742  0.22843662861291403  0.23872307981633048
  0.24890729541178286  0.25848150202693332  0.26827965343561111  0.27783694317351160
  0.28795823405182780  0.29762448359644983  0.30761287058953229  0.31791404854011646
  0.32856188615977466  0.33918282334074390  0.34992436183249620  0.36056273023904356
  0.37124611408145458  0.38193686358026252  0.39273708934840923  0.40357842610852435
  0.41419251079589720  0.42508195699837070  0.43628273737691581  0.44795782609191453
  0.45963271923434340  0.47119971943538641  0.48211227330859452  0.49259033982558720
  0.50324505341966708  0.51372826481594924  0.52437589465565548  0.53466524367742485
  0.54492974822975859  0.55587904541342326  0.56702950756131343  0.57834762027992537
  0.58972091925563985  0.60055541856992090  0.61167128710217722  0.62274609528273484
  0.63418277525906541  0.64550713789930680  0.65623981740186255  0.66713978084452774
  0.67821167519237469  0.68901523986769386  0.69923559233217658  0.70923043081390513
  0.71914009476698082  0.72950580361579309  0.73942336240391382  0.74936414570594234
  0.75954297801688275  0.77001265324249091  0.78056023907389560  0.79074392504161395
  0.80111433802094822  0.81163301702957813  0.82191433472646291  0.83188760421966157
  0.84218655138316911  0.85233708989963619  0.86252855648912508  0.87246505179197764
  0.88265495107087177  0.89319419422624624  0.90388551457681721  0.91454592752971875
  0.92540354593260321  0.93640052523337969  0.94749742787767566  0.95819739034473228
  0.96849793355533376  0.97867306450180225  0.98944945527559525  1.00000000000000000
   2.0453690304637344E-012  -1.0000000000000000     
 T T T T T F F T T F F T T T T T T T T T T F F T T F F T T T T T T T T T T F F T T F F T T T T T
