  0.02400915715627314  0.03315314538590448  0.04378860951903724  0.05535396007477587
  0.06731095392485058  0.07997190537219434  0.09627589647200005  0.11113341650939708
  0.12354761916266584  0.13502557717237029  0.14526720012013339  0.15441459520014361
  0.16280577389019971  0.17241153264266898  0.18367123921740791  0.19359473726786461
  0.20165108652461489  0.20990046042082700  0.21729725674083458  0.22597822911978671
  0.23455851837213851  0.24275231679874654  0.25047911095025210  0.25798515955267098
  0.26532175552284309  0.27443235558461060  0.28371266413582741  0.29369211499282499
  0.30347375009235911  0.31234598643949951  0.32086289382068828  0.32965690362656352
  0.33892529528920085  0.35085519749880467  0.36254300306614495  0.37301857911202957
  0.38258351598016760  0.39285729478540543  0.40317116976710615  0.41338364465462962
  0.42350568861897253  0.43272839386245815  0.44144679755261718  0.45043522715558026
  0.46007171499849214  0.46949736175177170  0.47919446742842209  0.48936811964797255
  0.49989948465863487  0.51162232676784192  0.52192118688312172  0.53129211150759181
  0.54048700834747310  0.54969248082919475  0.55895389933615347  0.56837561294629668
  0.57827883125371249  0.58741174580475231  0.59572523673449529  0.60349686454468277
  0.61081317806248991  0.61909558613174009  0.62717371305807912  0.63514017276487156
  0.64333116552402170  0.65153785517349760  0.66163444789463255  0.67290058452249712
  0.68454318627216360  0.69527538556557744  0.70491285224904265  0.71508885417123402
  0.72566280525619109  0.73604968084520872  0.74442848214423962  0.75281199285111411
  0.76213749177561596  0.77236812443111935  0.78355820291016476  0.79436336015270170
  0.80524647411583417  0.81799591189518150  0.83186604705981626  0.84600846947569641
  0.85954208696234180  0.87321405015179698  0.88581121055672718  0.89700611151119791
  0.90612164139836049  0.91459475539133706  0.92358561691213914  0.93420939054373175
  0.94662833603852325  0.96042530919473468  0.97201152349549635  1.00000000000000000
  0.00004116161814324  0.00005018183975211  0.00005747186372051  0.00006305617323556
  0.00006741702071231  0.00007122620620937  0.00007475496306671  0.00007825376567228
  0.00008163629051568  0.00008481883827220  0.00008791000360091  0.00009112464901940
  0.00009443671210770  0.00009769821009536  0.00010075573940072  0.00010371135317325
  0.00010655727360426  0.00010950201195894  0.00011267306299469  0.00011601769991774
  0.00011958670486060  0.00012376592598366  0.00012829495378032  0.00013302919742352
  0.00013731183764677  0.00014145046458376  0.00014554568090084  0.00014963722977611
  0.00015359927962524  0.00015709877886802  0.00016041152737541  0.00016389357884150
  0.00016761829512885  0.00017092819794424  0.00017417991658657  0.00017769637892839
  0.00018173529063846  0.00018611432526822  0.00019037675410081  0.00019505746487713
  0.00020071609360088  0.00020616335371773  0.00021141885967240  0.00021691616889698
  0.00022449283132986  0.00023414309187344  0.00024296991131226  0.00025222267964326
  0.00026021985034266  0.00026780946636451  0.00027537867292064  0.00028316160671993
  0.00029059803645545  0.00029718850845209  0.00030359678373519  0.00031116130281712
  0.00032014825483003  0.00032984382653078  0.00034062310373004  0.00035256458188090
  0.00036291413126679  0.00037115539279192  0.00037945467131765  0.00038810842521417
  0.00039752199420026  0.00040858079330694  0.00042191854040244  0.00043755240919004
  0.00045668874765898  0.00047708183495345  0.00049333543775644  0.00050834983175036
  0.00053064585550832  0.00055084272777584  0.00057281074766460  0.00060234764794677
  0.00064302637377951  0.00069138868882794  0.00073785511070219  0.00076917516311721
  0.00081343981658111  0.00086316170894495  0.00091731599559095  0.00101349577988606
  0.00125400448628265  0.00155118097779931  0.00188266912150069  0.00200564058179868
  0.00212861204209668  0.00237324057750091  0.00264905882555286  0.00286840638963994
  0.00295177016009138  0.00303513393054283  0.00788251970988279  1.00000000000000000
 -0.00001149355468649  0.00027483676710371  0.00110914886807755  0.00240761315526409
  0.00460715761583512  0.00738705102813303  0.01098971233617283  0.01525123633530318
  0.02036161403886700  0.02568434353932841  0.03129596674422228  0.03732271281407183
  0.04347890163382678  0.05003740159772105  0.05680198224662384  0.06412543694825996
  0.07133772836964331  0.07916671568610341  0.08811015765372075  0.09762379941756319
  0.10697179851055606  0.11674392174412877  0.12713751781225879  0.13707916950185819
  0.14644773464471059  0.15635867819714944  0.16704228295723658  0.17847415340050687
  0.18904184304461616  0.20047990089064194  0.21107444444808607  0.22283384275603557
  0.23370900752724080  0.24315842944595453  0.25233492679470215  0.26117296727666489
  0.27071991266083256  0.28287911771051771  0.29685968207318308  0.30970020962415440
  0.32129747882093718  0.33255543216903416  0.34363736716548088  0.35513681631919702
  0.36661373063442376  0.37764573933081230  0.38813643754403759  0.39821516077194269
  0.40852407465213897  0.41956424929951752  0.43065275889707533  0.44140129824176721
  0.45259029591018790  0.46476838907632001  0.47650704324605242  0.48872316691099138
  0.49908729733875795  0.50849300631974892  0.51720702964424303  0.52547465169569674
  0.53359761075027123  0.54186168845809080  0.55136967954028404  0.56146954447623831
  0.57156904353239335  0.58231228659253431  0.59403289746784216  0.60603290447593916
  0.61866881758189174  0.63154786315375888  0.64451982569003841  0.65732040258802593
  0.66955539233305716  0.68123443753120860  0.69329644865482543  0.70532301189821078
  0.71781414394991017  0.73177669130543399  0.74370651892480599  0.75468998147459920
  0.76532848164447742  0.77643635449106985  0.78716662787497982  0.79953595021974233
  0.81206448850907997  0.82505531627582995  0.83966099549868556  0.85544381776973677
  0.87163421565510757  0.88806310881014916  0.90633133878703220  0.92513000083812502
  0.94440465392467976  0.96306127442406175  0.98157022035705621  1.00000000000000000
 -0.00289974753782702  0.01206608055842011  0.02498143877621429  0.03665974078431941
  0.04867955430647283  0.06109709995786336  0.07313620088901399  0.08548100460468995
  0.09677688115943446  0.10836846613583290  0.11982946511701530  0.13139526028189324
  0.14335807315779603  0.15398081447473577  0.16566354977575978  0.17600475746106353
  0.18790820871647129  0.20024793241888322  0.21150047351443446  0.22271182029002937
  0.23423243066082158  0.24616062681861511  0.25839121959913441  0.26955800655178142
  0.27845881463016603  0.28684945970383319  0.29512174118688772  0.30519892680090094
  0.31557538073561753  0.32593702455045753  0.33737987078816734  0.34845516448972025
  0.35941824953381535  0.37009962339216385  0.38172829045681556  0.39308052123055964
  0.40307422623774214  0.41213238125402979  0.42071467490613917  0.42981260045805042
  0.43931599715894015  0.45004644981578495  0.46030705060427685  0.46932763385270521
  0.47785069227442722  0.48642454893874404  0.49575453998894636  0.50931415701361638
  0.52336917728461974  0.53667753725997280  0.54743487342863806  0.55596310888375389
  0.56388650147650221  0.57152313000722976  0.58012510748161250  0.58953933168942851
  0.59758195451218410  0.60527047221061026  0.61348847915365601  0.62124497357128072
  0.62921392417095878  0.63707108952794467  0.64625425609444320  0.65722805086395131
  0.66852110356909855  0.67945155853454020  0.69094589295653630  0.70384752201013479
  0.71463673376121684  0.72380799024028608  0.73440234965841300  0.74506563009962734
  0.75538397161469162  0.76566265260489264  0.77675278716433116  0.78739870030556802
  0.79639401590914016  0.80461133890269165  0.81402350938346513  0.82563889829357429
  0.83808440355520486  0.84968584365564925  0.85980385679837679  0.87047859471409572
  0.88167110910310886  0.89297475115086944  0.90349660562778888  0.91384828845073141
  0.92375205582634790  0.93370583909827398  0.94375053796366848  0.95412819289976170
  0.96437275546135570  0.97477221684125348  0.98665098743173107  1.00000000000000000
 -0.00145167706215148  0.00428617513228828  0.00967169306966317  0.01492059827484559
  0.02117958862984426  0.02962234050067136  0.03941983808754190  0.04899433622181418
  0.05802811877416216  0.06707989132792760  0.07408031175472853  0.08085595185921307
  0.08730928492933895  0.09474601094119198  0.10521409738937731  0.11679333168206341
  0.12907782052737829  0.14259110751045898  0.15633079060666247  0.16954937121841415
  0.17877130837305411  0.18898776953690072  0.20238346568443916  0.21407233715629589
  0.22468567435629802  0.23535690098676684  0.24809397357867380  0.25999781202749489
  0.27229716163033235  0.28570823130695666  0.29659322365870022  0.30562667882784667
  0.31405056939814191  0.32183785058220954  0.33048458064416308  0.33974327788638659
  0.34988256878243640  0.36058574841759050  0.37182207141609924  0.38169884449007613
  0.39036756002382517  0.39845897505571876  0.40672606210366308  0.41487103237933037
  0.42486049135952692  0.43588988437878234  0.44688638304864764  0.46032222331067479
  0.47344191482240233  0.48667696280864314  0.50084099284339789  0.51649530873053617
  0.52990779063027971  0.54173635281771926  0.55418392602976074  0.56607663669343700
  0.57662130009889556  0.58661310867938066  0.59636893810175884  0.60629341842009088
  0.61444209686379059  0.62230395300555319  0.63027308268380655  0.63881899090648864
  0.64936117430177454  0.66025594554283706  0.67229623393648863  0.68492267922693628
  0.69789033934197553  0.71142777044354255  0.72577047353668822  0.74018418894891458
  0.75370360484143950  0.76631873182812837  0.77848500254781761  0.78893614396303047
  0.80061970578915664  0.81304621331301530  0.82685619991860615  0.83948349780227571
  0.85023319546895293  0.86019591379749538  0.86950534080821951  0.87905348875917744
  0.88885616864688943  0.89881672766826226  0.90971586536299676  0.91950386978079235
  0.92854285019532845  0.93750071222056874  0.94766026473702192  0.95930897121016856
  0.97078649331122713  0.98126018518212510  0.99072839631698784  1.00000000000000000
 -0.00256532263611923  0.01141580930368117  0.02362759126519530  0.03396671577243787
  0.04417919220851151  0.05385942775613177  0.06355223859120994  0.07498860088685576
  0.08599500416391213  0.09303096254872051  0.10060407618800515  0.10785209873044496
  0.11614721372974815  0.12396208578771428  0.13194675521725005  0.13979502446708525
  0.14873543480486309  0.15923651948437539  0.16964167647336789  0.18014060581910296
  0.19144056489056013  0.20357036732467546  0.21328456653330366  0.22121899589353630
  0.22913070240062436  0.23715223786287171  0.24515285197234482  0.25233080994904988
  0.25954152233231309  0.26772239188980190  0.27776476625858493  0.28744546064131549
  0.29776924406767552  0.31050183844197987  0.32326597493834991  0.33667262635870049
  0.34781788197656338  0.35822197048873555  0.36917524172656774  0.37777671976134275
  0.38548515819218615  0.39348767468060697  0.40240269119503252  0.41276712561772572
  0.42378002050721675  0.43563862926400959  0.44925620876442329  0.46271051232975191
  0.47640596718432299  0.48775707931588486  0.49830826637580228  0.50793197768211973
  0.51699072515332645  0.52573645665793978  0.53429856793901076  0.54338553073230922
  0.55390896310362059  0.56422627631435662  0.57285854282296222  0.58190019803243309
  0.59235656144840509  0.60485043322239218  0.61836915656476299  0.63224023148145148
  0.64598535121020229  0.65850227821055096  0.66896766159648213  0.67890155899276361
  0.68880005582211978  0.69864776685668151  0.70767910227253572  0.71766933174246461
  0.73078142241401622  0.74270332263712580  0.75365070779084165  0.76567929647623389
  0.77621730778959952  0.78482223997933043  0.79352683406404412  0.80170323893672102
  0.81068947541355796  0.82136195945991453  0.83386637780552264  0.84779181674720561
  0.86137084637637651  0.87445378509570204  0.88732274982760462  0.90061979718893492
  0.91504547749129972  0.93059725972645302  0.94560835314249236  0.95862699294619003
  0.96851736133232280  0.97786553896990913  0.98765056004995266  1.00000000000000000
 -0.00290588894051799  0.00750796343009891  0.01702062374899021  0.02617478404417149
  0.03640762131369722  0.04803305755474527  0.05932794281153930  0.07007817474943491
  0.07901752470443515  0.08798544233962093  0.09755524183827202  0.10834609616813053
  0.12190377671650363  0.13462116700530266  0.14551943142963827  0.15581160636959585
  0.16597087642003727  0.17552887069854198  0.18678523840169775  0.19824710634434625
  0.20966872021242239  0.22260284257189969  0.23622579731279869  0.25072459006033787
  0.26397304930191134  0.27533721813776529  0.28660662483989124  0.29941266496040547
  0.31182985232318650  0.32294623125413885  0.33251687253409495  0.34496396250046185
  0.35746892093734189  0.37151584821326150  0.38628010009413805  0.40009323464976665
  0.41329035712368312  0.42559299591970978  0.43661126052710902  0.44714367427244878
  0.45792772009376626  0.46981928634565162  0.48246762763557044  0.49275220816067711
  0.50194919236411606  0.51115544230021137  0.52061105105288319  0.52951912501163245
  0.53824003824964473  0.54797122004335153  0.55843718807439047  0.56890118215631369
  0.57836050199573497  0.58901776800792416  0.60018222689302692  0.61266291210499846
  0.62470845269362762  0.63674082349492001  0.65025804800976927  0.66484039180396759
  0.67776136997560332  0.68933969398765038  0.70065151281915017  0.71144494133018121
  0.72206868133058466  0.73221133856814313  0.74186343482330375  0.75127728331896171
  0.76080745183902287  0.76957413675935171  0.77912049524301819  0.78917142681114238
  0.80034291136822788  0.81165734720687188  0.82191077985617189  0.83157298278072056
  0.84094022793912770  0.84927728452273343  0.85712783979916929  0.86525544038343660
  0.87440436539312194  0.88294187332387331  0.89070051235200631  0.89846596899758868
  0.90721378802597163  0.91679978951461705  0.92580336670222996  0.93397009131382536
  0.94316854327151811  0.95203210878119182  0.96181238046592821  0.97107090905797266
  0.97857194086385391  0.98580077628676976  0.99303030367011014  1.00000000000000000
 -0.00248376615845110  0.01068516691788709  0.02256582722943699  0.03556707975762676
  0.04886448127820415  0.06395843151655832  0.07718821666068724  0.08942499702792148
  0.10003787948988817  0.10868468799281253  0.11875283275287181  0.12908155742882579
  0.13909884572927789  0.14946880422301048  0.16121090417309400  0.17323796565419647
  0.18438142723558493  0.19206471660605828  0.20062543395565016  0.20922321197572549
  0.21795621741752308  0.22789688213676909  0.23722016633959433  0.24692330564798859
  0.25951050155541444  0.27305245294432384  0.28230911532981434  0.29109865536958812
  0.30041806270447668  0.30999624403061427  0.32017395847521157  0.33015893700591331
  0.34032004156842238  0.35084741335237868  0.36067654514740322  0.37035670234743440
  0.38003947762701229  0.38981423777264451  0.39863706139543242  0.40867391328114727
  0.41900309681219450  0.43019336328746594  0.44356329605911998  0.45750159382240058
  0.47315921875642425  0.48401788062773193  0.49390969885151448  0.50303539460242697
  0.51210539402877031  0.52358955137170504  0.53484369050881075  0.54693200420995880
  0.55828791394816224  0.56759042671540871  0.57629152470025624  0.58546974266981322
  0.59516159018397918  0.60496170938569349  0.61426617231854574  0.62423728742662121
  0.63475300018807168  0.64432829458909247  0.65356695564475720  0.66283399086280848
  0.67354718438155337  0.68561867988137104  0.69736589305432950  0.70958376359620112
  0.72260807550823314  0.73628126707322483  0.74925379467838338  0.76066333787856300
  0.77077133557631106  0.78024280229629306  0.79011388459185206  0.79932371483770392
  0.81103580618669602  0.82331866667225573  0.83606036947967688  0.84692549820383156
  0.85762170659223902  0.86918495245400362  0.88185668007183537  0.89463674892579537
  0.90518531837059624  0.91550031038784441  0.92601871842467820  0.93710844211432476
  0.94692297935145231  0.95614146674963418  0.96356789071635518  0.97136125094122139
  0.97902148107429554  0.98640334320576240  0.99333232718749398  1.00000000000000000
  0.40648499269991084  0.43229767081730114  0.45973150467100871  0.48534640906016391
  0.50786548871182535  0.52971919929175337  0.54808349049276150  0.56528974650304686
  0.58125417671025548  0.59523286955840571  0.60721217422252050  0.61891864873417546
  0.63118794141620926  0.64126842692555908  0.65024363369219262  0.65942502937523817
  0.66904790074184206  0.67777856933965441  0.68597113070520277  0.69451324748730858
  0.70409509024054762  0.71311263881871989  0.72073667775048023  0.72765951634954340
  0.73405096732952568  0.74106921786559343  0.74821039542568746  0.75478777462109292
  0.76070554912577415  0.76664917460637394  0.77276966766053445  0.77828736764990680
  0.78334615879007730  0.78821739985026107  0.79397027864558101  0.80053760252957085
  0.80671009867033272  0.81256226901849915  0.81774539983368866  0.82264773871881380
  0.82731947344162171  0.83181230587976640  0.83615004193141473  0.84011732269975059
  0.84370631308263144  0.84706019952065315  0.85029692596017747  0.85349405522628796
  0.85658474106600813  0.85960921457269712  0.86279009898139825  0.86605894722102061
  0.86915925098992042  0.87209717061611391  0.87465165916924648  0.87692090883406937
  0.87928478782439212  0.88168441149890464  0.88445343788080799  0.88737557892925190
  0.89030918800113512  0.89322460307456764  0.89598886259512933  0.89869677005171800
  0.90123141322325373  0.90401727558419431  0.90678309002325985  0.90974195641693867
  0.91254722843576708  0.91562953294832006  0.91908101717053292  0.92259417648166153
  0.92593644142477749  0.92902893808271880  0.93248395483401336  0.93554047284425734
  0.93849119949405901  0.94105497268296556  0.94340596013287981  0.94577303216530284
  0.94794916623190317  0.95013277457257606  0.95234258754316070  0.95486619051654409
  0.95757923308720250  0.96056712898970043  0.96359130419529049  0.96663736372123144
  0.96975950984730053  0.97274552450032803  0.97600814996819818  0.97971338068599478
  0.98405897025649192  0.98929681785411494  0.99427643001096011  1.00000000000000000
 -0.01369495100199132  0.08826234694874523  0.12178442309861280  0.14545747872580814
  0.16605087522399553  0.18647918487648316  0.19764519404324093  0.20808632644614686
  0.21935149122710942  0.23085663409348989  0.24079203753738293  0.25045412095011577
  0.26085638431208213  0.27180489027658661  0.28308920190195896  0.29310369754202947
  0.30165099236101034  0.30917736895466585  0.31592042764350259  0.32277727877975326
  0.32987773323692438  0.33749025818581091  0.34428979784437735  0.35004921782023796
  0.35610099044018628  0.36275711092021340  0.37041155338321063  0.37754249400874262
  0.38409141214925185  0.39068360304566480  0.39743686669773082  0.40490936733938354
  0.41251965600017254  0.41943784932112466  0.42592547539160147  0.43212028863421864
  0.43817174932393915  0.44445074491472586  0.45075983170661732  0.45680457880344327
  0.46289142553393575  0.46920285709975296  0.47553430276857217  0.48218166271937452
  0.48892912571534147  0.49585504190579760  0.50157025585506032  0.50735775307205833
  0.51360490136726122  0.51999529268644917  0.52608703769474163  0.53174245680400201
  0.53745481109770976  0.54275624094821684  0.54768189539537138  0.55251407393776442
  0.55732952788553358  0.56240148977913740  0.56757987118756281  0.57295732013918776
  0.57813954537587220  0.58260924409174464  0.58763241831607715  0.59276513774518824
  0.59808141937204717  0.60386142013035726  0.61007463103233606  0.61521354133054917
  0.62056054938985694  0.62645051994049361  0.63304994781550583  0.64010815303837965
  0.64723416575298565  0.65448454704958481  0.66210155276090310  0.67016386172690856
  0.67702000054285461  0.68317792651678377  0.68907608822252087  0.69496926076913879
  0.70147121036520699  0.70909573980142115  0.71721306437164356  0.72593842501161532
  0.73505913520468869  0.74553162303270870  0.75730776295227442  0.77048357166485515
  0.78375198196675244  0.79645044783271857  0.81044878829092737  0.82717185581049102
  0.84761883914093972  0.87368814958710250  0.91187921984624609  1.00000000000000000
   1.3842192129543765E-011  -1.0000000000000000     
 T T T T T F T T T T F T T T T T T F F T F F T T F T F F T T F T T F F T F F T F F T F F T F F T T T T T T F T T T T F T T T T T T T T T T F T T T T F T T T T T T F F T T F T T F T F F T T F T T F F T F F T F F T F T T F T T T T T T T F T T T T F T T T T T
  <DiscreteSampler_grid>
  grouped_processes
  1 # 1 for a reference and 2 for a running grid.
  10 # Attribute 'min_bin_probing_points' of the grid.
  1 # Attribute 'grid_mode' of the grid. 1=='default',2=='initialization'
  0.0000000000000000 # Attribute 'small_contrib_threshold' of the grid.
  0.5000000000000000 # Attribute 'damping_power' of the grid.
 # binID   n_entries weight   weight_sqr   abs_weight
    10   10   1.930833356530203E-004   8.516425005661161E-008   1.930833356530203E-004
    11   10   1.930833356795438E-004   8.516425006169329E-008   1.930833356795438E-004
    16   10   2.752699879171199E-004   2.272810938270184E-007   2.752699879171199E-004
    17   10   2.752699879211725E-004   2.272810938280718E-007   2.752699879211725E-004
    22   10   2.752699879171199E-004   2.272810938270184E-007   2.752699879171199E-004
    23   10   2.752699879232655E-004   2.272810938285067E-007   2.752699879232655E-004
    28   10   1.930833356530203E-004   8.516425005661162E-008   1.930833356530203E-004
    29   10   1.930833356798809E-004   8.516425006183261E-008   1.930833356798809E-004
    34   10   1.930833356530203E-004   8.516425005661162E-008   1.930833356530203E-004
    35   10   1.930833356783354E-004   8.516425006146286E-008   1.930833356783354E-004
    40   10   2.752699879171199E-004   2.272810938270185E-007   2.752699879171199E-004
    41   10   2.752699879211722E-004   2.272810938280716E-007   2.752699879211722E-004
    46   10   1.930833356530203E-004   8.516425005661162E-008   1.930833356530203E-004
    47   10   1.930833356798809E-004   8.516425006183261E-008   1.930833356798809E-004
    52   10   2.752699879159118E-004   2.272810938269086E-007   2.752699879159118E-004
    53   10   2.752699879232655E-004   2.272810938285067E-007   2.752699879232655E-004
  </DiscreteSampler_grid>
