  0.00000008335265641  0.00000020659634128  0.00000033850221762  0.00000047250265787
  0.00000059082223225  0.00000070133305031  0.00000081415074168  0.00000094049178782
  0.00000107657673329  0.00000122488697389  0.00000138346789401  0.00000154352378381
  0.00000169790783504  0.00000184334807105  0.00000198444080468  0.00000212485939363
  0.00000226416504691  0.00000240207692249  0.00000253759268873  0.00000267323371469
  0.00000281507252762  0.00000296047382837  0.00000310472272389  0.00000324727030177
  0.00000339230227230  0.00000354606843473  0.00000370469107388  0.00000386498442020
  0.00000402457741532  0.00000418410738307  0.00000435147411156  0.00000451603443998
  0.00000468622938046  0.00000485134197779  0.00000503848270274  0.00000523652212767
  0.00000544551383881  0.00000564851325744  0.00000584885291852  0.00000607782866862
  0.00000632519767836  0.00000658305152827  0.00000684963024927  0.00000716077279935
  0.00000753347606278  0.00000795391044129  0.00000837249640841  0.00000878601796041
  0.00000926291567184  0.00000972202057625  0.00001017600616156  0.00001069379936861
  0.00001123267854112  0.00001176664164702  0.00001226845286143  0.00001272832120168
  0.00001317208696630  0.00001360497952459  0.00001402550441219  0.00001443750830768
  0.00001483410605655  0.00001521560853593  0.00001560194711815  0.00001600097626707
  0.00001642251469047  0.00001685308905352  0.00001727753684873  0.00001769787870977
  0.00001811769214387  0.00001854630311590  0.00001899257690053  0.00001942679099101
  0.00001984848924112  0.00002026876646093  0.00002070256365377  0.00002115981706351
  0.00002164355199251  0.00002215257542259  0.00002268429848773  0.00002324526300254
  0.00002382219291064  0.00002442010548295  0.00002505120222181  0.00002572216872962
  0.00002640595067185  0.00002718182145067  0.00002802144590765  0.00002893249010626
  0.00002994049047539  0.00003105906788594  0.00003226679149852  0.00003369865029678
  0.00003518975559873  0.00003640452646117  0.00003708665839293  1.00000000000000000
  0.00000007483639877  0.00000029674303873  0.00000047273194603  0.00000062579035593
  0.00000077707789778  0.00000093589280029  0.00000109996202730  0.00000127290363387
  0.00000143546192721  0.00000158569640096  0.00000172997761368  0.00000187590247082
  0.00000203486974930  0.00000220287314033  0.00000235991036857  0.00000251170614688
  0.00000265852512201  0.00000280830796633  0.00000296958818733  0.00000313688335810
  0.00000329987031749  0.00000346061747444  0.00000362393672288  0.00000378841815577
  0.00000395956141042  0.00000413563919893  0.00000432195029979  0.00000451155666458
  0.00000471004528341  0.00000492711893978  0.00000515372015549  0.00000537871330000
  0.00000560288836876  0.00000582808788702  0.00000606714657534  0.00000632033748761
  0.00000657948443833  0.00000684486387980  0.00000712511703958  0.00000744041330362
  0.00000778523700742  0.00000814983195323  0.00000856008816131  0.00000900666953150
  0.00000945884067501  0.00000990386243425  0.00001036916680496  0.00001087309223432
  0.00001138624970219  0.00001187780942732  0.00001234172098888  0.00001278888159612
  0.00001323345423712  0.00001367842824004  0.00001410624947893  0.00001451402353628
  0.00001490163908475  0.00001528362903306  0.00001568318211271  0.00001607678803294
  0.00001646629504664  0.00001684304375905  0.00001721459742577  0.00001759420916522
  0.00001797806169532  0.00001837033758367  0.00001878435954914  0.00001923892356395
  0.00001970576245460  0.00002018196258352  0.00002067654175169  0.00002119076045589
  0.00002172325955882  0.00002229367741073  0.00002289479971135  0.00002349276137323
  0.00002410558166881  0.00002472988823445  0.00002536229139929  0.00002600026323328
  0.00002665457822530  0.00002736277643419  0.00002812293913870  0.00002894044035657
  0.00002982514843777  0.00003077148397303  0.00003175553944424  0.00003278051405585
  0.00003405473818928  0.00003554044502581  0.00003750121489439  0.00004080907681700
  0.00004485624737336  0.00004820361722623  0.00005013476963043  1.00000000000000000
 -0.00198903378524990  0.00842110707668393  0.01668205146065479  0.02486718201145258
  0.03368640771634507  0.04236764067046006  0.05196049334929068  0.06162908225125553
  0.07214430955370754  0.08193614538273611  0.09083966051690359  0.10001551707531799
  0.10949073588650199  0.11967582222548125  0.12969692158896767  0.14066710346357791
  0.15277059542162097  0.16541328681954015  0.17774660153540969  0.18957139518892363
  0.20139647158589050  0.21389876238195477  0.22715209025299335  0.24098707757394208
  0.25559737151714829  0.26955596722085862  0.28257843574800195  0.29454739135610475
  0.30725846947265356  0.31926397510212534  0.33167016287279022  0.34598703898050392
  0.36041087698555929  0.37386519096924758  0.38741058829042180  0.40199531071290856
  0.41750381980786200  0.43295709170515706  0.44759684640873065  0.46114597704076637
  0.47443838579094377  0.48704209474058624  0.49839898642313957  0.50934698384916499
  0.52039974990863536  0.53134647167950366  0.54243640422566441  0.55457177722120155
  0.56756195655950237  0.58039709053387489  0.59267303321035691  0.60497817207316051
  0.61718852152640236  0.63001995986424120  0.64171578769613136  0.65209506957707852
  0.66208721066123022  0.67245444630404616  0.68283858962022359  0.69260761579817987
  0.70155571263317940  0.71019631166392594  0.71928814222906179  0.72853278693714540
  0.73767246845513301  0.74645945470137365  0.75580491141052020  0.76559971256505177
  0.77553612968336716  0.78553849067726467  0.79540497028903356  0.80496614761967566
  0.81441794110836130  0.82358192325043889  0.83257515088040701  0.84112375119043969
  0.84932767541917842  0.85769510765175849  0.86622127464757070  0.87482447992056667
  0.88337858463547414  0.89169194635338711  0.90016370484514441  0.90908705426030167
  0.91775521867072241  0.92615757646455854  0.93451883316417905  0.94230835111043432
  0.94922751165234753  0.95601458993730504  0.96325820574979237  0.97112253428810180
  0.97896859433300976  0.98634748294405050  0.99311819486560082  1.00000000000000000
 -0.00204692548232156  0.00805430186414765  0.01688308283481665  0.02669999876829985
  0.03627889200100010  0.04628677169439022  0.05870472697447483  0.06935791946453961
  0.08014739386834289  0.09084835271600239  0.10101827069567640  0.11102020468767701
  0.12031193851320102  0.13021790639753511  0.14090743390874155  0.15168341951159528
  0.16208429505468031  0.17217817433202887  0.18190963069717705  0.19199012441862107
  0.20208837725514547  0.21313099903217769  0.22407117427963472  0.23464716735947425
  0.24465762442141481  0.25437754219921010  0.26441829151697038  0.27499751561494801
  0.28625595776832763  0.29661424742384795  0.30663481223473082  0.31650734683516257
  0.32688557868318835  0.33800356130029635  0.34949047535317834  0.36120189777139933
  0.37234224327316412  0.38381942488600795  0.39574234648036788  0.40849642362070482
  0.41937016107137531  0.42870208893300138  0.43771564036884703  0.44707615485432434
  0.45665751485349843  0.46611419999215287  0.47580464318478266  0.48628394269460079
  0.49702166663741926  0.50755205920876945  0.51814170486509770  0.52879848110431749
  0.53876411181910866  0.54815187771870599  0.55778593909029428  0.56704440293453118
  0.57612545207062815  0.58537984164370349  0.59508510986583052  0.60467690961928422
  0.61408804222972724  0.62384003379335240  0.63402762520716760  0.64474511997803763
  0.65598794710802677  0.66805890394319445  0.68027895654025383  0.69179274898348764
  0.70285078972138415  0.71440836093231075  0.72631510995005588  0.73785822400984258
  0.74935280234483537  0.76168532056355409  0.77355493764142647  0.78423886135908261
  0.79447041916460615  0.80529852258273349  0.81643428139956686  0.82768209353853428
  0.83738429397364911  0.84684192345128284  0.85594087031089983  0.86598965868279931
  0.87692599429743989  0.88988268570621221  0.90348026543772997  0.91626951790207090
  0.92791076661150995  0.93909022448779311  0.95059307667107951  0.96149404729273025
  0.97143150564223024  0.98076574701746422  0.99017955243193090  1.00000000000000000
 -0.00211683162966202  0.01022149186072721  0.02074522868708811  0.03154323765089916
  0.04275376428993564  0.05413617128729827  0.06543244394239907  0.07635749939682600
  0.08719280667152168  0.09771016237146943  0.10839016374719970  0.11923274027975893
  0.13029251598574595  0.14188568369624366  0.15344091272384325  0.16530783163162285
  0.17747016495958809  0.18922635953747047  0.20019170848511642  0.21015433300459810
  0.21977582438063714  0.23008969249614569  0.24030988999481767  0.25004549858072606
  0.25945603344394080  0.26928865317365513  0.27990758963283607  0.29095206226272186
  0.30225620987588991  0.31353555855041421  0.32467753139787286  0.33530302469230372
  0.34662543673148705  0.35790068574567319  0.36918351251884934  0.38064446950510716
  0.39189024657030291  0.40262438597135980  0.41319671437401817  0.42384279454106449
  0.43447876318418321  0.44493362343951876  0.45516414894954221  0.46527055048737070
  0.47484103397300748  0.48381408407922188  0.49273719197451121  0.50238416085245319
  0.51280269551675872  0.52316639736961990  0.53350522364126096  0.54362962848533691
  0.55388530442153361  0.56483183584482333  0.57670903790817807  0.58853600870117162
  0.59898859814228944  0.60919099955534639  0.61912383928053805  0.62813623033544985
  0.63662969895242005  0.64527515066408259  0.65447834714275277  0.66380178821129887
  0.67299477183237166  0.68195206469845981  0.69090168465720980  0.69947180506439965
  0.70845372910380733  0.71828103307149305  0.72798252361953975  0.73686457341938283
  0.74547762140717289  0.75384520243873254  0.76232638347301440  0.77129565817166679
  0.78117978616977135  0.79170304709952966  0.80322948322176801  0.81416900920969559
  0.82556281183882796  0.83680930322710168  0.84832650235562368  0.85993817406937978
  0.87120503528964899  0.88222058230893285  0.89315467947112281  0.90414584789700103
  0.91491454008436879  0.92568995226383932  0.93707162833763635  0.94924673687541838
  0.96258014468786335  0.97466555230545471  0.98758969386937911  1.00000000000000000
 -0.00275051733845155  0.00998775372620165  0.02112396883359542  0.03148413054888135
  0.04214316944688724  0.05349910388996910  0.06499732319514094  0.07647246159863973
  0.08769608359510073  0.09818974481581978  0.10808005213968999  0.11812480397554501
  0.12893057332918215  0.14062060780541638  0.15184038918496698  0.16254443057261289
  0.17292030219547511  0.18359561465376734  0.19503657882315517  0.20684801103769629
  0.21853332750838894  0.23022100799852746  0.24223948741341753  0.25447016246510951
  0.26629468656875993  0.27686761101347601  0.28687906334316776  0.29688182208787744
  0.30666373273230635  0.31656591828023140  0.32625511283679481  0.33584740179275535
  0.34546329175962204  0.35609035277666079  0.36814542769987152  0.37958434573766647
  0.39025295650148456  0.40075575543621489  0.41166908859417500  0.42294697623784716
  0.43448697324579871  0.44667989213320053  0.45992390810404704  0.47302009178747462
  0.48461382545584236  0.49522813618917683  0.50536003012708863  0.51581246786332713
  0.52716638490905510  0.53907126215625956  0.55008599029633976  0.55997844618673742
  0.56965038448969896  0.57913095249122160  0.58819896016432993  0.59658089506122192
  0.60580750539940986  0.61471643004132093  0.62354335176918474  0.63267794798514232
  0.64209684093230102  0.65275743819670640  0.66407269961013182  0.67463921269478566
  0.68532155992877830  0.69612287548348895  0.70711400775851951  0.71683338237687266
  0.72565718073988472  0.73511386871914153  0.74465871340867762  0.75415195340655905
  0.76365203993245767  0.77374257206009112  0.78451739225878703  0.79546066723311237
  0.80533159734497506  0.81464473646640656  0.82399451782666322  0.83361404307269504
  0.84420977250339668  0.85443769994571694  0.86378853741594541  0.87330307378409266
  0.88420098623391874  0.89539771820159708  0.90587053890107816  0.91609715432212746
  0.92677643004657773  0.93791901993316951  0.94849533097978334  0.95828298253977318
  0.96791641851811472  0.97732728568087579  0.98865641127880288  1.00000000000000000
 -0.00251680334248933  0.01223204183694290  0.02418822475055350  0.03472140678825306
  0.04481375226507539  0.05391091561742456  0.06218887026003947  0.07071267384516833
  0.07929998273490851  0.08839432509631605  0.09888298922343568  0.10923338653553538
  0.12069920831535207  0.13282825656432418  0.14552339592773711  0.15633281933576795
  0.16704684085542468  0.17823545109076144  0.18899107468736021  0.19821899982321325
  0.20741684721644083  0.21749455954594613  0.22859112311881233  0.24041921791987830
  0.25161753342797394  0.26209918896198664  0.27234289256613198  0.28291777241014510
  0.29365221027253846  0.30425874201402731  0.31450493564715737  0.32369004592877937
  0.33338910548973411  0.34469638383848389  0.35618423478265837  0.36598603234259269
  0.37559659432282722  0.38610544655937740  0.39600761969710946  0.40550326937096165
  0.41505235374432264  0.42553902156076295  0.43716299340840831  0.44805727990813771
  0.45942073193372018  0.47104259423485623  0.48215997454129367  0.49287656345156844
  0.50422886973066838  0.51616830671053204  0.52703824095803931  0.53695472950366208
  0.54653818777718799  0.55595033151071227  0.56611119154765177  0.57655388228968474
  0.58720838880689175  0.59771500968119595  0.60819958769368598  0.61943886366832990
  0.63002895246326396  0.63969980621156075  0.64974013037007372  0.65958248184527446
  0.66899472757274070  0.67845418074002906  0.68864165196435256  0.70095280135348514
  0.71309578264979034  0.72448296650249877  0.73484926948335771  0.74484007210995784
  0.75521977207903712  0.76566269648140317  0.77567012462711082  0.78524742485163079
  0.79500889252653706  0.80538290827582049  0.81617178357703890  0.82754998648302058
  0.83844286987030003  0.84938202524671969  0.85974167460676820  0.86951580085390057
  0.87876048024165021  0.88830762520094075  0.89866165788418406  0.90904417665706305
  0.91954223796090662  0.93060394099139576  0.94198440125471139  0.95378291365201584
  0.96545034920165473  0.97749639106954522  0.98894683032672503  1.00000000000000000
 -0.00268301269860060  0.00965372750035170  0.02066932079978608  0.03159555809662247
  0.04345899171045756  0.05577764060457437  0.06871180299318708  0.08116730649020518
  0.09338434842253276  0.10511590898158604  0.11630190429007832  0.12714763320769648
  0.13842732236573085  0.14978528942128275  0.16035757758722838  0.17053378775005265
  0.18080124773066908  0.19149334898134962  0.20336858742179925  0.21619120947774301
  0.23026828317757500  0.24352016835830648  0.25567559306145032  0.26756832373641121
  0.27858390036704755  0.28843918325241641  0.29811707489185219  0.30823192970299457
  0.31934065196132633  0.33116838172557111  0.34312569188817327  0.35436214034146007
  0.36538074277701771  0.37696759133045832  0.38959004151623888  0.40199427523011394
  0.41275056978780778  0.42339943441067335  0.43319132919493186  0.44331516162061074
  0.45319356027688074  0.46344562112127929  0.47377659812058681  0.48477377220360590
  0.49508976457659104  0.50451845447218002  0.51331540204288040  0.52165589517373934
  0.53092496934978062  0.54040180828289341  0.55073243405900441  0.56032474146872491
  0.57146536596266340  0.58268865616676468  0.59260655211990187  0.60275275289238772
  0.61304137071226894  0.62353033883682651  0.63324403498767090  0.64252763340095242
  0.65205567352263494  0.66164704228056559  0.67058759536259083  0.67900227751882269
  0.68814162805203927  0.69790928650816753  0.70630992691681904  0.71519392721215147
  0.72393290562801516  0.73495443105743286  0.74665672236785452  0.75795350498074054
  0.76978993811120833  0.78106065516264456  0.79234544006389651  0.80360906146388067
  0.81396802482855368  0.82327898670405597  0.83235270341241663  0.84131977183787177
  0.85047573719291869  0.85879790898915287  0.86718282974553496  0.87605218545898822
  0.88675166602892297  0.89601905234014945  0.90512320951167180  0.91415436059371202
  0.92509961191680856  0.93656953575733004  0.94791826357281983  0.95885304850363962
  0.96867883089428586  0.97852474245312060  0.98881684554328897  1.00000000000000000
  0.02418404759058340  0.03627688670056153  0.05058435313026861  0.06471038127104317
  0.07855261659335888  0.09257966516909437  0.10603109029941757  0.11735872748868491
  0.12821790850657241  0.13856608918784877  0.14964816614431803  0.16091362292085798
  0.17245878653533886  0.18467354286608248  0.19770203922713922  0.21006301674275937
  0.22120270676644721  0.23136035850745854  0.24130147637478938  0.25141643951817977
  0.26141336887612893  0.27069647855038492  0.28044982304329658  0.29012872982720461
  0.30071158046553476  0.31142217738311218  0.32191529872909552  0.33257235529254253
  0.34322598937479998  0.35410596493015573  0.36494555816252866  0.37618349759828146
  0.38748232239610131  0.39886666780973862  0.41080779485732444  0.42282538709429085
  0.43437509545684733  0.44558547644265328  0.45562806127642635  0.46628346369106355
  0.47674503022273179  0.48762311713716400  0.49849111694261206  0.50992561664696989
  0.52220987689782616  0.53358857152151307  0.54483134835757541  0.55540364275962417
  0.56587922738435137  0.57646914814217787  0.58715174061067765  0.59794066850144234
  0.60800885434260343  0.61718307292850094  0.62676023677068349  0.63643879640768997
  0.64608409440019332  0.65557098994317975  0.66500576103697595  0.67549438257650896
  0.68542268711700027  0.69473753930029924  0.70359236631585376  0.71274709193578623
  0.72150487089062465  0.72999823316846568  0.73891939387872507  0.74778707809721678
  0.75856106150168168  0.77073549990105916  0.78141963063930653  0.79161481807910228
  0.80046952782123526  0.80963943271529559  0.81800537299114251  0.82669872329887817
  0.83609663728749606  0.84507055298815636  0.85309968126406210  0.86058681741677112
  0.86791798702963241  0.87544943315695900  0.88304052904021302  0.89079788949290950
  0.89905394766833946  0.90828227084246460  0.91728348278957728  0.92558679462647486
  0.93353973846611471  0.94162011647824762  0.94969373992195794  0.95704154667786656
  0.96288320645055381  0.96759081191480090  0.97080432050718013  1.00000000000000000
 -0.01774397615444016  0.10920581258910483  0.14927983798667063  0.17397856491769967
  0.19314211693923689  0.21001715972757576  0.22758805174066246  0.24665705520323053
  0.26457207329535504  0.27895658943330742  0.29144808660471194  0.30304332895640457
  0.31480453231465272  0.32611038223589234  0.33680692972415965  0.34614887369336755
  0.35551824890507522  0.36503351496922715  0.37497221640394812  0.38452577793552944
  0.39358432755065076  0.40260674926456691  0.41160966370764218  0.42044510318392447
  0.42922392368430951  0.43772515241411780  0.44644561936426791  0.45504250085367687
  0.46356785229138869  0.47191914017265929  0.48029673401024875  0.48903467719607613
  0.49828897979075071  0.50675334719375920  0.51413455770556871  0.52091760940316434
  0.52752611571513019  0.53468384780019962  0.54236255428885183  0.55002633832549241
  0.55763876003518065  0.56509383776339017  0.57286978843228431  0.58045401674639585
  0.58756633446079809  0.59476125458099538  0.60189894758304319  0.60940606689348920
  0.61709146178391505  0.62465816016956599  0.63111128244207237  0.63725505849123354
  0.64339019431306854  0.65009607066845032  0.65683662718879610  0.66357723247369760
  0.66986915904955668  0.67572224462182862  0.68130928412330638  0.68682107467796683
  0.69234374846038238  0.69804175612291885  0.70375180452491137  0.70944165857686126
  0.71588135585496038  0.72256662262740690  0.72899162913061877  0.73526042836790495
  0.74140009363109716  0.74759987601021316  0.75389280453562380  0.76010425343421406
  0.76630159527538566  0.77247968499990871  0.77809449685723786  0.78432596261768583
  0.79055541352025749  0.79690380003674421  0.80334528685152062  0.80955053905641883
  0.81593968687695595  0.82239385708288348  0.82894101935056064  0.83530631070734040
  0.84136525767428871  0.84748010779702254  0.85408577120841056  0.86162808902680410
  0.86977074188319181  0.87796111077854622  0.88682567849086069  0.89662285719579160
  0.90884796085488440  0.92362548387008192  0.94444099070315668  1.00000000000000000
   7.8117083215863016E-017  -1.0000000000000000     
 T T T T T F F T T F F T T T T T T F F T F F F F F F F F T F F T T F F T F F F F F F F F T F F T T T T T T F T T T F F T T T T T T T T T T F F T T F F T T T T T T F F T F F F F F F F F T F F T T F F T F F F F F F F F T F F T T T T T T F F T T F F T T T T T
  <DiscreteSampler_grid>
  grouped_processes
  1 # 1 for a reference and 2 for a running grid.
  10 # Attribute 'min_bin_probing_points' of the grid.
  1 # Attribute 'grid_mode' of the grid. 1=='default',2=='initialization'
  0.0000000000000000 # Attribute 'small_contrib_threshold' of the grid.
  0.5000000000000000 # Attribute 'damping_power' of the grid.
 # binID   n_entries weight   weight_sqr   abs_weight
    10   10   3.353258239994491E-009   3.994460510167017E-017   3.353258239994491E-009
    11   10   3.353258239994492E-009   3.994460510167020E-017   3.353258239994492E-009
  </DiscreteSampler_grid>
