  0.00191791405806831  0.00194322259621431  0.00198070955119010  0.00201972045918350
  0.00205769926580879  0.00210164309287380  0.00214751189190040  0.00219365138826222
  0.00224024177566954  0.00228715918410230  0.00233476351961524  0.00238428869196128
  0.00243748161439485  0.00249234176738434  0.00254774107571647  0.00260735753928350
  0.00266825769921038  0.00273009095238094  0.00279319178021732  0.00285724161790956
  0.00292299813115237  0.00299029754806177  0.00305918850254163  0.00313026320253885
  0.00320090032018715  0.00327276103384955  0.00334707161032938  0.00342568788478748
  0.00351055321550956  0.00359985364372434  0.00369207786177126  0.00378681420756049
  0.00388392918924289  0.00398465213822400  0.00409049483746342  0.00420167321402221
  0.00431354052725758  0.00442980797915874  0.00454560519103361  0.00466636427109441
  0.00479432690786647  0.00492738672638338  0.00506513498439352  0.00520960313906005
  0.00535517850498643  0.00550648981429364  0.00566233786319523  0.00582960347114910
  0.00600372894254380  0.00618837027822183  0.00637983206152799  0.00657781442865672
  0.00678610574966458  0.00700576319636499  0.00724195963139575  0.00749233396097777
  0.00775228672524989  0.00802636476274979  0.00831814441510107  0.00862922976702814
  0.00895979104327414  0.00930653418318636  0.00967347855624867  0.01006687288243552
  0.01048914150053057  0.01093681278711545  0.01140848739671554  0.01189703028011311
  0.01240661987795646  0.01294813253179473  0.01353674127855355  0.01417811898843365
  0.01487116257782151  0.01560623790666595  0.01638633163818111  0.01724091287050499
  0.01820193780775009  0.01927169316619539  0.02044744495381260  0.02172311302140031
  0.02314655883253004  0.02469766660058437  0.02643615972978749  0.02839473678061771
  0.03065822218543370  0.03328234339341236  0.03638891879508403  0.04011152699819083
  0.04455905435939005  0.04996712597800986  0.05707876624384981  0.06698646554031336
  0.08129063639116417  0.10540091477321506  0.18243904236927003  1.00000000000000000
  0.00189644084552675  0.00360858987182983  0.00455029136765251  0.00545666621205917
  0.00635747828500883  0.00724472357150572  0.00813963929828353  0.00909247320232604
  0.01008881822521762  0.01110636777323180  0.01216320870101209  0.01329496885586454
  0.01450997710944591  0.01577696189859028  0.01703185661997340  0.01824378924558382
  0.01951336342831883  0.02087250930576295  0.02225332215339491  0.02368249735733236
  0.02514008775734402  0.02664420602330079  0.02821222615772090  0.02985438764866930
  0.03155854438323532  0.03329586169520648  0.03509060445238500  0.03698060735400725
  0.03900185719774837  0.04119862345316788  0.04356188291015289  0.04601035312837843
  0.04847980662274329  0.05097704397040758  0.05352398011311131  0.05612009374420135
  0.05884685573570000  0.06169788485564647  0.06467900419622721  0.06776111758223305
  0.07086001897012788  0.07403303242798775  0.07731774192771226  0.08069733778211557
  0.08418694006376148  0.08799708926270641  0.09213409608262101  0.09620968421317157
  0.10029938082242605  0.10440091621667394  0.10853768230489597  0.11286264676506449
  0.11731150991006239  0.12199551103566365  0.12700645300382560  0.13236978711387404
  0.13795830829988234  0.14361600423361265  0.14938174875170832  0.15526999306197056
  0.16146528463528539  0.16797696561602757  0.17461701455666173  0.18145178690618455
  0.18862157108123007  0.19626899646031515  0.20457748785487684  0.21315294975923557
  0.22236231770160705  0.23199346430532292  0.24177928497833848  0.25211972798490417
  0.26246383426261394  0.27335329281843823  0.28483175739865596  0.29677490504150722
  0.30921908199886955  0.32230651932600357  0.33601674075186128  0.35062502798434858
  0.36642352339203937  0.38369755194922950  0.40194182541091650  0.42163876527202426
  0.44294005819728288  0.46558226503065064  0.48940533252048030  0.51491824366342298
  0.54271155426669404  0.57349776586924972  0.60753788129941910  0.64590238719126591
  0.69074001464645107  0.74881259156852031  0.83952235269303244  1.00000000000000000
 -0.00249608306125263  0.00917441514411651  0.01938370364385741  0.02982121055488975
  0.04009708362592623  0.05030661930097863  0.06068011945406038  0.07124517281699680
  0.08195871922211455  0.09275718666473057  0.10347862293939952  0.11414790250805523
  0.12489735053739208  0.13552572074071140  0.14620719563352441  0.15672474016142066
  0.16743933896618093  0.17785486827266930  0.18818502629393413  0.19855658043638169
  0.20891683721176560  0.21938829294179296  0.22961205722537809  0.24011031494843618
  0.25089615898010015  0.26177457208712085  0.27248374207109971  0.28300306627801153
  0.29342413638671067  0.30402319525538218  0.31474754536989147  0.32554282232125153
  0.33660797896089828  0.34765691424258077  0.35861794556906307  0.36905131470355435
  0.37950212109611192  0.39003466828105143  0.40075401512061082  0.41117511755208730
  0.42125501669274934  0.43125781559784593  0.44164140416027770  0.45265907322800936
  0.46400943637510594  0.47501182814353438  0.48536167683689979  0.49543215591551049
  0.50521796274796704  0.51528677397089717  0.52549807206603616  0.53548778399095542
  0.54565354851758419  0.55618957399673574  0.56698596280378788  0.57773426342138978
  0.58836066905710405  0.59865645425228642  0.60871706614519594  0.61860817713888638
  0.62886027139918310  0.63924268495644820  0.64964005967295624  0.66040552825970122
  0.67183814739842107  0.68334520398586240  0.69448495890957262  0.70535181342651132
  0.71635005330395651  0.72713157795419492  0.73766946372510567  0.74799116978634872
  0.75864796772129950  0.76927660238789797  0.77966280532359244  0.78993007519972969
  0.80026627911058013  0.81092557247001429  0.82179909250573824  0.83276632486669100
  0.84354133163371470  0.85433526770472745  0.86511540017405997  0.87577847807880516
  0.88634836233524572  0.89677680672616544  0.90726956644873391  0.91786743422899297
  0.92853704695245776  0.93888453442626685  0.94896497001008340  0.95907201251417618
  0.96937218068973208  0.97986921509779723  0.99007446573294278  1.00000000000000000
 -0.00208245264787763  0.00871493925899414  0.01778080131256142  0.02767431226791168
  0.03763577901126162  0.04799545874697383  0.05811985402163604  0.06848420671061387
  0.07932713573505908  0.09011018051282435  0.10080775063740646  0.11127278390808619
  0.12238218201960116  0.13289847470529989  0.14327740689230781  0.15352229575667412
  0.16410632838677264  0.17467757550764546  0.18517231811276599  0.19569077926864584
  0.20630857256537913  0.21656167388663394  0.22657065033523965  0.23647347812049446
  0.24658487028766779  0.25702155730638276  0.26752437749834590  0.27801183199481705
  0.28815940893698022  0.29865377209786781  0.30944217633491572  0.32023137942325219
  0.33039859030281366  0.34037329762797741  0.35061975594100758  0.36107788784490680
  0.37190095554507968  0.38244577971942217  0.39270966306351301  0.40314601005690148
  0.41397950274834594  0.42522073480132694  0.43625650783976649  0.44687260344858137
  0.45734084936922614  0.46775672125463136  0.47831782654293664  0.48916460584033988
  0.49999366477917312  0.51087668178625401  0.52157752933939294  0.53180897535748606
  0.54244166170946206  0.55324931726891924  0.56423841821173959  0.57505868383019554
  0.58605482765898531  0.59738216298612579  0.60846920965563711  0.61932975736065710
  0.63024878021239727  0.64092642033445435  0.65122025296153974  0.66115392995689526
  0.67143534318897302  0.68143271566347663  0.69148892257973815  0.70173671147285732
  0.71241111007300706  0.72356489795450796  0.73444514671958228  0.74571978344295853
  0.75625761835820204  0.76663930729236374  0.77702927729502269  0.78755811675303389
  0.79824977007257825  0.80873485960318625  0.81909582627706856  0.82937352072060566
  0.84005374333609684  0.85052430655509126  0.86095263815380951  0.87122514960172237
  0.88180895218358801  0.89223462080777971  0.90253831737002166  0.91305129600239232
  0.92419969554723169  0.93542734940539707  0.94632494883038620  0.95709196995798440
  0.96779698818960980  0.97869036788201758  0.98949330761975274  1.00000000000000000
 -0.00213487441678321  0.00880744151041724  0.01885935200480626  0.02914742999128973
  0.03969177656761735  0.05027050506317383  0.06080944779624040  0.07156826974971933
  0.08217738168434770  0.09294217968289170  0.10360082627598756  0.11436382330815609
  0.12536097123475090  0.13677397997857013  0.14806458634423156  0.15882746720723390
  0.16937231009754947  0.18006692696335869  0.19077566387665348  0.20152840237732114
  0.21203644625628193  0.22271907798589652  0.23338779719443178  0.24416258915458361
  0.25502975832059133  0.26608792416589072  0.27701795276666341  0.28774820948546376
  0.29782146052042219  0.30821007141022239  0.31861162929100961  0.32915335693324288
  0.33922532321927090  0.34895323760849745  0.35835600022377079  0.36802998498884359
  0.37815001853666913  0.38849354156737953  0.39892419809139590  0.40937340638379360
  0.42002697265817024  0.43053077473642376  0.44099430004711238  0.45145537850513334
  0.46263920784352403  0.47411520961926956  0.48560748757480582  0.49626073217129324
  0.50738048107304989  0.51828714177952162  0.52876013131599053  0.53874023564681606
  0.54855713051508115  0.55869896390360352  0.56889175486461874  0.57919839751516289
  0.58989399610612181  0.60070999495010491  0.61187254066883823  0.62287192090447852
  0.63377487265601751  0.64447633784343406  0.65501436499365018  0.66529071184391197
  0.67555818797511846  0.68627523502453036  0.69681958297171209  0.70745758159203775
  0.71761045007988855  0.72783749736678727  0.73784465409906752  0.74760283697900010
  0.75743141422571247  0.76762747974702750  0.77821472580008622  0.78888194984603732
  0.79961519286338278  0.80990047678370625  0.81992306868369336  0.83013226750594815
  0.84073817099328629  0.85155168660664438  0.86173310150938232  0.87182152408775149
  0.88219867034682986  0.89288185694971622  0.90318622363910861  0.91351744436823745
  0.92449462979829800  0.93547975076471979  0.94627046494819611  0.95618059709545467
  0.96656320890242975  0.97680656405174049  0.98837329089480697  1.00000000000000000
 -0.00235846405870906  0.00935943098940224  0.01885776461643796  0.02915056709586280
  0.03930162317356671  0.05009081883660152  0.06117634696009967  0.07204501314251635
  0.08298729915457791  0.09374576361149202  0.10448011160357008  0.11517062318340211
  0.12599184101698435  0.13677761436822305  0.14788395926233638  0.15958651583600986
  0.17093191920461512  0.18171230307152894  0.19228182522790227  0.20312031028043051
  0.21410521923778231  0.22474756520774924  0.23520014935174002  0.24572920054115061
  0.25648636850901629  0.26739163869708038  0.27768780641222229  0.28803808691623162
  0.29837946712645980  0.30842140835221327  0.31832049768571619  0.32842671968987286
  0.33910261775513661  0.35049928204844777  0.36209876576776012  0.37387967574665293
  0.38500752168641389  0.39567945234667834  0.40608459590416857  0.41641356210503727
  0.42660499640559213  0.43688930130806808  0.44768539017779141  0.45842444743833161
  0.46904539980235443  0.47970054702669213  0.49071169658148134  0.50160035575567008
  0.51234831028718919  0.52284119470737955  0.53330176319925782  0.54368182990165459
  0.55379022917644083  0.56429250109691775  0.57452113639496805  0.58501812369308914
  0.59551441285921880  0.60600569641140278  0.61636550513409749  0.62613777707382390
  0.63626038418363096  0.64643723535173070  0.65693425014982920  0.66775392952867185
  0.67883831546740536  0.69011081998755375  0.70095639740930660  0.71190273336876886
  0.72304986339059318  0.73427552833730247  0.74494836368311279  0.75551429550166316
  0.76586816288679660  0.77608227025701737  0.78584723313990290  0.79569242121845596
  0.80558630613644244  0.81569645157406845  0.82596393769868137  0.83651369307828527
  0.84673802382714380  0.85650780963664819  0.86638623120304914  0.87669141844269749
  0.88718158865996699  0.89744324387264918  0.90732496337976354  0.91715093564453176
  0.92735872627458937  0.93779162205346467  0.94820596342346863  0.95827496954735336
  0.96848560650088034  0.97877619201399046  0.98948418102025015  1.00000000000000000
 -0.00265177265621893  0.00984383374169303  0.02069066423789405  0.03146625458250001
  0.04243055018268062  0.05274212534514722  0.06336024340258783  0.07414630619370317
  0.08498040804139038  0.09511563995427424  0.10491753041520036  0.11513162654538667
  0.12531518854417598  0.13520719021366653  0.14505868110550074  0.15540893262760425
  0.16613282799357337  0.17676857383608760  0.18721601341541677  0.19763112270034117
  0.20795153323104271  0.21872800300463469  0.22913792835266719  0.23968863110556124
  0.24967892761473937  0.26030876410713039  0.27112760909874994  0.28182312044751784
  0.29222470177873833  0.30230723601516768  0.31240310695688817  0.32268195635876584
  0.33306472187624231  0.34373854726245279  0.35447849349756072  0.36522745022485426
  0.37593653559795587  0.38673921428556951  0.39767020624290389  0.40828500357904501
  0.41878808168232828  0.42915824048667456  0.43949484530653438  0.45013282575387936
  0.46078528819669584  0.47147849553153237  0.48209111291840273  0.49285616975640839
  0.50362036763521112  0.51403286401064252  0.52421387855279267  0.53439200325802705
  0.54495215305685274  0.55584762742801697  0.56663542621387586  0.57717221142857067
  0.58762275765429628  0.59817252683110600  0.60917798489682284  0.62014049396238680
  0.63075999664002724  0.64168165675316435  0.65278084750618970  0.66416865752512877
  0.67475155846248192  0.68493208986386411  0.69488479898314437  0.70499333650959695
  0.71501755960536395  0.72507488792300023  0.73517008506487858  0.74530071430013911
  0.75550654700998143  0.76560994801710314  0.77567997455270365  0.78591331895358962
  0.79677100793093480  0.80832177102835945  0.81971992691588202  0.83045872336667281
  0.84056220456003150  0.85081677318311388  0.86084241273522322  0.87120967025583096
  0.88144378247491573  0.89166094384232253  0.90187240354568521  0.91240871628577391
  0.92371452822222422  0.93459689396315737  0.94532256097659129  0.95577291976153900
  0.96669030418817714  0.97790282148480911  0.98885120243231250  1.00000000000000000
 -0.00234527674521125  0.00977370860426508  0.01993880566668966  0.03099190965986499
  0.04080289203594467  0.05066684147473383  0.06051435388275520  0.07099563372617804
  0.08172294993346071  0.09236491791448653  0.10287781622694656  0.11313635415141811
  0.12331159111619830  0.13341571087700030  0.14385851353248824  0.15474587186995137
  0.16622062658484929  0.17781759318006241  0.18873722675687093  0.19940068394505900
  0.21007152981686214  0.22117677825316515  0.23218298114949970  0.24265914093188179
  0.25298364270961660  0.26323330259156680  0.27401402424991728  0.28461187880826283
  0.29525313214217930  0.30608194887715906  0.31661736440610583  0.32645302003289428
  0.33572939084884557  0.34522023275271446  0.35503548279117775  0.36543032237593215
  0.37594701905189487  0.38667438126833781  0.39729036606667839  0.40779720870764424
  0.41799344522386844  0.42806993921899167  0.43803074927154584  0.44863653485510291
  0.45912852485543271  0.46960047710744557  0.48002589648109212  0.49068380246794280
  0.50116034898786810  0.51144006569134493  0.52160386459668417  0.53270198779217315
  0.54319984364403917  0.55367960193219123  0.56395091130424668  0.57537028082037533
  0.58681774389449304  0.59747637682903709  0.60784159217434908  0.61863650807321358
  0.62943576683169744  0.63963569345621718  0.64931473938374606  0.65899531019502322
  0.66932659954183016  0.67979552448936820  0.69059760602862474  0.70112237100515162
  0.71145090021904689  0.72207402534624920  0.73243256722524941  0.74309613417177134
  0.75380937000048287  0.76444714403650937  0.77497324337743734  0.78575424587813114
  0.79666788045077719  0.80775990766156813  0.81861819285092297  0.82952248520619587
  0.84044644138461899  0.85117953231163856  0.86198035401224105  0.87251445089697088
  0.88315245546512089  0.89380834849849278  0.90456375028828118  0.91526812015593173
  0.92592607007978267  0.93671351282327264  0.94732224112397034  0.95764132123080559
  0.96839749003651288  0.97911100268988527  0.98977977303414688  1.00000000000000000
   4.1245628273908056E-012  -1.0000000000000000     
 T T T T T F F T T F F T T T T T T T T T T F F T T F F T T T T T T T T T T F F T T F F T T T T T F F F F F F F F F F F F F F F F F F F F F F F F F F F F F F F F F F F F F F F F F F F F F F F F
  <DiscreteSampler_grid>
  grouped_processes
  1 # 1 for a reference and 2 for a running grid.
  10 # Attribute 'min_bin_probing_points' of the grid.
  1 # Attribute 'grid_mode' of the grid. 1=='default',2=='initialization'
  0.0000000000000000 # Attribute 'small_contrib_threshold' of the grid.
  0.5000000000000000 # Attribute 'damping_power' of the grid.
 # binID   n_entries weight   weight_sqr   abs_weight
    10   10   1.048358440180087E+006   8.530532946037237E+012   1.048358440180087E+006
    16   10   1.048609251783052E+006   8.534523531811778E+012   1.048609251783052E+006
  </DiscreteSampler_grid>
