  0.00000009430277507  0.00000009621651518  0.00000010033101317  0.00000010405207573
  0.00000010770909837  0.00000011159530212  0.00000011569087108  0.00000012006688767
  0.00000012467816785  0.00000012939486186  0.00000013425954982  0.00000013948302916
  0.00000014505602303  0.00000015076951260  0.00000015668644890  0.00000016292542674
  0.00000016944983678  0.00000017644975853  0.00000018386356750  0.00000019161168686
  0.00000019990991327  0.00000020882531433  0.00000021819595637  0.00000022785665193
  0.00000023782014074  0.00000024829468650  0.00000025956951162  0.00000027170149518
  0.00000028454608252  0.00000029813932528  0.00000031247318915  0.00000032742919845
  0.00000034298252551  0.00000035949461772  0.00000037732998722  0.00000039615169884
  0.00000041577637187  0.00000043658147377  0.00000045880413355  0.00000048266696868
  0.00000050874631210  0.00000053698087937  0.00000056694516038  0.00000059902097876
  0.00000063379913246  0.00000067197645169  0.00000071242767973  0.00000075520301331
  0.00000080124223454  0.00000085115375567  0.00000090564133066  0.00000096618082559
  0.00000103324403147  0.00000110737273558  0.00000119085622708  0.00000128268537867
  0.00000138338499109  0.00000149432553500  0.00000161722488776  0.00000175873439960
  0.00000191975480433  0.00000209986811791  0.00000230242860859  0.00000253547843561
  0.00000281181429458  0.00000313822844885  0.00000352189435387  0.00000397799832571
  0.00000453005059185  0.00000520339437985  0.00000602686528150  0.00000706168180111
  0.00000842019598660  0.00001029655340631  0.00001302115094061  0.00001689916969638
  0.00002301490358671  0.00003500932060585  0.00005481821555178  0.00008067947235947
  0.00011538316095394  0.00016062437933007  0.00021561973595999  0.00027340535522826
  0.00033289386029734  0.00039801124922701  0.00048592158401400  0.00058382126358646
  0.00068630143910444  0.00079075557000730  0.00090282356627742  0.00105322941454837
  0.00313746201921057  0.01291137148381273  0.03482816185398376  1.00000000000000000
 -0.00875217401956297  0.03940690859335991  0.06106468622942976  0.07643298967715864
  0.09033291766334597  0.10330373258017485  0.11580444404924443  0.12794197962059431
  0.13981204586007676  0.15156094303272696  0.16320906994893253  0.17484290658812174
  0.18650987450385612  0.19790364944398797  0.20872118435965786  0.21940408831995759
  0.23033924503479242  0.24143470825138202  0.25256045073150979  0.26373663616752696
  0.27541153485732478  0.28723207003837031  0.29883430954293266  0.31003387918391823
  0.32092375175750071  0.33184955695084883  0.34282049714423213  0.35404894519586150
  0.36518375914523915  0.37627225254803404  0.38734228251041330  0.39842017859751133
  0.40947997646382539  0.42048073102609423  0.43142145260147036  0.44248026518601669
  0.45358298312668949  0.46462551933872753  0.47556321137954222  0.48658341831943636
  0.49717585126172764  0.50765560575910063  0.51812182107877969  0.52868386848222004
  0.53931813098394099  0.55017405217638282  0.56116030612695544  0.57200905886338804
  0.58277558722759537  0.59356902137777301  0.60433881476910245  0.61494749279197347
  0.62553731120511380  0.63584088665236527  0.64608338718230129  0.65651343677086382
  0.66701898350025846  0.67755149176271745  0.68824133896164819  0.69841382420293452
  0.70843873216174980  0.71823449100726411  0.72830176918167244  0.73859932263916706
  0.74904935905220227  0.75972060453323098  0.77041987059947847  0.78081972063147476
  0.79079307622846140  0.80054260974278724  0.81036554834332553  0.81973916366952992
  0.82875980598011834  0.83787250304052352  0.84731912340163873  0.85681147549000991
  0.86624694311771822  0.87579134363351785  0.88548381239774610  0.89507168071031218
  0.90452154914610561  0.91387350711813686  0.92296827601339304  0.93179143767154493
  0.94047672579232511  0.94907547960938132  0.95707111622659280  0.96499748870436708
  0.97219239210856556  0.97878407834837655  0.98432686745569886  0.98882447642755655
  0.99248266987001987  0.99537739285718507  0.99781629000242833  1.00000000000000000
  0.00000000240777151  0.00000001806011629  0.00000004171306041  0.00000007690003955
  0.00000012742254528  0.00000019851094011  0.00000029524342333  0.00000043178360726
  0.00000062150412710  0.00000087327757453  0.00000119306834979  0.00000159621493207
  0.00000209706851260  0.00000270148616415  0.00000345218507910  0.00000435787110418
  0.00000543227060096  0.00000670856073644  0.00000822184450658  0.00000999850495461
  0.00001206500144674  0.00001439964719865  0.00001696804778417  0.00001974948805649
  0.00002274828862494  0.00002591160477301  0.00002939303961356  0.00003315332409017
  0.00003706968051521  0.00004111285160272  0.00004534792014696  0.00004977816472807
  0.00005444582370762  0.00005941484551108  0.00006457047751443  0.00006992665482765
  0.00007569465336749  0.00008209596040629  0.00008899674739504  0.00009654636999062
  0.00010492513770755  0.00011400408756466  0.00012351646167763  0.00013330495466882
  0.00014340436373187  0.00015357683882213  0.00016413811178695  0.00017499746442128
  0.00018619142201766  0.00019793568091008  0.00021039719903259  0.00022300129143356
  0.00023604383465071  0.00024937096959870  0.00026508083185697  0.00028278456480268
  0.00030291439139042  0.00032535769051203  0.00034860860588304  0.00037272113376225
  0.00039885149887974  0.00041732204099358  0.00043794539998524  0.00046161203543374
  0.00048823535671851  0.00051670228638138  0.00054935385381447  0.00058522529045323
  0.00062175827005864  0.00066342284135637  0.00070579097367666  0.00075454142497980
  0.00081535995486895  0.00088445779392000  0.00095941011401763  0.00104071391112263
  0.00112962890010897  0.00121248791802158  0.00128961794055734  0.00136344678226087
  0.00143067621800311  0.00153772419769704  0.00163640363703463  0.00176263685782687
  0.00192583308619513  0.00204348543670495  0.00213225675037480  0.00223864975924425
  0.00242419931702674  0.00260974887480923  0.00278677469303754  0.00296009754427057
  0.00330037683818651  0.00469369668654686  0.05906252327510881  1.00000000000000000
 -0.00359826845008247  0.01512420852236589  0.03039078121224546  0.04552408174798210
  0.06014490741326547  0.07415725018075585  0.08775314684197409  0.10109136866563811
  0.11395112926267233  0.12617100175464180  0.13778658793481044  0.14927696629769310
  0.16083361905424745  0.17245731040098572  0.18369226151867718  0.19406645579037796
  0.20394102896996441  0.21379826728044959  0.22422228707580241  0.23469470773799975
  0.24518992080817009  0.25551827724823212  0.26617539586634026  0.27639788338011306
  0.28601203058233854  0.29573663380368043  0.30532921837769528  0.31488363819486181
  0.32412218089407130  0.33302553349853914  0.34225572673230881  0.35158986459645464
  0.36111802996666226  0.37040531255770259  0.37938322181281603  0.38793358200692774
  0.39662119889915193  0.40525981910944192  0.41460603119546052  0.42382154276767825
  0.43295392596937848  0.44211790908342541  0.45103077383090356  0.45975438308973221
  0.46836150177180780  0.47714881262513026  0.48594872231250141  0.49464815772160753
  0.50344885769763703  0.51256540343270307  0.52136586499522464  0.53031277551632050
  0.53924836323965897  0.54833343512387867  0.55769690224054458  0.56675329773024075
  0.57546802810600939  0.58402618537665263  0.59253559159689406  0.60100845537197278
  0.60936171504636150  0.61805388012964990  0.62708757068792831  0.63648927451310588
  0.64588875190523576  0.65502969143495371  0.66403447778140934  0.67327879019214099
  0.68292667830592269  0.69299731998582115  0.70303571485208038  0.71286067048341761
  0.72262412751882454  0.73258266416793771  0.74270618412350098  0.75288668617920063
  0.76318994251195593  0.77379818331444339  0.78445200975635243  0.79489569732264620
  0.80529025182286418  0.81590672701966827  0.82692128164397549  0.83814019957926589
  0.84979112896410758  0.86157377101555443  0.87334620181375366  0.88522540529876126
  0.89712463393208952  0.90978909323205970  0.92297001856385030  0.93693021181463154
  0.95141539444073475  0.96633649196259608  0.98197120587704090  1.00000000000000000
 -0.00240989484939286  0.00924337026092820  0.01945319054608842  0.03042365550727101
  0.04133409551646809  0.05269031076972885  0.06391902507323563  0.07430553286558056
  0.08447625938324470  0.09468293146744960  0.10492287254040544  0.11465990062560517
  0.12466448920531283  0.13496196695321416  0.14573108764873161  0.15672643623883881
  0.16740434849758315  0.17808958112535558  0.18869265182416223  0.19926093979316656
  0.21007104888897749  0.22061208164828283  0.23061612160047348  0.24072410274735814
  0.25100732673576220  0.26185347282178451  0.27277096255296346  0.28346765577844879
  0.29423819906483673  0.30497723750134409  0.31579949900273535  0.32647832126160353
  0.33714138456541620  0.34785335721378868  0.35861116362256829  0.36922565630892373
  0.37969097570197630  0.39041351135229074  0.40134715590740816  0.41230054977232095
  0.42286893349275295  0.43307112878979015  0.44339353048173558  0.45366623857147625
  0.46423838179921301  0.47464345033105609  0.48502636854405212  0.49515546496310836
  0.50548098855976320  0.51588417482736282  0.52651223087558374  0.53678101014166313
  0.54696952272092048  0.55729330266740884  0.56807481517686897  0.57838842082182429
  0.58877265592651584  0.59904998643805463  0.60965377854902858  0.62027217898908593
  0.63104528903186563  0.64195511672354622  0.65283995130340722  0.66377794013829794
  0.67455567912941916  0.68506922973421425  0.69519199407805865  0.70541176364758496
  0.71592636855083713  0.72658723543873716  0.73735549235615261  0.74814967730055837
  0.75901646756974661  0.76981233540662641  0.78028308966289184  0.79059852865482294
  0.80070310595017291  0.81060447261158408  0.82041915968173651  0.83057270400771332
  0.84045512595642835  0.85046162988476670  0.86047555950134003  0.87094128394958370
  0.88192714130452476  0.89312050600152226  0.90430856777766766  0.91521103743365884
  0.92562970228454577  0.93582650838382042  0.94622016673916254  0.95683073546356034
  0.96769313672297519  0.97822714607628392  0.98919260757044669  1.00000000000000000
 -0.00181624347206801  0.00683146086539816  0.01544028765505529  0.02391954701860708
  0.03247589826320510  0.04131952002333018  0.05014915178236107  0.05923074010514824
  0.06838040930920890  0.07758281835474140  0.08726150771418792  0.09708529698978595
  0.10736062352165195  0.11788496860642689  0.12874521122300989  0.13934166280225407
  0.14985534221083224  0.16044229489524425  0.17119371458381710  0.18227551379590368
  0.19325130265022314  0.20426815442172958  0.21534019380320826  0.22663333044540587
  0.23833750347605465  0.25042500162781589  0.26319358224122541  0.27563466763728872
  0.28761204398953422  0.29943056820088249  0.31173708838840208  0.32429062578767803
  0.33665902769078598  0.34884174071377094  0.36088698533213798  0.37303902001657352
  0.38530021183793101  0.39761682582844460  0.41035466146959743  0.42346743422665695
  0.43749588052830951  0.45103477234324618  0.46445827366943954  0.47750968474167427
  0.49094244931477771  0.50423670243419116  0.51746290835859454  0.53073483333151428
  0.54401562722620989  0.55667028450356948  0.56869863960006706  0.58082522713416662
  0.59279520906776328  0.60515133170616731  0.61764326686317095  0.63035887230858156
  0.64270974185679652  0.65460196708975249  0.66632919739715490  0.67821530804900276
  0.69005223796570048  0.70161561230643610  0.71270304415365549  0.72353876485012303
  0.73430539289884922  0.74512890588517067  0.75583851174627015  0.76641472429606938
  0.77679522384337329  0.78694122370314146  0.79680313344415843  0.80642863077811577
  0.81563253263988311  0.82475235362127930  0.83384110359086394  0.84318762977496331
  0.85234437571829502  0.86127650509562637  0.86999133340920998  0.87835201408528840
  0.88652347119592290  0.89452896159230721  0.90276437883018701  0.91049823821370779
  0.91818565904991911  0.92542611849097811  0.93288789818065809  0.94051081790842361
  0.94830431215998157  0.95596782661661717  0.96346561799553099  0.97104232173549399
  0.97847127044274784  0.98585780295982628  0.99313392783574483  1.00000000000000000
 -0.00236629882421935  0.00916718420127668  0.01894536556929328  0.02954321548936135
  0.03992040069514172  0.05007070553935928  0.06050976555703652  0.07111803170460562
  0.08193630013305661  0.09267698845365906  0.10333053642310180  0.11471204349561610
  0.12593074376490956  0.13685048885682646  0.14764383464891073  0.15818768426062971
  0.16830381205887104  0.17812796553856403  0.18811175270290303  0.19849821006349558
  0.20914084366555835  0.21996083528801705  0.23094894855556339  0.24185551832780761
  0.25252926632366884  0.26292713809005341  0.27342297170295760  0.28416215921491828
  0.29482118006268643  0.30526591081524712  0.31562761599300765  0.32584012716154070
  0.33631519483846584  0.34683821600401010  0.35726474583554352  0.36767896578749687
  0.37842452663120657  0.38953840877443835  0.40035668618303544  0.41109918570606296
  0.42088598951837880  0.43083844562423929  0.44085806423404178  0.45135465216107556
  0.46223639429509000  0.47286251906782018  0.48349097359206122  0.49410412427433820
  0.50491479367328185  0.51576836433653550  0.52642001302560815  0.53669930166484114
  0.54689133583972094  0.55696365271250992  0.56737349501830114  0.57792766663627027
  0.58868523696251751  0.59949243178464751  0.61002647481539096  0.62052520084130180
  0.63102890516881360  0.64169884602864147  0.65236322060655483  0.66296902977611216
  0.67369395725308900  0.68426896778326718  0.69498812696411327  0.70543144263587509
  0.71606357540101018  0.72655549924589247  0.73718353464412567  0.74772360728647824
  0.75807931807285311  0.76849358340440510  0.77882269491464418  0.78942632344835428
  0.80014348076760888  0.81101502838479123  0.82172170683330792  0.83241647054411416
  0.84310743296676605  0.85377205167208570  0.86428499521018554  0.87439491248355206
  0.88445684726917240  0.89438530283041606  0.90518900644224043  0.91613294358259978
  0.92740147199848944  0.93851122812917298  0.94989389887020137  0.96080795850854106
  0.97095901832383102  0.98072089531377638  0.99010897511310691  1.00000000000000000
 -0.00230635657629486  0.00874870000013538  0.01919069762452323  0.03034822163886832
  0.04136149196062318  0.05210958572360935  0.06279937309035086  0.07382924139461995
  0.08470042947326119  0.09494725638240456  0.10485778862096018  0.11514033686044875
  0.12565136411247643  0.13627950091314955  0.14650924785506400  0.15745606759294598
  0.16802090345679965  0.17823834208168662  0.18882610610736009  0.19934728228645837
  0.21031092760742939  0.22127427672124902  0.23239706621720718  0.24359513772879532
  0.25400264468042127  0.26452107623746646  0.27520497098902896  0.28648496610432600
  0.29735724923122880  0.30815380450188590  0.31887503171312698  0.32891220940340110
  0.33855303872016368  0.34842724644424816  0.35895002360663486  0.36979590901740406
  0.38053281346487916  0.39131042934031551  0.40208670243567030  0.41254204930329180
  0.42269106009961949  0.43275281295819784  0.44305954721359581  0.45376760203820543
  0.46419342947270886  0.47454489888150531  0.48467780278089517  0.49468063789067768
  0.50486703564496749  0.51519365975196607  0.52565945966056959  0.53597575160458744
  0.54641248714368462  0.55682905532883931  0.56733316592070837  0.57775679945155622
  0.58845406566585579  0.59898614896440228  0.60977539765936672  0.62028770008110312
  0.63085302478108440  0.64139999802877401  0.65206095679729525  0.66303889408620575
  0.67384270047552253  0.68449037568810478  0.69470764541505103  0.70462977478636024
  0.71467496856014856  0.72519504666294998  0.73603532637212798  0.74696413003298301
  0.75785130586005400  0.76875190005270877  0.77921595152489453  0.78928707246373209
  0.79947849901876777  0.80994670099409571  0.82065896653381820  0.83132398626991533
  0.84207994093903960  0.85264897988612320  0.86319452131700181  0.87346533429872020
  0.88383603949962875  0.89427742263022214  0.90476749497145448  0.91540656918781693
  0.92611766323357203  0.93668420975670774  0.94687352539909420  0.95715234272996974
  0.96741906589023430  0.97844142931986466  0.98917244547464733  1.00000000000000000
 -0.04720597292934459  0.21975664394932143  0.31544105389160421  0.35621693152363004
  0.37596394888052637  0.38781617393547246  0.39645789001384985  0.40341638759232740
  0.40956856491315080  0.41530899746506711  0.42060833327897007  0.42552396058463754
  0.43020385765769042  0.43474209912893991  0.43916782223254697  0.44343406577469474
  0.44754786523882167  0.45165191425418305  0.45585664299012818  0.46013468871084373
  0.46438618216794864  0.46854710853596887  0.47265359441011517  0.47672923081091545
  0.48086441586686229  0.48493374136968220  0.48902288118345061  0.49304115895297829
  0.49707924678253707  0.50111398347600444  0.50528147123445311  0.50952454337279640
  0.51390613166712507  0.51822953399388172  0.52249282196510671  0.52671000146274494
  0.53091385546181513  0.53515717338682300  0.53943289623288371  0.54377068331890333
  0.54813575878390841  0.55248747472806892  0.55687370853604101  0.56132252860739096
  0.56586035983085359  0.57051053358998183  0.57525848559101478  0.58013302853768578
  0.58514227568940280  0.59020940793281185  0.59530090389229573  0.60044055297317400
  0.60568269723747836  0.61106887986158487  0.61656908637259333  0.62219264277688635
  0.62794276871875077  0.63378943094116091  0.63965838809628772  0.64549655470250245
  0.65142408632851712  0.65750321410839441  0.66382201979892930  0.67029297856451830
  0.67686324708487355  0.68358618787771863  0.69030918355573134  0.69734439982518570
  0.70451103138490279  0.71178563759255653  0.71915539379394133  0.72668790924161575
  0.73449842302481139  0.74243268776434534  0.75055460734702650  0.75901329159436548
  0.76786777218694802  0.77703184453133145  0.78651505721036519  0.79607832891604946
  0.80582075647278761  0.81576399394694754  0.82605872108336709  0.83660157024776793
  0.84710270065949811  0.85750904381434112  0.86780124143470694  0.87812962191215871
  0.88908539631962258  0.90141020374762792  0.91458733447889506  0.92804568203517879
  0.94204194320281254  0.95764780443837105  0.97609130350012319  1.00000000000000000
 -0.03828748586118098  0.16569093259530418  0.21603143104979333  0.24936059806228561
  0.27635517174395124  0.29980080047159607  0.32076645815907784  0.33939348954157061
  0.35608170159111219  0.37160448308070576  0.38629090691584689  0.39969518935854970
  0.41242048023745198  0.42478692851499322  0.43671615193533281  0.44808461909585323
  0.45931290550242682  0.47062733563605963  0.48167641192351313  0.49221341136711705
  0.50209480980318566  0.51175739723606173  0.52121109943740818  0.53045987524639737
  0.53949070809536925  0.54820184742246902  0.55668920791585774  0.56484920585401610
  0.57281882506397630  0.58069111686848141  0.58845358419550031  0.59578991046460250
  0.60259232657806916  0.60921906110723045  0.61590577691693238  0.62276752034449023
  0.62946743335655120  0.63581645270990295  0.64193182591397713  0.64792507299128865
  0.65382687821546459  0.65966083028569600  0.66548988827655575  0.67109587466427412
  0.67641775071165544  0.68166461400661704  0.68682904840639958  0.69218769498410027
  0.69753242476342248  0.70290791790293294  0.70818193323436796  0.71332323142532417
  0.71829165585987775  0.72310543623415791  0.72793136635153510  0.73283742680142017
  0.73777741543632902  0.74259847724420947  0.74725953370675990  0.75185540935348338
  0.75646913751294598  0.76109641354879531  0.76572093303876365  0.77028139377715399
  0.77473103724786940  0.77911967235491142  0.78350385292462055  0.78797102068301461
  0.79243770402142610  0.79689178223755219  0.80126297918528344  0.80556775872185038
  0.80982633089767864  0.81405337040557857  0.81836725367765872  0.82273642912896894
  0.82708803019974131  0.83170578001422057  0.83634496043337647  0.84079401890500016
  0.84525685157620178  0.84983380207912618  0.85435281795279105  0.85919047201939003
  0.86424044083482987  0.86949732699495597  0.87493852721147003  0.88059307907967532
  0.88650290790069353  0.89271839303835476  0.89934982339593761  0.90674634300873502
  0.91550197031146863  0.92677091828679614  0.94654547429122038  1.00000000000000000
   2.0766746325806416E-009  -1.0000000000000000     
 T T T T T F T T T T F T T T T T T F F T F F T F F T F F T F F F F F F T F F T F F T F F T F F T T T T T T T T T T T T T T T T T T T T T T F T T T T F T T T T T T F F T F F T F F T F F T F F F F F F T F F T F F T F F T F F T T T T T T T T T T T T T T T T T
  <DiscreteSampler_grid>
  grouped_processes
  1 # 1 for a reference and 2 for a running grid.
  10 # Attribute 'min_bin_probing_points' of the grid.
  1 # Attribute 'grid_mode' of the grid. 1=='default',2=='initialization'
  0.0000000000000000 # Attribute 'small_contrib_threshold' of the grid.
  0.5000000000000000 # Attribute 'damping_power' of the grid.
 # binID   n_entries weight   weight_sqr   abs_weight
    10   10   9.705758162581699E+000   9.020217961080500E+002   9.705758162581699E+000
    11   10   9.705758162581684E+000   9.020217961080467E+002   9.705758162581684E+000
    16   10   9.705758162581658E+000   9.020217961080496E+002   9.705758162581658E+000
    17   10   9.705758162581686E+000   9.020217961080473E+002   9.705758162581686E+000
    22   10   9.705758162581658E+000   9.020217961080496E+002   9.705758162581658E+000
    23   10   9.705758162581686E+000   9.020217961080473E+002   9.705758162581686E+000
    28   10   9.705758162581656E+000   9.020217961080492E+002   9.705758162581656E+000
    29   10   9.705758162581683E+000   9.020217961080465E+002   9.705758162581683E+000
  </DiscreteSampler_grid>
