  0.00191815951270628  0.00194289763503789  0.00198247512547676  0.00201998975236711
  0.00206073323236250  0.00210588251938858  0.00215264609168578  0.00220092185236168
  0.00225160255060635  0.00230390169312433  0.00235665388228048  0.00241167251187066
  0.00246520500716372  0.00251876117379704  0.00257397055450747  0.00263232266692190
  0.00269206769701444  0.00275322261836395  0.00281433975376924  0.00287775760304216
  0.00294165316971902  0.00300964224901042  0.00308236553279818  0.00315869712313734
  0.00323724658379393  0.00331591051179109  0.00339465836577802  0.00347470209214403
  0.00356021770936403  0.00364800378877099  0.00373819462632463  0.00383495225886902
  0.00392977886640399  0.00403254869668020  0.00413531014847634  0.00423982723809491
  0.00434910694353440  0.00446262078959469  0.00458071250806625  0.00470364739610037
  0.00482878585843755  0.00495762386804007  0.00508909096146094  0.00522475285197875
  0.00537194641410742  0.00553181846085530  0.00569880215219019  0.00587280184058231
  0.00605706192688279  0.00625195809559104  0.00645693997101848  0.00666601406683736
  0.00688001844253640  0.00709901824712269  0.00733146807360913  0.00758152204522729
  0.00785371184980143  0.00812848641195204  0.00841414810653068  0.00870712711016248
  0.00902341350094111  0.00935981409369522  0.00971345712111686  0.01008086812989531
  0.01046832868478355  0.01087491557882413  0.01130249902366973  0.01175972316760992
  0.01225763041375081  0.01279604728434075  0.01338882792196407  0.01401791641156299
  0.01468324840592143  0.01540011380105944  0.01617656595081516  0.01702122903233830
  0.01794736126567496  0.01897103473861685  0.02009706530219825  0.02130561631817496
  0.02262947115371521  0.02409362464384408  0.02575354741274273  0.02770326752103280
  0.03001169021026289  0.03264820577398680  0.03560928508040204  0.03911040343427772
  0.04350331833302486  0.04894371817705132  0.05577880679347297  0.06526792535114652
  0.08006316277036778  0.10552574467078268  0.17849163816262598  1.00000000000000000
  0.00476123926999905  0.00524288143293897  0.00578212400985728  0.00629073919634475
  0.00681548089454665  0.00736702948621045  0.00797862754469600  0.00867054145552150
  0.00936861542916404  0.01005676407612500  0.01081998800777159  0.01163814417210420
  0.01245687128186893  0.01326451306516049  0.01410767299312630  0.01502836908883697
  0.01600436999935944  0.01696553621500311  0.01792934467242399  0.01893467028446071
  0.02002696212899337  0.02120757198584595  0.02244721082978824  0.02374017353578870
  0.02510133891298234  0.02654960137821997  0.02806229648659559  0.02960798077607326
  0.03117459856345022  0.03283474290335378  0.03458966766346669  0.03637499509040411
  0.03821502060131363  0.04016291819669374  0.04221835594395391  0.04433518723045701
  0.04650642118508282  0.04877436067599315  0.05114224196072722  0.05360723184758880
  0.05612488953929861  0.05876536231530099  0.06141875622962160  0.06426622865660780
  0.06716726198410636  0.07011161544362640  0.07312878089516882  0.07625056257912700
  0.07947743436560192  0.08292156404717874  0.08658061548721592  0.09050404931771569
  0.09475919073949121  0.09928591931149063  0.10399926452364908  0.10886010275588535
  0.11382325305364363  0.11893352359873116  0.12423401890526925  0.12960881655038572
  0.13514661666358804  0.14088308506856784  0.14700282935514070  0.15341215419294357
  0.16016968237616683  0.16721759137237022  0.17462601627413699  0.18234281385409437
  0.19059240393540755  0.19941895847422458  0.20865103886016609  0.21821205190815404
  0.22833869277616509  0.23908810863073091  0.25015872619483204  0.26176163880153180
  0.27383449133855919  0.28649381771533738  0.29986259879176308  0.31424298206845364
  0.32939262747549569  0.34573512967900627  0.36317990414725787  0.38196003408530466
  0.40263280951801922  0.42518134841522565  0.44975572699154281  0.47753890572257213
  0.50860017790733136  0.54266025910431259  0.58261743990365455  0.62746764798588539
  0.68098331244702992  0.74609957797814652  0.84377792689703635  1.00000000000000000
 -0.00244472929909148  0.00972564544854267  0.01981389182781551  0.02999786094190127
  0.04012028365411017  0.05064738039788161  0.06091758142431285  0.07182532924064486
  0.08280418764921253  0.09399085082844909  0.10479317552113018  0.11521010471490391
  0.12587040975676422  0.13642577617131871  0.14758332407255745  0.15831454635313671
  0.16888481447082862  0.17897939659364182  0.18930424306025326  0.19987443190689883
  0.21068138058960309  0.22147578755140174  0.23226555112499914  0.24306781365744742
  0.25407527685313319  0.26504318075994548  0.27589812564355631  0.28672092900196405
  0.29745939207730415  0.30809495490017907  0.31861608675090131  0.32896078311016702
  0.33924451815153012  0.34951472703754871  0.36003442691602527  0.37040469097887102
  0.38041572953541009  0.39029690027854019  0.40033865397966850  0.41071715613155374
  0.42143213733757195  0.43226925884194878  0.44264328114302165  0.45276998130832663
  0.46317193606198215  0.47388350080813446  0.48447531393124715  0.49453216078196305
  0.50475917860988606  0.51519314995853649  0.52572458915151810  0.53612579563027873
  0.54647171257399607  0.55694321238964439  0.56734550386150329  0.57781713847108540
  0.58787515631717335  0.59801228797440475  0.60769557576227906  0.61720601914566653
  0.62687754256780315  0.63700671858099234  0.64751550157135984  0.65803220959170228
  0.66874061953076347  0.67983391037305330  0.69085945954517358  0.70130775127360767
  0.71137905911858612  0.72125568047385202  0.73144341654239275  0.74196568130604357
  0.75276453755329564  0.76368065462587398  0.77450026940003291  0.78517293177548408
  0.79584414783389823  0.80646676654344318  0.81707488760642377  0.82779628745523148
  0.83829452035526208  0.84866700005893392  0.85927516469194676  0.86987442651060853
  0.88055796400374542  0.89130008061926780  0.90187442660946504  0.91266362832049808
  0.92315552897148212  0.93413128360090103  0.94558960833428374  0.95674939345394072
  0.96748356222129750  0.97806563866336649  0.98901251776147014  1.00000000000000000
 -0.00277550079547218  0.01069473320171222  0.02125005975242827  0.03153953280924463
  0.04142127300360066  0.05147533759046211  0.06195222265911719  0.07239202584580975
  0.08287298602446898  0.09335238205998056  0.10429556969428017  0.11539109961736033
  0.12590751685535628  0.13622580396816017  0.14662218743406574  0.15727443089992463
  0.16796265233569338  0.17871634187182975  0.18991164398427610  0.20139625125500754
  0.21222526031140346  0.22280093722727973  0.23329488432939324  0.24411670367145655
  0.25523409604053793  0.26654219871757950  0.27806360700334593  0.28959243630074438
  0.30096312312141271  0.31218284380885170  0.32330829816881596  0.33430557217657603
  0.34500128395174240  0.35549837652122557  0.36601543856636520  0.37672822909842696
  0.38774280776973541  0.39848464019519458  0.40887799013812431  0.41914185556188366
  0.42941619177052431  0.43954298369800093  0.44953930269655074  0.45965365609133146
  0.47001456444056600  0.48006618887170610  0.49012480654467044  0.50046732314493458
  0.51132382276210775  0.52229705566602391  0.53262955312460170  0.54264095331578632
  0.55258743858482695  0.56305468428770467  0.57405997000192444  0.58494460445493313
  0.59529496989283959  0.60546769407747958  0.61588069659183697  0.62631235079836001
  0.63675822952113814  0.64691863831571350  0.65711204761634978  0.66710167794758546
  0.67721392793163993  0.68769907293610744  0.69822517279732488  0.70888434896007846
  0.71918703040428111  0.72958752406933314  0.73996968644055461  0.75017377651790562
  0.76065880232591410  0.77085709780137035  0.78158755938867153  0.79197025121018483
  0.80252203047323567  0.81332120789589679  0.82444920938195010  0.83573095182183788
  0.84658672013368341  0.85710731148895614  0.86775462222813027  0.87814964127751638
  0.88843174109826906  0.89836228159432852  0.90855787171852664  0.91849875567771955
  0.92852811728259133  0.93865038458012395  0.94874115581524676  0.95881273467598493
  0.96889430409661337  0.97933395897490416  0.98975409611431764  1.00000000000000000
 -0.00253760007571757  0.00937579241024380  0.02006789124438749  0.03038693548585891
  0.04145004515642467  0.05211946274000110  0.06266692822676387  0.07266043968295641
  0.08288194599238752  0.09338207846175778  0.10424097947918302  0.11538762757898775
  0.12621880142638323  0.13663154769410321  0.14700696481127246  0.15752134507545007
  0.16821739380440887  0.17882026127329742  0.18943560211680324  0.20009296190810702
  0.21040433594846250  0.22054504412671197  0.23059654179298733  0.24079929786386370
  0.25127653427793645  0.26231077283007376  0.27377102734309905  0.28483365248402653
  0.29545158988881015  0.30564246944533968  0.31570682486191259  0.32569462911876362
  0.33635684178756842  0.34753798996346658  0.35866674309365271  0.36904122007661855
  0.37928340056494486  0.38971431281349828  0.40022344171765412  0.41066455094790194
  0.42096737441167348  0.43128776770089167  0.44170378108658925  0.45233003710381225
  0.46319642870004374  0.47397599551250769  0.48477171823170012  0.49555699091930505
  0.50638527910574593  0.51679016202970274  0.52723586654334220  0.53829126135064786
  0.54938208772021724  0.55990346364735755  0.56988205111841728  0.57983074484029351
  0.59017943494082836  0.60079762232165257  0.61138858178697097  0.62179858956117984
  0.63203467282340930  0.64226594364963596  0.65261163869298089  0.66328210632336548
  0.67409464749402848  0.68461730249579977  0.69509669623405412  0.70576177188350164
  0.71646391635750994  0.72685464675311418  0.73725605218492574  0.74776123629011160
  0.75822580473014789  0.76842751054572511  0.77921798845783741  0.79008946419994430
  0.80076457370021237  0.81131578593372444  0.82172216532994513  0.83229079949769336
  0.84280420868416561  0.85350824270833769  0.86445811974423870  0.87541010832502586
  0.88606639596460168  0.89653237388480977  0.90677967172825169  0.91720292954136129
  0.92693017037674807  0.93689119531136178  0.94707256583694077  0.95772663240512856
  0.96841240127919159  0.97885637185848295  0.98944261495571995  1.00000000000000000
 -0.00231564614578255  0.00939529756349752  0.01949925580966288  0.03081113170490715
  0.04179799559056349  0.05254776029834978  0.06286908212959051  0.07318171914700360
  0.08341387306438014  0.09402019914753097  0.10474990625030406  0.11559027077874573
  0.12640819871167458  0.13735439221507320  0.14772088141886303  0.15806959405016371
  0.16843790061059485  0.17897979156800256  0.18939632330641865  0.19985684627163233
  0.21048376893752940  0.22102588790296684  0.23159285000011659  0.24243494532281584
  0.25316787418468184  0.26405033240411913  0.27470731532940706  0.28538463831680810
  0.29610941864565893  0.30681374501189396  0.31785021848570860  0.32872836653469256
  0.33958215548847426  0.35000101899882130  0.36036265475257667  0.37074215889689927
  0.38121514103358162  0.39210653762863718  0.40311135434828543  0.41415675582271683
  0.42488078136680357  0.43580703500971085  0.44671756934279938  0.45814156871498402
  0.46919164486258474  0.47996565504528782  0.49035634188635968  0.50070723384661031
  0.51128557811238939  0.52233887861680017  0.53337541152744394  0.54414987814752458
  0.55450009565283620  0.56468816349595397  0.57509153655568479  0.58572769776494671
  0.59662873413304174  0.60721859900172781  0.61772945496431075  0.62837369143213750
  0.63890684956652122  0.64925368655257132  0.65951731317347673  0.66960715906950041
  0.67979933678356719  0.68999809151504243  0.70053434896922140  0.71115436022766654
  0.72152887366821894  0.73172815207580932  0.74197171491632230  0.75229445121405913
  0.76275716167768404  0.77334616134184164  0.78378763927480555  0.79418982811924144
  0.80431288290890413  0.81460673094306635  0.82517077163018315  0.83592373223377836
  0.84681373482990230  0.85745088956736215  0.86766868555357290  0.87748325360932355
  0.88708734399411682  0.89674533580565630  0.90654455186856409  0.91670638445084474
  0.92707699032585489  0.93727352365887018  0.94750142775460555  0.95763439159927211
  0.96785555047638683  0.97839756481310158  0.98909716736603348  1.00000000000000000
 -0.00248476059307922  0.01003056488186522  0.02059523473919068  0.03085943721051965
  0.04118879275312961  0.05138229231286810  0.06184868716797324  0.07212493583639060
  0.08281083252646389  0.09317889728988427  0.10368717161025681  0.11415853922896264
  0.12419267021868974  0.13433436731092963  0.14441930049142077  0.15521526125434418
  0.16608874712071411  0.17648892675087285  0.18668971942779433  0.19716131341738910
  0.20765650046341616  0.21797049939060398  0.22806745792465560  0.23848509150315078
  0.24895709108574696  0.25891334326214777  0.26870349474200012  0.27888738703905491
  0.28927898901632643  0.29979686301768038  0.31024393090067831  0.32083682769537397
  0.33185439786346604  0.34298260698339084  0.35399528493601218  0.36482666889720733
  0.37558153820875612  0.38643607429982668  0.39711586847049585  0.40762891335319329
  0.41810931696079967  0.42866553921892575  0.43932590939049410  0.44972568028739729
  0.46003528407853111  0.47063496927540122  0.48154339723331518  0.49262899142997202
  0.50347670847800963  0.51391123978502617  0.52384049301814006  0.53363027586670964
  0.54360641937890586  0.55404747595257309  0.56503725815467876  0.57625641674237893
  0.58739418894788575  0.59812567375453851  0.60852046235298951  0.61896049243726636
  0.62955420893453984  0.64020993800189274  0.65073309506571198  0.66101807238598120
  0.67141629048177720  0.68229018233804894  0.69364795963776871  0.70499433255837030
  0.71595170961874099  0.72644152848658683  0.73692346421750332  0.74745596102948841
  0.75792627232934762  0.76829679134908579  0.77860875282372066  0.78934680767926180
  0.79970427618769147  0.81047469084445500  0.82126843723123033  0.83230190987675823
  0.84310933330376070  0.85382047147431839  0.86424174037525836  0.87472402026240526
  0.88530076182303352  0.89621136865678008  0.90677625196306078  0.91705642679002419
  0.92745010555814777  0.93766504737704504  0.94803813234591394  0.95816282097554728
  0.96855813547507363  0.97905837348544833  0.98929815195191650  1.00000000000000000
 -0.00257364188131413  0.00954035844095888  0.02044258761060446  0.03200609869798233
  0.04326901093086733  0.05410196112750588  0.06450644019790584  0.07479754449520638
  0.08489793925052920  0.09485734677180886  0.10485632050555919  0.11495499268122839
  0.12524357615120224  0.13561057144221500  0.14602434491679100  0.15670383501634763
  0.16713052120104435  0.17710852350686965  0.18701250176237005  0.19709619199682224
  0.20730577597999542  0.21753086290834378  0.22791820017418546  0.23852911262890461
  0.24912054035347586  0.25952743602060779  0.27003683350796015  0.28055760096310139
  0.29085138648139552  0.30117976659382734  0.31126061555166418  0.32098298800924568
  0.33086896612533323  0.34116448297995500  0.35209586456468633  0.36290856821613271
  0.37389175616040859  0.38476131025234112  0.39569501024456250  0.40611734254006049
  0.41669270550029003  0.42720585794409743  0.43774235073975354  0.44812910819410146
  0.45842462773114034  0.46895180404274106  0.47940507382399655  0.48999265365140648
  0.50086036317380933  0.51201985433393948  0.52297034011441079  0.53368958499793639
  0.54413191060180421  0.55458092396040071  0.56493089372664884  0.57527503954435089
  0.58540615244036232  0.59590468852556722  0.60649383780089994  0.61732807619461794
  0.62824284837351552  0.63926324936140655  0.65016278649769710  0.66110569887414117
  0.67232589491561134  0.68370518739892561  0.69456244586820770  0.70503729208225785
  0.71504131349600231  0.72487915797963898  0.73450487016255250  0.74406544328258362
  0.75436216890710850  0.76528968767251759  0.77651223206779685  0.78766812450599277
  0.79887417384656845  0.81044570279578854  0.82162460790150604  0.83261908557467079
  0.84324127236579494  0.85365074848251599  0.86361320493166793  0.87355462921690541
  0.88382545008299718  0.89408338656452424  0.90472845145456093  0.91545893996208572
  0.92634779655157284  0.93700484188513744  0.94761125105638255  0.95841573410624292
  0.96937526253866979  0.97997471733535535  0.99042506389480978  1.00000000000000000
   4.1283766120479134E-012  -1.0000000000000000     
 T T T T T F T T T T F T T T T T T T T T T F T T T T F T T T T T T T T T T F T T T T F T T T T T F F F F F F F F F F F F F F F F F F F F F F F F F F F F F F F F F F F F F F F F F F F F F F F F
  <DiscreteSampler_grid>
  grouped_processes
  1 # 1 for a reference and 2 for a running grid.
  10 # Attribute 'min_bin_probing_points' of the grid.
  1 # Attribute 'grid_mode' of the grid. 1=='default',2=='initialization'
  0.0000000000000000 # Attribute 'small_contrib_threshold' of the grid.
  0.5000000000000000 # Attribute 'damping_power' of the grid.
 # binID   n_entries weight   weight_sqr   abs_weight
    10   10   1.049175118697355E+004   3.992355022272558E+008   1.049175118697355E+004
    16   10   1.929133076386668E+004   1.547653528613463E+009   1.929133076386668E+004
    22   10   1.929133076386669E+004   1.547653528613464E+009   1.929133076386669E+004
    28   10   1.049175118697355E+004   3.992355022272558E+008   1.049175118697355E+004
    34   10   1.049175118697355E+004   3.992355022272558E+008   1.049175118697355E+004
    40   10   1.929133076386669E+004   1.547653528613464E+009   1.929133076386669E+004
    46   10   1.049175118697355E+004   3.992355022272557E+008   1.049175118697355E+004
    52   10   1.929133076386669E+004   1.547653528613464E+009   1.929133076386669E+004
  </DiscreteSampler_grid>
