  0.01764192551197625  0.04881546516813360  0.06752381300010951  0.07807765318196391
  0.08833001310217223  0.09823276112896095  0.10500013894853309  0.11078750945742430
  0.11593707907958133  0.12413321029014418  0.13676061853990862  0.14863906106380889
  0.16008135223253059  0.17055474846764940  0.18048357155811007  0.19107783044084486
  0.20143975169326070  0.21100930637513307  0.22205508024584816  0.23309537038411626
  0.24403479102852163  0.25551446025549157  0.26606489482107154  0.27896557398239408
  0.29246986798552910  0.30543204170083099  0.31806087320854914  0.33062545967434859
  0.34339815554658071  0.35783121736091111  0.37346155909964512  0.38981910650831075
  0.40690428056732303  0.42127004529001993  0.43204482642643349  0.43936565309887232
  0.44542577429903840  0.45229291193471155  0.45832499445841218  0.46347817729296753
  0.46768577683442702  0.47977648006648704  0.49773964467517273  0.51731147133307775
  0.53353524265667551  0.53916555396117560  0.54316405424809522  0.54762334263752765
  0.55229817388692437  0.55686079620141526  0.56224134521269697  0.56619463108411083
  0.56938932469811632  0.57174248272252914  0.57531514298286091  0.57970979097730024
  0.58463127434672157  0.58966265744533386  0.59673104586805903  0.61012839192539936
  0.62184433325873623  0.63259564178273564  0.64333864372551808  0.65700271186668180
  0.67023015693789634  0.68182490395463458  0.69268768986595142  0.70571960947464796
  0.72111982304096522  0.73734339266365123  0.75254373619717385  0.76533946751455906
  0.78073566054674781  0.79513394557667627  0.80950929469932187  0.82300653372279164
  0.83265001286291884  0.83915997239574547  0.84723699030316213  0.85487201396314216
  0.86204912207548445  0.86659982803708158  0.87174173106740094  0.87749597456643602
  0.88453297386846053  0.88996751657562456  0.89736997987601974  0.91074629843038568
  0.92630149092350500  0.94014060021965051  0.94954924163909216  0.95734874125918634
  0.96335195832558196  0.96807456068193176  0.97050953370685389  1.00000000000000000
 -0.00000319940185804  0.00004999515249209  0.00007227921300647  0.00008143887918137
  0.00008683789632640  0.00008892880294853  0.00008994738909685  0.00009059713371770
  0.00009106609961158  0.00009140609659926  0.00009163850890397  0.00009181208104003
  0.00009193366896060  0.00009203716014067  0.00009211834266411  0.00009216195351290
  0.00009219657268444  0.00009222499985067  0.00009225013617539  0.00009227154928115
  0.00009229047338790  0.00009230723912198  0.00009231963034027  0.00009233076587660
  0.00009234068367858  0.00009234967133845  0.00009235796402952  0.00009236563701893
  0.00009237275494807  0.00009237923576472  0.00009238527115276  0.00009239109201063
  0.00009239558261930  0.00009240007271522  0.00009240456054117  0.00009240885470754
  0.00009241270394484  0.00009241654529223  0.00009242025341503  0.00009242396153783
  0.00009242804619287  0.00009243228739880  0.00009243774029676  0.00009245298118078
  0.00009248140106729  0.00009248419413716  0.00009248650674746  0.00009248873801880
  0.00009249080982058  0.00009249293595934  0.00009249527218892  0.00009249768777251
  0.00009250027166659  0.00009250296581976  0.00009250571565879  0.00009250839413806
  0.00009251117548610  0.00009251408110928  0.00009251711169290  0.00009252059983918
  0.00009252449092846  0.00009252840769342  0.00009253251516837  0.00009253672407119
  0.00009254214401425  0.00009254933327685  0.00009255820426574  0.00009256801577670
  0.00009257862344717  0.00009259033653414  0.00009260569326061  0.00009262391243909
  0.00009264417956769  0.00009266639160604  0.00009269186500568  0.00009271892990559
  0.00009274827977631  0.00009277990897158  0.00009281690653533  0.00009285544033659
  0.00009291156041630  0.00009302307021486  0.00009314602207560  0.00009329232492676
  0.00009347231629212  0.00009370732333712  0.00009397660080500  0.00009439530914376
  0.00009505119385580  0.00009620746247829  0.00009801010472601  0.00010209021964230
  0.00011278054975588  0.00018629510528897  0.00790404185648874  1.00000000000000000
 -0.00011782688845385  0.00129501245507920  0.00502688218593898  0.00878141947437965
  0.01236274830800837  0.01691008476872208  0.02261307784379324  0.03038524855042012
  0.04030840245175141  0.04959857969317676  0.05789580412159639  0.06830134232374996
  0.08056747453809085  0.08788625637217611  0.09355717425480055  0.09955596432690758
  0.10698162117324321  0.11505194836639551  0.12191146979643160  0.12665620630024724
  0.13203873085122431  0.14242973580290480  0.15545072036328667  0.16706992857904496
  0.17170295128017768  0.17578484048718135  0.18068148892312977  0.18499700573608160
  0.18925542607261589  0.19411036946545465  0.20006746658820235  0.21301287259979521
  0.22709385862790843  0.23981998353658304  0.25158990886538896  0.26266662486663334
  0.27316242959450499  0.28385364986909173  0.29656570381740044  0.30952581382440464
  0.32104845017650857  0.33238185073726251  0.34314929290789975  0.35432298527409101
  0.36489512929315754  0.37430040011560051  0.38589823183537375  0.40461403845180893
  0.42238519525690066  0.43737871576368359  0.44967937012975689  0.45893162879310917
  0.46857917457478876  0.48031159065252416  0.49189493066709067  0.50166654403731570
  0.51233925393347357  0.52552013985210266  0.54180736569212640  0.55901570354967511
  0.57475048269640261  0.58415551585003267  0.59171000778796123  0.59913825720820990
  0.60904288494710979  0.61958466848808103  0.62833906223005354  0.63773171312559418
  0.64640113818674350  0.65419190451636866  0.66302873960097108  0.67384822875925388
  0.68659383872344260  0.69939834024918524  0.71288977175325197  0.72518624139577603
  0.73833064326115150  0.75241791696226368  0.76470370611788363  0.77608886131293597
  0.78364981703633707  0.79592866853157707  0.81042182616626790  0.82557426334679929
  0.84132048961638972  0.85758159595443029  0.87416447694681254  0.89164245081673688
  0.90902455311804697  0.92633617053772477  0.94030690432583386  0.95349908358688218
  0.96610748737203600  0.97770043557757802  0.98897152841667024  1.00000000000000000
 -0.00046396606780681  0.00265383898008921  0.00958151374229095  0.01693454706590769
  0.02403557991746684  0.03125925986404801  0.03841357481476739  0.04503042668052380
  0.05836794868226138  0.07429822647794657  0.08973994537462747  0.10377404840967713
  0.11650585525449601  0.12740203924647009  0.13487599736132591  0.14214678180147222
  0.15141755469665452  0.16585603265332191  0.17993841671864902  0.19328236294279985
  0.20567277759161717  0.21516542280747236  0.22693207543967145  0.23996461117987711
  0.25193651390215299  0.26583786964291473  0.28078245041048039  0.29532970782807766
  0.30834553598078390  0.31993925260278733  0.33043999290695808  0.34241192832629169
  0.35459930398299327  0.36753538361346955  0.38236919681531756  0.39855249770700479
  0.41211336256751235  0.42192351419514951  0.43222757328362427  0.44238915262887446
  0.45248181624046263  0.46457659927133405  0.47893688305824644  0.49300239554013336
  0.50595099832708268  0.51741748475302796  0.52611770431316063  0.53644162810450191
  0.54970739349084763  0.56374709527503397  0.57421265568183633  0.58182530170846025
  0.59014296014092926  0.59926566585158991  0.60746422149030821  0.61532369704452816
  0.62143322772904019  0.62575877414877346  0.63009947240066078  0.63451716578748241
  0.63935276032536614  0.64669794565426775  0.65535841937124650  0.66275696900864567
  0.67616394894081056  0.68910551660295472  0.70083031097994253  0.71323436202244106
  0.72660362631413589  0.73820457072971046  0.74956556568522448  0.75996885907749334
  0.77012026313419801  0.77672831626977090  0.78284931017256687  0.78956017975749127
  0.79553656773946246  0.80090002479530287  0.80536268046620629  0.81202314918764917
  0.82184704570012179  0.83368927712722041  0.84794061466293580  0.86307007953335957
  0.87682162789246287  0.89056312428877527  0.90411755517077252  0.91878350424788546
  0.93411809164917514  0.94445317977292242  0.95086302411108059  0.95741159029650458
  0.96919094810469042  0.98016699255320960  0.99023384944937909  1.00000000000000000
 -0.00385261571600504  0.01433593888312115  0.03426186764356566  0.05774868189316332
  0.08313576318001545  0.10676848666953796  0.12366015402549851  0.13268168051163456
  0.14343675807476686  0.15247384155879534  0.15755296504250138  0.16334932342111438
  0.17153799833718542  0.17914331514650952  0.18669385266558453  0.19419168341230489
  0.20276818642246766  0.21217410590302907  0.22698423424691863  0.24216995699574995
  0.25454686416021766  0.26539279033361740  0.27620599513105765  0.28693434482088542
  0.29770671500764789  0.31040843470204371  0.32607858672118750  0.34234534941198030
  0.35664440524355795  0.36905904705669396  0.38086918757530686  0.39283298271395434
  0.40462257356085984  0.41450343225120889  0.42238159562498895  0.43078833623292651
  0.43861322367372846  0.44536752503629579  0.45307011217523085  0.46114291160590137
  0.46829412009679516  0.47826976098623991  0.49376439812153916  0.51314486755249866
  0.52913822684764922  0.53887752982013948  0.54765665537046693  0.55615752356688186
  0.56503557520577163  0.57469472919654840  0.58420870056777119  0.59209814579045794
  0.60008484306870524  0.60926531862441091  0.62051117373206421  0.63342367775995201
  0.64965881399252701  0.66439414345816838  0.67752021478153945  0.68817207720853735
  0.70066606634997519  0.71375654828291957  0.72653078205423915  0.73934302375117988
  0.75338010738338412  0.77027402437879655  0.78563476364417151  0.79789396882273278
  0.80633831879154327  0.81460411883562245  0.82271543275094683  0.83023076569128140
  0.83745945535367206  0.84452898442887014  0.85016050389091613  0.85604955484764789
  0.86368300875210846  0.87621954046183381  0.89160629832954608  0.90149503178544521
  0.90961936369646945  0.91563751933403281  0.91903991063457857  0.92266946200155731
  0.92633763896488508  0.93006179184701310  0.93353248282448764  0.93865375573558318
  0.94577329514662611  0.95470289696906852  0.96302074089995948  0.96898545717209872
  0.97450698035592920  0.97961997042858606  0.98850344653950906  1.00000000000000000
 -0.00179038322705818  0.00863612024180596  0.01774532946255508  0.02494053606516297
  0.03164769723947524  0.03997783249358896  0.05074574640980849  0.06359133041958430
  0.07881729722996111  0.09328882792507254  0.10983219292071746  0.11961055431472303
  0.13037111471546292  0.14222507372532939  0.15403135258089479  0.16665840781972383
  0.18199688656498603  0.20156294973681710  0.22098593037396935  0.23467750223072445
  0.24956658972951565  0.26539874036154637  0.28334046625011367  0.30215816466565154
  0.31803440542356137  0.33573761079488579  0.35197514057331741  0.37048507282153309
  0.38753738094643914  0.39898219051285405  0.40741193730025443  0.41739848228917265
  0.42563291334536341  0.43216380006368349  0.43797698298560450  0.44336803492038912
  0.44859948572807234  0.45403697267499993  0.46501429086719498  0.48564105307341027
  0.50850396678507559  0.52872091703050539  0.54107876476250327  0.54773392232051277
  0.55381332625301960  0.56036072220636057  0.56660073173072545  0.57160850788498696
  0.57542360160310058  0.58030766395385280  0.58647588871000689  0.59442862344255643
  0.60303605835182916  0.61300740555431221  0.62944422147910384  0.64114065407975107
  0.65112506365977307  0.66082024582178400  0.66895180348646910  0.67687723404408762
  0.68440787607191733  0.69280882651586506  0.70224457452929734  0.71214426747840920
  0.72701590125278848  0.74105377968384933  0.75233598874033458  0.75700508229257291
  0.75920534247829474  0.76333754706308732  0.76682391044458387  0.76964087683039861
  0.77370565730431995  0.78209921435005836  0.79121329048772726  0.79603983380170862
  0.80087326450898144  0.80646772971220770  0.81677971549407369  0.83268094058153785
  0.85161869811616886  0.86888388308591546  0.88078439130195540  0.88984410510480505
  0.89870556946274716  0.90832328433931830  0.91851269609803932  0.93104309702257171
  0.94147846873622532  0.95003284209118999  0.95864993429821155  0.96603655988487380
  0.97327719839853777  0.98066040578575842  0.98949642223144263  1.00000000000000000
 -0.00136776208891384  0.00120391188234741  0.00857785920289392  0.01581720043049932
  0.02263472316333812  0.02869024637639802  0.03469338937658072  0.04131932193387358
  0.04941589169406374  0.06278459625455227  0.07397150222635622  0.08308487456091000
  0.08962985613674894  0.09551959318906636  0.10232161748066466  0.10968498102251649
  0.11732861624318346  0.12597947706107349  0.13760710476874424  0.15096690118390518
  0.16607521965487695  0.18082466205712483  0.19440044422734920  0.20672492386423252
  0.21837716868568011  0.22973240751826790  0.24116613532577896  0.25621317811042482
  0.27460614053590143  0.29544206930351768  0.31313338542594810  0.32920377587155780
  0.34436411179148485  0.36287898401821611  0.38337465739517679  0.40073244900349864
  0.41216576601256627  0.42311255113862323  0.43366808101197551  0.44490773837578185
  0.45579845732049679  0.46714387071063346  0.47947860825231303  0.49306960441205633
  0.50831289844039529  0.51941150866244568  0.52532757530029350  0.53124798877169599
  0.53798588343140186  0.54320990207688036  0.54962333760002680  0.55487071617928452
  0.55950391193892934  0.57195905446424966  0.58365424218591211  0.59190360848969292
  0.59965227827783207  0.60578309214913340  0.61498453995339086  0.62401284869288309
  0.63892164182542377  0.65953061487454345  0.68297287017651465  0.70268427262756328
  0.71804914111501450  0.72947627935175263  0.73387761793992179  0.73997844104865618
  0.74794379400491406  0.75534028236882178  0.76165901131173641  0.77054384954976529
  0.77804661167028133  0.78359031672406787  0.79020591171321253  0.80068087058662729
  0.81622605056325725  0.82973865741790231  0.84253030423338526  0.85352994037252117
  0.86123268529084751  0.86838882827213293  0.87696265975009147  0.88621371078876199
  0.89597842396955285  0.90639171851553468  0.91589201678093701  0.92495912910199463
  0.93479013519862675  0.94493217976944366  0.95419613777534917  0.96223890456375449
  0.96947143814860759  0.97715778909160855  0.98748725645429114  1.00000000000000000
 -0.00212398014636512  0.00850177963226971  0.02125277648848390  0.03250508914969319
  0.04465874592888730  0.05492310862972843  0.06861511184749193  0.08555841083860388
  0.10366386076529864  0.11681468234265453  0.13170799483918608  0.14648737105554874
  0.15881157760813311  0.16937559845912570  0.17934936849115019  0.18678984273540536
  0.19135323390644662  0.19828864771948973  0.21042090765603422  0.21993605079576681
  0.22894858502237889  0.23779455298168153  0.24656480433362951  0.25564037504837706
  0.26537399581189397  0.27459805060884024  0.28593471398729670  0.29928142880992209
  0.31106618875416336  0.31813497094108129  0.32363688008691743  0.32894013195178901
  0.33387953404856480  0.33946259079405333  0.34607584960798776  0.35282384275736928
  0.35876102591144532  0.36448651497731638  0.36794183003960207  0.38583108085195106
  0.40819059734444257  0.42998100004841361  0.44762722966669716  0.45687510856941849
  0.46594976203326549  0.47531283664524127  0.48320003135643863  0.49441986561574869
  0.50629470289663514  0.51904281164654986  0.53259212659623401  0.54577248213276441
  0.55903555568315888  0.57352145701061841  0.58638618918015228  0.59851213530824610
  0.61356013581764790  0.62815832242364655  0.64209910280492399  0.65526289975302088
  0.66756336960755214  0.67756830889685449  0.68634374870165227  0.69285998865264131
  0.69793375623135590  0.70560579612198504  0.71144610696952992  0.71736973305039542
  0.72388674775369799  0.73200623640312890  0.73937947193795250  0.74504915758130663
  0.75283881607485270  0.76077333933979585  0.76723811501165629  0.77303405614090193
  0.77886590123581967  0.78681469830537731  0.79530071134484093  0.80789838671597614
  0.81963366490788114  0.83239458393883625  0.84501221213333433  0.85565443693212784
  0.86579339370063446  0.87661420772534904  0.88761516378575900  0.90085910464452856
  0.91434480339714430  0.92364098582749143  0.93309490646261128  0.94207126868267099
  0.95344694944063391  0.96704566774908352  0.98252923250784185  1.00000000000000000
  0.25906943015304629  0.83960155335247644  0.85028577514421044  0.85403066847895792
  0.85614934864032322  0.85756558194395749  0.85855261636068869  0.85943280739790751
  0.86034014267566139  0.86132833677281306  0.86219424076470508  0.86290672417123848
  0.86361846645107332  0.86453316956239457  0.86541895015845705  0.86623575628757787
  0.86698101085527901  0.86763979391490287  0.86826864623168110  0.86887166795830151
  0.86936125563699496  0.86976779848327834  0.87020435891559278  0.87065682003888489
  0.87111074543787603  0.87150092086607600  0.87185074901676729  0.87236611216478777
  0.87308988194408299  0.87359688322480500  0.87395679492087219  0.87431088069711271
  0.87470829258777805  0.87527519378981167  0.87572478461104741  0.87605831029296322
  0.87640891183920111  0.87672820876079072  0.87712406634151752  0.87767797806412451
  0.87823105591182959  0.87878882683209358  0.87961464092692598  0.88071696293941670
  0.88189781529337796  0.88302215156239849  0.88391383941786850  0.88477917375090342
  0.88565328816697864  0.88643738777531711  0.88733761875543304  0.88835028921920089
  0.88947227261158823  0.89072230208083469  0.89204637638958229  0.89346035443505167
  0.89472014024147095  0.89584623491823623  0.89706210261806907  0.89814329336719445
  0.89907861478103912  0.90004574082149680  0.90107838112769012  0.90216467152784441
  0.90313350220261823  0.90387509641205499  0.90451644797103570  0.90562229643712866
  0.90681604395543702  0.90798204908440838  0.90916275446587680  0.91042932900621176
  0.91181174528354170  0.91321358476592818  0.91444204449427269  0.91592836679596734
  0.91769237313251406  0.91961751918724388  0.92162849538392067  0.92370863733768693
  0.92629505240970111  0.92914482488987749  0.93199563025638754  0.93429574644396851
  0.93639000618239787  0.93924109591588612  0.94286244046188994  0.94560572236719243
  0.94742823181835945  0.94958027223811858  0.95199087889625988  0.95462785207970902
  0.95794217284768235  0.96153323626221310  0.96918814817098720  1.00000000000000000
 -0.02712482748894026  0.13382578938099901  0.17565554687580021  0.20895862435877879
  0.23587190428561181  0.25639727459642014  0.27472580703774613  0.29137268622367274
  0.30431501376827985  0.32105035400417231  0.33912855720033869  0.35833553900002302
  0.37909001750393378  0.39821208524879681  0.41500869534821389  0.42993801088253747
  0.44364114760880774  0.45764558609169603  0.47028056512272903  0.47968914094974435
  0.48591024581350639  0.49283132433352167  0.49932947256416577  0.50510736430521108
  0.51397460751574020  0.52532950208090545  0.53636673545731561  0.54677371547079345
  0.55617225536621318  0.56372312908978828  0.57154513207655944  0.58140327406726811
  0.58938469552282846  0.59622533345987427  0.60324606803381087  0.60877071097142177
  0.61245304811594892  0.61610989503255276  0.61985125603376690  0.62340447364101170
  0.62733248512026163  0.63385450047890279  0.64159091973581672  0.65077772926073674
  0.66255671239333691  0.66816135319383729  0.67284745304454108  0.67610856780021966
  0.67845121700746203  0.68132487247117479  0.68630581747857755  0.69369731323100503
  0.69968090887691592  0.70512710490141639  0.71072845507043680  0.71609649695411226
  0.72010468532770266  0.72339697717040852  0.72630573733488035  0.72941241241510624
  0.73248540528701278  0.73594987961470371  0.74042202767753817  0.74616608766279480
  0.75273667192907301  0.75948192989634111  0.76668618539349598  0.77310231226885706
  0.77873655415626941  0.78407842771769309  0.78692781220062569  0.78894285754805993
  0.79116080479724704  0.79378593610093917  0.79647137509208743  0.80103230660055591
  0.80513424002253786  0.80896850195860248  0.81260969864914112  0.81626290624268338
  0.82017228081395599  0.82369807109850668  0.82692833302388447  0.83041401755505317
  0.83524805699738214  0.84149255104485443  0.85011441023031875  0.85744346766376556
  0.86525338655479489  0.87330281511204622  0.88222906550459845  0.89278419992075653
  0.90567290294950353  0.92311828104665772  0.94900034869132721  1.00000000000000000
   4.5533654714985225E-013  -1.0000000000000000     
 T T T T F F F F F F F F T T T T T F F T F F F F F F F F T F F T T F F T F F F F F F F F T F F T T T T T F F F F F F F F T T T T T T T T F F F F F F F F T T T T T F F T F F F F F F F F T F F T T F F T F F F F F F F F T F F T T T T T F F F F F F F F T T T T
  <DiscreteSampler_grid>
  grouped_processes
  1 # 1 for a reference and 2 for a running grid.
  10 # Attribute 'min_bin_probing_points' of the grid.
  1 # Attribute 'grid_mode' of the grid. 1=='default',2=='initialization'
  0.0000000000000000 # Attribute 'small_contrib_threshold' of the grid.
  0.5000000000000000 # Attribute 'damping_power' of the grid.
 # binID   n_entries weight   weight_sqr   abs_weight
    10   10   8.194238445689685E-009   3.020300861502314E-016   8.194238445689685E-009
    11   10   8.194238445689685E-009   3.020300861502314E-016   8.194238445689685E-009
  </DiscreteSampler_grid>
