  0.00191279834032145  0.00195171704309939  0.00199705447079197  0.00203932222617372
  0.00208664028827933  0.00213302190843496  0.00217844018788242  0.00222474676564724
  0.00227328796740208  0.00232513083169187  0.00237711160483450  0.00243364301780932
  0.00249173163769256  0.00255112374800234  0.00261270399567371  0.00267665144059456
  0.00274175359964593  0.00281046235521192  0.00287994815643229  0.00295377783600367
  0.00303174653165905  0.00311299219764467  0.00319278800165371  0.00327372499549493
  0.00335572983219125  0.00344035717227026  0.00353139418869095  0.00362750367556957
  0.00372489041441234  0.00382912006402943  0.00393948271189982  0.00405456810773103
  0.00417195689372479  0.00429151383748713  0.00441401544578947  0.00453989091381470
  0.00466868384804977  0.00479961468792318  0.00493123186236509  0.00507518582501333
  0.00522684171810752  0.00538082436939499  0.00554275443511906  0.00570673943327488
  0.00587821701570177  0.00606003328553893  0.00624924010149334  0.00644547596818519
  0.00664722789424409  0.00685244779074998  0.00707256219307539  0.00730893002146524
  0.00754210694330644  0.00779108719855306  0.00805692526737666  0.00834496037908598
  0.00865764573641045  0.00897112534394571  0.00929261569210605  0.00964173063853932
  0.01000368119796098  0.01039330582677742  0.01080995392820999  0.01124747159026038
  0.01171605898080232  0.01222839121823820  0.01277641374486967  0.01333455094623172
  0.01393443298934732  0.01459804988116640  0.01531193423767352  0.01606773170132475
  0.01689836578531536  0.01781815863811639  0.01882186071710259  0.01990790335908799
  0.02110330654783103  0.02243337143705545  0.02393269754645675  0.02557483413403069
  0.02735668752446775  0.02931785532093906  0.03156777740194202  0.03420226140983540
  0.03723207617572602  0.04064626377209154  0.04464452967564081  0.04945890671900866
  0.05544423691990387  0.06329346861635815  0.07327348493231990  0.08719077965060008
  0.10916344074807985  0.14658775383812322  0.24539149108646341  1.00000000000000000
  0.00430854284048648  0.00491432992655206  0.00573006837853047  0.00621133776200328
  0.00676398095628998  0.00734924426253886  0.00791175931604618  0.00848084644019390
  0.00906833435892473  0.00970099721669817  0.01036515573544313  0.01108174963518969
  0.01184978232032241  0.01265280539690075  0.01345585234289675  0.01425895711286193
  0.01509558159095284  0.01596781127103846  0.01688981801799266  0.01789938598215627
  0.01896712703069716  0.02008984409758367  0.02128973603483313  0.02254988684202364
  0.02386240335709486  0.02512522506359385  0.02646847525358352  0.02784906072276385
  0.02931188781384582  0.03096921978125964  0.03263865998879990  0.03436205920568859
  0.03613565600664047  0.03788012847577998  0.03971327648185656  0.04158302211995764
  0.04356355242777186  0.04554790939722723  0.04771757491042513  0.04998980947156759
  0.05223375645622378  0.05467190881753464  0.05712671946169990  0.05971585258869513
  0.06247954993005421  0.06544007362846294  0.06858826547402459  0.07178305203867694
  0.07504512697336851  0.07840354238912348  0.08193440377971495  0.08565050339063587
  0.08958422892620904  0.09391560039444594  0.09854269012895553  0.10338585388072273
  0.10831544053389780  0.11324794190364718  0.11816430955590761  0.12315185196731687
  0.12837792684215707  0.13390073683777193  0.13964330178659304  0.14560733264748144
  0.15190001420769947  0.15862905849520942  0.16591231934279566  0.17340794238422511
  0.18142040653746661  0.18983657020411177  0.19836616200033708  0.20713441489700327
  0.21632702316872521  0.22608761392653554  0.23679474637866157  0.24849586496848627
  0.26054369882796774  0.27292302985398104  0.28641122480893944  0.30065658574882315
  0.31613953041118720  0.33312740907672655  0.35129194181449275  0.37163084589520068
  0.39401044767684068  0.41787086654544764  0.44405489103871026  0.47316169210354397
  0.50549102336177987  0.54197134750024967  0.58191223095807121  0.62977829486511472
  0.68498213359130333  0.75390714389030988  0.85162537413467809  1.00000000000000000
 -0.00266117250905023  0.01062809070771801  0.02112479669126953  0.03213720974333849
  0.04230975585984555  0.05404334682025725  0.06478144495268209  0.07524205808830552
  0.08582140584207466  0.09703531262980761  0.10837404491733754  0.11895038412313490
  0.12922153942315887  0.13975757021704954  0.15090502249946741  0.16235215947838158
  0.17377984285512307  0.18503717462402122  0.19632127936375179  0.20768758637713577
  0.21913423807314517  0.22995369436286150  0.23998206100236236  0.24977009391048310
  0.26009412365796730  0.27071362348814243  0.28148252588074502  0.29225059176410556
  0.30364598541473203  0.31510457738543768  0.32655022603240436  0.33764581991922682
  0.34829949271354821  0.35869647954813583  0.36896520797302551  0.37877618794787565
  0.38865875446219122  0.39917919473050556  0.41017048499026298  0.42073134312285521
  0.43107025097741103  0.44156120932612936  0.45216783197018390  0.46274056021053744
  0.47334164797288608  0.48387929577473487  0.49411065471261612  0.50388434009831395
  0.51309324808569734  0.52232144764589372  0.53171563822818169  0.54125524099035893
  0.55119187371955969  0.56127419033915349  0.57168218365495804  0.58202326471434773
  0.59214473665840295  0.60208342143316940  0.61213053290654729  0.62272489208338433
  0.63357956585171338  0.64411766726963227  0.65466190239984989  0.66559592182489979
  0.67665182899009380  0.68736552279657182  0.69781472332971550  0.70812195057310123
  0.71853684594671818  0.72888725381916919  0.73912196106538908  0.74926815100675792
  0.75959884661618760  0.77001939528948693  0.78036237639447847  0.79073245964534600
  0.80144242593396531  0.81237038400111483  0.82324643744079695  0.83396628556924712
  0.84452039188947503  0.85501864014194939  0.86557203688764228  0.87638730020352129
  0.88682371641608826  0.89737594699645673  0.90744495737266062  0.91788432167947076
  0.92858099290026030  0.93925505742530491  0.94963727639084405  0.95970488577504709
  0.97007316619592532  0.98006360742152865  0.99011124403246720  1.00000000000000000
 -0.00276571258849749  0.01063642056107624  0.02135249752458102  0.03229533842737916
  0.04239301604954492  0.05237250900942163  0.06221542760152114  0.07227775988422676
  0.08259419199651574  0.09282080530615389  0.10304266884701449  0.11352474284702258
  0.12418514619697682  0.13519483758574113  0.14631369837797048  0.15779616272128247
  0.16951733640597275  0.18108331966041885  0.19231948286059442  0.20395077539404016
  0.21531092388434497  0.22659662105880390  0.23734089870315192  0.24812835554757343
  0.25861476935138500  0.26907361768542098  0.27936735829475290  0.28968952101805362
  0.29971737637637452  0.30991890731117644  0.32033977469310071  0.33083610135764896
  0.34161305464464231  0.35251547429854685  0.36345175684709363  0.37435284438231964
  0.38517319621574775  0.39624430096997709  0.40720636956625911  0.41818309609622861
  0.42880074116513789  0.43944687858810816  0.44972527306345100  0.45983379313157735
  0.46966105936283020  0.47963598699386706  0.49026528526703356  0.50064928387541907
  0.51142149641860424  0.52215222877448342  0.53330334546711333  0.54456187118359800
  0.55574134849587997  0.56703661832114338  0.57802860913182186  0.58889741015755304
  0.59980881655030405  0.61107661870621599  0.62233467610046855  0.63330380078919657
  0.64391576196431033  0.65444894340477044  0.66484343216818031  0.67553820805591169
  0.68585019343419862  0.69630342155959812  0.70657192017742776  0.71689182691950304
  0.72700619908747366  0.73711799879120043  0.74721124477838341  0.75712241039912354
  0.76703920314120999  0.77720203272451005  0.78753981526136374  0.79810865084807503
  0.80906138395278304  0.82014720618427961  0.83125871831161890  0.84185458814803649
  0.85210961142648045  0.86246298317917647  0.87273278465299231  0.88287261457213262
  0.89281411331522820  0.90209861723164608  0.91183133218576529  0.92141694082103709
  0.93167448663778485  0.94140937380777112  0.95102133171469549  0.96122760562195242
  0.97170416892388534  0.98176201073292302  0.99089292360732883  1.00000000000000000
 -0.00227082486056104  0.00896088012963118  0.01829189169642154  0.02799472656317377
  0.03790383704141161  0.04778112745871330  0.05757742231526572  0.06775657665285598
  0.07864539776719641  0.08953466026631964  0.10080486326098259  0.11183046644517304
  0.12305709696404261  0.13416987689325097  0.14535508872645567  0.15672008638899632
  0.16817771736649803  0.17976437539896450  0.19092827598579970  0.20161128983514706
  0.21229812935442713  0.22266153924389873  0.23298598032037474  0.24260846613309878
  0.25244307880047007  0.26262711721867321  0.27357753529512024  0.28475322314274298
  0.29570005293363166  0.30628357982862353  0.31673606640687157  0.32745800484497639
  0.33805064512324112  0.34856006529677752  0.35896799994066092  0.36962201403952927
  0.38061062735307710  0.39163526393499104  0.40297709826011935  0.41381642002895175
  0.42442054538607465  0.43455487952338312  0.44514043192053293  0.45570436194560893
  0.46588011525878148  0.47595339362047639  0.48626243643219552  0.49718591034405551
  0.50770792608190041  0.51764991121477077  0.52761843150088272  0.53802352270628673
  0.54868004499007283  0.55914372109535115  0.56964530818078041  0.57996178001164489
  0.59038370969418041  0.60081085595448736  0.61186986907480034  0.62295342928999242
  0.63395899646434661  0.64418604009512215  0.65440031270058097  0.66463204275502441
  0.67515813799113378  0.68604230044561476  0.69698851124105643  0.70848758247039145
  0.71989748814797960  0.73081887929771039  0.74156046182674307  0.75201718405112716
  0.76241490468560025  0.77282913770051220  0.78211766273959327  0.79225496877915924
  0.80188387099894720  0.81139801590297744  0.82095277595667104  0.83080465420408844
  0.84109999919462863  0.85141906565008596  0.86126403571708288  0.87094932557923743
  0.88103996046073607  0.89162719892320896  0.90311592948834618  0.91410125105346185
  0.92475376508481288  0.93502278848447862  0.94566271005962899  0.95661367712286993
  0.96699197281432514  0.97771879131002848  0.98865165147895051  1.00000000000000000
 -0.00279068740393460  0.01063692581001937  0.02157855356668995  0.03253854247861459
  0.04346248805525658  0.05417401746263267  0.06476987321507628  0.07447946093003253
  0.08442070641501634  0.09468922910917314  0.10521910497773837  0.11596686994617250
  0.12621788144520210  0.13589934310779381  0.14532129278568062  0.15503255347384456
  0.16524178956927218  0.17543918972581901  0.18559772005731517  0.19645179216659620
  0.20766370154974695  0.21860836296338512  0.22982447653332330  0.24062663342993865
  0.25185517755689579  0.26253762413607951  0.27342700877186310  0.28402084856983262
  0.29452021360710295  0.30461614859991853  0.31439825312895842  0.32431653379515990
  0.33434845681868292  0.34471367990749341  0.35491927026768688  0.36560935821134610
  0.37642834563837735  0.38779008569270507  0.39900613731258538  0.40968949796632403
  0.42021045416088698  0.43056263132294359  0.44134774549919792  0.45200123632389327
  0.46270899538695409  0.47332984021477936  0.48388956398995536  0.49460905432555152
  0.50565548089932910  0.51702871431625352  0.52763020789279402  0.53821447308929893
  0.54861140361318039  0.55926171032977712  0.56996098162691899  0.58058659277106550
  0.59099627543422539  0.60141641843811566  0.61229474203608825  0.62368340505641040
  0.63502862703800589  0.64592195984795708  0.65618397083969471  0.66638562125786616
  0.67649493498929458  0.68699545297842246  0.69763223225886406  0.70796874630228368
  0.71837951081232954  0.72867335594895422  0.73889254013757499  0.74958708894843029
  0.75900583925170095  0.76887618489205567  0.77842410726990141  0.78847307761376317
  0.79861089596044088  0.80878572855814546  0.81896698697908821  0.82942044371070878
  0.84024308799521885  0.85174568368560133  0.86283008585522925  0.87368446617721496
  0.88435227031638208  0.89479250667829047  0.90511063156022209  0.91545494924420900
  0.92609939382385809  0.93660700527802854  0.94704996385746731  0.95793838772207274
  0.96862583808711489  0.97947899335621735  0.98970640784885067  1.00000000000000000
 -0.00249887895629641  0.00917260102863826  0.01903750800965874  0.02876192282874395
  0.03891725557469387  0.04971811373382637  0.06080699933988257  0.07185561130542625
  0.08304273541118011  0.09453949239494484  0.10600196680230003  0.11698169347213182
  0.12754353310716798  0.13805113034802532  0.14829687876959396  0.15818496505649909
  0.16829303866960976  0.17887404783223365  0.19023527498903667  0.20101640796410439
  0.21173915701401785  0.22263188300449116  0.23367169720332479  0.24433372978311033
  0.25452558561721966  0.26466810342901292  0.27485811392738313  0.28531956366314132
  0.29557546821580827  0.30582038793742711  0.31625677006482605  0.32641017709240594
  0.33642163532069580  0.34626974282668943  0.35667096690748978  0.36768331686926242
  0.37869714319677567  0.38939164897642164  0.40000461918861185  0.41042711802401294
  0.42090164780910766  0.43116583555816712  0.44173036902162854  0.45251546868742365
  0.46330069599815243  0.47381447663041559  0.48384227466048801  0.49396736093612359
  0.50420097897304061  0.51445009180260126  0.52434650284870021  0.53400668248022132
  0.54379521216730053  0.55424514317814433  0.56466718386061987  0.57491301570650066
  0.58499304781656147  0.59529106368988649  0.60633377164175728  0.61728400798674665
  0.62807521577129999  0.63874986979042425  0.64931804781869573  0.66011326415782479
  0.67036885104822685  0.68053082581607638  0.69040047701828311  0.70065157775051612
  0.71113612877686938  0.72181005605486970  0.73255681394078986  0.74335345605284120
  0.75404076556580057  0.76450320414839712  0.77462346512151536  0.78477792004219438
  0.79504500681978429  0.80579850215262938  0.81690551467256911  0.82820414105984830
  0.83970159125065125  0.85108057653996216  0.86266700411752317  0.87403244006929626
  0.88509843298196145  0.89599119489043921  0.90719308357082651  0.91803341323819443
  0.92857534082015691  0.93883378741312218  0.94909841461430511  0.95924988587627380
  0.96937095881099478  0.97949327697972921  0.98984440202439627  1.00000000000000000
 -0.00287667300447872  0.01042053453101294  0.02115186828523132  0.03166045636022820
  0.04220325245850936  0.05274041247610832  0.06329593161862559  0.07381129593055921
  0.08466883398249507  0.09519213809879748  0.10561852363851232  0.11590038520829962
  0.12679022524147723  0.13759168352750945  0.14861957041031931  0.16015614471461764
  0.17151654208857836  0.18271585912013119  0.19291173293006766  0.20274641270388535
  0.21244532844916378  0.22222978092585116  0.23210832412077145  0.24227884975333450
  0.25236832583859653  0.26350716477842701  0.27405850011944421  0.28474690549770471
  0.29511132288950415  0.30591276668802353  0.31619799240281771  0.32627301074661086
  0.33639718572784455  0.34646354024502768  0.35665112856504966  0.36705499782241280
  0.37792386829760199  0.38903832825403317  0.39951496268973635  0.41020178290485859
  0.42085705886154096  0.43182879628247461  0.44298716083131762  0.45373904967978734
  0.46434114160190770  0.47475784062068427  0.48523085774543484  0.49603285455557861
  0.50668463506175743  0.51734343838924268  0.52740016169071935  0.53707844575447239
  0.54677429335989669  0.55674346505885997  0.56716277083882005  0.57772328413782392
  0.58797626712889073  0.59855085967222155  0.60921862474577337  0.62019815378499121
  0.63055785583934199  0.64041687805305980  0.65031535068556157  0.66036498275106059
  0.67071899743105956  0.68127857565768479  0.69176723049557898  0.70226295090936686
  0.71258113229758968  0.72274668995626357  0.73301257728907965  0.74385363018945594
  0.75439787183655005  0.76478175567747908  0.77466441178415646  0.78526927677716218
  0.79605955956035612  0.80685240180137441  0.81755201701367641  0.82795420853070023
  0.83824927485664347  0.84793991137552527  0.85829249980501277  0.86899609827257440
  0.88032057602410507  0.89118861528744053  0.90201217771185671  0.91276940405996998
  0.92390029223033532  0.93510371933565961  0.94581858370660032  0.95632326899073705
  0.96723362264221135  0.97831884703550387  0.98931491747713318  1.00000000000000000
   8.3148095746383685E-012  -1.0000000000000000     
 T T T T T T T T T T T T T T T T T T T T T F T T T T F T T T T T T T T T T T T T T T T T T T T T F F F F F F F F F F F F F F F F F F F F F F F F F F F F F F F F F F F F F F F F F F F F F F F F
  <DiscreteSampler_grid>
  grouped_processes
  1 # 1 for a reference and 2 for a running grid.
  10 # Attribute 'min_bin_probing_points' of the grid.
  1 # Attribute 'grid_mode' of the grid. 1=='default',2=='initialization'
  0.0000000000000000 # Attribute 'small_contrib_threshold' of the grid.
  0.5000000000000000 # Attribute 'damping_power' of the grid.
 # binID   n_entries weight   weight_sqr   abs_weight
    10   10   2.304254991432312E+004   3.161960503937221E+009   2.304254991432312E+004
    16   10   2.403576877368779E+004   4.575844867392035E+009   2.403576877368779E+004
    22   10   2.403576877368779E+004   4.575844867392035E+009   2.403576877368779E+004
    28   10   2.304254991432312E+004   3.161960503937221E+009   2.304254991432312E+004
    34   10   2.304254991432314E+004   3.161960503937221E+009   2.304254991432314E+004
    40   10   2.403576877368777E+004   4.575844867392035E+009   2.403576877368777E+004
    46   10   2.304254991432314E+004   3.161960503937221E+009   2.304254991432314E+004
    52   10   2.403576877393356E+004   4.575844867496886E+009   2.403576877393356E+004
  </DiscreteSampler_grid>
