  0.00178984789843919  0.00302740020185873  0.00419088379558215  0.00540054438902126
  0.00665466761020502  0.00784026142105704  0.00909609828883328  0.01052585466179233
  0.01196571163295350  0.01334678007949119  0.01486044872396066  0.01644234840010176
  0.01805075207784802  0.01962542195782928  0.02118967178854571  0.02278386735999777
  0.02444312650324663  0.02616766398639749  0.02788215486060955  0.02960692558763388
  0.03138633630678360  0.03323697904422494  0.03521687114669276  0.03731417878515152
  0.03958920042494944  0.04179721444599754  0.04389945161772642  0.04598631067786688
  0.04809351223888458  0.05024241641376442  0.05247100561252201  0.05480554470923670
  0.05721084565313962  0.05964915626921170  0.06210541888976108  0.06463264279962987
  0.06725438910253793  0.06993711605524813  0.07273820771042103  0.07548954240026221
  0.07822209060353499  0.08137586395986716  0.08448871401922932  0.08760013983082479
  0.09098779285256132  0.09457833204322821  0.09838079241640656  0.10223600440954463
  0.10609637466695765  0.11012377414032234  0.11420118737245369  0.11844833954574471
  0.12284655807140350  0.12746097495270489  0.13224779055898278  0.13739855197670300
  0.14292875256975668  0.14877701478272506  0.15489985110713553  0.16136629890664575
  0.16826798145900848  0.17547024469994041  0.18272500735503144  0.19010651249444019
  0.19837986404839272  0.20708210371180460  0.21592002258565160  0.22472761452277987
  0.23360758715983432  0.24279076080325429  0.25203043867640229  0.26176549858602671
  0.27218259648947113  0.28352648820465809  0.29567835216870980  0.30810741549778409
  0.32028667052865178  0.33239616565752000  0.34521841969853545  0.35883815544184378
  0.37322360287651235  0.38814748007373201  0.40447710215523736  0.42119365201848707
  0.43838031954313339  0.45717010481997694  0.47766621456654301  0.49961214576520319
  0.52323251377801505  0.54814354008798261  0.57519173755225406  0.60528461981922932
  0.64383943943008393  0.69640434920353134  0.75535454807424474  1.00000000000000000
  0.00670676099027900  0.01013400862199757  0.01368433784146745  0.01747753771807442
  0.02153266925953123  0.02556313888929278  0.02968366132551031  0.03399147037892676
  0.03851331441261005  0.04331819095562686  0.04843621818002389  0.05322296907202658
  0.05783297484641468  0.06239265473159124  0.06693880292440202  0.07186689551433391
  0.07720268954881672  0.08288169408036186  0.08826248520138116  0.09363999074031799
  0.09882039705714347  0.10407226698683876  0.10977324847579495  0.11541345726165604
  0.12064049252519121  0.12549376770294765  0.13025407404538294  0.13521484568306913
  0.14063769138272839  0.14657193043088737  0.15250835921318540  0.15829233217125216
  0.16406516746490471  0.16987793056159389  0.17579333275606177  0.18166926872710917
  0.18754696488546851  0.19347419352550191  0.19942166251985746  0.20560796536513984
  0.21233609492376482  0.21949653727509355  0.22674974616295102  0.23396740783152079
  0.24104182234814509  0.24790161160498761  0.25460987092196208  0.26132957108221366
  0.26830385398171164  0.27571124361996169  0.28303541622115624  0.29036888187576576
  0.29791947668764862  0.30561629977256877  0.31326777922799431  0.32096785266403366
  0.32858942370596927  0.33665487578688763  0.34556109193350387  0.35468769347249440
  0.36361219930632915  0.37229381746966800  0.38071424514732205  0.38965956907546756
  0.39891583956887228  0.40813928408486716  0.41762321981149120  0.42721600039689633
  0.43718666263419481  0.44755519848208641  0.45861879419929125  0.46991030371664122
  0.48116264484195331  0.49307662987379203  0.50547166716449909  0.51871460163362582
  0.53236107632960761  0.54595447744407011  0.55969765910411162  0.57390110135259420
  0.58868450996564947  0.60397372864376997  0.61981335188669795  0.63600598773909811
  0.65256399387698472  0.66981281247312741  0.68774683691129590  0.70738604710493047
  0.72873875577232106  0.75107104888566123  0.77516544922799235  0.80017122590144651
  0.83002001293127647  0.86730166893237404  0.92093031713072926  1.00000000000000000
 -0.00222715959176887  0.01016744507987361  0.02089244266742069  0.03185631317233290
  0.04245731708598224  0.05208765331315594  0.06159225579432122  0.07171739959239944
  0.08240419567731157  0.09344305790931372  0.10477262794990511  0.11632949585668080
  0.12794934548062264  0.13955700702457333  0.15089028292402140  0.16188875792599142
  0.17250727531529600  0.18280943130144664  0.19334997546579322  0.20386533176617377
  0.21391062917264581  0.22352071080773595  0.23315742519730565  0.24324104464306770
  0.25324996676766381  0.26276438391464202  0.27219036594181706  0.28234642227353640
  0.29282240606182752  0.30349694905093461  0.31400227972079670  0.32452087017399267
  0.33517802685162990  0.34542323029097077  0.35561615851596429  0.36543580353273636
  0.37534586083831056  0.38631986617261954  0.39791498459760027  0.40871164189804227
  0.41951263982030645  0.43009803025844257  0.44174420028062211  0.45267943279721862
  0.46391688411249843  0.47485099630017691  0.48559815620048752  0.49603120437615927
  0.50685564891381563  0.51812870341244122  0.52956298061117313  0.54027410320161284
  0.55087695702105799  0.56098849393778960  0.57113472897015316  0.58117676727645184
  0.59197788462366963  0.60358846012136469  0.61474207319931118  0.62521428839475501
  0.63460552882388288  0.64438742582131270  0.65451498628103155  0.66471777999016890
  0.67482532761702085  0.68483589721816740  0.69535832909987749  0.70568835482217274
  0.71580946161365311  0.72625384742830557  0.73724533039622409  0.74819455713610494
  0.75873219531937719  0.76917818632763812  0.77957114463252908  0.78980270935990260
  0.80019722851705433  0.81088102478088631  0.82217652706882427  0.83324501664769646
  0.84422254491510851  0.85463092244463312  0.86546254544690804  0.87607797753970340
  0.88651450201056659  0.89653349577382369  0.90647667359738104  0.91646758317714594
  0.92616522664739098  0.93636164650785492  0.94678056539580036  0.95731683580306026
  0.96788020951426679  0.97835502609275005  0.98933777064289663  1.00000000000000000
 -0.00255437080455948  0.00938834407371375  0.02001276563008653  0.03101966909409067
  0.04218944871989808  0.05349003142386431  0.06446493769001461  0.07538278324125952
  0.08653390361193014  0.09835606438193016  0.10972620256978098  0.12030335766900403
  0.13002615677973928  0.13944420905374197  0.14886820170664714  0.15848862261368560
  0.16863891176527282  0.17925912635011229  0.19036500852686128  0.20035478462141060
  0.21041475950534327  0.22031556322816298  0.23109796448804634  0.24213976544843263
  0.25333491788806606  0.26449682519543466  0.27522376703194840  0.28548509582521614
  0.29631592164950737  0.30775946414130967  0.31894160243398206  0.32978023978464283
  0.33977051836648442  0.34933860625855373  0.35876165774842800  0.36886632035754835
  0.38003755387038651  0.39175013029427047  0.40309857235356078  0.41420015236961971
  0.42466045658756990  0.43532127920588753  0.44604553807117708  0.45706488271595186
  0.46801856944598508  0.47873910879971815  0.48902639960262495  0.49893101173875970
  0.50841499626900122  0.51793794531460347  0.52766808445670454  0.53791439128589114
  0.54835567624429304  0.55932107444250623  0.57011168791300992  0.58146666468143149
  0.59266261813830690  0.60358849457726194  0.61431760809855229  0.62488464734892579
  0.63559653662581683  0.64615865009557472  0.65637610570623195  0.66645764254405759
  0.67668373431047080  0.68718568805906532  0.69777440618660025  0.70863390546526417
  0.71958398477620944  0.73046389723289584  0.74062768182877725  0.75061199966881942
  0.76038990740264933  0.77010958911073135  0.78009846492499835  0.79033226288430725
  0.80079770316631271  0.81108138327235002  0.82166202867249927  0.83233468873201144
  0.84284718623073485  0.85321289118626586  0.86368708804144367  0.87411056815806776
  0.88465516988907733  0.89519553341346780  0.90588509163039876  0.91636540786473986
  0.92658495780371164  0.93666334418005981  0.94656970061708201  0.95680718725097347
  0.96799606555098083  0.97881698532145478  0.98958645248298827  1.00000000000000000
 -0.00237045018609483  0.00962779236148200  0.02034595567450303  0.03162929070720249
  0.04298944031255307  0.05346316197130336  0.06387620314931040  0.07374604354088216
  0.08359455274463111  0.09348687455129692  0.10332525294140271  0.11294150502876019
  0.12260364063699435  0.13295508453509625  0.14455550151525567  0.15607258738160359
  0.16678149130276754  0.17723325331734194  0.18783722060037017  0.19835499489910283
  0.20888133709147680  0.21904796762601242  0.22958879077978780  0.24038366747828216
  0.25149229382415689  0.26241311935173139  0.27312785291356173  0.28372123297259960
  0.29412524482726760  0.30412642803954898  0.31412607612025967  0.32432193341628029
  0.33465359029384739  0.34491709852169322  0.35584529205132792  0.36649989769176461
  0.37686084934326514  0.38693374473508713  0.39746505958011136  0.40828168711100638
  0.41920315844019918  0.43037460487833518  0.44180945214389045  0.45297148212750743
  0.46377589325814972  0.47462814588146901  0.48498178067005693  0.49519432258638885
  0.50510067043822515  0.51510655578019338  0.52563531576680633  0.53592593466450600
  0.54592201992850342  0.55556058558023991  0.56535990605735831  0.57533449427510186
  0.58568460278142420  0.59604897660298084  0.60617066109353401  0.61654072176358277
  0.62642685906574846  0.63685945265141319  0.64755563211397960  0.65878314702390406
  0.66992614310668130  0.68060184210941022  0.69063780440919531  0.70051023522202993
  0.71062645393103774  0.72154260347083454  0.73240326941790657  0.74318976709041817
  0.75378508349832873  0.76486955050517558  0.77665648189976100  0.78846512232811750
  0.79967414101705658  0.81052548652556244  0.82118654141651637  0.83193193758993311
  0.84244258068625055  0.85292237237234225  0.86347122318043190  0.87416797618514008
  0.88513376788583042  0.89625247890832194  0.90765862935781527  0.91887465074769625
  0.92937232379230239  0.93960193113545665  0.94974796326105604  0.96033045645688997
  0.97044496347201015  0.98044797752815904  0.99023478225033301  1.00000000000000000
 -0.00211007987290320  0.00955164145529990  0.01976838526552962  0.03003245325815030
  0.04060138258464414  0.05068533533148516  0.06064890766350346  0.07089714564945476
  0.08184516305115866  0.09336330961184172  0.10445664671271868  0.11519714721625590
  0.12590124252317314  0.13688621271993756  0.14811674995241098  0.15879736208771489
  0.16881394591166829  0.17870927959052679  0.18908553071549858  0.19999962671895036
  0.21084431694963698  0.22117165788427356  0.23151575290372944  0.24211060010381311
  0.25336174054603305  0.26450492720275498  0.27541605627354404  0.28549186565147078
  0.29558694242129019  0.30580208317235003  0.31623520862750448  0.32687291443676486
  0.33786228707203386  0.34886712245929619  0.35936731985155196  0.36987617623633623
  0.38047863247338315  0.39138949048909893  0.40228896381632800  0.41311139696655758
  0.42380882009866444  0.43471852642414971  0.44548240346548401  0.45603493057647093
  0.46681481752037057  0.47786477944409067  0.48916567778630482  0.49967593352508849
  0.51022367406085611  0.52075625703597650  0.53177702750514899  0.54216488791274309
  0.55221205468996493  0.56170862955687728  0.57123766572673329  0.58069882240437387
  0.59039101977152342  0.60051448029761778  0.61071668985976391  0.62151343490539446
  0.63241382715302075  0.64373978105780161  0.65415604692400897  0.66398986937113658
  0.67402849999933223  0.68479277364644975  0.69601102383237790  0.70674357692700907
  0.71683765356482942  0.72660128687093573  0.73641601840425397  0.74661734115720446
  0.75709785011598807  0.76750479998842813  0.77780062230581837  0.78818368097980263
  0.79913894815818631  0.81000717343806350  0.82047221579282870  0.83072002173576809
  0.84149553829508739  0.85286559821649899  0.86442436416846991  0.87563987675548494
  0.88627782761739993  0.89678160241376281  0.90713705969843661  0.91746534771579713
  0.92757619374112110  0.93830566461336262  0.94900456402306399  0.95940315369298690
  0.96923455204775744  0.97936415797316234  0.98976149441109684  1.00000000000000000
 -0.00262551380348207  0.01118957498978739  0.02296686444255652  0.03452299838128929
  0.04518663537676665  0.05554212714712538  0.06617869582912361  0.07672019541456818
  0.08674489229104390  0.09636924666113546  0.10645156567281691  0.11690333076428243
  0.12751060920005353  0.13805274862577913  0.14862317319909107  0.15938211787520121
  0.16994194551669681  0.18078254653308243  0.19145746083335805  0.20246678310545682
  0.21336553017991691  0.22428577871790631  0.23468403133300125  0.24448557486175485
  0.25438013422079303  0.26404481579786238  0.27435780639651552  0.28384343608982271
  0.29356506148949923  0.30343767301556973  0.31408489443372567  0.32475305557439038
  0.33491093780796632  0.34504811695982063  0.35486053729712663  0.36490260162139015
  0.37515204197487173  0.38607361432798137  0.39710303399132396  0.40713012542429405
  0.41720757273444264  0.42757582693913843  0.43811098369497037  0.44844436901073592
  0.45849762376826791  0.46917780373853268  0.48029654868644805  0.49163445648899251
  0.50290401651956296  0.51436380045648655  0.52557477063420566  0.53651925535895406
  0.54703887154192454  0.55778149012627609  0.56857127992371759  0.57930821940676647
  0.58982671451224233  0.60005132040725606  0.61025413714830989  0.62078830385584827
  0.63173353795154830  0.64273157938607917  0.65305055051351590  0.66328819506990599
  0.67323139470964710  0.68330978347357985  0.69329782950654506  0.70365860207717512
  0.71435174125156964  0.72478358215730587  0.73512581084045070  0.74585239096822309
  0.75683478127336190  0.76760358930778005  0.77771485353992809  0.78759992767381204
  0.79742153095171697  0.80707965214632194  0.81654907255258102  0.82650949005137098
  0.83657405084867131  0.84735953300798017  0.85766855016338017  0.86882308893111881
  0.87988378155531632  0.89138816988488756  0.90231089323822644  0.91292378610302771
  0.92334744867680563  0.93459703892478840  0.94597074400846293  0.95725877769295320
  0.96787651304491829  0.97837182200417694  0.98925302789834657  1.00000000000000000
 -0.00253421641652050  0.00955986546080938  0.02012505439376598  0.03092960593236463
  0.04162294259705362  0.05150358706694801  0.06192587697806562  0.07239438850003654
  0.08323428229158002  0.09341793974662385  0.10384902991074267  0.11403048607573305
  0.12405113623709470  0.13426945589667097  0.14463286012338691  0.15608936453110620
  0.16782642886948299  0.17948136798581399  0.19058466149243092  0.20087842128046382
  0.21086692152190567  0.22063746415805366  0.23133489064066734  0.24274202338350909
  0.25395270808657583  0.26483237264604792  0.27522066836352971  0.28523908475725845
  0.29526849810333922  0.30545512156025550  0.31570195060404160  0.32569910771021182
  0.33578786818930156  0.34622017410960082  0.35655270649481879  0.36684931664561782
  0.37746591499712295  0.38828399638680344  0.39909699102733492  0.40991580674333039
  0.42072039540169776  0.43175734646955016  0.44254739227134282  0.45281786735898466
  0.46337391662477961  0.47346272913346160  0.48436012074073631  0.49449369707033508
  0.50438071615675140  0.51435642972795048  0.52440606200895834  0.53462033369670747
  0.54540909085186950  0.55588958130077448  0.56568480595495330  0.57526767201495421
  0.58539742434191744  0.59624756409646795  0.60691885123594191  0.61720599891483163
  0.62743332283222975  0.63757236027317454  0.64752242167795981  0.65732211756410053
  0.66735554681481246  0.67787321252748034  0.68859724473106176  0.69887129200816078
  0.70921017762066252  0.71989197484300571  0.73096845490849138  0.74178152777250839
  0.75234853083242725  0.76252438398147249  0.77319269706052185  0.78413859046860868
  0.79531218261791659  0.80598385662689742  0.81656880174990176  0.82737362037582141
  0.83788460701124678  0.84829322178583710  0.85890366951278574  0.87010046901813820
  0.88097665259697133  0.89188382907085528  0.90275244372416785  0.91381981519868238
  0.92486070376539187  0.93561852975425985  0.94655858419941641  0.95703919194275977
  0.96762480730605505  0.97818579217712120  0.98899595220663084  1.00000000000000000
   3.0223002100435820E-015  -1.0000000000000000     
 T T T T T T T T T T T T T T T T T T T T T T T T T T T T T T T T T T T T T T T T T T T T T T T T
