  0.00191630069048921  0.00194798138329813  0.00198727657599477  0.00202772880121620
  0.00206895120232523  0.00211311719944261  0.00215962706471018  0.00220890040848678
  0.00226221738953512  0.00231741808484798  0.00237445824420795  0.00243144755577764
  0.00248838921770681  0.00254501199647774  0.00260164536928474  0.00265982775674563
  0.00271915302090571  0.00278017077831116  0.00284339177562866  0.00290872793438881
  0.00297576364283506  0.00304315176421170  0.00311025990657864  0.00317886410763519
  0.00325219109726489  0.00333042719107234  0.00341008026782566  0.00349151092208117
  0.00357406467321388  0.00365709516477934  0.00374354136502846  0.00383348759901553
  0.00392992945735593  0.00403560482025176  0.00414862334990722  0.00426291982123458
  0.00437863094670871  0.00449319015656098  0.00461191720390152  0.00473846250115869
  0.00486942242721750  0.00500338367233834  0.00513854508754032  0.00527612081682492
  0.00542145650470729  0.00557061083125636  0.00572532406241912  0.00588740294876253
  0.00605325473679852  0.00622463714782226  0.00641394904792752  0.00661757372373147
  0.00682472002021041  0.00704731856015082  0.00727888024797169  0.00751543622715453
  0.00776315537430678  0.00803139626972866  0.00831837358638978  0.00862263470831084
  0.00892839788821505  0.00923820189162304  0.00956737770960581  0.00992632195187710
  0.01030637533593331  0.01071167090072571  0.01114915217016868  0.01161702369681381
  0.01212135629641098  0.01266495708170859  0.01324007771754441  0.01385922484647792
  0.01453036910615290  0.01526138252099730  0.01604524293231957  0.01689493714396954
  0.01781996926257086  0.01882760365020280  0.01992184129432043  0.02111981432422856
  0.02246871328795447  0.02398113084101584  0.02568760220715293  0.02762263659900872
  0.02984540339399948  0.03240904218730049  0.03537472209461563  0.03895549368798147
  0.04340189909399977  0.04892999151920627  0.05612628471136259  0.06611832725219399
  0.08039897713508849  0.10526758674495894  0.17912179188395089  1.00000000000000000
  0.00432844539336848  0.00500015118742544  0.00567851302421385  0.00633055455029391
  0.00700664507786544  0.00769341662461098  0.00842750086211478  0.00919326078370823
  0.00999771864442740  0.01086095885181082  0.01176706896247718  0.01269557510795044
  0.01365257602459550  0.01463826118292534  0.01566143726184891  0.01675064626752314
  0.01790851766784048  0.01913637018119538  0.02041981194261906  0.02171912603937389
  0.02302069425055559  0.02442669748854307  0.02591021404738756  0.02748283046733742
  0.02905496626961537  0.03060801009912916  0.03223427707412965  0.03399993516911209
  0.03587570359799660  0.03782451385081455  0.03981525955653222  0.04185502499503830
  0.04396734701174589  0.04618915799455570  0.04855541909259897  0.05102489597538886
  0.05356454723753507  0.05619802387564945  0.05893016862267512  0.06171537721051028
  0.06451524455488272  0.06739780021317469  0.07048514040910354  0.07368229844566661
  0.07688928918416946  0.08016536905763734  0.08360495174192539  0.08722222328619804
  0.09098301440776363  0.09490791448704032  0.09893577847935532  0.10308045502194416
  0.10733492714309091  0.11176479552400347  0.11643412054404567  0.12129873732260875
  0.12629464499389059  0.13136063103533210  0.13656127033428145  0.14207146567988513
  0.14804625494025606  0.15426580146590171  0.16069113484503672  0.16737027377195657
  0.17444237361344503  0.18187931189451603  0.18965597536272158  0.19759308537056666
  0.20569774393884996  0.21386174862311313  0.22236347336151779  0.23115697336571850
  0.24036874911416631  0.25012350222861390  0.26054686760938967  0.27187857806001253
  0.28431561586700960  0.29786194975542024  0.31225028936699928  0.32716771651404247
  0.34256972623742765  0.35880505766458193  0.37690440178665502  0.39683243185776174
  0.41851875893353185  0.44194195282734988  0.46725809744176999  0.49506856766247004
  0.52589937996899150  0.55906410342436497  0.59550329190384188  0.63652391304224454
  0.68670768644193847  0.75136945764954732  0.84799687075454100  1.00000000000000000
 -0.00227707786899097  0.00866391568265042  0.01875935060550115  0.02905121087739433
  0.03979695362011957  0.05092813945792925  0.06206729831021485  0.07324299908609226
  0.08410499348451145  0.09473717916846147  0.10522966083703998  0.11563761075638518
  0.12613853847328396  0.13630043848630571  0.14639863374992301  0.15660985242605627
  0.16721184224411170  0.17829472938836474  0.18934296702051567  0.19993994989261368
  0.20996474272976709  0.21974534803966181  0.22959514036506715  0.23963835341329448
  0.24988820349505814  0.26048277687213428  0.27188064927791472  0.28394670540135836
  0.29609917959220927  0.30780555116960390  0.31915503521432831  0.33038662459786777
  0.34129102582806004  0.35182243773652844  0.36214014907543979  0.37234723574115525
  0.38275366520638465  0.39321287441279529  0.40359343411679288  0.41394434079040660
  0.42455287702056771  0.43502043767113385  0.44501604717172843  0.45504270710176220
  0.46530980219663381  0.47592795872459598  0.48654720157172854  0.49704680458001083
  0.50760817845425243  0.51810934054674640  0.52868909893172711  0.53933390523356606
  0.55009474234564482  0.56110679724550994  0.57208293002454469  0.58323393603951867
  0.59444823017331427  0.60583873641112451  0.61728458272319020  0.62835301936052279
  0.63878573664249383  0.64896967588392840  0.65903927274450436  0.66916559991905733
  0.67926976187351773  0.68940210301276150  0.69984774280903450  0.71022075211587687
  0.72043671892628269  0.73035966605132630  0.74041737432044941  0.75069517209012226
  0.76104270472858093  0.77118840004666811  0.78138040618547522  0.79185705863237876
  0.80236939440353150  0.81268278924576332  0.82301012746875002  0.83347502262212614
  0.84410181768390813  0.85453412626271208  0.86495353157350741  0.87533135409993312
  0.88521799539469659  0.89475656247219626  0.90432263484645525  0.91466751497302101
  0.92546500604333470  0.93613029479045440  0.94672605586457759  0.95717625281085217
  0.96798860307663559  0.97883374592793526  0.98960516968250678  1.00000000000000000
 -0.00230448820359941  0.00891329630393597  0.01895994531094828  0.02967324928368970
  0.04020117772897078  0.05086360213884950  0.06198393096009157  0.07269464285713026
  0.08360545954583509  0.09412586021941381  0.10521157427938622  0.11643270778066429
  0.12780539656892154  0.13875130535831179  0.14927029997140301  0.16006736667197144
  0.17075371179317420  0.18150835309286631  0.19216687583658185  0.20331190734493229
  0.21449026262820389  0.22527518501755267  0.23569681826862088  0.24583145078683891
  0.25614323660492772  0.26659883240221049  0.27733859021281537  0.28801898116251506
  0.29859956529382370  0.30916700469051689  0.31972029937530971  0.33022207562745343
  0.34052936086011387  0.35053620479087344  0.36072001660542818  0.37112192485980133
  0.38185224743115326  0.39302163290030251  0.40377953037916225  0.41391723357877058
  0.42371745162833191  0.43331052050958058  0.44333705675185264  0.45362376570052410
  0.46433331074493633  0.47525940508180226  0.48613845289689284  0.49691255099544523
  0.50738182603308146  0.51763712923235394  0.52798434924695425  0.53857784028774236
  0.54916979192710469  0.55959696782164758  0.57000279247309382  0.58056788924911629
  0.59115944318755098  0.60169963723255759  0.61237063725398644  0.62308986826558299
  0.63368708896173909  0.64400288780508785  0.65405649745138505  0.66408726925149020
  0.67415463901981731  0.68444382177143859  0.69476894954904034  0.70516458487233180
  0.71519892676081065  0.72492992157975644  0.73490249105774286  0.74503932156195285
  0.75587111908023763  0.76688780416682767  0.77808108687811306  0.78906809900498831
  0.79997618781535085  0.81101335983707379  0.82221868261572195  0.83293052718844163
  0.84345586841075182  0.85387236953623835  0.86438006758587860  0.87477482026019471
  0.88481975642858302  0.89493202704148389  0.90539594288689274  0.91570661006466914
  0.92662373667677678  0.93759655664931274  0.94877497149798795  0.95943841537324326
  0.96989615287425612  0.98012351269393128  0.99026159582568329  1.00000000000000000
 -0.00249342078015856  0.00962282791550829  0.01962419360749888  0.03027839230224151
  0.04060274624154147  0.05135763837431653  0.06194528959685505  0.07240132106421142
  0.08264250894525672  0.09284253686106589  0.10313904200193130  0.11404269935773823
  0.12464512116851709  0.13574527098431727  0.14686929433246659  0.15863237471530131
  0.16998175410657951  0.18049663021344764  0.19153952327692825  0.20268729356059711
  0.21361890799487038  0.22426101522610220  0.23453449255883027  0.24512277719465722
  0.25578087697531665  0.26659665621626494  0.27747682404223689  0.28830467220126282
  0.29964628434766588  0.31075811268539877  0.32127135221235631  0.33156095519799256
  0.34169782329546228  0.35195001627759326  0.36171312145887680  0.37178284610435125
  0.38246026559803131  0.39318064871065017  0.40384729866796665  0.41469864991128452
  0.42559219405951715  0.43631677010467251  0.44646672778063834  0.45660156196349128
  0.46703224513936814  0.47751579194521176  0.48789451607043693  0.49818508556075752
  0.50868525191963976  0.51927815966349578  0.52945546784829989  0.53939764258150558
  0.54941692736206937  0.55986512760688745  0.57069161326527929  0.58170992583881653
  0.59239343537639533  0.60278954821919484  0.61312681431902105  0.62380167599439151
  0.63491543880548529  0.64637686417458695  0.65783509276453656  0.66906684481441114
  0.67982692093548835  0.69030997133772776  0.70073618315566610  0.71126489252669278
  0.72175819390405416  0.73219606600166764  0.74255140076078652  0.75319253688490917
  0.76435605211901347  0.77572593525867717  0.78692185978819029  0.79760355345814271
  0.80797423186226969  0.81832927975887881  0.82861640152655125  0.83872045619918834
  0.84877089889964152  0.85882377562725898  0.86891621807933928  0.87920132002761642
  0.88965789149421393  0.90026083414179836  0.91078002176378947  0.92154282414653788
  0.93257507874472667  0.94282816056216501  0.95266833285794772  0.96233262432196798
  0.97196617902404947  0.98170952380480392  0.99089128518966652  1.00000000000000000
 -0.00221170793966043  0.00891423267418625  0.01866527871118991  0.02951311055716392
  0.03995261217028789  0.05003036858373273  0.05994974504585856  0.07011663459278451
  0.08054142341052264  0.09116435660670608  0.10200895109538066  0.11256946950561855
  0.12277412621290754  0.13361027017910901  0.14421780734346587  0.15516754906634170
  0.16593715529482436  0.17677527545706734  0.18740117685683663  0.19723787573004456
  0.20697524249573071  0.21720021998171293  0.22769819735089089  0.23815895143704940
  0.24847568302255815  0.25912722635488583  0.27005011822244679  0.28083740700293891
  0.29154535342168619  0.30228984152651522  0.31276982045922880  0.32338482732586010
  0.33400118780437943  0.34496186905904075  0.35611995092189058  0.36744865050796777
  0.37849883247868010  0.38931468801592206  0.40037227021608429  0.41163052493223312
  0.42317268128521579  0.43450155620003572  0.44566406447030382  0.45667558066332964
  0.46718701523476608  0.47756063354880146  0.48795118487313366  0.49827130204440157
  0.50872637453456027  0.51897854588237724  0.52937134656863005  0.53984798335569628
  0.55035640308292044  0.56094268173328721  0.57147857328434748  0.58168262625043921
  0.59133804619750241  0.60099973602670098  0.61093722797785066  0.62115416192394868
  0.63087809362303149  0.64033995365490115  0.64987417133997261  0.65997146621738467
  0.67040009845918813  0.68126490685754593  0.69211129600127919  0.70272492510410767
  0.71257310399678697  0.72247257779487284  0.73273166403801204  0.74339258202774894
  0.75416624673900678  0.76486846779296547  0.77502470277615765  0.78500871933962246
  0.79502140647517006  0.80557928646064680  0.81638394111960566  0.82705024988143339
  0.83764171881241944  0.84838027963968710  0.85880885463801004  0.86924906092701049
  0.87974360672305707  0.89057544289763058  0.90164689792681818  0.91241439297617510
  0.92326605678431228  0.93434228290327137  0.94561179983742649  0.95685005389220323
  0.96755375768448537  0.97818862892928393  0.98915937587417313  1.00000000000000000
 -0.00186360495133749  0.00768518279083300  0.01659810984852509  0.02637410000370094
  0.03643423822519395  0.04642806100921522  0.05677322355152119  0.06741436662800521
  0.07882201496879609  0.08956730906096574  0.09996115753918991  0.11024757045555089
  0.12047759278847824  0.13053063656534475  0.14071431689653863  0.15111698471678650
  0.16178228766310082  0.17247831577835662  0.18324794400807778  0.19417396316913718
  0.20477251948142855  0.21520671667927732  0.22555806708028411  0.23614570346430755
  0.24686085626736903  0.25755227987813495  0.26821130665956211  0.27893947860212415
  0.28985169892385743  0.30103395249973419  0.31216348526802412  0.32341906453839664
  0.33468263027020417  0.34604625694281815  0.35697662609644459  0.36773103896185694
  0.37837962713589357  0.38877251415310254  0.39898622217560725  0.40909124261052288
  0.41952211814171858  0.43009018792553261  0.44061348539259215  0.45125268629542770
  0.46209230942019824  0.47294739671932279  0.48357166670896151  0.49382219181517123
  0.50412241805901270  0.51475692039174159  0.52561992481751751  0.53610621077065790
  0.54602865770765185  0.55579929666166095  0.56600120357022021  0.57670898297720463
  0.58728474248040252  0.59793359882979025  0.60876529654511857  0.61975005294027108
  0.63031455582084095  0.64052577023012525  0.65095517947282167  0.66151645261924630
  0.67212370707657787  0.68261276655420011  0.69354905462506133  0.70420659034691191
  0.71487849832220596  0.72577582475509894  0.73622879806413788  0.74662900020288370
  0.75683039660875628  0.76765131904153272  0.77851943631187970  0.78881637139112692
  0.79955991071837074  0.81048859924316274  0.82169617140884876  0.83212739689994497
  0.84229107565428862  0.85237067487207840  0.86273033225841489  0.87352756024132705
  0.88441962073100244  0.89532340985497116  0.90572481250781156  0.91607338762893742
  0.92602372323402771  0.93642703918422665  0.94725980672762800  0.95804811231885256
  0.96867405386498118  0.97882323978915853  0.98954686413932358  1.00000000000000000
 -0.00251055036173695  0.00955780239614037  0.01965573774478883  0.02984141284741657
  0.04037861473256049  0.05133023177771803  0.06227976369461878  0.07343288138624990
  0.08433935831341899  0.09473440358081073  0.10497114606793287  0.11474053470063596
  0.12457306169606421  0.13429315752910437  0.14442508940945017  0.15473966695255759
  0.16512616876807573  0.17536755406426485  0.18579926759791696  0.19624721211339496
  0.20619284842187641  0.21570135991160641  0.22525424893814214  0.23537585123134569
  0.24583020146539614  0.25635344498612223  0.26659983751659877  0.27715322985857294
  0.28720486406293955  0.29732185294849461  0.30744779486981372  0.31780541357106118
  0.32886130922449880  0.33946075286061661  0.35015094600837049  0.36088425888870368
  0.37231062081002053  0.38404299221439792  0.39520529675067639  0.40612795422844894
  0.41709961021649139  0.42755645625974203  0.43780971862415219  0.44789739665136702
  0.45833706709180355  0.46902614476323384  0.47937187256824809  0.49006321747485815
  0.50037102648712040  0.51106591900882892  0.52150749630084470  0.53136802097225466
  0.54134175182514477  0.55196055005338696  0.56275560905676936  0.57324805295805281
  0.58341755073347012  0.59386125295872261  0.60443501404722499  0.61486709486236180
  0.62570728437232359  0.63663776246824666  0.64756733558215929  0.65815075358750508
  0.66863587393586477  0.67930086915095678  0.68994768680884988  0.70053938797551396
  0.71117618726683474  0.72173346360621182  0.73237021876533126  0.74283403890360156
  0.75341248225211488  0.76423598209262833  0.77507526996375709  0.78556071047716813
  0.79602554851996421  0.80644643396859461  0.81697504393416609  0.82751630263273168
  0.83760315847415223  0.84826785512308300  0.85850094850533487  0.86946214934665045
  0.87991160892741871  0.89098216778802286  0.90195711879321683  0.91296423992891196
  0.92397235486878626  0.93518805728851417  0.94634736378388440  0.95726449146787229
  0.96826005259288705  0.97898876028704596  0.98973529613284505  1.00000000000000000
   2.5274947898538778E-012  -1.0000000000000000     
 T T T T T F T T T T F T T T T T T T T T T F T T T T F T T T T T T T T T T F T T T T F T T T T T
