  0.00191098231898856  0.00195648478326263  0.00200507096257233  0.00205048849186338
  0.00209616163640344  0.00214331467828157  0.00219173223022849  0.00224196833613113
  0.00229393507167319  0.00234684822196420  0.00240042304142759  0.00245628992589637
  0.00251200454240287  0.00256877448034684  0.00263176762965140  0.00269781383232757
  0.00276530230135304  0.00283706864529220  0.00291034050129452  0.00298164911331665
  0.00305762848351212  0.00313356103552352  0.00321190257914753  0.00329337178551484
  0.00337791761641583  0.00346578844687834  0.00355586567109429  0.00364678060305363
  0.00373712366510815  0.00383047281582240  0.00392693748326907  0.00402669919935093
  0.00413379363971561  0.00423548153019936  0.00434759505477911  0.00446462926384396
  0.00458292471578428  0.00470725684582406  0.00483796271827269  0.00497074135832668
  0.00511436219327988  0.00526021254874555  0.00541195401739085  0.00557015018396369
  0.00573542561846461  0.00591036285037942  0.00609591921601783  0.00628814008892365
  0.00648060765673986  0.00667792565720681  0.00688520636593188  0.00710191934490333
  0.00733387962048467  0.00758152967774397  0.00783988132838656  0.00811504215927539
  0.00841013010307676  0.00872256022576923  0.00905436009381554  0.00940796866652129
  0.00977052396466008  0.01014613889904712  0.01054491254549675  0.01097552832369511
  0.01143920689451543  0.01193590632163474  0.01247399589716446  0.01305741873098415
  0.01367658551951191  0.01432790528686214  0.01501900151126408  0.01575920162324183
  0.01655941861130049  0.01743438375387791  0.01839928681961451  0.01947062277892371
  0.02062411129733854  0.02186678793716668  0.02323325716248918  0.02477549376526322
  0.02653820868516995  0.02851808581636890  0.03070412813918131  0.03324049939888057
  0.03641699027892870  0.04032337352351720  0.04473366640039893  0.04976392720607495
  0.05571210545082882  0.06355713216916946  0.07401569438309892  0.08832922519711374
  0.11033090266914029  0.14827703449845045  0.24651779685765815  1.00000000000000000
  0.00426722911142538  0.00483535636273846  0.00537974972995716  0.00595035062534562
  0.00654040090666766  0.00715699621622955  0.00782296895159325  0.00854045946815633
  0.00926403064192025  0.00999420386198539  0.01072474619432802  0.01147383071113713
  0.01226162876893071  0.01311536547487591  0.01404649028013241  0.01499385909146693
  0.01595865194166090  0.01696321691532004  0.01802160466975296  0.01910952392689597
  0.02022999955940552  0.02138570438789655  0.02258737481233038  0.02385980182874275
  0.02523637467003182  0.02670608117569851  0.02823523306314903  0.02979926441769733
  0.03140045131201312  0.03304420244255808  0.03472782056258830  0.03648207115742401
  0.03826956881028688  0.04001951235909635  0.04179008660993409  0.04367882372325375
  0.04568421512789742  0.04785613865236420  0.05015051162391709  0.05252894895640015
  0.05505042236264034  0.05775762043838518  0.06060247378858334  0.06352817702044465
  0.06650749028421231  0.06956782750861895  0.07274435140123373  0.07608078631378515
  0.07965719749379209  0.08304758914388734  0.08653380123641387  0.09009289454458642
  0.09401289404343433  0.09819387164081979  0.10256704436959826  0.10717574935529516
  0.11209201571809882  0.11715683053049410  0.12235517776585775  0.12777213082382108
  0.13345985101429800  0.13951216054477730  0.14573817195656655  0.15209682351452355
  0.15868325937457403  0.16519090462444874  0.17187411621994012  0.17907035392174309
  0.18672884372767881  0.19463996877705472  0.20305546238997951  0.21203801594938940
  0.22144495270236486  0.23130392279042408  0.24173957475430202  0.25289965293013517
  0.26482003218443861  0.27784736408301519  0.29225332760662132  0.30802940918671440
  0.32472434509749215  0.34244050249879349  0.36097531220213241  0.38079188323473817
  0.40220615387389408  0.42567283447727017  0.45251344388322684  0.48264540950540269
  0.51556108730126649  0.55127984648547124  0.58981076402651034  0.63407169163484334
  0.68778048411569292  0.75560960321563930  0.85011076148939324  1.00000000000000000
 -0.00261845324541927  0.01053027458682013  0.02150492213386445  0.03222953772229323
  0.04296172149888913  0.05374625770543411  0.06476267316380417  0.07570996899940940
  0.08646134372746356  0.09746412363637377  0.10817259053001649  0.11887925627297150
  0.12957832689345986  0.14034767458860731  0.15130834515945332  0.16229009451819781
  0.17351980340882328  0.18487439326989599  0.19576565171577748  0.20644182325328697
  0.21698530386995468  0.22749183967170031  0.23784346272221368  0.24829549983116225
  0.25859598363227071  0.26863200177383662  0.27881583916732694  0.28895627918267663
  0.29899411786562335  0.30863493653810636  0.31843027223645298  0.32872974300832797
  0.33949494913038941  0.35028359817272009  0.36109618390266052  0.37164369614695292
  0.38178808234767542  0.39191457919454420  0.40193063360128228  0.41193977371829460
  0.42188623164948774  0.43197540214541980  0.44258509929310746  0.45339065935224065
  0.46396645698184874  0.47435403319450919  0.48476136510036788  0.49532085225704781
  0.50602765589116960  0.51639868075686346  0.52691178778219927  0.53747384427211253
  0.54833028852836663  0.55899186811929347  0.56955383295469264  0.58002935516439136
  0.59024766936574802  0.60032021365128629  0.61033902908736648  0.62071796148002589
  0.63129605429931779  0.64190788611399874  0.65220147402503037  0.66223712043612182
  0.67235564595789388  0.68254146553270956  0.69291669719788873  0.70324846382985085
  0.71359680018039029  0.72386321218816574  0.73390782283187794  0.74398212338885195
  0.75419338841161965  0.76442047707119243  0.77471427064728338  0.78491245617879157
  0.79528599419367041  0.80566126618935330  0.81590499944007933  0.82624760903161365
  0.83682121380776364  0.84767014982400191  0.85869168023829956  0.86935722737078414
  0.87968081423401878  0.89009460084527792  0.90062449930762589  0.91139107041178680
  0.92185743875986215  0.93259553583302901  0.94332696742423516  0.95426373725364233
  0.96544250774529072  0.97685749757284068  0.98852597190486702  1.00000000000000000
 -0.00257410510296062  0.00926352355679474  0.01878911598547400  0.02914040175498930
  0.03941812054243424  0.04993542275532644  0.06058522150490857  0.07145409904614884
  0.08237619329747801  0.09310090982693221  0.10440569086103749  0.11466774997909879
  0.12484526906658003  0.13356706615758923  0.14265537987163540  0.15172808345944072
  0.16124276733766568  0.17102490217045666  0.18069496371966834  0.18997782235113300
  0.19985741666360299  0.20988301172537857  0.22057947163267774  0.23116481636551361
  0.24197796510198549  0.25260773046299295  0.26365670931877194  0.27431735556328246
  0.28545742507092647  0.29558553869785237  0.30570376239606245  0.31568870057641518
  0.32603151086290205  0.33647425408208537  0.34748738180330746  0.35891017674720282
  0.37036465735021273  0.38075259165744685  0.39087728568683722  0.40096986509053523
  0.41102488876808840  0.42127294880032251  0.43161614054110603  0.44243911144622711
  0.45333440902518596  0.46401994360245291  0.47464816191540432  0.48549071320149112
  0.49664312672271882  0.50746248296941743  0.51814050904945752  0.52890982388424046
  0.53959190548776870  0.55015065636345972  0.56076815808183333  0.57141771831384336
  0.58214716515874620  0.59268071763707642  0.60334938864040455  0.61426358666970116
  0.62544395892125848  0.63685090282403667  0.64804109240789398  0.65912025177537237
  0.66991459164923584  0.68079367975510263  0.69132657413544185  0.70218238042826908
  0.71285260245106186  0.72348655539212248  0.73412222293885987  0.74460198246616860
  0.75534810978221989  0.76618564647844389  0.77698993056893095  0.78786586642420919
  0.79885560480559781  0.80989732607269271  0.82093799385918553  0.83173237127656641
  0.84236605483929505  0.85283972098891592  0.86332445841944394  0.87396904705620115
  0.88503416281461711  0.89622612771479981  0.90709877637864755  0.91746683426903386
  0.92752299657425930  0.93728959545721358  0.94707942018110725  0.95704037169940581
  0.96766620755512434  0.97830528806728767  0.98923602794169163  1.00000000000000000
 -0.00226086297230615  0.00942252159365448  0.01928831291919039  0.02968854451933745
  0.04019221044971360  0.05069880407203776  0.06126128477455736  0.07154108653419709
  0.08168488098302130  0.09164592374431574  0.10151785640725031  0.11170937781352137
  0.12214454749448393  0.13290620547936685  0.14368133757920323  0.15409832139701782
  0.16431002188649554  0.17419174832691345  0.18418849023272835  0.19443860337141114
  0.20524428167358383  0.21586071812886296  0.22599274080063927  0.23623433737539151
  0.24666227710615676  0.25722061357982595  0.26774736300880059  0.27866467696943592
  0.29015781500873150  0.30155142628268100  0.31259867926945312  0.32329916054579888
  0.33423316655501906  0.34537804315027754  0.35656510998309876  0.36701339944493339
  0.37724257603471067  0.38738241681241686  0.39747703509676741  0.40758267175755541
  0.41792797916977226  0.42881171393760492  0.43993501185193051  0.45078380238306243
  0.46144778280959586  0.47181404302947527  0.48260082000483967  0.49288117512048002
  0.50302413911170041  0.51299107188367221  0.52296383326471363  0.53276775665742704
  0.54244737078236627  0.55217420396158856  0.56229933676696409  0.57254194453739116
  0.58288987999178732  0.59331612577204007  0.60393683951426080  0.61467150679165106
  0.62590101262304954  0.63762736490809013  0.64920916077023438  0.65962025492728948
  0.66959893441685325  0.67970414085101161  0.68958427302000591  0.69981377497946229
  0.71003160488193429  0.72132023145668545  0.73250661051679589  0.74398012474493891
  0.75539088961196210  0.76686985896832593  0.77811201799140584  0.78909007750426430
  0.79992720111827964  0.81078737429887326  0.82120295902783458  0.83180220475816857
  0.84230576202261054  0.85251685154969759  0.86262279571812028  0.87240792268135603
  0.88253902150845975  0.89230668807950198  0.90214972798324344  0.91226604755650453
  0.92229186865423063  0.93284630682938352  0.94373609496241295  0.95542247789072676
  0.96724883160459230  0.97859615662258759  0.98952316003042984  1.00000000000000000
 -0.00242070754180276  0.00930284908123674  0.01913606944216070  0.02944904889570714
  0.03963693956693328  0.04954889063018688  0.05922866526519990  0.06985686029456015
  0.07992128802253991  0.09041675226613266  0.10058384988272318  0.11097725120820288
  0.12142708986958717  0.13204293473067427  0.14312069157195637  0.15399581092106090
  0.16468476280455607  0.17615259112485440  0.18793252365913857  0.19941261999330059
  0.21003753249486506  0.22030094760568858  0.23059445083233523  0.24123211864104524
  0.25191568861098634  0.26241064933843589  0.27293242116779781  0.28372280904909780
  0.29512817845223499  0.30658614586846239  0.31713714609402549  0.32667568924255586
  0.33613577824069429  0.34580198955186237  0.35538274079026505  0.36504815971932741
  0.37489971255470939  0.38520937579912629  0.39557079060822820  0.40578076918676559
  0.41617200605298943  0.42676140104655447  0.43740461815227571  0.44780939744762055
  0.45831752871467624  0.46920211798168260  0.48042276167833409  0.49173214307443341
  0.50285930179055827  0.51314086596995578  0.52284291357959467  0.53218484897346174
  0.54161225045786066  0.55102542364372376  0.56051794624715190  0.57138381499444946
  0.58273989150630368  0.59387385776046442  0.60497431589698725  0.61653242564994148
  0.62796284398337121  0.63876109343544574  0.64918368725439934  0.65997060615567882
  0.67087817267584582  0.68223007658948132  0.69352801229479488  0.70421684344215218
  0.71458586775289845  0.72451329388308194  0.73479951403066590  0.74512550215968254
  0.75537973404986991  0.76602009197090803  0.77661934571332836  0.78743194156984508
  0.79856321781530859  0.80987780001254095  0.82080698743853453  0.83134251885950139
  0.84162837777257715  0.85207242610487488  0.86247829458290859  0.87271837951748665
  0.88317568246597444  0.89352115675712218  0.90422231248481499  0.91459590744228669
  0.92528316338851835  0.93599244296582307  0.94647028398821176  0.95713748600873660
  0.96794889820109009  0.97902376232349575  0.98961225825206500  1.00000000000000000
 -0.00262850344432119  0.01047143097410992  0.02140627689097400  0.03272104001013004
  0.04337650369797132  0.05316381151471632  0.06247682104583751  0.07202086934956202
  0.08205182570066306  0.09253981457326388  0.10318541625737958  0.11411158318241933
  0.12460457922029342  0.13471784578722809  0.14530698031614242  0.15598583369193969
  0.16692691605472185  0.17725563553200377  0.18766049546020752  0.19781095256723760
  0.20799015144350322  0.21816216125868457  0.22827388865457834  0.23879012247949905
  0.24956059430694907  0.26107414444053850  0.27243727301663667  0.28374220627464181
  0.29461521952072811  0.30549925273511130  0.31619181483365955  0.32690380237972788
  0.33785259543154877  0.34881919779252774  0.36014087745786150  0.37138510442235206
  0.38244193129452625  0.39333266232831987  0.40403345795352158  0.41464510272568983
  0.42494922903663562  0.43518067333395133  0.44585236362911695  0.45676652355469816
  0.46765175941185694  0.47855430695259776  0.48933192660761310  0.49994631784358734
  0.51024226407315443  0.52059634263960264  0.53132436550186357  0.54205013355265574
  0.55268965655613733  0.56304548502396901  0.57314586365478015  0.58330337463616622
  0.59354026193502618  0.60382473454042429  0.61413617603454651  0.62457606380308206
  0.63543953142721021  0.64646710032111432  0.65710574157647017  0.66739807731317768
  0.67729644684604773  0.68713201572828808  0.69726604215997245  0.70776937857881816
  0.71861409075255067  0.72972569544007793  0.74096951832635527  0.75235550587012945
  0.76362430269028791  0.77489250088562966  0.78600990419037109  0.79664269885259065
  0.80711023074129573  0.81746586830196988  0.82780026799518225  0.83756140579744953
  0.84718833509275415  0.85653595200834554  0.86560628953898222  0.87465447393047946
  0.88450836767073837  0.89456094008809950  0.90508827853213603  0.91523681421614489
  0.92589995528664182  0.93705970525297588  0.94748493321226290  0.95811346975566447
  0.96898306223744002  0.97960899213318486  0.98980005191893761  1.00000000000000000
 -0.00213088383825737  0.00831098839635647  0.01718402658145919  0.02708951832081511
  0.03725540812075191  0.04772779090499393  0.05868352844232268  0.06979817189898135
  0.08094537009673132  0.09186550392743179  0.10272081259695298  0.11397902743799225
  0.12497407015920853  0.13588905906947599  0.14686768161921118  0.15809413817848389
  0.16922245648479831  0.18018704998462326  0.19087070252989519  0.20151942193185496
  0.21225181229464529  0.22264627675526805  0.23309182105055359  0.24369670314414726
  0.25456174417232058  0.26515612479980388  0.27549229083237864  0.28602589922591432
  0.29656667300219891  0.30716768817763729  0.31749735252213623  0.32816321790050607
  0.33892715935187462  0.34982479869114363  0.36037829115423248  0.37057272923208712
  0.38112988647603624  0.39210276084100859  0.40315898893890401  0.41379088310242090
  0.42414487079225172  0.43443263486198125  0.44462499231083014  0.45460603537165722
  0.46473061525335591  0.47508047690053279  0.48546984300911900  0.49607428222616878
  0.50690440023876360  0.51760552801599746  0.52771024959102297  0.53753414432439983
  0.54767422295464441  0.55801907079615054  0.56817253074202201  0.57821018358477683
  0.58879765629740599  0.60002533399260416  0.61113755079411403  0.62198370996611585
  0.63255430603735363  0.64281033468899751  0.65275674967671027  0.66284234635817729
  0.67334000369812685  0.68429350694530588  0.69532040341220780  0.70625124825645114
  0.71738263064159224  0.72858756380857392  0.73938483162260693  0.74999520626722671
  0.76063052015119781  0.77145199189309865  0.78249236826273982  0.79345786715973354
  0.80426417905530156  0.81471808745369689  0.82486579890520306  0.83507725577435143
  0.84540188833184593  0.85581474162226157  0.86606799733298945  0.87612811888009734
  0.88619996893019193  0.89638456383033804  0.90656352434996135  0.91680970777179038
  0.92691190781585064  0.93723980134567098  0.94771504468233780  0.95851039644299485
  0.96911537165583428  0.97947845792610200  0.98987675418274645  1.00000000000000000
   4.2139143785405102E-012  -1.0000000000000000     
 T T T T T T T T T T T T T T T T T T T T T T T T T T T T T T T T T T T T T T T T T T T T T T T T
