 -0.00412867595768538  0.01479765036710254  0.02725705347272332  0.03712275202007585
  0.04719872620837463  0.05832773939585060  0.06897020267676894  0.07929026408423957
  0.09030063771641197  0.10118105246473766  0.11094816719748762  0.12019203758155048
  0.12801371050371624  0.13537664884717385  0.14337611597545871  0.15230345180591434
  0.16215792141578170  0.17247454440645665  0.18363969650844872  0.19505842717747118
  0.20611385032011909  0.21587564073071125  0.22404434607998774  0.23158654297982892
  0.24018767366885582  0.24969422056325430  0.25856675670973206  0.26755043161765302
  0.27863871041958110  0.29121550616687647  0.30456859255764929  0.31676466308387152
  0.33018721191382289  0.34308172066158821  0.35461471318109777  0.36414361210123503
  0.37182865961414280  0.37882069240981719  0.38608453803777165  0.39409579944118567
  0.40334689003362889  0.41217572558437732  0.42168737533019551  0.43258263421070092
  0.44299327950099066  0.45134270464302939  0.45887620956158820  0.46612862640128072
  0.47323768221885432  0.48356018563845221  0.49303528222614718  0.50370461275978073
  0.51579338522739859  0.52820345823494064  0.53960453117047880  0.54871344378977416
  0.55593871076308088  0.56281212192790375  0.57104957169680870  0.57940032643879891
  0.58672710420654173  0.59366494121200353  0.60167133733258893  0.61380316595768503
  0.62862133899737183  0.64314367457143118  0.65563732565910704  0.66654629321399850
  0.67735557779933309  0.68749899373418000  0.69646997137577027  0.70576539973961860
  0.71746016539100366  0.73044564059169026  0.74311004329856356  0.75590888131076028
  0.76912359853928303  0.78260957188829339  0.79274983406614952  0.80051990098703141
  0.80915589296163970  0.81856325069240499  0.82753282788922977  0.83673332873218065
  0.84628487596866997  0.85651558003364403  0.86878655602832722  0.88090567441800305
  0.89275041836597546  0.90368628984529598  0.91597988771772920  0.92916687293073918
  0.94210744981617356  0.95537965982852513  0.97528367979729036  1.00000000000000000
 -0.00000409321178480  0.00004203961882217  0.00006563221883479  0.00007747622593402
  0.00008549844702257  0.00009239148922219  0.00009896714396785  0.00010531216818595
  0.00011139682614194  0.00011812756626274  0.00012444972563963  0.00013145527396738
  0.00013852335880745  0.00014560247278266  0.00015268419041813  0.00015906998222828
  0.00016483676758915  0.00017022639041016  0.00017593218113451  0.00018174968992466
  0.00018749456515653  0.00019325494121968  0.00019978427723989  0.00020680743143248
  0.00021291725614608  0.00021864364016072  0.00022462508229440  0.00023149492328688
  0.00023904032655152  0.00024757525403512  0.00025688874659130  0.00026534992594814
  0.00027326147794477  0.00028143698315682  0.00029074143105499  0.00030079847341145
  0.00030997743522453  0.00031837818305527  0.00032723917992536  0.00033636406879925
  0.00034560655593124  0.00035546256398826  0.00036676166186009  0.00037986432736685
  0.00039656521750079  0.00041621326408805  0.00043405373468881  0.00045473237720530
  0.00047570852105157  0.00050145254909441  0.00053290117757015  0.00056710655999516
  0.00060003803363003  0.00063821664392568  0.00068520243597979  0.00074182558879930
  0.00078119007827247  0.00081861982355772  0.00084846203099417  0.00088197270029087
  0.00091497657162947  0.00094175816168113  0.00096650936491536  0.00098817517823541
  0.00100175185991966  0.00101324693752166  0.00102793298052001  0.00105242620688318
  0.00108082332611877  0.00110831436116824  0.00113467910360594  0.00116469431444485
  0.00119272642794908  0.00121370136306328  0.00123457873207396  0.00125400428952807
  0.00128730773079376  0.00133779993593025  0.00138705103449394  0.00141367621487812
  0.00143999605456588  0.00146872628603177  0.00150771949924964  0.00158059202966710
  0.00167765820183961  0.00177630169858221  0.00187815437947849  0.00199204660065501
  0.00215254862602833  0.00233193927868000  0.00261526422595641  0.00296373005939276
  0.00326657043227775  0.06040903290071513  0.12697770305637962  1.00000000000000000
 -0.00003828844308254  0.00143123768482714  0.00610002714137908  0.01225897755260141
  0.01978011879925722  0.02943379194462084  0.04070849432357971  0.05354979680898619
  0.06557327726172905  0.07601498208747626  0.08497242307662324  0.09400266094514410
  0.10350382660524550  0.11340006088417008  0.12205082172217958  0.13054141271636746
  0.13975108894370489  0.14880907312544925  0.15659764327787395  0.16337356715913193
  0.16980722555145231  0.17737457476998597  0.18503614678438599  0.19381167324525217
  0.20292196605785726  0.21180062276348527  0.22074172664937924  0.22958690484496649
  0.23726557942642956  0.24466894840556763  0.25175173208560248  0.25901163001914562
  0.26695041713159151  0.27645138059702251  0.28595072221627810  0.29490606705629652
  0.30401819673420782  0.31416621553601787  0.32312856029496401  0.33169835397232977
  0.34016684797561775  0.34872422423327681  0.35762216656530554  0.36704387224346513
  0.37764399139747168  0.38785280004213540  0.39679234240601247  0.40581933864798575
  0.41437419187931135  0.42237057781961840  0.43183367171345344  0.44218180227445392
  0.45410991268564321  0.46592338676170553  0.47731722608112914  0.48820565571840185
  0.49856850123709517  0.50934961927005462  0.52093921468484050  0.53328252872256965
  0.54543221546002096  0.55647391246973199  0.56789924212930298  0.57939051129692298
  0.59009955825746097  0.60126707992754458  0.61295262390036143  0.62443612569443963
  0.63585919661953172  0.64729206479327339  0.65849164783523439  0.66929963647937263
  0.67980569761962295  0.69132225557158622  0.70349362027396900  0.71565284548776020
  0.72767903309243220  0.73951052456674538  0.75110619755415331  0.76376783158347861
  0.77656766611257499  0.78964995779608149  0.80197876806178270  0.81439799013296921
  0.82744791161055831  0.84062317949169107  0.85427786249711379  0.87013039245881318
  0.88459920395836011  0.89831695408236134  0.91221854859386042  0.92695335056690753
  0.94302166637290674  0.96067087423823305  0.98014621056949325  1.00000000000000000
 -0.00262241329132770  0.00769236962956364  0.01799816702913035  0.02858195414687738
  0.03887862884752715  0.04953496692504557  0.06021813527650219  0.07063562654806334
  0.08061771838470649  0.08988524223564055  0.10037571397495645  0.11128337465032552
  0.12199216059144760  0.13246272082638419  0.14244569344006677  0.15157440930156355
  0.16118683528864169  0.17204454364779898  0.18347749659828294  0.19329194675759831
  0.20188775688333255  0.21073697779668218  0.22113461192609099  0.23176530581111290
  0.24071054551427087  0.25162117250733201  0.26275572834397615  0.27438872661464048
  0.28511750224846188  0.29403647198264315  0.30114222055863377  0.30850764104435058
  0.31847037738640382  0.33078094775472994  0.34184514126813287  0.35404228997604231
  0.36827898940978615  0.38378103127527757  0.39731710512681023  0.40833473547538829
  0.41838898556731535  0.42826545275249822  0.43751182922793092  0.44536462246268865
  0.45387239914874722  0.46358481209182079  0.47333415640180093  0.48268689215011118
  0.49047577798392844  0.49693875739335136  0.50796474638816380  0.52302131830879017
  0.53762846335226999  0.55146252399331297  0.56386232615643450  0.57455437710147139
  0.58672836305739218  0.59807055256108699  0.60933907017186817  0.61863890949139111
  0.62646147758557014  0.63301672858170621  0.63934515959205163  0.64732116422637442
  0.65751595696764109  0.66809048326218967  0.67670757676784488  0.68569267133979028
  0.69520362470428387  0.70622320375750036  0.71801902532741779  0.72898537559859300
  0.73736440285358140  0.74507051917411216  0.75335719997364703  0.76113258460672217
  0.76814679713405831  0.77575892807920921  0.78357086451705060  0.78988141358560016
  0.79977319755377041  0.81128264850162057  0.82205461510396982  0.83311402606998031
  0.84498686141431634  0.85738672523189230  0.86909640295221602  0.88244708410072559
  0.89765501553875882  0.91346369361919888  0.92894294941116540  0.94358261749431405
  0.95740334223952184  0.97109225860311088  0.98495398569177628  1.00000000000000000
 -0.00204732323415881  0.00654863437474358  0.01426216412884715  0.02102385273107250
  0.02721062836961457  0.03339167799155987  0.04016239117299500  0.04645499991022160
  0.05309440623389767  0.06030476043093933  0.06736762401909786  0.07411692467407033
  0.08146931281898349  0.08957337636249774  0.09853858093433815  0.10815359426955555
  0.11803741171789017  0.12957724951351710  0.14199623446253740  0.15366096905707421
  0.16632827567296615  0.18009190880141807  0.19401764905359337  0.20769988373518752
  0.22114595219918998  0.23409081309288332  0.24668518145418286  0.25962667229504371
  0.27454664818639773  0.28782263354857079  0.30015691689504675  0.30900307647409414
  0.31736907911101037  0.32592350899451045  0.33906998867368848  0.35788935571580333
  0.37717918237356846  0.39704757669576957  0.41530595863972880  0.42834683398979462
  0.43956980078198499  0.45005804530086468  0.45920635131428755  0.46723734459177990
  0.47543010021437848  0.48564857178770349  0.49769898583866462  0.50942406710827492
  0.51874173274575708  0.52789434446322980  0.53712854440886226  0.54579745231060750
  0.55407559606524903  0.56398091944175333  0.57860596173196577  0.58967475488429522
  0.59820272325342438  0.60941848996498182  0.61953073967680095  0.62838931042815360
  0.63666751665787247  0.64620139320769643  0.65923331123417384  0.67415822568502870
  0.68612071473455982  0.69811618175945123  0.71010327504987913  0.72150523091409080
  0.73212938939833583  0.74388784306680067  0.75613747193980707  0.76704985106858792
  0.77731970986192966  0.78934941154637350  0.80167910586216851  0.81335212370417465
  0.82458325950619982  0.83578521964778907  0.84796201120749881  0.86030541340139211
  0.87280225679000289  0.88536606191324685  0.89820302163502586  0.90930890155069188
  0.91936446401563121  0.92781685886816967  0.93523305543519331  0.94166971858179260
  0.94697228002375899  0.95383511572095980  0.96062685889412169  0.96851606094089449
  0.97647208500953364  0.98427016451308447  0.99164125351978816  1.00000000000000000
 -0.00237412438247920  0.00955398445344719  0.01715249868557066  0.02453325969391573
  0.03245324415983084  0.04155798876023506  0.05054643848894496  0.05847773877751850
  0.06744582508945174  0.07888228222564650  0.09281441337205801  0.11056024812104344
  0.12485551463871152  0.13563710779312979  0.14557306612563600  0.15617429078626849
  0.16707409414828367  0.17774009252254380  0.18801382783967677  0.19849416613637927
  0.21035216728953729  0.22276194247696463  0.23375357199695543  0.24366376117170266
  0.25413554436537211  0.26531625271218839  0.27646782709639933  0.28854706102307098
  0.29954746846099112  0.31044447645001583  0.32226745383127681  0.33606583224991338
  0.34997488543838762  0.36283018391221850  0.37590314275991832  0.38970428878719071
  0.39961120369661235  0.40910203734008166  0.41729634032197338  0.42462163577463707
  0.43178034215017264  0.43932370117601288  0.44734787904468321  0.45671762567104768
  0.46875055477330013  0.48289109758707144  0.49623677696554180  0.51006667371363112
  0.52358888161212247  0.53646259869137147  0.54836930034858911  0.55817011549448459
  0.56770958081437484  0.57630761087479643  0.58456080197066818  0.59329331987815170
  0.60230614266818583  0.61452367087186188  0.62782261154031671  0.64199287149421425
  0.65429136172019609  0.66610183405112300  0.67896488980437508  0.69193420801885297
  0.70430091959594099  0.71560193547189055  0.72667939511644686  0.73834838828329274
  0.74962413959167218  0.75937050721714339  0.76784159968360000  0.77642849214295251
  0.78531477183474685  0.79422492414214996  0.80296083290321163  0.81105779696108027
  0.81874986452245690  0.82674832246327701  0.83425091028356990  0.84151821832474760
  0.84942417819057958  0.85838061701616353  0.86784641188457134  0.87723291766284472
  0.88927601849961480  0.89971550411038093  0.90935258741484770  0.91792370410269519
  0.92698766903213559  0.93690484229129478  0.94692357893871781  0.95623582457871859
  0.96602153416059622  0.97704714130433834  0.98835532313098895  1.00000000000000000
 -0.00342820337968820  0.01094655479273951  0.02433560516708460  0.03610041427876945
  0.04644466751679639  0.05566197112949300  0.06558941728713670  0.07599124939086671
  0.08708615439520830  0.09809211406269115  0.10859471031288068  0.11905079966119719
  0.12951874969873123  0.13978414336676781  0.14831698306556090  0.15720153000799167
  0.16590209679471454  0.17542277270619641  0.18622242966326877  0.19889624104014378
  0.21179040807150218  0.22223334979701970  0.23213150996470808  0.24300944082578460
  0.25633911148072114  0.27168250067996391  0.28392848646944252  0.29301760910948838
  0.30256549143953015  0.31319610211684490  0.32508688324520058  0.33813532887832937
  0.34932875593254376  0.36043792353947496  0.37035536793778523  0.38130585188913541
  0.39280511745531199  0.40456415974760501  0.41749614807963525  0.43208760454293826
  0.44782676089778450  0.46431207231823934  0.47991094799106193  0.49207846183323062
  0.50082707232290780  0.50819341881704705  0.51674283635263318  0.52739541260016343
  0.53782242551404957  0.54720746475481941  0.55730306455521039  0.56830946286595674
  0.58321309118050024  0.59639282545404981  0.60973006183056389  0.62429365909557133
  0.64145731784510329  0.65607762816111392  0.66622893274242645  0.67570341233140219
  0.68502427514973696  0.69359000488102840  0.70170534434586185  0.70901897998518015
  0.71737910579930286  0.72735524357254189  0.73974450320041263  0.75320675620947042
  0.76635578884723998  0.77759151273779314  0.78800478243780192  0.79810601518861102
  0.80725230201505638  0.81539889005405819  0.82429991312087436  0.83593974179196007
  0.84829971681070271  0.85971130512279459  0.87036091049421616  0.88094807247728735
  0.89138443708946791  0.90156142983120491  0.91141854165040281  0.91978306983652525
  0.92782308418188375  0.93492716103062057  0.94205347081666602  0.94933865714934496
  0.95682127371030556  0.96420765834462074  0.97097095179901560  0.97724468058239766
  0.98321887507546579  0.98896179063692957  0.99447537750962423  1.00000000000000000
 -0.00282347269332702  0.00843191302918900  0.02023825805320134  0.03174270736367805
  0.04330366825856143  0.05672264163330173  0.07057455097401732  0.08304615172153750
  0.09522286417982614  0.10768125823326213  0.11945199532194492  0.12934941825579174
  0.13752880289170105  0.14564352578331041  0.15284666469452488  0.16003247345196112
  0.16781162483184364  0.17656541494909975  0.18534111043161750  0.19387813131597831
  0.20346428928326535  0.21429700003432250  0.22765670025674925  0.24110771178839757
  0.25105476430328888  0.26174959577719992  0.27470361350957678  0.28762155925806521
  0.29829252094231612  0.30784709717734388  0.31784697285680885  0.32799189806512541
  0.33751288864558832  0.34611504876487903  0.35359037792243364  0.36633107192791214
  0.37701535185960622  0.38489303178889028  0.39344141643794150  0.40155188669807973
  0.41091287761575901  0.42046030687780694  0.42905178179399495  0.43711177827985931
  0.44588747799922696  0.45598748767059888  0.46600131304178327  0.47767768673014493
  0.48958446278608947  0.50151765162476292  0.51396043567024363  0.52678019036196877
  0.53952803323030796  0.55143297852032169  0.56073134201970487  0.56919798548469247
  0.58056152313978771  0.59037367104962080  0.59774274615460177  0.60546922510150303
  0.61517477504745399  0.62738758643789494  0.64149593407472671  0.65523578550337180
  0.66837154209013927  0.68061144251606354  0.69175944114742094  0.70229524544225175
  0.71351960702060191  0.72557530146617333  0.73772795224123289  0.74958201190026941
  0.76106439269296899  0.77246966729580901  0.78447173276490323  0.79715154598762905
  0.80964157118524505  0.82062605125936439  0.83025522144840191  0.83958948152769408
  0.84884494205804695  0.85751350407369031  0.86647869862271742  0.87632613050678942
  0.88712342178757642  0.89955683929435581  0.91286458876796750  0.92345477515647056
  0.93287119902524707  0.94234652412709119  0.95165587016251807  0.95989574855238757
  0.96736691051382973  0.97474227690721948  0.98517573405172010  1.00000000000000000
 -0.02730473160753923  0.36185040479173403  0.54996446601584092  0.62217030522768346
  0.66504945341910082  0.69697561382364526  0.72259055471857669  0.74207265249599264
  0.75829000983063799  0.77315283942785917  0.78625093962619153  0.79660351972765320
  0.80526046410987162  0.81392580772941758  0.82130016161113395  0.82749074970917624
  0.83391013927001989  0.83986356129995099  0.84561696874128445  0.85070974994249449
  0.85468589534847195  0.85837193617494456  0.86196167096510712  0.86569877240939563
  0.86917960791748416  0.87241233252001238  0.87556061721281320  0.87867022945603768
  0.88167973139162303  0.88495389953996151  0.88820494156863006  0.89133155562914512
  0.89425328721954589  0.89716696138725915  0.90026920044341141  0.90303365916075795
  0.90567232345649296  0.90836149530956589  0.91111745495688645  0.91389849325958072
  0.91659599761760757  0.91914163376720426  0.92170598898632061  0.92456993388906117
  0.92746493529537621  0.93002072054719220  0.93226033950717180  0.93436636929354044
  0.93646710452707982  0.93862409596696839  0.94071509943059872  0.94256579908076821
  0.94421787313320737  0.94571074059800275  0.94712486348864966  0.94856417311418295
  0.95010714540131613  0.95187141204921932  0.95388441012661163  0.95575946256898570
  0.95762967542851107  0.95933107625003555  0.96071167595245943  0.96198613224526086
  0.96326185213236604  0.96437642285261205  0.96549235495626884  0.96690596059987177
  0.96814705510131593  0.96939985840806897  0.97053532068871007  0.97186233110857012
  0.97293236006243611  0.97402011526089072  0.97509734013038374  0.97610506875992464
  0.97722528845779977  0.97846681114355716  0.97977445263139473  0.98113241066728873
  0.98250436730573054  0.98382889174454025  0.98509364068823146  0.98623689558456651
  0.98731276618765995  0.98833283726191068  0.98930403172016912  0.99021582543646403
  0.99118513092063187  0.99214086974012583  0.99308166445528090  0.99417772646047187
  0.99549406432056131  0.99684450194643370  0.99836936689118860  1.00000000000000000
 -0.03059428503633095  0.15975129838167546  0.21595567266037055  0.24413823925853959
  0.26866632254061484  0.29411327322059017  0.31965896513800168  0.34022084633396343
  0.35891855899906089  0.37650463598640244  0.38989595212633105  0.40255793248153521
  0.41487979429406741  0.42567033536798426  0.43597806234085867  0.44493636445370627
  0.45266434290251817  0.45864337349253920  0.46529898151499505  0.47381751710241343
  0.48313018501560201  0.49065428954161489  0.49777714702596415  0.50581340462717284
  0.51548900189392077  0.52483420881000054  0.53458721029823264  0.54320893189875574
  0.55039002927266445  0.55705566962775344  0.56364229186031134  0.56992240201201083
  0.57617790248483713  0.58282638287435229  0.58878648061763739  0.59429990554021983
  0.60026349275304380  0.60657096414042044  0.61354621929398900  0.62041600247160678
  0.62700961437858560  0.63274906978752354  0.63810751647630670  0.64366431070010555
  0.64927741926961058  0.65596641271848477  0.66367814610787168  0.67027177028235385
  0.67684856067276933  0.68350778448770566  0.68878743895058891  0.69297932229960246
  0.69649485763502972  0.70007822632536754  0.70357620318609571  0.70714341162622685
  0.71057152224372466  0.71384267907365839  0.71736173241960921  0.72113857815158899
  0.72539687432522271  0.72997638765069484  0.73500125631186519  0.74022352237359501
  0.74515585937410778  0.75032525651351778  0.75619850602927319  0.76170822085449674
  0.76659555655352896  0.77069932538180674  0.77509146111614757  0.77970563323792486
  0.78435581839387203  0.78882837957493090  0.79328936809221284  0.79770422239591565
  0.80257168999063333  0.80732691324582084  0.81184245487378548  0.81632627179146255
  0.82111802901884945  0.82629596902009739  0.83157453863062147  0.83701798911561032
  0.84273470906131576  0.84796281178083877  0.85313382355586298  0.85925948230671068
  0.86608338795480155  0.87345146159491693  0.88237977054894046  0.89216869778841046
  0.90327659422596962  0.91713855746171213  0.94142777547272405  1.00000000000000000
   1.3290468570112293E-010  -1.0000000000000000     
 T T T T T T T T T T T T T T T T T F F T F F T F F T F F T F F F T F F T F F T F F T F F T F F T T T T T T T T T T T T T T T T T T T T T T T T T T T T T T T T T T F F T F F T F F T F F T F F F T F F T F F T F F T F F T F F T T T T T T T T T T T T T T T T T
  <DiscreteSampler_grid>
  grouped_processes
  1 # 1 for a reference and 2 for a running grid.
  10 # Attribute 'min_bin_probing_points' of the grid.
  1 # Attribute 'grid_mode' of the grid. 1=='default',2=='initialization'
  0.0000000000000000 # Attribute 'small_contrib_threshold' of the grid.
  0.5000000000000000 # Attribute 'damping_power' of the grid.
 # binID   n_entries weight   weight_sqr   abs_weight
    10   10   1.604306861401184E-004   6.560171938260336E-008   1.604306861401184E-004
    11   10   1.604306861401183E-004   6.560171938260327E-008   1.604306861401183E-004
    16   10   1.032219688828652E-004   2.429223974472043E-008   1.032219688828652E-004
    17   10   1.032219688828652E-004   2.429223974472042E-008   1.032219688828652E-004
    22   10   1.032219688828652E-004   2.429223974472042E-008   1.032219688828652E-004
    23   10   1.032219688828652E-004   2.429223974472041E-008   1.032219688828652E-004
    28   10   1.604306861401183E-004   6.560171938260332E-008   1.604306861401183E-004
    29   10   1.604306861401183E-004   6.560171938260327E-008   1.604306861401183E-004
    34   10   1.604306861401184E-004   6.560171938260335E-008   1.604306861401184E-004
    35   10   1.604306861401182E-004   6.560171938260324E-008   1.604306861401182E-004
    40   10   1.032219688828652E-004   2.429223974472042E-008   1.032219688828652E-004
    41   10   1.032219688828652E-004   2.429223974472041E-008   1.032219688828652E-004
    46   10   1.604306861401183E-004   6.560171938260333E-008   1.604306861401183E-004
    47   10   1.604306861401182E-004   6.560171938260324E-008   1.604306861401182E-004
    52   10   1.032219688828652E-004   2.429223974472041E-008   1.032219688828652E-004
    53   10   1.032219688813531E-004   2.429223974394158E-008   1.032219688813531E-004
  </DiscreteSampler_grid>
