  0.02106982811930960  0.04252540621858002  0.05171439156270295  0.05930596619972676
  0.06577813246901475  0.07286828597966928  0.08163005759197711  0.09037646782972296
  0.09881551508184964  0.10634382178021462  0.11381375161787206  0.12281781067482610
  0.13218719273365823  0.13874772695044316  0.14445621030001513  0.14984946412924630
  0.15534744074985635  0.16390579563875907  0.17307930578784952  0.18029072611266764
  0.18752242896623644  0.20158250409909220  0.21074052920940561  0.21572963941952084
  0.22122493553996297  0.22694757772721000  0.23444257645503294  0.24179300137545270
  0.25488969234595327  0.26960915883698339  0.28246057986150741  0.29397026793129216
  0.30579666215868945  0.31883641859245859  0.33253091958975906  0.34773897781960816
  0.36389744236672061  0.38041934778834574  0.39749336387422529  0.41239852774384400
  0.42519228735602294  0.43969565194942450  0.45563290945945145  0.47375573785176739
  0.49333126086557039  0.50814733120916311  0.52059955702914662  0.53148575118683683
  0.54209029429300726  0.55190951534534172  0.56039327096795444  0.56605503264078105
  0.57109187416863338  0.57787840183362227  0.58300445869053019  0.58917757657485381
  0.59396246733995894  0.59910795959503760  0.60493241562886235  0.61039256913734641
  0.61902426374273578  0.62855944669847508  0.64306206799338028  0.65659488886793627
  0.66628262706982355  0.67467498869383324  0.68276740327237950  0.68974971831750065
  0.69537800551878226  0.70338132235648654  0.71268299409866342  0.71946497550557698
  0.72497465132034788  0.72788945123376314  0.73150972166783346  0.73654400530980613
  0.74110519641098560  0.74722410703813447  0.75548759130349974  0.76585540396799556
  0.77788718465488826  0.79027313508764940  0.80357563116683728  0.81763540711789695
  0.83221207208679060  0.84556631777774816  0.85756283726961258  0.86920817325221000
  0.88152510637242354  0.89613917617382977  0.91018384412062991  0.92453387571928369
  0.94352852810812093  0.96067486030585947  0.97298012564921721  1.00000000000000000
 -0.00000284463222293  0.00004550144565051  0.00007293590677530  0.00008040272858813
  0.00008500665743574  0.00008778553603241  0.00008924573759849  0.00009009407222589
  0.00009063232292025  0.00009099705136306  0.00009120850236342  0.00009140618330305
  0.00009158864077731  0.00009174782017051  0.00009187300767416  0.00009197080941639
  0.00009203330112901  0.00009207853776078  0.00009211888509791  0.00009215508418399
  0.00009218595246185  0.00009221209337749  0.00009223582336913  0.00009226016959549
  0.00009228120464990  0.00009230019650043  0.00009231703932096  0.00009233081663044
  0.00009234230351214  0.00009235220603866  0.00009236039665252  0.00009236774566522
  0.00009237492906132  0.00009238133260300  0.00009238672037055  0.00009239149988006
  0.00009239590573151  0.00009239976879867  0.00009240344197612  0.00009240691567558
  0.00009241021003197  0.00009241329192876  0.00009241634253360  0.00009241915825665
  0.00009242197397971  0.00009242498450769  0.00009242815049459  0.00009243160326946
  0.00009243580032510  0.00009247301701597  0.00009247871221235  0.00009248327373991
  0.00009248699974130  0.00009249061075387  0.00009249386903486  0.00009249712731585
  0.00009250062345065  0.00009250424774282  0.00009250818292010  0.00009251279095229
  0.00009251766563814  0.00009252278034908  0.00009252819197111  0.00009253392605965
  0.00009254008784352  0.00009254895387296  0.00009255744969084  0.00009256606339363
  0.00009257609197225  0.00009258634866044  0.00009259877421597  0.00009261440002399
  0.00009263076022147  0.00009264932923648  0.00009267256591079  0.00009270006814238
  0.00009273076131507  0.00009276338259874  0.00009279957156982  0.00009285010954345
  0.00009292426175759  0.00009301036518504  0.00009312860302078  0.00009327827294756
  0.00009347295322639  0.00009367239146515  0.00009387407251150  0.00009414608158345
  0.00009472389722810  0.00009594384572928  0.00009830050880878  0.00010272953423104
  0.00011154723239642  0.00013593318312054  0.00784909811124878  1.00000000000000000
 -0.00009404070536343  0.00117870620386531  0.00390324878191754  0.00565794915004207
  0.00650353427986218  0.00859277804522817  0.01084844247802414  0.01552090554469332
  0.02081012729592219  0.02653471561674754  0.03403368036824173  0.04215092003961298
  0.05024204229177441  0.05756860002037510  0.06384998851691256  0.06961807830327428
  0.07560277142593733  0.08208712622213600  0.08936879525347653  0.09940680039979150
  0.11131641685259640  0.12472825862657175  0.13909522848440373  0.15427694850203641
  0.16842720109229331  0.17966569990902909  0.19060478066708109  0.20199049556372142
  0.21499157748621098  0.23018325992136138  0.24596695153309098  0.26991245855740320
  0.28919100043130658  0.30750172314485513  0.32560123008886305  0.34144603686189878
  0.35104835910598425  0.35730873914767947  0.36390169491368157  0.37132084285907346
  0.37912613024876618  0.38836370114872021  0.39883649654674080  0.40737965874823273
  0.41499986399794869  0.42228638895957232  0.42898338304288280  0.43658480572477398
  0.44500298649417996  0.45584126099951933  0.46919842913492904  0.48168894594580686
  0.49250162675875159  0.50678133393867075  0.52411544869782201  0.54693778637615165
  0.56956352510558472  0.59232496198909845  0.61550547072668760  0.63505559891693875
  0.65501288615160280  0.67762306691678953  0.69382476268156146  0.70095188264417718
  0.71136131877888242  0.72319799487560765  0.73532051275133992  0.74374228253212482
  0.75134402617497520  0.75937225349864346  0.76675712262461238  0.77493190920566235
  0.78633114782317071  0.79787934335391575  0.80730815917125365  0.81583957197180779
  0.82411881807438736  0.83389399068658387  0.84257455257102443  0.85105854934830505
  0.86015222798802571  0.87084886521123273  0.88077317581910108  0.88888907210293200
  0.89706195258794519  0.90616843901566602  0.91256659636929771  0.91737179698144855
  0.92219580286154046  0.92820620244094920  0.93694947771494763  0.94751217841739310
  0.95914302379757188  0.97403411492521785  0.98741739903654513  1.00000000000000000
 -0.00387743508506901  0.01015192291230437  0.02597845207396511  0.03958444961866797
  0.05208448387620381  0.06419938179945303  0.07500121166955735  0.08501531865603605
  0.09474396226189676  0.10373402552773456  0.11482148350541008  0.12687884810201225
  0.13892936699653319  0.15199316072175570  0.16970533485979686  0.18937180280013760
  0.20748296076104419  0.22089004500484843  0.23135284760317099  0.24002516283471084
  0.25018164350550376  0.26123785885122497  0.27207665982148660  0.28411089529423039
  0.29591188594104434  0.30766128240101831  0.31742593109488720  0.32926148423014728
  0.33911856741778063  0.34854689056651855  0.35792402486212749  0.36782974205008800
  0.37689249242319178  0.38462458597024923  0.39125070095573877  0.39877299949433670
  0.40563160447586366  0.41251865585058850  0.41929668743036747  0.42415109037287890
  0.43007396580619023  0.44090380066061963  0.45436878500117228  0.46817933733362443
  0.48143974800511424  0.49291055067277589  0.50130130842959131  0.50845688920754850
  0.51525189775142721  0.52119356701604636  0.52882839075552535  0.53453572131831850
  0.54161850141926815  0.55249587051526738  0.56663055937549500  0.58089479848526415
  0.59392321016846616  0.60591291402815439  0.61717908779619346  0.62780247358197439
  0.64149803501107583  0.65577101516265157  0.66780607111729506  0.67965067588435712
  0.69157551713200383  0.70192327191134851  0.70967915453991326  0.71459529877824912
  0.72182387361199274  0.72957505610312723  0.73701018914283090  0.74270271867961490
  0.74686651930250858  0.75451823439211074  0.76238328953345758  0.76920464983579762
  0.77546078862305989  0.78184574487999658  0.79065462862886626  0.80001023633321366
  0.80958912329054922  0.81973399888708753  0.82996603269095237  0.84052899515221480
  0.84901078551886200  0.85923466919917013  0.87176771460294045  0.88578977293585837
  0.90070181673228011  0.91558711202715359  0.92914016855427439  0.94121822007029066
  0.95404276239136165  0.96750223511914346  0.98152375190757279  1.00000000000000000
 -0.00720221671834476  0.02238771343839262  0.03837683246042424  0.05068028567410920
  0.06396373014686731  0.07717251446286272  0.08866763355145151  0.10041332532488842
  0.11435800839852639  0.12865874679165673  0.14348294299950162  0.15853944393016614
  0.17550438629728490  0.18881153449928800  0.20493302540786032  0.21680152918671586
  0.22507841291427472  0.23308901405888505  0.23823680398081681  0.24444963732509575
  0.25118124194054409  0.25827881261391228  0.26679357376309304  0.27410633589752997
  0.28064266578518932  0.28840273927309645  0.29987457725448446  0.31104538925969072
  0.32147414640836197  0.33337478090857647  0.34845359054420000  0.36600906667056060
  0.37969172437583215  0.39184045298142939  0.40342679732292530  0.41299536877940818
  0.42298454903459293  0.43472149482390837  0.44562012147956015  0.45653073383517256
  0.46762401724959768  0.47766565232616642  0.48943037704841175  0.49949389731606564
  0.50712750668486628  0.51333558121028111  0.52083412087633452  0.52940850452873567
  0.53819858984697710  0.54584133888740549  0.55475145654881786  0.56396249875580007
  0.57305435157051521  0.58424649724909128  0.59796600712011727  0.61499078255789186
  0.63311390693171499  0.65274503813929818  0.66299968058493930  0.67127392473459235
  0.68059438541490280  0.68878510169156160  0.69615512504372301  0.70370661941280299
  0.70945871655054471  0.71523733577632487  0.72090847879179998  0.72903367306722378
  0.73561915503630071  0.74227020999322113  0.74662807242758533  0.75178715320015510
  0.76059725155574720  0.76780800245501490  0.77222160465415457  0.77655752593084337
  0.78243039107849610  0.78745653067509758  0.79379876728328602  0.80747459846695380
  0.81957393855414740  0.83104950247527365  0.84315493681234266  0.86055760694353822
  0.88094128348956935  0.89802943603567109  0.91489104713999225  0.92848706608582277
  0.93876651620527807  0.94769490787829958  0.95798596037316575  0.96716643720080009
  0.97583714712643421  0.98339153059757745  0.99245276659212356  1.00000000000000000
 -0.00522778860750375  0.01596416606529516  0.03420777009366145  0.04740296728965568
  0.05685244296479884  0.06393360661023846  0.07094659680186821  0.07835997147378054
  0.08616097085985429  0.09350004189461156  0.10054437603333127  0.10731247237978170
  0.11520317678950462  0.12314887839740855  0.13312731815572096  0.14569630777803066
  0.15848090484093147  0.17078237481547251  0.18265274247415236  0.19361193725335621
  0.20523274700166072  0.21740100284065436  0.22763210965969888  0.23770547599362335
  0.24950500589562488  0.26370745090026615  0.27982534129885717  0.29700783471164310
  0.31713429390065168  0.33678881314158293  0.35391785272030640  0.37035266246097437
  0.37902726504741058  0.38316961952960077  0.38736729973117606  0.39217786470295946
  0.39812652507017232  0.40392219579583488  0.40961561687019143  0.41525194008966715
  0.42057173483316396  0.42521275703182554  0.42994183349719262  0.43441119191115013
  0.44070750463532393  0.44643246576112983  0.45112932142140061  0.45787779320066002
  0.47050098154980641  0.48815874898746814  0.50751461071143178  0.52308503338153856
  0.53602094124467947  0.54930535059935270  0.56343261172746573  0.57631547321507792
  0.58714744298834665  0.59754508158286768  0.60820675934252733  0.62004261435265839
  0.63255053996669164  0.64553213620298533  0.65646797233182397  0.66606191985681451
  0.67496501328829495  0.68478169322010141  0.69347721648093574  0.70249229171477190
  0.71082042022582248  0.72040296479720245  0.72997789257079015  0.74108010730881646
  0.75280621062330622  0.76251519131381540  0.77062152152811692  0.77816436957849611
  0.78763455616061973  0.79901733463812263  0.81284648689149408  0.82726180354069490
  0.84117017683275286  0.85494985545712110  0.86859107042863914  0.88190434719274124
  0.89250407209712612  0.90087028452239382  0.90831146908817795  0.91703590578297889
  0.92355219324807414  0.92869690463131938  0.94098029434829711  0.95437815063041742
  0.96734282581744147  0.97666656855470158  0.98673306427682494  1.00000000000000000
 -0.00271699913955675  0.00730979910119666  0.01487501110944434  0.02081471702621836
  0.02592671331845980  0.02680960725520064  0.02819177143912094  0.02987626925563927
  0.03341334124231234  0.03678201329463527  0.03894620578419841  0.04579596581606656
  0.05694047327709729  0.07069179468526837  0.08670176233522710  0.09899533977970135
  0.10608905161968743  0.11050044592154790  0.11554698985932532  0.12154045553548666
  0.12710145321934568  0.13150763375380478  0.13442836130119823  0.13759114247853182
  0.14113352885990940  0.14690423190133492  0.15254678645793115  0.15899136161784211
  0.16286191459930024  0.17089530417869325  0.18728858597495143  0.20782339645222958
  0.22792401061684067  0.24504736593548807  0.26013497658551638  0.27538670153927597
  0.29022587007899942  0.30419589582668582  0.31700353824269500  0.32843385305395939
  0.33810791543276991  0.34526421735378976  0.35049086701021342  0.35718896336137412
  0.36380506199955609  0.37005693685610108  0.37637283965166035  0.38542477552022419
  0.39434950612857789  0.40344759876704533  0.41283538573345702  0.42095507675396165
  0.42831412270945513  0.43820259368205777  0.44895652597156988  0.46067677557775699
  0.47244780388296143  0.48342042842149774  0.49378432886124962  0.50370686179689961
  0.51344444635497366  0.52290226785938654  0.53275687519836623  0.54413220194359602
  0.55953134041667663  0.57601295183626000  0.59236918184826159  0.60768949786985249
  0.62187762647312739  0.63494592873452682  0.65177311925434978  0.66906380360221374
  0.68609596423535391  0.70239328981968829  0.71989893590769927  0.73981550400953211
  0.75996425617776042  0.78095357839380142  0.80284948254940514  0.82211036153220163
  0.83622507051082062  0.84988289149310015  0.86309687995027529  0.87653177745217459
  0.89109183358350330  0.90543114144613113  0.91847774478392530  0.93092520924599875
  0.93990045754932816  0.94911927558840747  0.95742445696231948  0.96485652677783018
  0.97142236497520540  0.98028632139793259  0.99019569299706034  1.00000000000000000
 -0.00490648129147871  0.01153059270085600  0.02806441317536546  0.04457951985001059
  0.06068006502001155  0.07848146668792647  0.09678891401178920  0.11271527182765945
  0.12318967024525787  0.13412951194341435  0.14436529382856975  0.15457784255664136
  0.16561771361183306  0.17896179119923633  0.18888844280568284  0.19476763876710371
  0.20017239100844678  0.20571521580611241  0.21214150974560858  0.22076905488584925
  0.22913172881964838  0.23966591085078942  0.25404328516542701  0.26916293927663615
  0.28138032845828059  0.29341121222522931  0.30529515143564073  0.31675243744766579
  0.32959668259160646  0.34254279979189289  0.35425015329498261  0.36603753662620975
  0.37756927556086972  0.39057342718805793  0.40540757303296943  0.42246284601664497
  0.44172210385813193  0.45882593606104732  0.47554805339756101  0.49260232894866401
  0.50517354409617210  0.51897009043321263  0.53071420439408812  0.53869575571985628
  0.54738705149843381  0.55769600386177454  0.56862119628864094  0.58019187582628629
  0.59214979828929815  0.60351360960204370  0.61393310853299843  0.62195807853919616
  0.62830883252307446  0.63365224601632397  0.63877256479327760  0.64464406384017359
  0.65206649023268237  0.65851578841752434  0.66479159842378632  0.67098792238194438
  0.67499119443592126  0.67746189676244195  0.68060648784211530  0.68567417770164252
  0.68991634894859033  0.69601293909469397  0.70323663240420564  0.70911593777687720
  0.71308574007595005  0.71826201507449150  0.72346003415767013  0.72759227773388724
  0.73211709603737141  0.73757812216549978  0.75019876761624182  0.76200665045074789
  0.77364187731759670  0.78605546871927823  0.79637596450866610  0.80399288305407435
  0.81087915093006702  0.81852518515232353  0.82797070094765068  0.83500811239254535
  0.84031710167201668  0.84692271399169472  0.85771910055022094  0.87331268625524583
  0.88941442731308362  0.90807315230623298  0.92533803458447317  0.94196952586184179
  0.95644216687454264  0.96933661130548388  0.98384148342724664  1.00000000000000000
  0.26175046883505565  0.83968953484953002  0.85071218381707703  0.85393565648990832
  0.85527072524595382  0.85601918845852287  0.85678933999587692  0.85720877808355433
  0.85757096529437016  0.85792383994614596  0.85841478561358386  0.85907241410546042
  0.85997009327411411  0.86092558674448882  0.86150162887879644  0.86193931760577336
  0.86236928713109628  0.86275873842222872  0.86315451596453630  0.86359272940044518
  0.86400499065023406  0.86443309239556021  0.86498163125368377  0.86565538939713327
  0.86634932677822807  0.86671897812076959  0.86714427139214389  0.86761706776729619
  0.86818635402724642  0.86883080803432122  0.86947035024809527  0.87012533359272337
  0.87080815363339237  0.87135385431319068  0.87188701186412942  0.87252557676575826
  0.87336257186806010  0.87430207406674199  0.87524870061087157  0.87614629072030570
  0.87701163021634232  0.87788919484703198  0.87877121400189440  0.87956308661407423
  0.88031979815201067  0.88108185312983767  0.88181754100075060  0.88259699620617882
  0.88351826118203136  0.88445923299184426  0.88523911966921265  0.88597744816799895
  0.88686219686093892  0.88774024950586006  0.88863789667640614  0.88972581178139887
  0.89046207654152387  0.89126710791800745  0.89199533448193213  0.89258460662485373
  0.89319312236088555  0.89395354333747201  0.89506540073664642  0.89634592027791515
  0.89749143873968096  0.89852549195218845  0.89950115041549794  0.90045504050765934
  0.90142453367805753  0.90272992384473127  0.90381265667860322  0.90486029749736163
  0.90597416429583288  0.90707657454280299  0.90771114907092654  0.90804711685331518
  0.90841265997915377  0.90874877629888329  0.90941825292989253  0.91028554098310888
  0.91146521715701678  0.91319683735807655  0.91485012759274686  0.91622627742604479
  0.91855255023222582  0.92138323918550868  0.92407930963266549  0.92683262450961779
  0.93031401502454203  0.93377495693373980  0.93813069905176361  0.94367797805382836
  0.94943455907272989  0.95647342514849232  0.96929247325286216  1.00000000000000000
 -0.02592981837764883  0.12044277767495284  0.14767327911982289  0.15973420716994780
  0.17260897083202620  0.18502101483032110  0.20169693885014994  0.22209729226796196
  0.24171959522769873  0.25950011750826013  0.27462958005637533  0.28576968375303913
  0.29336320235676500  0.30057666299944574  0.30773226488496502  0.31409224209750197
  0.31930756300415664  0.32975971115969838  0.34005619050861563  0.35022865527429742
  0.36037236428333258  0.37093273304409391  0.38184536869145208  0.39294698783754600
  0.40405966217403921  0.41424137601478289  0.41995180423200645  0.42257286271502886
  0.42558839884067245  0.42865073222046629  0.43062497355555052  0.43402982822686625
  0.43747757072673665  0.44146180297119941  0.44621462631506853  0.45068267570774201
  0.45464772157279931  0.46030799281077361  0.46772755509051755  0.47460341848275284
  0.48125018071003012  0.48762127296074609  0.49293931643832672  0.49880262679465848
  0.50164164232559294  0.50418733254197123  0.50720116324158204  0.51162231391651591
  0.51570109013254006  0.52001388052478337  0.52333958287024240  0.52719697862776149
  0.53125266250441339  0.53581812480549240  0.54147065606520461  0.54631256105445425
  0.54854689215683172  0.55095590819319296  0.55305551753445925  0.55663381518590427
  0.56209289023671760  0.56819877080033077  0.57439577720901414  0.58060488301757240
  0.58675404127352304  0.59463713643963734  0.60305328255209101  0.61149060527519739
  0.61943731011041847  0.62669234468723256  0.63371414344704324  0.64089187056298158
  0.64847489268840819  0.65592638911543577  0.66193387106131707  0.66885559968817687
  0.67510885831460099  0.68018288444732677  0.68484045016176542  0.68913958376878004
  0.69337620994480276  0.69947174224026853  0.70806024712624660  0.71665546083089771
  0.72382411948070713  0.73111858471406355  0.74256537648684373  0.75650048419840787
  0.77239349689888270  0.78998341357282531  0.80598731417386393  0.82089732386068515
  0.83429322020253360  0.85758751061047767  0.88850099112730341  1.00000000000000000
   6.6061483778557211E-014  -1.0000000000000000     
 T T T T T T T T T T T T T T T T T T F T T T T T F T T F T T F T T F F T F T T F F T T T T F T T T T T T T T T T T T T T T T T T T T T T T T T T T T T T T T T T T T F T T T T T F T T F T T F T T F F T F T T F F T T T T F T T T T T T T T T T T T T T T T T T
  <DiscreteSampler_grid>
  grouped_processes
  1 # 1 for a reference and 2 for a running grid.
  10 # Attribute 'min_bin_probing_points' of the grid.
  1 # Attribute 'grid_mode' of the grid. 1=='default',2=='initialization'
  0.0000000000000000 # Attribute 'small_contrib_threshold' of the grid.
  0.5000000000000000 # Attribute 'damping_power' of the grid.
 # binID   n_entries weight   weight_sqr   abs_weight
    10   10   1.819628063549643E-008   9.722869472502686E-016   1.819628063549643E-008
    11   10   1.819628063549635E-008   9.722869472502611E-016   1.819628063549635E-008
    16   10   1.819628063549642E-008   9.722869472502684E-016   1.819628063549642E-008
    17   10   1.819628063549635E-008   9.722869472502611E-016   1.819628063549635E-008
    22   10   1.819628058007541E-008   9.722869394387823E-016   1.819628058007541E-008
    23   10   1.819628063549635E-008   9.722869472502611E-016   1.819628063549635E-008
    28   10   1.819628058007542E-008   9.722869394387829E-016   1.819628058007542E-008
    29   10   1.819628058007534E-008   9.722869394387752E-016   1.819628058007534E-008
  </DiscreteSampler_grid>
