  0.00191780030209478  0.00194536238122994  0.00198602746466885  0.00202513049013056
  0.00206673799314117  0.00211113418894917  0.00215621956566307  0.00220232515573937
  0.00225012062884139  0.00229935894248743  0.00235044797224296  0.00240350910036053
  0.00245880377225903  0.00251702989710489  0.00257842973487608  0.00264231238872318
  0.00270794238609677  0.00277337216190178  0.00283991819852320  0.00290908330482436
  0.00297997713178034  0.00305216668839247  0.00312419835726517  0.00319675647455500
  0.00326931333223461  0.00334313716713880  0.00341967101587879  0.00349938970993062
  0.00358280772418309  0.00367099536611246  0.00376447961816314  0.00386209160460078
  0.00396005479809240  0.00405915427015732  0.00416099808143226  0.00426555110755345
  0.00437691092032313  0.00449229513579494  0.00461355807172609  0.00474288023317189
  0.00487726191386515  0.00501568438377778  0.00515980923676656  0.00530810396311707
  0.00546193839010671  0.00562091703168650  0.00578400146677934  0.00595228982047220
  0.00612614729869157  0.00630576858128332  0.00649073067536803  0.00668620184915055
  0.00689563922250339  0.00711944749139805  0.00735669744678510  0.00760657220533958
  0.00786425515109932  0.00813606996528991  0.00842478728621327  0.00872437399042163
  0.00905335762001807  0.00939047737610166  0.00975012141948048  0.01013664386469513
  0.01054937199431852  0.01097703464309275  0.01141415834764385  0.01186474532916423
  0.01233331222409120  0.01283990741672085  0.01340126440801553  0.01401184196395592
  0.01465485485316988  0.01534559459538541  0.01610438396815882  0.01694430047946740
  0.01787730188113869  0.01890657995852146  0.02003171307167165  0.02124275428279641
  0.02262000374812816  0.02414500345834329  0.02584648934743661  0.02779576263476415
  0.03004058108814834  0.03263970343263189  0.03564486363927329  0.03921133845349881
  0.04357414991746258  0.04917850697028481  0.05657352637189367  0.06652391811930351
  0.08070223770318651  0.10582578775652983  0.18131035159717582  1.00000000000000000
  0.00500548904198279  0.00579133071795076  0.00641337795872589  0.00702742331056862
  0.00760655261254528  0.00819183520460326  0.00879396008960624  0.00942868802498832
  0.01015563984518379  0.01090550782523746  0.01170405135465445  0.01251107355188098
  0.01333174070240555  0.01418115692891257  0.01508010089604061  0.01604417971444761
  0.01705221541132624  0.01811320116083758  0.01924100890866390  0.02037117980511050
  0.02152896488887045  0.02280445751247375  0.02410166075535100  0.02544982631537713
  0.02692989091339298  0.02843483309340383  0.02999613964822384  0.03160704131056268
  0.03329427409927140  0.03507623223861524  0.03690976116902688  0.03880761495593038
  0.04077406259922774  0.04282136073540167  0.04498217879149523  0.04722790541998355
  0.04951471589069396  0.05186239202465730  0.05428590442615937  0.05679376026888349
  0.05940677966995343  0.06213156459428044  0.06491308573636959  0.06774834682583183
  0.07062758508553943  0.07361287516525715  0.07674099556160936  0.07999401027806907
  0.08345014634458117  0.08711416466423379  0.09089057180715840  0.09475625374849291
  0.09879751131292813  0.10313324194236372  0.10768811175052201  0.11227007438062117
  0.11690133693687917  0.12155974752544497  0.12644632884769982  0.13156355219418470
  0.13689831615531728  0.14272675525103151  0.14897036628020907  0.15534732515619668
  0.16202076370650470  0.16919761140621772  0.17679761750520304  0.18477648393505169
  0.19300768007320537  0.20150502507394899  0.21028823593742599  0.21950368042839366
  0.22919113448250125  0.23924450317872281  0.24999570819406483  0.26151840435827811
  0.27383054603459817  0.28724349777326924  0.30158174504272733  0.31688692930649409
  0.33293939000555306  0.35012745528491462  0.36832019964543233  0.38779209844835455
  0.40909705901491927  0.43242629735132293  0.45824685751678090  0.48692250457850894
  0.51845035299626807  0.55439054589400127  0.59391489049286639  0.63812456014451269
  0.68894380668003641  0.75186874278655935  0.84715345788713281  1.00000000000000000
 -0.00226288861168920  0.00887616576717402  0.01920922017764026  0.03017602721213583
  0.04138425618697974  0.05261112271625828  0.06354452569918539  0.07406297732109929
  0.08459592003026586  0.09522556872325248  0.10623962521617647  0.11674693939246059
  0.12723477262824465  0.13768576006862149  0.14858455196018677  0.15937885500017476
  0.16966835173652428  0.17963794288957652  0.19013963611476140  0.20105490007883509
  0.21208466659867184  0.22274881510928080  0.23353400924140075  0.24426127526271993
  0.25527967248614419  0.26611322986636238  0.27690426598202944  0.28741518526342125
  0.29842156370363715  0.30925081194856158  0.31986419157910168  0.33010154499400568
  0.34037796604732418  0.35016250657831721  0.36014494854813123  0.37035011863707618
  0.38106049290799199  0.39179187879758182  0.40218606247101218  0.41244556738303206
  0.42246327496996755  0.43286621691291588  0.44388998363040483  0.45526914068106283
  0.46598900809703292  0.47634092087312679  0.48641390485494090  0.49664811180301105
  0.50695141050943726  0.51773708142382935  0.52853283273726293  0.53873356653698978
  0.54854146206223930  0.55837782311159079  0.56866574309585782  0.57912758248323770
  0.58959325415634056  0.59977131598435540  0.60977508502309341  0.61963714799726821
  0.62984220445654726  0.64024281294619600  0.65052524750620555  0.66093031177081096
  0.67127176103525976  0.68171135563368412  0.69207527071266539  0.70240008794964015
  0.71294633829811627  0.72340638201180785  0.73413910719985609  0.74508377494900191
  0.75610795326882740  0.76703528654686326  0.77782793747249557  0.78859691034508017
  0.79932413220409460  0.80981315524881414  0.82052604938083040  0.83115841639118027
  0.84171675135521451  0.85256504951424861  0.86309425230821624  0.87412974565351997
  0.88392641835888741  0.89369240154745011  0.90354007355298893  0.91352881651940565
  0.92344131018072884  0.93374002707260062  0.94442964494352344  0.95601893232367774
  0.96751193301678995  0.97851437899331395  0.98955236320194540  1.00000000000000000
 -0.00241421363230812  0.00935117329026582  0.01971647937098929  0.03045346530305203
  0.04161384219684966  0.05289594098803179  0.06382995515318797  0.07350130167211159
  0.08328667845918512  0.09308411253505688  0.10312885632706321  0.11306202252337123
  0.12303320624087524  0.13402986915818257  0.14544736769114397  0.15664347833708508
  0.16757551693942249  0.17850770507486544  0.18958246827413594  0.19993120200593748
  0.21001436754214636  0.21997487061316662  0.23008789242771452  0.24022296901448534
  0.25049703782494154  0.26103960170301188  0.27191781653204966  0.28263956778615712
  0.29335336402490764  0.30381381006990021  0.31428372534025417  0.32486275287041005
  0.33583830715263585  0.34702106367015134  0.35804133620338291  0.36885216914948782
  0.37946738697457033  0.39014260464153594  0.40062932274156882  0.41110542592193261
  0.42139814832732098  0.43180444221471448  0.44220779105901059  0.45263671255697813
  0.46306243989435225  0.47366145960998940  0.48462074798287758  0.49585835633658254
  0.50664945101006920  0.51710226121272851  0.52750854053533580  0.53820029466498032
  0.54908219873360509  0.55998314562043738  0.57087118296506101  0.58147478862578672
  0.59148350514796133  0.60167526008356831  0.61176823557402693  0.62205729070961924
  0.63199275526453025  0.64196428745896361  0.65208903317278499  0.66239045662267959
  0.67279556270928209  0.68309815904907289  0.69336299946392232  0.70351881537784866
  0.71372530696508008  0.72396151027352562  0.73432795134418016  0.74473214646984565
  0.75519026598999628  0.76564676230176298  0.77636201574159913  0.78732656113433297
  0.79839293773847986  0.80944730918069741  0.82015778587158095  0.83064656145515992
  0.84117046156566178  0.85180654234819864  0.86264088247658333  0.87372518878056182
  0.88476677016737593  0.89562517179205181  0.90619480832902566  0.91678559933398041
  0.92722173951331732  0.93746217560760559  0.94768766616220868  0.95811573672931838
  0.96860663750055276  0.97910701903959196  0.98931837629769581  1.00000000000000000
 -0.00254004846360511  0.01016941951305617  0.02127879268927164  0.03212851855802549
  0.04271528129087127  0.05326110113753224  0.06392822224831035  0.07474052930081845
  0.08565355149241850  0.09658709572480866  0.10771125475099554  0.11875794381434630
  0.12973328206305515  0.14104661252667922  0.15231856216947431  0.16319249532314281
  0.17340210032286729  0.18349274425267389  0.19396697502140009  0.20445405328654806
  0.21480600659641461  0.22494104544840640  0.23478728884873623  0.24471104532141263
  0.25455422592325655  0.26443762935140952  0.27465885819491742  0.28479008571574549
  0.29508578527260670  0.30500848744859538  0.31478617358498373  0.32484756192981595
  0.33553574969840871  0.34655579218719940  0.35749746718500858  0.36804690687634106
  0.37830085440705780  0.38846516732352970  0.39879864486693206  0.40929412846786217
  0.41987456869251938  0.43032474705229989  0.44062934341833021  0.45084590340033054
  0.46142988524861839  0.47202917046830356  0.48261693605875183  0.49337423546845488
  0.50432926840354919  0.51559235793049696  0.52645581773543881  0.53778988255298177
  0.54918185399127473  0.56091221691255677  0.57180752535293045  0.58229176104867497
  0.59259410157594494  0.60281994292298591  0.61347448268949434  0.62372648805033648
  0.63458313764189711  0.64525372571025286  0.65570115331090939  0.66563226008726983
  0.67531840923730813  0.68505319901887785  0.69520433835614381  0.70499403867589661
  0.71549384381534198  0.72566798680913747  0.73674000104480408  0.74740054847040682
  0.75813052088165545  0.76872052217430820  0.77905764249591702  0.78975731154210538
  0.80065042060915781  0.81121368548015582  0.82181885254589238  0.83216679391069692
  0.84332783144380441  0.85414543922157071  0.86422862791834898  0.87418437818768313
  0.88416918877352468  0.89445099950440943  0.90513171993344665  0.91547989903849170
  0.92581446641777942  0.93643202244856749  0.94719722177087617  0.95776350837643109
  0.96790852214456535  0.97803750913110066  0.98883533542988800  1.00000000000000000
 -0.00253996554963368  0.00966710162026295  0.02001656260082660  0.03110275279051334
  0.04204172618922523  0.05306886638898523  0.06426271213118050  0.07527756893904239
  0.08617456674136696  0.09686134041452356  0.10770205886238203  0.11864915119700863
  0.12957055487021321  0.14073516078376919  0.15188051580833048  0.16303797951651258
  0.17429357419252364  0.18544136700165398  0.19687336640788747  0.20844141450813045
  0.21987360149678034  0.23107886929856242  0.24197500286667589  0.25279800844972306
  0.26348643206278077  0.27384717416925802  0.28398074549035079  0.29425954374183205
  0.30475580197422952  0.31533593339491761  0.32601724792196440  0.33665148501057202
  0.34699743629370366  0.35730241677305985  0.36782768207723038  0.37860897478355843
  0.38947075856835262  0.40017701580213416  0.41079548639041508  0.42131180556731040
  0.43175176816677907  0.44248155835264735  0.45302534174605119  0.46347440567992060
  0.47361220369629492  0.48390229657592915  0.49426273171408208  0.50473056928811100
  0.51511814073285889  0.52551502605796852  0.53592656678225659  0.54626523133521609
  0.55642333999429838  0.56642919895240129  0.57663356203253746  0.58711637424139573
  0.59792448171590462  0.60843983528420087  0.61879023134143096  0.62880552281272240
  0.63912695871882430  0.64929497401970415  0.65968213989155233  0.66989084424831669
  0.68049352504459804  0.69102513106534236  0.70177857898215990  0.71198715934583923
  0.72217485875539356  0.73232329934546292  0.74289195871182157  0.75322032866465261
  0.76335283329722625  0.77340098042724870  0.78357720402408193  0.79369405445951369
  0.80385833754689284  0.81413354633097057  0.82447407162337294  0.83497431672083255
  0.84559219065460212  0.85643789089028188  0.86730751400413286  0.87802125957412247
  0.88846479441674697  0.89847058811091984  0.90833867111405509  0.91842179131385959
  0.92863114686141535  0.93882908776297624  0.94874622226869154  0.95869082890607371
  0.96869632802003303  0.97874977952152709  0.98933807789085682  1.00000000000000000
 -0.00217819536737493  0.00862246386583479  0.01827317687019160  0.02856298828893566
  0.03888850207513195  0.04904694347145032  0.05918067916486090  0.06973576562543578
  0.08069185323394952  0.09173177093183045  0.10237154566394405  0.11314585259156948
  0.12385354198817383  0.13470786210230096  0.14536625148727450  0.15582871879736576
  0.16583787853139303  0.17621085634538272  0.18653816813773966  0.19685997725450141
  0.20689146648465606  0.21757169603647877  0.22827105906466807  0.23863149373343864
  0.24899046125534707  0.26031899891972415  0.27140308600846996  0.28208340816645394
  0.29306177091284596  0.30402990140976976  0.31484469834034901  0.32524235610800117
  0.33590688624739051  0.34626653592436474  0.35665868538875817  0.36633307112190178
  0.37614894104025492  0.38612940255326966  0.39625173245562534  0.40630829892790205
  0.41598037441693614  0.42570932928286687  0.43570034777986028  0.44585320787884114
  0.45619914333882450  0.46677387556484362  0.47767879840604288  0.48862234291169360
  0.49930463374885203  0.50966798372731159  0.51973084650374868  0.53005090226995111
  0.54058836024108292  0.55158347993303203  0.56255478930996683  0.57328242813187513
  0.58409825249212055  0.59416293471053028  0.60455865600209391  0.61516427174272914
  0.62615916993889131  0.63723253573727867  0.64779177958616407  0.65859902338471876
  0.66909038253623110  0.67946595416071476  0.68953707729867808  0.69964464487497247
  0.70952487831103173  0.71947246833419243  0.72935299157183020  0.74011854409275546
  0.75055211404453925  0.76153089642419047  0.77174927571674579  0.78228474466578091
  0.79262305771774744  0.80332858322475709  0.81387408130396033  0.82464609162487823
  0.83558716671981437  0.84637263544411934  0.85692722624646245  0.86752259900555895
  0.87864679475398932  0.89019643273243976  0.90126595601034831  0.91184533068625362
  0.92244490136205903  0.93385107088526642  0.94515319407213605  0.95680966687036761
  0.96767599974921437  0.97866275477890652  0.98920745488451622  1.00000000000000000
 -0.00223558287429729  0.00893937939924895  0.01902028257343358  0.02944292133772623
  0.03970685437393676  0.04956723101884324  0.05954944731562276  0.06971204028856262
  0.08010166177716337  0.09049105350666474  0.10110360541417267  0.11150030082700767
  0.12200441854103158  0.13212466009332008  0.14230125156895873  0.15226014203837526
  0.16204271280121241  0.17219386615930007  0.18245214107527047  0.19304557636506794
  0.20381936458997404  0.21469257787946855  0.22552152945972204  0.23607196433782943
  0.24686505389335875  0.25759223993321972  0.26840396364192021  0.27903801284142205
  0.28924343924707452  0.29933000957702671  0.30947845980261596  0.31964622886574889
  0.32953488102111450  0.33950537256565000  0.34955196583043480  0.35969389091744935
  0.37000459347954240  0.38036286506214384  0.39099284429280640  0.40153249360472898
  0.41206432335750726  0.42243930068433005  0.43272145902218456  0.44298124830443825
  0.45325054023036854  0.46355182929530259  0.47389186991906324  0.48407527501187159
  0.49419207762783657  0.50459056277070824  0.51553883328942096  0.52666582618056124
  0.53807637855125912  0.54922728387825204  0.56008298495979814  0.57062280045832181
  0.58111429460933695  0.59192213883328715  0.60324032282537510  0.61487977754867573
  0.62656920910662073  0.63781716395003174  0.64883381173091126  0.65995196527330502
  0.67099381416494053  0.68183623223544776  0.69240457290801349  0.70271827098793904
  0.71305151783392728  0.72375152775259144  0.73492473894723587  0.74617623282842704
  0.75736716814737925  0.76797663404689465  0.77861019223900241  0.78915284287431808
  0.79985082512620376  0.81055815380369745  0.82102649212280887  0.83108236349399156
  0.84103148939855910  0.85085676219540707  0.86072928924356595  0.87093950386649910
  0.88148775213884545  0.89255591869567519  0.90392561636503788  0.91520465718296262
  0.92600788575753190  0.93699890727858015  0.94786145280770862  0.95882277865181265
  0.96934166067858285  0.97989226427529785  0.98996740258432259  1.00000000000000000
   4.1741242958233184E-012  -1.0000000000000000     
 T T T T T F T T T T F T T T T T T T T T T F T T T T F T T T T T T T T T T F T T T T F T T T T T F F F F F F F F F F F F F F F F F F F F F F F F F F F F F F F F F F F F F F F F F F F F F F F F
  <DiscreteSampler_grid>
  grouped_processes
  1 # 1 for a reference and 2 for a running grid.
  10 # Attribute 'min_bin_probing_points' of the grid.
  1 # Attribute 'grid_mode' of the grid. 1=='default',2=='initialization'
  0.0000000000000000 # Attribute 'small_contrib_threshold' of the grid.
  0.5000000000000000 # Attribute 'damping_power' of the grid.
 # binID   n_entries weight   weight_sqr   abs_weight
    10   10   1.943443750944728E+004   3.157494895839875E+009   1.943443750944728E+004
    16   10   4.201584584218126E+004   1.617746384426609E+010   4.201584584218126E+004
    22   10   4.201584584218126E+004   1.617746384426609E+010   4.201584584218126E+004
    28   10   1.943443750944728E+004   3.157494895839875E+009   1.943443750944728E+004
    34   10   1.943443750944729E+004   3.157494895839877E+009   1.943443750944729E+004
    40   10   4.201584584218126E+004   1.617746384426609E+010   4.201584584218126E+004
    46   10   1.943443750944729E+004   3.157494895839877E+009   1.943443750944729E+004
    52   10   4.201584584218126E+004   1.617746384426609E+010   4.201584584218126E+004
  </DiscreteSampler_grid>
