 -0.00233629154765829  0.00937080941064306  0.01971349690097940  0.03130392391084221
  0.04314118841181751  0.05499142898564192  0.06661037409607667  0.07777179119321609
  0.08900730197943735  0.10007153827914372  0.11120158450435998  0.12237335754038356
  0.13353593806496999  0.14468774448846633  0.15585077826478663  0.16712250774177459
  0.17838072706980315  0.18947392542399386  0.20040824812883487  0.21127780632041940
  0.22210797794479947  0.23281510913704187  0.24347635343550172  0.25398962215564735
  0.26455604011889694  0.27512183875460616  0.28585980408255485  0.29660648468826867
  0.30740614775219527  0.31830096573067901  0.32945536063097663  0.34052289787372408
  0.35149096054885542  0.36228615758761473  0.37310372288825799  0.38388618182256967
  0.39452741080974524  0.40513738726669474  0.41575725164574501  0.42634401896539342
  0.43689857284156042  0.44746355316928971  0.45809567925870193  0.46860106302769233
  0.47913500250765778  0.48975830802071663  0.50033663304024556  0.51077061223319942
  0.52120669771248052  0.53187599303847288  0.54259944729638765  0.55328912535695618
  0.56398831217226175  0.57467821868655156  0.58535046705306537  0.59584383336872115
  0.60628550272197335  0.61671180488230670  0.62716343447402934  0.63758713313605619
  0.64814279324193025  0.65885904572007659  0.66968900186022928  0.68039304437295722
  0.69114239338508132  0.70184604050208232  0.71261300194452881  0.72327219053102076
  0.73389840821476282  0.74440188977098998  0.75480698562586912  0.76509860235119587
  0.77542198316570687  0.78573103906039310  0.79595752164174483  0.80609293879678079
  0.81630108142039892  0.82680404244117256  0.83733830247705798  0.84785587985391520
  0.85809561898950704  0.86829838663627457  0.87853594068130725  0.88888824566275448
  0.89915724474096426  0.90931557020646625  0.91933781210168597  0.92927052406814648
  0.93889277464097909  0.94836555633853059  0.95766708653918964  0.96672080488023704
  0.97553988440731698  0.98397228077586441  0.99206279584634793  1.00000000000000000
  0.03983644765659115  0.04732118394667042  0.05168468043158427  0.05504923841247272
  0.05798975092114891  0.06068682337215056  0.06318502139587821  0.06553327098575348
  0.06779329731015847  0.06997823580125941  0.07211576718703264  0.07422241791158721
  0.07629594663273602  0.07833379295353475  0.08036937161182786  0.08241603885331600
  0.08447560390006532  0.08653322983387493  0.08857096649924912  0.09060137669840677
  0.09263747764679010  0.09469145988692540  0.09676510552448322  0.09884046209346777
  0.10091241392626994  0.10298539566035850  0.10508194719282588  0.10725068350618737
  0.10945103445168178  0.11165532257516488  0.11390008058065251  0.11623836335699558
  0.11855000483969386  0.12082609626516172  0.12313853324607084  0.12547728668986416
  0.12785997117747697  0.13030412232025815  0.13283359577103421  0.13540985137231357
  0.13801877660973128  0.14066797741658230  0.14336185668785234  0.14609465342401140
  0.14885742995913478  0.15168101833979444  0.15458965861506344  0.15752426241967774
  0.16045710481408282  0.16349459497618485  0.16665402100535595  0.16992157759851145
  0.17334267491734495  0.17696241728437007  0.18071048958980121  0.18450234633581231
  0.18836248140672349  0.19236616455922598  0.19647733410879925  0.20071679714104820
  0.20521533370930148  0.20986697162121684  0.21460291121474642  0.21947421796419703
  0.22448006661948944  0.22964394415864278  0.23510657439887681  0.24096808112166607
  0.24708216817707518  0.25350524532589097  0.26036945027824576  0.26763825373028510
  0.27547862360385006  0.28384524114709409  0.29275617164988643  0.30237248916434484
  0.31272909858458814  0.32399693862657275  0.33618117356176758  0.34957532058414237
  0.36429056119614089  0.38057488121162136  0.39858578733146149  0.41859365439990948
  0.44063738806606051  0.46479607176745130  0.49134682908547000  0.52063953501321192
  0.55193138085615423  0.58502870052244182  0.62066515779513143  0.65971515330484998
  0.70449372552923673  0.75927660605022484  0.83975868132462173  1.00000000000000000
 -0.00244881793418747  0.00954870136483937  0.01977790668189392  0.03020675922043197
  0.04048324705480830  0.05083469390462922  0.06120019892329145  0.07148041852542587
  0.08149574666315042  0.09178385403513967  0.10194861819319501  0.11249818351295959
  0.12307976872104928  0.13363474031653522  0.14416718113026739  0.15473508468771718
  0.16517585944079347  0.17579696275286749  0.18647284670450823  0.19737963561744915
  0.20815279980868698  0.21909420524394665  0.23004994047290633  0.24088723732812939
  0.25162726457402540  0.26229477555652120  0.27287488143775840  0.28368950683622507
  0.29440995430664324  0.30493007718247167  0.31528787038204847  0.32573186591967734
  0.33630528695294937  0.34679343020209857  0.35749134467442645  0.36815048534416195
  0.37867254075078938  0.38915533144961917  0.39984656864567247  0.41047542634027673
  0.42082667974568966  0.43095051160257880  0.44136937522879027  0.45210007831917132
  0.46314837111399326  0.47422392344853309  0.48527536512949804  0.49624596288863237
  0.50695835392185884  0.51749923511138018  0.52795035870065476  0.53856262948916633
  0.54922817948368741  0.56016080590832695  0.57102520705287252  0.58192045625005351
  0.59265488635901609  0.60340489761334537  0.61421634785659618  0.62494746441679372
  0.63557828113295978  0.64611789913505957  0.65676260924227714  0.66736640591765872
  0.67779774521846603  0.68825356317747888  0.69864111323341493  0.70893091588027890
  0.71917420446247482  0.72962579611750200  0.74032076379418510  0.75125324178463071
  0.76208494094029999  0.77288213148582730  0.78333916689623417  0.79378766974571580
  0.80409826970502907  0.81443897922821540  0.82482018308718319  0.83522817484083478
  0.84563504830695913  0.85603553626722118  0.86643307525336599  0.87659821286038908
  0.88674622456760344  0.89664492848560640  0.90692539086681867  0.91702009017507768
  0.92734317050572923  0.93746027393044096  0.94777647319072911  0.95818762599912843
  0.96883139146098596  0.97922503397172778  0.98973004098878903  1.00000000000000000
 -0.00238335552133840  0.00943811960296810  0.01943778289573769  0.02974186600604168
  0.03984317107492191  0.04985076229613379  0.06005093142939966  0.07020741292498538
  0.08055541579591244  0.09083751913890117  0.10136613607636324  0.11202345402318736
  0.12257448742509267  0.13305464425613289  0.14351710736049764  0.15406649329244107
  0.16470655366301379  0.17546404525338047  0.18636018487189498  0.19723728266534513
  0.20801431563751452  0.21872815092975265  0.22950172696142304  0.24012939258854207
  0.25070032489585126  0.26108805059487977  0.27147139321869845  0.28203491858591456
  0.29258195752214128  0.30316697939244786  0.31386801334465170  0.32466715014432113
  0.33546540972972277  0.34611851987185710  0.35678210523051734  0.36760027191058481
  0.37834885986178424  0.38903747986576659  0.39979322870338152  0.41047213910157526
  0.42113450064568941  0.43153046227742353  0.44191819244777397  0.45218417286054841
  0.46255237868000226  0.47303476450112908  0.48348556202184845  0.49384856828415907
  0.50421488521698843  0.51473045034947174  0.52528075506274052  0.53575539801774219
  0.54640167315696386  0.55712020511933891  0.56773264762867648  0.57823044682365188
  0.58883953403405664  0.59962999455935084  0.61030921722256870  0.62097264331430346
  0.63167566651768547  0.64254483510688121  0.65338897806479823  0.66409752655582599
  0.67464336847996076  0.68501074594743505  0.69539446415513673  0.70557502254424143
  0.71578974450461963  0.72617633506509438  0.73677938685947408  0.74749868213902371
  0.75800757568677690  0.76857650400580924  0.77913583586733315  0.78964576722055058
  0.79997079224125167  0.81009878224364074  0.82046842213373650  0.83098558840202208
  0.84186243367221902  0.85263628644653267  0.86326643405521808  0.87401363101196916
  0.88477461566584081  0.89572895469890390  0.90612745130840999  0.91656333938721624
  0.92682615276667113  0.93722934574907346  0.94769480228254621  0.95827925289473537
  0.96883268394036526  0.97915134508602553  0.98958820689262084  1.00000000000000000
 -0.00220637922439786  0.00923609129613081  0.01900060102721324  0.02922933553429606
  0.03969727487646045  0.05045572339545833  0.06143896265049448  0.07221197149481415
  0.08289536737809680  0.09326346289788554  0.10366192721883599  0.11394418056541281
  0.12433047994427845  0.13495098508951264  0.14579385677328463  0.15632412775777657
  0.16682418556197398  0.17706452019597613  0.18744778702998982  0.19786822211011620
  0.20834044997453235  0.21884658137854798  0.22931114297111643  0.23990181981052586
  0.25055932635216072  0.26127132884944870  0.27192327608851502  0.28252516386126719
  0.29308078454688091  0.30362874447959709  0.31395270515903889  0.32427782875978994
  0.33461325861418978  0.34508898348406625  0.35551050120780903  0.36600900931871105
  0.37640003014314732  0.38702234044234007  0.39775290197916391  0.40865741396333682
  0.41959737111566786  0.43035666614970430  0.44113893266793147  0.45175212369421519
  0.46233661903587647  0.47287110820293299  0.48323266234463563  0.49358546508976897
  0.50400593686180351  0.51452657114190059  0.52504860557744182  0.53538848147164786
  0.54588734281554374  0.55651933861762359  0.56717279483586569  0.57780417279975371
  0.58822680837097518  0.59867261528046600  0.60903572403086148  0.61948746709234659
  0.63026275508125196  0.64110948477446672  0.65187299545980792  0.66232408539865695
  0.67276365820836603  0.68327989410144907  0.69391015671146639  0.70448013624593264
  0.71499155802764547  0.72547094355319819  0.73603480931824250  0.74651523880365145
  0.75698372819867354  0.76738544231739947  0.77797293203146511  0.78853515652478390
  0.79930108622493423  0.80992528968348165  0.82053669409721930  0.83097286432511563
  0.84162849791082894  0.85228686332255088  0.86287070214482564  0.87338081901746700
  0.88381251147223350  0.89403112425606346  0.90449914839351553  0.91501200876884548
  0.92593143613513584  0.93662821799770390  0.94737987068978913  0.95802540165623251
  0.96856673063706689  0.97895915129356692  0.98946259514086765  1.00000000000000000
 -0.00239380619003346  0.00931975941770979  0.01942297981756330  0.03009158448472163
  0.04064022326463191  0.05104180470131716  0.06112294874664728  0.07136637607956739
  0.08176402885457185  0.09215635697945036  0.10256184606467218  0.11287480640765241
  0.12342912148945687  0.13393598667550521  0.14476621106097948  0.15585784997262231
  0.16668671579885597  0.17732090872045136  0.18805665325506374  0.19893692753263412
  0.20961785619391526  0.21999373572802014  0.23026853346877416  0.24083406181370329
  0.25123209534680724  0.26204834331541388  0.27284202442479760  0.28394875026801675
  0.29489969314169412  0.30573506795655914  0.31664631783934150  0.32747828835333231
  0.33819593662615671  0.34867651825404472  0.35900349255006941  0.36937778343374350
  0.37976578075453143  0.39013729593158875  0.40054848262119280  0.41075156403221158
  0.42072278525553641  0.43057381478727696  0.44075982460009694  0.45123560770595617
  0.46175669416845611  0.47243077328903255  0.48317603566332851  0.49406973629276701
  0.50465742867324437  0.51536934704100101  0.52584297106857336  0.53643456743989526
  0.54702788334902319  0.55765975286520619  0.56830187148284261  0.57880053390530894
  0.58931718996106797  0.59974234262519244  0.61013892271328984  0.62059864312976154
  0.63094193914296803  0.64142604201509856  0.65180656082355515  0.66239414711997280
  0.67282364198789246  0.68339408784750377  0.69381024859914564  0.70439481635479939
  0.71527929668020840  0.72632667669174844  0.73701885607166595  0.74751443652495053
  0.75802483848349966  0.76849693334039171  0.77902416294121124  0.78928341893180809
  0.79984757171101073  0.81019597078729766  0.82068634664512563  0.83106799404406961
  0.84153465996443944  0.85206040216915502  0.86271163333882905  0.87348371280282344
  0.88408874637078938  0.89460202244144915  0.90527103841554768  0.91614524085249194
  0.92677143616186419  0.93721765874162843  0.94754255056914982  0.95820850799525270
  0.96890708974032858  0.97960483151886046  0.98987669735206418  1.00000000000000000
 -0.00250301011033886  0.00977899751795000  0.02004588326421537  0.03058396908115280
  0.04110770991409064  0.05135439674666081  0.06180803366517008  0.07236275380374355
  0.08299767240314156  0.09353384516673989  0.10406433924984705  0.11459764896559031
  0.12529092880481393  0.13579332379918355  0.14628822858588925  0.15678315637238485
  0.16750276624564275  0.17835701937374041  0.18906634941534062  0.19967593416867235
  0.21046250093720351  0.22097718973055394  0.23155963199371007  0.24205851226290376
  0.25278628278524923  0.26335565820269830  0.27411081952990285  0.28478012916283096
  0.29557425965394130  0.30605132361073906  0.31660364116743467  0.32720237748315223
  0.33791933201670565  0.34876768455784068  0.35947987736881398  0.37016334168425974
  0.38073878668963490  0.39127910895782519  0.40172005600691973  0.41227735889470596
  0.42298306172364097  0.43365408964690522  0.44424057932511035  0.45475150811694748
  0.46528642349625776  0.47565549311001160  0.48594896312085173  0.49611100585521256
  0.50625471299196834  0.51667238493191026  0.52705535555172023  0.53749351808073598
  0.54761468492630916  0.55769066960204539  0.56788761514266695  0.57801608158651951
  0.58824364244923388  0.59838024958702862  0.60863169475964340  0.61894107157298894
  0.62950583684191419  0.64035294636028273  0.65122196768116836  0.66175425721232306
  0.67181271798474529  0.68191178221741711  0.69229796559718138  0.70300997837612211
  0.71382657640426483  0.72455399870870274  0.73509095873196595  0.74570149059713453
  0.75634716363359256  0.76700074421240327  0.77759931344576605  0.78829088684723903
  0.79898170683406389  0.80973451421229359  0.82025387791072557  0.83068579270516751
  0.84102907047105624  0.85142175723471869  0.86191240440185646  0.87236987918876163
  0.88292776569689424  0.89371221068158602  0.90438004697956964  0.91519196521737045
  0.92599388284221218  0.93689032733462885  0.94729225478139445  0.95779877886120146
  0.96820484812445851  0.97879782183454367  0.98925331879848555  1.00000000000000000
 -0.00238790100233872  0.00951748980786668  0.01966145300436752  0.03051811404521293
  0.04095536402608652  0.05116615554062297  0.06139066353494057  0.07175303206924911
  0.08234866554979860  0.09285550302852914  0.10329089795473585  0.11367030476408861
  0.12415346207010537  0.13471743631543698  0.14544767894443564  0.15597904639664828
  0.16661034100976493  0.17731400884943530  0.18823232959783479  0.19909683111320847
  0.20980002498985989  0.22018767483025736  0.23056994393632116  0.24101893944296923
  0.25159438764890779  0.26210176362118043  0.27255171266548595  0.28276677792434568
  0.29315174784671083  0.30343468882569313  0.31392476993088447  0.32454974649136409
  0.33537611696337727  0.34626705070583524  0.35688491035550868  0.36725885619724169
  0.37765673347052753  0.38804877488143774  0.39848628315948337  0.40876542366665669
  0.41900877923927676  0.42947356529134334  0.43980950009053921  0.45022509759580720
  0.46033007236168577  0.47069362445553597  0.48113505338792717  0.49185213666508504
  0.50242688912507694  0.51296260472946154  0.52349840089781685  0.53413468380282536
  0.54482498545915359  0.55537163050406202  0.56569415011567870  0.57572334479845166
  0.58580351914830175  0.59624836854909624  0.60695388307214426  0.61782566347857371
  0.62863520247043603  0.63930233462555541  0.64974997811380053  0.66006944771635723
  0.67040411878485429  0.68073561697820051  0.69095850253778313  0.70137260999064555
  0.71196233173592427  0.72268553742300656  0.73349407588138815  0.74425730643519983
  0.75499866248659286  0.76576807307803918  0.77651304946215394  0.78739716740881505
  0.79793593717019551  0.80828050988814548  0.81857935102976842  0.82898756955216535
  0.83974568856951581  0.85047819083786358  0.86118346619876296  0.87176780266141263
  0.88250813291200025  0.89349996386187691  0.90431375581159779  0.91505931146780206
  0.92567741302756146  0.93625367277411675  0.94682795716936274  0.95743950148038626
  0.96810965734978727  0.97866229899347290  0.98932399709627439  1.00000000000000000
   6.9074041026248002E-012  -1.0000000000000000     
 T T T T T T T T T T T T T T T T T T T T T T T T T T T T T T T T T T T T T T T T T T T T T T T T F F F F F F F F F F F F F F F F F F F F F F F F F F F F F F F F F F F F F F F F F F F F F F F F
  <DiscreteSampler_grid>
  grouped_processes
  1 # 1 for a reference and 2 for a running grid.
  10 # Attribute 'min_bin_probing_points' of the grid.
  1 # Attribute 'grid_mode' of the grid. 1=='default',2=='initialization'
  0.0000000000000000 # Attribute 'small_contrib_threshold' of the grid.
  0.5000000000000000 # Attribute 'damping_power' of the grid.
 # binID   n_entries weight   weight_sqr   abs_weight
    10   10   1.793382265097292E+006   7.756888903984438E+012   1.793382265097292E+006
    16   10   1.812594778362178E+006   8.108189467615740E+012   1.812594778362178E+006
    22   10   1.812594778362178E+006   8.108189467615740E+012   1.812594778362178E+006
    28   10   1.793382265097292E+006   7.756888903984433E+012   1.793382265097292E+006
    34   10   1.793382265097292E+006   7.756888903984440E+012   1.793382265097292E+006
    40   10   1.812594778362178E+006   8.108189467615737E+012   1.812594778362178E+006
    46   10   1.793382265097292E+006   7.756888903984438E+012   1.793382265097292E+006
    52   10   1.812594778362178E+006   8.108189467615740E+012   1.812594778362178E+006
  </DiscreteSampler_grid>
