  0.00191359603284166  0.00195304834329524  0.00199435242616438  0.00203597814934562
  0.00208045272756845  0.00212798726467728  0.00217607725547368  0.00222557676481085
  0.00227896209116926  0.00233192884491594  0.00238611954880340  0.00244216702160545
  0.00250148909567400  0.00256090210306095  0.00262133885514691  0.00268186512044486
  0.00274314938259427  0.00280743965905997  0.00287299514672329  0.00293900318626186
  0.00300838480897772  0.00308184734949310  0.00315430963261795  0.00322953090553464
  0.00330851770502409  0.00338737031363065  0.00346952016018410  0.00355647989186550
  0.00364654714144505  0.00374451706824977  0.00384802874629917  0.00395403364449243
  0.00407095939595994  0.00418864411793299  0.00430918340177521  0.00443480319497331
  0.00456006851289653  0.00468902370126083  0.00482025087652845  0.00495385842740405
  0.00509240584480624  0.00523873930303473  0.00539545342482543  0.00555677035484222
  0.00573196993540746  0.00591350602770664  0.00609924941205079  0.00628790845226583
  0.00648303804087172  0.00668568755190010  0.00689876167358654  0.00712668028523643
  0.00736401050846509  0.00760993923366120  0.00787534084345842  0.00814319275168407
  0.00841918463951809  0.00871144637954495  0.00902464997059161  0.00935407658405897
  0.00970902484285035  0.01008337638428104  0.01047711152841821  0.01090587574413042
  0.01138492669291364  0.01190735889980218  0.01245865177785027  0.01303891492153686
  0.01364505392860390  0.01427775125047403  0.01495317378651677  0.01567140863264479
  0.01643615092888834  0.01725420107537065  0.01815887167967518  0.01915078833679779
  0.02023910005956508  0.02145709559519683  0.02282944057672136  0.02438413915231257
  0.02612289989085127  0.02804755820318633  0.03018981846683855  0.03268012273867615
  0.03595955489305137  0.04002516475105258  0.04446192049189501  0.04938913019495886
  0.05536872168555697  0.06329234329515072  0.07330127129729562  0.08731137840150230
  0.10907815953388304  0.14679692233976213  0.24796949430065637  1.00000000000000000
  0.00431703511037045  0.00520582234731823  0.00616406151030088  0.00676822065151768
  0.00739945409909600  0.00799380096108895  0.00857088893241432  0.00922209419740174
  0.00993718685038530  0.01069949732510140  0.01148040627433267  0.01226715052705660
  0.01306409679571734  0.01388420033631774  0.01475795663415141  0.01572186729846059
  0.01674597855052617  0.01781327486766644  0.01890055381961413  0.02000232441378158
  0.02111702458089688  0.02230156462884619  0.02355135834679072  0.02482869838483049
  0.02612906977074418  0.02749074642161564  0.02894087382521670  0.03049809236994289
  0.03214830544292401  0.03387384432510005  0.03563506779136080  0.03744271428605415
  0.03930325500512750  0.04124925391303946  0.04325265525549663  0.04533109796328796
  0.04752463442961620  0.04976863735122655  0.05206977367727234  0.05450610626867704
  0.05712736065956189  0.05986011274611927  0.06260171869352756  0.06536355288310734
  0.06823592755368323  0.07128724832340599  0.07449363991181622  0.07778185310066800
  0.08111812852583185  0.08451229207034061  0.08792782823684778  0.09148700305636452
  0.09535356377748079  0.09956213233541621  0.10409120272054233  0.10898566294304417
  0.11411748523993295  0.11910635142934861  0.12417447976716860  0.12952852635035061
  0.13529399408046053  0.14105748299569862  0.14696242536416901  0.15301436343752650
  0.15917958071303293  0.16567017347864255  0.17258878103079592  0.17979039216126733
  0.18733142637205027  0.19548809615504947  0.20408155580925064  0.21279432595289249
  0.22191769218892593  0.23196971553151730  0.24301251569757815  0.25498532272618779
  0.26755709922736637  0.28062510524051371  0.29424794949995731  0.30857493279980236
  0.32380494017630446  0.34032981180385452  0.35873704096075898  0.37819965674224620
  0.39902042482259736  0.42216236635286841  0.44696205405790834  0.47477412372987299
  0.50569200932673919  0.54115226717708231  0.58064451628220926  0.62696885925714263
  0.68159413984774631  0.74792741411713859  0.84321453557256976  1.00000000000000000
 -0.00240528918998045  0.00961448836265203  0.01930238263976506  0.03002594339015477
  0.04049213475011688  0.05069197755605306  0.06100534572733866  0.07151316210352071
  0.08245275468770075  0.09312344883223056  0.10355508674068938  0.11368666277372605
  0.12333363281388883  0.13328463498104895  0.14357934062120936  0.15423100774832588
  0.16505175459407717  0.17566249812820534  0.18685276072906262  0.19818627645394196
  0.20966767834093269  0.22052462130054568  0.23087999728083486  0.24097854283790962
  0.25137811779633595  0.26215929189168830  0.27313548701889623  0.28381548231649678
  0.29411488009158526  0.30422272171229980  0.31427895693422842  0.32459241217315438
  0.33514211135766764  0.34590474727418918  0.35682857212125385  0.36775047629445889
  0.37845852394239021  0.38879485001678882  0.39903518186796982  0.40938269941394162
  0.42008105208376728  0.43109811116538316  0.44179022745326441  0.45198228990609712
  0.46205595242032588  0.47243560522798561  0.48277590495142414  0.49299525596478361
  0.50325005573926185  0.51367092857854668  0.52401285065256265  0.53434358554870487
  0.54455926823000234  0.55471191432683120  0.56470591890632404  0.57485438187803772
  0.58533040899160371  0.59575249892052917  0.60645286481134386  0.61761000831157276
  0.62905110296249644  0.64039311628592388  0.65170753586977181  0.66308270473766973
  0.67454289109962440  0.68616013531210118  0.69716175249167600  0.70794741817225360
  0.71853706649488469  0.72941281051568607  0.74044714850026749  0.75161167969476983
  0.76296267048185140  0.77425806994390156  0.78542308915952286  0.79594522703854820
  0.80590602623767948  0.81608241904737722  0.82632138813277933  0.83625773873484432
  0.84581701648480645  0.85562791244314162  0.86615833307671841  0.87602561548595603
  0.88511767106706807  0.89441735785824050  0.90445351875817570  0.91449979651378499
  0.92414962554317215  0.93345241782624477  0.94336399696798834  0.95400130068486400
  0.96485664575885999  0.97619650177177775  0.98776019423121197  1.00000000000000000
 -0.00278811285783310  0.01049952927729324  0.02146145873256886  0.03207709634347394
  0.04298290293533574  0.05436135548113143  0.06568772804611984  0.07608437783898589
  0.08581746721786124  0.09588089762418370  0.10628409344092819  0.11671474245223218
  0.12637821290196094  0.13601117333031718  0.14563363252581654  0.15589557361280104
  0.16666191553775664  0.17762690940772069  0.18836452836893006  0.19892706115486872
  0.20923534188552759  0.21955878757486585  0.23015555742360908  0.24127374181906724
  0.25225245449449041  0.26280023472713243  0.27336559017498002  0.28412424998061497
  0.29491580983658078  0.30581794208315805  0.31655219704715370  0.32741677883114068
  0.33777505912563477  0.34777482590561448  0.35769456134250693  0.36761582050239960
  0.37765774513896416  0.38813553131464018  0.39840393201638902  0.40903509957739786
  0.41971019750506633  0.43037179184058511  0.44098777486222340  0.45093524116796191
  0.46089268204939576  0.47085026673502667  0.48121970446104445  0.49200309431483841
  0.50297918921170137  0.51377849579482748  0.52459843224638425  0.53546949830099566
  0.54652180214833423  0.55769254866860163  0.56897042411083010  0.58054953855502223
  0.59202722688278242  0.60330422064129119  0.61423675353674856  0.62461434183479581
  0.63452149129423141  0.64423994219080960  0.65442418205654396  0.66502413670204974
  0.67548190323836077  0.68587336939258137  0.69605770205062722  0.70626411167038194
  0.71650802817735681  0.72674723774405070  0.73712705416388458  0.74777996302996308
  0.75892657492933646  0.77017042233742117  0.78108733370541306  0.79182405635974851
  0.80260710768831212  0.81315115028989560  0.82341601156146549  0.83355480861265419
  0.84365863073657765  0.85365722354221196  0.86335454929463551  0.87316063032196622
  0.88347322269840767  0.89413564365714915  0.90498821841612442  0.91560574020497310
  0.92632478232996351  0.93689591268154071  0.94734428801796799  0.95776089648174256
  0.96818257784573114  0.97852665905923863  0.98918936408502378  1.00000000000000000
 -0.00293401287715747  0.01058057827773342  0.02193970382496996  0.03330187691168145
  0.04452417712744536  0.05482879299106594  0.06471859141825265  0.07480823422690856
  0.08496039319057477  0.09538749748670922  0.10546056601918452  0.11615063281197106
  0.12697809280130001  0.13764573158274990  0.14820864887167745  0.15835569197387819
  0.16843435209827476  0.17822188659011176  0.18832199004359404  0.19850505615866884
  0.20888360654207522  0.21932167010919731  0.23016426221095440  0.24134777275414437
  0.25224805479628326  0.26265689511624823  0.27297046557233479  0.28328545104752295
  0.29348555981625957  0.30335468918606012  0.31318201748057167  0.32328287467447792
  0.33343042627592390  0.34350667864186279  0.35321971642821720  0.36315945962810720
  0.37328878135462884  0.38419973171921257  0.39526330151627831  0.40609325858305151
  0.41666328101431704  0.42720941387505129  0.43802692038240759  0.44910734450884338
  0.46013827232974830  0.47097195123507185  0.48205525622659035  0.49343629967632607
  0.50437256925895857  0.51479660841045660  0.52520885504750658  0.53577160167698801
  0.54624903616562825  0.55699924563686598  0.56800540163014024  0.57894217468046294
  0.58969133197278467  0.60036491099306422  0.61096587057691587  0.62186922490935737
  0.63259548275929067  0.64325906920771292  0.65360959041285616  0.66366102225771018
  0.67371500272198881  0.68327755530679224  0.69399962473775578  0.70501142130312811
  0.71609329492495455  0.72718046900937161  0.73766470524267769  0.74842766997716947
  0.75882995717234158  0.76937911474423115  0.77921787613481686  0.78868302468226870
  0.79859245123927847  0.80868024718129150  0.81907916413216708  0.82960713309826928
  0.84049618314413210  0.85180727238283316  0.86249039336309330  0.87311354089031468
  0.88329731282032475  0.89372764646088931  0.90408503126556128  0.91425167372208915
  0.92455219710698544  0.93495269068809905  0.94546499880720192  0.95610743555523336
  0.96732421052049877  0.97871662690702155  0.98958045199592426  1.00000000000000000
 -0.00192325819998036  0.00806248442149676  0.01670128937312215  0.02630557734989023
  0.03576644133407303  0.04515855589388977  0.05531281937336862  0.06591063551165594
  0.07722805193466672  0.08809577898540771  0.09851850641228427  0.10893651584880064
  0.11924684312911379  0.12991883154555703  0.14072252065198518  0.15176445483173959
  0.16313957433960352  0.17453008720424404  0.18617788711105676  0.19818445045243926
  0.21025873360706585  0.22192551490902612  0.23361412647722271  0.24450441805206261
  0.25512500432101654  0.26585008098483287  0.27683218523771042  0.28806567029943692
  0.29882066686219322  0.30913578194038116  0.31914207728429550  0.32907861008735417
  0.33912125750329397  0.34940573796685093  0.35958497204370660  0.36963677018600855
  0.37948730829846927  0.38957894365853923  0.39970489621140609  0.40968390195488086
  0.41956893262504397  0.42989619591766892  0.44100085016612001  0.45229319696146630
  0.46335335918603465  0.47459324437647382  0.48516549933124598  0.49575255580200178
  0.50596309577894960  0.51609741219643424  0.52626513275276743  0.53622490182458693
  0.54657835009659905  0.55700745349681346  0.56768884136450992  0.57808148634963918
  0.58870447558319694  0.59910275123317536  0.60928913545771468  0.61916675638207486
  0.62946569194424951  0.64020222144266814  0.65094532836158048  0.66131686156019520
  0.67149031659031999  0.68169049938617676  0.69187921562669474  0.70239458858244141
  0.71294928184492434  0.72380377119457995  0.73475036082956058  0.74582646615690629
  0.75694401207666151  0.76810059317073687  0.77911252895884275  0.79011163149281116
  0.80091812070107704  0.81134157370506688  0.82157122914483038  0.83128438776340829
  0.84111748228781991  0.85083250505640207  0.86147847366784858  0.87250151665266940
  0.88344665081936946  0.89438835040404330  0.90532564354882028  0.91614337529915468
  0.92673280465137176  0.93756104660735062  0.94804701205918873  0.95896981878186593
  0.96941302014355601  0.97986423101183495  0.98976707709038858  1.00000000000000000
 -0.00256426400574816  0.00935199891559060  0.01927322207402075  0.02922696992156588
  0.03948238496219293  0.05046682740355821  0.06158225784888498  0.07236138874071044
  0.08280884161089237  0.09355668070754151  0.10427207306593628  0.11519004747956733
  0.12568407247560334  0.13607947943647777  0.14625298524659905  0.15663219750013413
  0.16699266282783221  0.17773873585205732  0.18863312044320951  0.19987221364055885
  0.21120640750442266  0.22231787235735584  0.23341622437118478  0.24418558914194730
  0.25476435690387617  0.26530676020433286  0.27574753663725310  0.28601111681388164
  0.29615065263213652  0.30655622685224332  0.31675079396051020  0.32713979979307906
  0.33785814481384074  0.34913438445987599  0.35991980339248075  0.37009674848126151
  0.38035880495107599  0.39065451782792099  0.40081831693969650  0.41076628308916668
  0.42103285110092054  0.43153384423970248  0.44206465267695494  0.45257896406862408
  0.46330864848567616  0.47414968237127098  0.48492655473570540  0.49565340818656556
  0.50612446854031345  0.51641155925353810  0.52634581062427499  0.53628766600547695
  0.54620735709910395  0.55638579936682397  0.56670834443472362  0.57744434426275348
  0.58826364600495151  0.59923442834853002  0.60965976510373709  0.62001318477764977
  0.63013630889127636  0.64060466687724549  0.65120947903385118  0.66199783318799199
  0.67239983277206672  0.68261507198429749  0.69287103833927088  0.70294561650911092
  0.71270020876383966  0.72255703237030200  0.73284225029605743  0.74337260626736335
  0.75376195376651711  0.76396232849696422  0.77442522720947793  0.78523833198469695
  0.79621321074445972  0.80745028285453102  0.81855683032989834  0.82926126732386596
  0.84001045284457909  0.85078177192575644  0.86208083589554452  0.87299434376476359
  0.88382436636138062  0.89436731082331544  0.90434118290262278  0.91395615401076702
  0.92379676911524711  0.93372394500553091  0.94396686570002752  0.95437046210035881
  0.96553661486628428  0.97725169062756656  0.98866903891370406  1.00000000000000000
 -0.00249084221385839  0.00975710941615832  0.01955257416033067  0.03015014637586023
  0.03992401758926402  0.04989086598078329  0.05931101779797891  0.06992094070986467
  0.08069906972554849  0.09130428301590483  0.10183370755843488  0.11191085319930796
  0.12139211082811815  0.13119420189568878  0.14088406514280172  0.15098328596301047
  0.16122678046576175  0.17191708958541144  0.18332215168616142  0.19452077313502561
  0.20554543845082637  0.21598357735191889  0.22649875936958724  0.23739654421997317
  0.24867108167289817  0.25990165127098475  0.27108610860195165  0.28218352365889127
  0.29314630691267929  0.30336863726992674  0.31308460394781940  0.32289695953055758
  0.33332603413906614  0.34441092527774386  0.35503670466295978  0.36559546238024848
  0.37605683474820117  0.38647520380440170  0.39679787366882918  0.40739008213188826
  0.41813021790710153  0.42887895784426877  0.43932205164487004  0.45020871122549094
  0.46091712828167530  0.47132854019181825  0.48138748058579295  0.49103934414064976
  0.50059046180207789  0.51026997357340875  0.52020073527233612  0.53049048576207924
  0.54036357060579243  0.55007215098580908  0.55998227869559103  0.57000535809187791
  0.57997536623808899  0.59004423085162816  0.60033101854487048  0.61059134652186653
  0.62097338534970659  0.63142808882316281  0.64241061663926413  0.65373625088692477
  0.66549761132015639  0.67713554017261324  0.68866339295694257  0.70005028254353563
  0.71124180791118297  0.72253301031078487  0.73377241568034357  0.74521986235026771
  0.75633101244195156  0.76711237795348075  0.77710708466329814  0.78677118091340437
  0.79679570821244150  0.80684386338840774  0.81675022845318102  0.82624854579536600
  0.83621531651744174  0.84683622966322847  0.85781536534788094  0.86892903703812763
  0.87993984896888955  0.89081433538974220  0.90165773865899912  0.91262879972313293
  0.92375088726103938  0.93455056181422191  0.94538353338505376  0.95639719495220699
  0.96740636103676325  0.97861810039179342  0.98926727351011601  1.00000000000000000
   8.4092316925279473E-012  -1.0000000000000000     
 T T T T T T T T T T T T T T T T T T T T T T T T T T T T T T T T T T T T T T T T T T T T T T T T F F F F F F F F F F F F F F F F F F F F F F F F F F F F F F F F F F F F F F F F F F F F F F F F
  <DiscreteSampler_grid>
  grouped_processes
  1 # 1 for a reference and 2 for a running grid.
  10 # Attribute 'min_bin_probing_points' of the grid.
  1 # Attribute 'grid_mode' of the grid. 1=='default',2=='initialization'
  0.0000000000000000 # Attribute 'small_contrib_threshold' of the grid.
  0.5000000000000000 # Attribute 'damping_power' of the grid.
 # binID   n_entries weight   weight_sqr   abs_weight
    10   10   6.905685996334344E+004   3.358758277597142E+010   6.905685996334344E+004
    16   10   6.660259252205487E+004   2.953396353919355E+010   6.660259252205487E+004
    22   10   6.660259252205487E+004   2.953396353919355E+010   6.660259252205487E+004
    28   10   6.905685996334344E+004   3.358758277597142E+010   6.905685996334344E+004
    34   10   6.905685996334345E+004   3.358758277597144E+010   6.905685996334345E+004
    40   10   6.660259252205485E+004   2.953396353919355E+010   6.660259252205485E+004
    46   10   6.905685996334345E+004   3.358758277597144E+010   6.905685996334345E+004
    52   10   6.660259252205488E+004   2.953396353919359E+010   6.660259252205488E+004
  </DiscreteSampler_grid>
