 -0.00238952580036070  0.00896815652614967  0.01903901531036836  0.02945195456119941
  0.04014346382638710  0.05082545273273941  0.06165783828591732  0.07234975108393392
  0.08310946626966509  0.09390753539034628  0.10448818890486997  0.11502541875122430
  0.12542864808400722  0.13598321339026842  0.14663983372417244  0.15718317182416786
  0.16759588394970659  0.17787866921302342  0.18814198429605164  0.19844116723405864
  0.20891000250708389  0.21978941245209127  0.23081593167071093  0.24170265168585925
  0.25232202173270457  0.26280707583244567  0.27331804299358797  0.28388203073958229
  0.29450184865403106  0.30516701253664746  0.31585680622604934  0.32655306986305260
  0.33699161079312523  0.34739358554176430  0.35764483157587801  0.36789804304571777
  0.37805319578070645  0.38826424168092238  0.39869791644199382  0.40925950753035900
  0.41980006834319933  0.43025495202557640  0.44069262307637885  0.45118366757630074
  0.46167944954236928  0.47208086281533501  0.48251938492921204  0.49304323341110018
  0.50362701686783007  0.51437693247437466  0.52537820023884552  0.53641899158208728
  0.54733217300381820  0.55827599428137686  0.56923344690703526  0.58015889968344081
  0.59074137104440738  0.60124468537052056  0.61183629345476886  0.62241439429608680
  0.63292860255525873  0.64358133964319275  0.65423966846904924  0.66495665420050953
  0.67539368464337279  0.68574735071418247  0.69617281942710307  0.70681754353078563
  0.71769244059678983  0.72846693796000039  0.73896238086650679  0.74923873606901892
  0.75939619971077510  0.76962050736028109  0.78004089342031702  0.79033259328264194
  0.80052739929499350  0.81080911549830470  0.82134664138292246  0.83193487096841556
  0.84252691399004831  0.85309933973619712  0.86351928808254319  0.87405110920532614
  0.88465578605779371  0.89540584564443437  0.90583334937091609  0.91628703327198702
  0.92671437439567983  0.93722999646748217  0.94764616455368211  0.95807502716508552
  0.96877443961499665  0.97956352889916531  0.98993825626225063  1.00000000000000000
  0.03799172286778478  0.04564017984800836  0.05012180278561165  0.05345923966319073
  0.05636126022665681  0.05899426964515320  0.06150719115664959  0.06388468854849658
  0.06614270113965792  0.06833252376870255  0.07051850603250442  0.07269685628417348
  0.07485223454758649  0.07697604658693133  0.07909949767526593  0.08128515807194603
  0.08346354229118277  0.08562309881961566  0.08773577896256336  0.08981828292600094
  0.09190258297684689  0.09398126440989261  0.09603501068520236  0.09807074359029200
  0.10012681525386460  0.10218000561575595  0.10427159668227094  0.10644664134118444
  0.10867545477894457  0.11091516238192554  0.11317600142284635  0.11551220139069068
  0.11793850794613915  0.12035704272788265  0.12285146032051311  0.12537951281143936
  0.12793068132934848  0.13052032571940705  0.13315400447621889  0.13583535311193976
  0.13857085589025597  0.14137509481300822  0.14423458771705799  0.14710669164883550
  0.15000169798783713  0.15301255711148173  0.15610658784936393  0.15922436949981786
  0.16246073920289789  0.16592231135111843  0.16944612393464881  0.17294228709306142
  0.17656350041922902  0.18031903262439139  0.18413814582887658  0.18807195308328342
  0.19219656515394964  0.19649427493643434  0.20087948777018957  0.20537301547235060
  0.21006114534583584  0.21477471487471331  0.21998489122690920  0.22545076046378545
  0.23108029286783285  0.23697674378917646  0.24312917306694903  0.24946369337913885
  0.25619198809662797  0.26327331597877446  0.27078248568362873  0.27890688817163434
  0.28749058450968890  0.29675244723129557  0.30659367105042690  0.31714225090774312
  0.32856858751699958  0.34099469151013040  0.35452683806602292  0.36929635276839373
  0.38552901002567741  0.40340424551846488  0.42304411994495350  0.44409941806874087
  0.46732499460400995  0.49187619154755463  0.51846982841127320  0.54669712961884209
  0.57717456396185018  0.60987873942824022  0.64452801296318107  0.68286825040851118
  0.72677557921344016  0.78055120722083204  0.85708027087997574  1.00000000000000000
 -0.00264946383993604  0.00994747938688621  0.02081185352046737  0.03162411579819714
  0.04223077723293973  0.05283088336152257  0.06346644486413557  0.07432535925188066
  0.08484391691533343  0.09531920719630835  0.10553323031049366  0.11587681196378713
  0.12626777442841547  0.13661601978701249  0.14695793691504047  0.15748043202793904
  0.16818087077528421  0.17884498755982575  0.18935894534943093  0.19982919502086491
  0.21034598588739364  0.22093487077670029  0.23138078504620482  0.24168574627015099
  0.25193038624690306  0.26233434970761282  0.27281558987560106  0.28327889357751912
  0.29395706765472129  0.30501361390040904  0.31596362634793079  0.32653335144626222
  0.33681641533584961  0.34715502432503847  0.35757077248277491  0.36803826823543923
  0.37860976816194353  0.38920816002719744  0.39972098042014254  0.41027601271410241
  0.42109519618447971  0.43190022792681604  0.44273895503365851  0.45352644991942820
  0.46463088446257650  0.47563661691248488  0.48636974770860131  0.49685351954529183
  0.50731626515987949  0.51787182872205006  0.52839660014933298  0.53898801346271241
  0.54942180747486147  0.55981311323113070  0.57015723729212942  0.58053335198127931
  0.59095537337652648  0.60151484177672210  0.61221170449227946  0.62310720477683856
  0.63386481223973978  0.64463924151154584  0.65526120509757435  0.66568484469361178
  0.67615996887205920  0.68652448763967633  0.69696566169444618  0.70726400007186074
  0.71742072641588661  0.72780792159380248  0.73827453212508332  0.74883528178191283
  0.75928540386537979  0.76960122224315897  0.78006543013055596  0.79060292047798741
  0.80121843175051477  0.81174335075354342  0.82214521327600720  0.83271350418101064
  0.84333732796112948  0.85377790264186082  0.86404554515226761  0.87432071160205982
  0.88450778276545927  0.89485342215933861  0.90558095862055810  0.91657074309396092
  0.92731210126363184  0.93796589957699850  0.94826854807155314  0.95851627407439977
  0.96881139140389627  0.97929210404199163  0.98978458531399149  1.00000000000000000
 -0.00251447818295609  0.00927161031583226  0.01958147286383549  0.03013751840241592
  0.04061582908890152  0.05103190978352037  0.06139753111206647  0.07181194793261163
  0.08212512610111315  0.09241856807830830  0.10271248843817819  0.11328020253898513
  0.12394981156964127  0.13459412597567863  0.14503520788232568  0.15545171809970856
  0.16592707976218007  0.17658906973278074  0.18725373158435624  0.19785832172812262
  0.20828957571738060  0.21885335647182280  0.22942886407971511  0.23997340074699450
  0.25069058195385874  0.26155938582255656  0.27243672656851586  0.28303963175273922
  0.29375847479487072  0.30466770815899996  0.31547821916962371  0.32599334142272890
  0.33650815622690233  0.34723539153024113  0.35809520542103584  0.36902159273788759
  0.37999099109096940  0.39112311049310267  0.40191090877702262  0.41264736604271673
  0.42304029962488188  0.43352283273336306  0.44393885956643481  0.45437318177494879
  0.46489977026291218  0.47558317748709383  0.48663686111041532  0.49785044523895078
  0.50862504443625711  0.51909326934407385  0.52932541410228806  0.53958196296308658
  0.54987728631146360  0.56016567888612934  0.57050444214359719  0.58102926451499570
  0.59150007741735522  0.60194486188569263  0.61230630601103642  0.62265851598943522
  0.63319200938624465  0.64372143311993746  0.65450001937054691  0.66514971819916913
  0.67564671286760847  0.68602561692647457  0.69633097085504136  0.70664949691547141
  0.71689261476123234  0.72711969887456362  0.73729951434249130  0.74755248342630864
  0.75789056235858299  0.76831169730219551  0.77872324258535497  0.78920819369898387
  0.79956794289295474  0.80993807091682735  0.82022596162802053  0.83047033560051498
  0.84077138513632821  0.85103948609255120  0.86145146103760850  0.87194771202357768
  0.88261459276745080  0.89340085571604078  0.90447551326425224  0.91539189087007955
  0.92603029661579417  0.93651030645107425  0.94717354424660782  0.95776169469539252
  0.96817798611859207  0.97860578896731043  0.98931512945375055  1.00000000000000000
 -0.00240619965079356  0.00921933408136087  0.01948884573091810  0.02989691527372407
  0.04060297156225896  0.05136685073028869  0.06225601145841222  0.07320952409106880
  0.08408875679566294  0.09498642384328969  0.10585341810697431  0.11665820547143442
  0.12717380220262714  0.13772080035480469  0.14833914975346540  0.15898952166323463
  0.16936378664518265  0.17954209186511927  0.18978073712029034  0.20001541554278754
  0.21041982030527415  0.22068972011097207  0.23116349845178913  0.24177641233787342
  0.25235874414185311  0.26296353588113935  0.27358479526411855  0.28425197503019639
  0.29478615153137389  0.30529740858656107  0.31596702049423719  0.32670760777302366
  0.33749614053269567  0.34844766978593927  0.35926702174916353  0.36998865912701012
  0.38049649081476100  0.39114123041918625  0.40176072780761762  0.41215775940549754
  0.42238768613780431  0.43278437291387667  0.44327972173415003  0.45405532888112154
  0.46452371425766081  0.47520372459637567  0.48574597702354172  0.49630791525507401
  0.50674026835285901  0.51722703476334986  0.52784912045275600  0.53855464532297559
  0.54918513033900052  0.55955207444563637  0.56984062044026529  0.58034134655698655
  0.59083690813158918  0.60111676360906174  0.61137871978284830  0.62171683024004165
  0.63220269903779436  0.64268652670372250  0.65346074007636601  0.66466453755147947
  0.67577186882581164  0.68678116079568297  0.69730237870111911  0.70772061024044697
  0.71795257738475582  0.72832813328832680  0.73895567251092420  0.74964990566695100
  0.76032104731909489  0.77099026244923596  0.78178030361269235  0.79253763304772162
  0.80296009827068038  0.81341534798774306  0.82397245703837529  0.83431756097481902
  0.84445900766884585  0.85475022662309896  0.86534112336841040  0.87597100341744216
  0.88635995191037975  0.89663332000433105  0.90665801641297072  0.91681087394251848
  0.92711090979351840  0.93747276649010258  0.94769893837641972  0.95803957533572337
  0.96859410913421884  0.97939895205698646  0.98970139641576527  1.00000000000000000
 -0.00241492614596426  0.00929583365619771  0.01913812789024204  0.02964704570451277
  0.04026656974480895  0.05097826655459019  0.06201296935481557  0.07278009091562725
  0.08358731723760215  0.09413934275378905  0.10488035527042695  0.11571733924872254
  0.12660745714828853  0.13728828375783791  0.14764009728285657  0.15776838668962909
  0.16813431469705439  0.17882364203769288  0.18950315538152018  0.19997185459129885
  0.21025234802142870  0.22055810499287454  0.23094858390599068  0.24136712819817624
  0.25188236744046866  0.26238600470655765  0.27292765460827922  0.28344064552531550
  0.29384244979488672  0.30432362105650379  0.31474268764672486  0.32531648515770517
  0.33562782221797888  0.34591611842801645  0.35625536374480177  0.36677287895313548
  0.37719934258590210  0.38753838959910186  0.39802282669113037  0.40869594267085135
  0.41939598751658297  0.43024187087471122  0.44123286894816188  0.45219494382647246
  0.46301623782226448  0.47385755598177715  0.48468004788031005  0.49548555900094482
  0.50605448346751902  0.51663908657439161  0.52698266333475885  0.53728239686197365
  0.54723455914791042  0.55728825165324625  0.56724466009670604  0.57760864813296853
  0.58791124933078642  0.59815776691083067  0.60843566973521679  0.61869757262263625
  0.62913847784172983  0.63942284907034952  0.64994435221467439  0.66061127091006611
  0.67128444827879508  0.68161673053605820  0.69180404563925768  0.70201685692220450
  0.71225534017797576  0.72244738024954847  0.73264369353228920  0.74302684641797068
  0.75350435961646134  0.76392063640061225  0.77441544688567976  0.78507154671563517
  0.79596262900516268  0.80664679649271398  0.81708765371547054  0.82751635689085301
  0.83822821611516407  0.84909376250506419  0.85981058833397439  0.87046285934293943
  0.88128324522343759  0.89228709135720408  0.90335423001309278  0.91437245887096874
  0.92531045573606874  0.93599907694930662  0.94657623785419021  0.95735718672529035
  0.96807339408264204  0.97874068367943912  0.98937677657475032  1.00000000000000000
 -0.00240098622442876  0.00962784021502701  0.01993079332406355  0.03034090639967808
  0.04069081013014687  0.05077384407134793  0.06121160937272769  0.07160695051104861
  0.08211416457373923  0.09250148531051135  0.10277320799593440  0.11337561549477566
  0.12418654105022607  0.13518894027189093  0.14586990444764020  0.15636655591522139
  0.16670430846458309  0.17706731512899734  0.18751560762540592  0.19811531934748000
  0.20881356457596953  0.21955751077722976  0.23020260893757799  0.24071227148518953
  0.25112775716702684  0.26150704331341457  0.27199689905545776  0.28254105870286184
  0.29324090496449773  0.30403939515178530  0.31466947087318048  0.32524710694266956
  0.33582491366524081  0.34657636886464427  0.35725171075998691  0.36780447552479012
  0.37826403623536697  0.38875729540762810  0.39924437849841377  0.40971487226348141
  0.41999006333744598  0.43016316825837220  0.44043297055977526  0.45094034166771957
  0.46165705396266016  0.47226256978840536  0.48277530605872926  0.49322515754710383
  0.50372773556597228  0.51434457679362100  0.52473889835592546  0.53512963464172747
  0.54550788017745588  0.55577223896027428  0.56593673012223300  0.57618860073438627
  0.58653487352520051  0.59690562547901083  0.60716386288154989  0.61764963612266999
  0.62804578499361408  0.63859977712580251  0.64943973429982182  0.66060789433298717
  0.67154206375056769  0.68223526994915384  0.69259904769748692  0.70300110236976687
  0.71342198689412495  0.72408366924894085  0.73474342280227534  0.74547376681318755
  0.75627022659725240  0.76712335920970887  0.77792564862185898  0.78861979705485763
  0.79948224166516801  0.81031927247067803  0.82109710103767319  0.83171299072791105
  0.84244888850598154  0.85322117760963079  0.86407530479301808  0.87463121632357488
  0.88515973146861016  0.89579994712250133  0.90644937240662604  0.91702214097804702
  0.92708449313996455  0.93729343651916597  0.94745181017480107  0.95777680194238657
  0.96822518989910744  0.97863773921291608  0.98938216105285770  1.00000000000000000
 -0.00258479687783623  0.00984058858712215  0.02047817847010589  0.03129841985804796
  0.04226628988533673  0.05290190955805144  0.06330453444428434  0.07343207390437290
  0.08366676760308232  0.09399406934451453  0.10418995509047478  0.11461874532580534
  0.12519604705935908  0.13600944762875011  0.14691994238883019  0.15787485338571447
  0.16879546769028045  0.17948656290640944  0.18995003241248709  0.20019616965665543
  0.21055438235288254  0.22100385148580926  0.23148482654871386  0.24183666220750347
  0.25222642182033944  0.26273106433603616  0.27331803384928383  0.28385215179022821
  0.29448790475274783  0.30528205835412447  0.31610852671567224  0.32679329176698785
  0.33731439263408336  0.34783802649717838  0.35824267889317041  0.36853171679195196
  0.37873652893298221  0.38909289797638053  0.39963384049978101  0.41042585772655577
  0.42119889629330426  0.43175067511102405  0.44201728094025999  0.45245884558661553
  0.46306170580732220  0.47393439940475385  0.48473468178539902  0.49562909238522324
  0.50640083040367978  0.51698503772657911  0.52755973722566418  0.53816615605785900
  0.54880507295818937  0.55933573868018460  0.57001196895339190  0.58051129507762467
  0.59098535156610044  0.60121215666282946  0.61154077131639606  0.62183417314081413
  0.63195826785022324  0.64223305157657617  0.65244765373308455  0.66296089867023311
  0.67339499449018214  0.68384491312163831  0.69456783371612707  0.70529590050906033
  0.71594868660696154  0.72650296796306590  0.73709252843862705  0.74774439353705624
  0.75808565330524647  0.76854315250435568  0.77914973367617590  0.78986786358229422
  0.80042300275046230  0.81102683425166078  0.82174410218000360  0.83245533016757756
  0.84283418762120887  0.85300435167217681  0.86329677905527247  0.87392560160003241
  0.88474271684146921  0.89540295263585379  0.90596194489044102  0.91635797967331656
  0.92671038827459196  0.93728282041574784  0.94805620318483996  0.95872692979473595
  0.96898274268600582  0.97917626160259863  0.98950809339980383  1.00000000000000000
   1.4192848748911089E-011  -1.0000000000000000     
 T T T T T T T T T T T T T T T T T T T T T T T T T T T T T T T T T T T T T T T T T T T T T T T T F F F F F F F F F F F F F F F F F F F F F F F F F F F F F F F F F F F F F F F F F F F F F F F F
  <DiscreteSampler_grid>
  grouped_processes
  1 # 1 for a reference and 2 for a running grid.
  10 # Attribute 'min_bin_probing_points' of the grid.
  1 # Attribute 'grid_mode' of the grid. 1=='default',2=='initialization'
  0.0000000000000000 # Attribute 'small_contrib_threshold' of the grid.
  0.5000000000000000 # Attribute 'damping_power' of the grid.
 # binID   n_entries weight   weight_sqr   abs_weight
    10   10   7.260578587549426E+006   1.397112414196088E+014   7.260578587549426E+006
    16   10   7.260633934380991E+006   1.397202324624240E+014   7.260633934380991E+006
  </DiscreteSampler_grid>
