 -0.00211092783290456  0.01082457473087120  0.02168859577652877  0.03148109703780233
  0.04131236766715517  0.05091791950173634  0.06070392593461788  0.07047106477911318
  0.08015491555375252  0.08974806482219255  0.09928362610489293  0.10888191802858967
  0.11856196725837007  0.12838268042574585  0.13811131641302202  0.14801225784516581
  0.15805772816026159  0.16845737745302769  0.17895572504440505  0.18950516431000208
  0.20017972937356582  0.21088420469577204  0.22168684699849731  0.23258080129087969
  0.24348326280139759  0.25455122553896625  0.26565780832836039  0.27667097854450051
  0.28757916260600208  0.29841595244253133  0.30937236979045579  0.32021785553342846
  0.33103630447065785  0.34196988278533830  0.35302553635546180  0.36404335357886042
  0.37484708978704917  0.38554017877933727  0.39629120415406649  0.40723713927532040
  0.41834811364650837  0.42959718994952190  0.44069523119350162  0.45172868939229455
  0.46260661654513330  0.47348022220798958  0.48439558884338824  0.49517899013688560
  0.50609394462028789  0.51669236496445070  0.52743224785256082  0.53813994140412214
  0.54925368913768402  0.56029471812523690  0.57124258574787057  0.58214397043037591
  0.59317875464575931  0.60422402865525782  0.61499952069068620  0.62579242047547368
  0.63696463443661278  0.64802217461385403  0.65889646939702662  0.66960714810326771
  0.68061220563413416  0.69160456191687691  0.70252952806616453  0.71349504328327429
  0.72423767919519200  0.73492394988455911  0.74558601334474084  0.75660367500279346
  0.76751829155143625  0.77836188445453192  0.78904824699164045  0.79972190712830049
  0.81028384938124820  0.82076307781660063  0.83110950427764985  0.84149935449103785
  0.85176379052812801  0.86199700657673783  0.87222626418239013  0.88240938413881120
  0.89265238506618783  0.90282960136190360  0.91302841020361836  0.92294142042734162
  0.93269209421847155  0.94228474643583349  0.95166570924971106  0.96094008316595625
  0.97003457377177837  0.97913329823375050  0.98915509283164416  1.00000000000000000
  0.01462308851326705  0.02808230845879461  0.03311935357150878  0.03849736889008350
  0.04549613745524059  0.05087925431182668  0.05464907567531489  0.05780678916214697
  0.06061071151518090  0.06322861571138394  0.06574310915877256  0.06819107614299291
  0.07055699322720400  0.07285593235282666  0.07511560472149895  0.07734541380972616
  0.07955000127654946  0.08171387537961858  0.08385210105954097  0.08598102284735461
  0.08813629581627747  0.09030110472613209  0.09254970060747111  0.09477116133598942
  0.09699234545293287  0.09921145621993242  0.10142427862560636  0.10367910846068866
  0.10600509596711334  0.10839453977336000  0.11080217184583160  0.11322186062712991
  0.11567009945177288  0.11814459670617204  0.12065560698732399  0.12325404334961292
  0.12592656048502568  0.12858964393438832  0.13126133393136585  0.13395875277435426
  0.13666902939379927  0.13943931404318108  0.14231264574784619  0.14531657659485647
  0.14834153491114807  0.15141793927426289  0.15462065340552017  0.15789642676572971
  0.16120670896018882  0.16465494129474975  0.16821007577253549  0.17182084927883715
  0.17551403656644804  0.17929649819351373  0.18314207022335563  0.18708600168453851
  0.19120174689456379  0.19548261357579233  0.19985330607339452  0.20432692618680848
  0.20905146193129309  0.21386261561631276  0.21890718460189748  0.22411905021165424
  0.22940061690297694  0.23491253253480193  0.24074034164108091  0.24684976394037930
  0.25330284795352848  0.26012092110525564  0.26719233560665101  0.27476392498042307
  0.28273974928758505  0.29118237896383542  0.30010331517715755  0.30951228798320707
  0.31952613758454085  0.33037531904450401  0.34205408380878971  0.35494903941300621
  0.36875239703437840  0.38375258280047425  0.40008547887583684  0.41796595200048908
  0.43775669498614916  0.45926028118033424  0.48276270814807937  0.50824953323465605
  0.53616638123539451  0.56718159396510048  0.60176684598873953  0.64055497374369075
  0.68558630842168722  0.74156808620124015  0.82662499385388288  1.00000000000000000
 -0.00231469530008500  0.00918464874978901  0.01920559370454074  0.02964652669535036
  0.04028752110051088  0.05082107795610197  0.06143762943303669  0.07209593208878093
  0.08271219754875291  0.09321593496184226  0.10330622691811417  0.11356324850433538
  0.12369340899007386  0.13423071532089265  0.14478033243929878  0.15538783955430446
  0.16597676376671139  0.17658836372246914  0.18703647658386008  0.19726437096606958
  0.20751566391955814  0.21801055404676051  0.22871218454664316  0.23944980989724196
  0.25022611310325804  0.26079539558092790  0.27123500771736275  0.28151534580003984
  0.29182138242075029  0.30224957411565689  0.31282090633112619  0.32370048068265650
  0.33444081711803975  0.34503930794956195  0.35555478260881396  0.36629144439347427
  0.37707344069102694  0.38769512530183853  0.39832633829302444  0.40910843515571982
  0.42001780676911371  0.43077915386491739  0.44174422867352914  0.45278523281378436
  0.46388541078400941  0.47492032434935494  0.48580619956126797  0.49671076184732588
  0.50720753421151410  0.51767235180028293  0.52783214632149877  0.53814530306501629
  0.54862362452678315  0.55925091802544613  0.56966716776363557  0.58005511396733611
  0.59014380042625059  0.60030196921586476  0.61053557604551179  0.62096912658729631
  0.63138394123772545  0.64193251251568095  0.65258419828179459  0.66322950003337588
  0.67366815013472492  0.68399959420474266  0.69449034716704472  0.70525314804012595
  0.71582140973776731  0.72639771995167945  0.73694139496439726  0.74743869000653640
  0.75799861691195558  0.76827613740719047  0.77886178242363124  0.78950464248686658
  0.79996367158202963  0.81049811807604999  0.82071022123966220  0.83136139779133922
  0.84211190342394593  0.85291766061620733  0.86332945600198252  0.87388996748002090
  0.88446634906068244  0.89502854278601984  0.90555698328595469  0.91599825986458183
  0.92657750847427500  0.93710360783528179  0.94771475535761573  0.95844885288726112
  0.96887171194156785  0.97935709750468447  0.98957770537361900  1.00000000000000000
 -0.00229269735101981  0.00913079107392533  0.01927792419377028  0.03002894662912595
  0.04076297286039113  0.05125455987854050  0.06157881351067831  0.07199102418550696
  0.08248150916742324  0.09317476746732424  0.10373287476936263  0.11407836552882902
  0.12454280782091279  0.13518228818050568  0.14586244769618800  0.15641389331124111
  0.16681325642911984  0.17745591661517429  0.18803407126832289  0.19859546057714361
  0.20892991612182324  0.21931927845492186  0.22963734266640279  0.23999851754161058
  0.25031860241624709  0.26069517218528532  0.27130805984740869  0.28188138713624250
  0.29243176908463481  0.30290373954750693  0.31326475232193207  0.32366401838734349
  0.33399295513338167  0.34461598498004925  0.35526219254431829  0.36603804896634767
  0.37676911703700477  0.38750107099403919  0.39826185459559904  0.40875761133164884
  0.41925396623508970  0.42973428084129256  0.44040580904894228  0.45107081886425249
  0.46167719972520416  0.47236336733989664  0.48291096116224685  0.49345067808087451
  0.50383845623818946  0.51438684825673064  0.52485913465702538  0.53543497070234691
  0.54582981116825557  0.55633611079199308  0.56698911388086715  0.57789063002188812
  0.58875566215958985  0.59944142622008412  0.61013679351972505  0.62087575835762188
  0.63144885066446199  0.64198576151680042  0.65241983569673545  0.66327347676383119
  0.67392115525803553  0.68446741018394686  0.69498092904511832  0.70561363403527777
  0.71609313749422043  0.72638536741005322  0.73663180553245300  0.74705495435525926
  0.75747708045521356  0.76811334038982393  0.77891773266999220  0.78964929120231908
  0.80014749653847028  0.81075661860628823  0.82157051782839852  0.83236388066061406
  0.84287875996468919  0.85328969189565074  0.86372393645242529  0.87423297683995926
  0.88475017402432210  0.89546782502349498  0.90626201095748327  0.91683336921481307
  0.92712481034857575  0.93718033140591317  0.94759789227906410  0.95811001735797885
  0.96867962888548254  0.97910070140845029  0.98955640612948026  1.00000000000000000
 -0.00247914854606399  0.00998102990615251  0.02065880902725027  0.03141295384994581
  0.04220664629592622  0.05276252271638567  0.06331932409480140  0.07345841740336820
  0.08367468766492414  0.09412289417705104  0.10468791229465627  0.11517730845811425
  0.12548723469336559  0.13622375968719094  0.14692710828899855  0.15785601250800549
  0.16857373377035434  0.17919080907239926  0.18964537946571491  0.20002472595067256
  0.21050063154150683  0.22099720098157385  0.23151556856324049  0.24216901936970889
  0.25275831185554593  0.26337319305689549  0.27389599133547454  0.28443364257750259
  0.29497698076040568  0.30546287338728922  0.31597569914421036  0.32657083067516274
  0.33747097429072126  0.34837434342963408  0.35923739884468414  0.36990486869804129
  0.38057873979392265  0.39108703072944406  0.40150002246584310  0.41193110766450952
  0.42235885201133694  0.43286086925909889  0.44332426560216892  0.45380613205135900
  0.46414830808971741  0.47447450629152538  0.48489827601709229  0.49527899479413673
  0.50568162734204836  0.51607093073695598  0.52674564243240851  0.53751338358592926
  0.54860453879734183  0.55962911873696108  0.57029464624766391  0.58062366415938083
  0.59091473794954408  0.60127815434678600  0.61158009058437912  0.62176615650636546
  0.63215868940785624  0.64259422351093531  0.65317942056514600  0.66371734892150103
  0.67446714222776338  0.68511178033932463  0.69555969699650766  0.70590395102523040
  0.71633058746409639  0.72682669436741387  0.73724469467144738  0.74754965992780753
  0.75805527475565093  0.76874565551694185  0.77942845987345055  0.78982217109084762
  0.80017012776330065  0.81056938909974119  0.82135952148086067  0.83181370587315462
  0.84254635027537761  0.85300542790722655  0.86349889507114252  0.87386778578621327
  0.88420526868682814  0.89494601997224887  0.90549048728027892  0.91623220815387552
  0.92672997724088901  0.93726090072740131  0.94770807720117056  0.95794688110419168
  0.96844497186339240  0.97885678124497932  0.98952588198612335  1.00000000000000000
 -0.00228632321939975  0.00903287149516521  0.01913311424867441  0.02976045705748766
  0.04045689092953873  0.05085528156706609  0.06120466477618054  0.07170618598483434
  0.08245664934019142  0.09318008476145824  0.10397407018029843  0.11458449648957204
  0.12525182613233671  0.13574346944427132  0.14619058080700872  0.15668169956491304
  0.16734241030297289  0.17796912128974304  0.18870699245837125  0.19953556717180801
  0.21008623034077456  0.22042271797477564  0.23072587969839267  0.24109138349235423
  0.25158123660651377  0.26185305035846973  0.27226607509771561  0.28258526020690211
  0.29285707469089117  0.30334525712242094  0.31385738450847689  0.32453819124510780
  0.33493436490116368  0.34525920279033734  0.35564125767982724  0.36615327482699034
  0.37669670351052476  0.38713950907312478  0.39745299840025250  0.40796931455505914
  0.41859094199601904  0.42950649542973351  0.44046520704111075  0.45129292164918305
  0.46205678862192517  0.47252176528660239  0.48310469872588035  0.49362195982147078
  0.50422006448871382  0.51496584584270511  0.52563549061432602  0.53622964981073551
  0.54693014730677814  0.55765584411326885  0.56854779559929070  0.57925686322579018
  0.58971044048444843  0.60007380033288427  0.61032173569115777  0.62094119655674584
  0.63141671204399774  0.64210381360166369  0.65258567505179876  0.66324837082635801
  0.67375680326567011  0.68433012665390458  0.69483947552953362  0.70543522869222264
  0.71615390144975244  0.72687365794653402  0.73752890109194968  0.74799727614141331
  0.75833540957647172  0.76898186833562709  0.77981393214348893  0.79057089765364963
  0.80099355267179029  0.81143123043880017  0.82204934387686157  0.83253855248446262
  0.84282720345681295  0.85302940878451305  0.86327526470642346  0.87370629259220445
  0.88418277362249331  0.89463015634526633  0.90508794280860638  0.91542145916368245
  0.92590959886996271  0.93641332480183348  0.94689678972132540  0.95761619238898732
  0.96817444844473255  0.97890360119068998  0.98947147998961349  1.00000000000000000
 -0.00224922180991179  0.00879457262415054  0.01861639788031083  0.02915451360756115
  0.03967019959372006  0.04988986767754342  0.06023735643562467  0.07076725184765388
  0.08150465317945452  0.09200803061000637  0.10263038197240466  0.11291540787137340
  0.12327246272446185  0.13353210197166007  0.14415745875008085  0.15495258383315155
  0.16581575734929441  0.17668619491605922  0.18741486923703579  0.19793105081823800
  0.20853489445368492  0.21888347513356826  0.22912487422346234  0.23953382095825040
  0.25006434227034496  0.26057150564292481  0.27106126021194199  0.28151393029913274
  0.29220773363401659  0.30274505955502073  0.31330356968444234  0.32397267030088067
  0.33453869484526261  0.34531391972766201  0.35583972207760844  0.36621838914959415
  0.37661713229310295  0.38697532467711648  0.39751529259026369  0.40774750119891473
  0.41819600724534861  0.42858623106658622  0.43888310140219711  0.44932624388027959
  0.45965427151195415  0.47028972715793749  0.48058008892099430  0.49093222098280448
  0.50120118237937950  0.51163111522883786  0.52187442614704149  0.53206142725406180
  0.54237293164106437  0.55294815832208344  0.56350016722349627  0.57401485433497590
  0.58466182645991038  0.59541820224026942  0.60595843205734223  0.61645916546748825
  0.62712782059076744  0.63798902437025906  0.64869904253453570  0.65935670555163395
  0.67002635568993341  0.68089165870939039  0.69165196334611190  0.70234091445518398
  0.71308462936236738  0.72376476614795127  0.73456124638328335  0.74530132383466829
  0.75601040442356615  0.76662275291077309  0.77730019908540449  0.78817904834380126
  0.79907130761375389  0.80980802381303296  0.82045565208177451  0.83079995252902061
  0.84114894173282473  0.85157098394640651  0.86212938733648548  0.87272972581211605
  0.88342616798718998  0.89418752794286804  0.90486107459277809  0.91538798755589179
  0.92573355453132422  0.93622702457482421  0.94697440715125547  0.95759692831681731
  0.96823044216112863  0.97872730749410108  0.98941854386769013  1.00000000000000000
 -0.00246209084256402  0.00966354893710441  0.01985868016191757  0.03025463101318820
  0.04064249622199351  0.05092136414014967  0.06136703546123988  0.07167823328197478
  0.08193448780052662  0.09225012116503928  0.10250092461106031  0.11328003323816144
  0.12420296092697847  0.13524250344258454  0.14591122797439335  0.15687205971631180
  0.16745979107418879  0.17799906731987444  0.18841991024793611  0.19905149984727505
  0.20968528030050926  0.22034556029546876  0.23098443035931845  0.24174643329297216
  0.25233665128911137  0.26305094568626403  0.27348029146264052  0.28383995510009080
  0.29427582220571363  0.30485936611155962  0.31556945127949582  0.32616882499304378
  0.33655798592534686  0.34694729559995452  0.35726174974966030  0.36767972617018430
  0.37804305383062825  0.38851339227887410  0.39932502659196728  0.41013519654202191
  0.42091702455429370  0.43158518894177061  0.44217344879594922  0.45272098383271647
  0.46334997823448032  0.47395905420618323  0.48475818460488646  0.49547551711299470
  0.50631337686838984  0.51696429763234064  0.52760428728153208  0.53829138333342097
  0.54857474863225009  0.55889732808584025  0.56919917357644945  0.57956119365033032
  0.58989056619459934  0.60025679341249349  0.61083484569441249  0.62142668808789892
  0.63184469979283098  0.64218644515215551  0.65263902276497199  0.66311410884386102
  0.67362581443523017  0.68427554691422343  0.69484871354509503  0.70551066408405416
  0.71586780095223257  0.72640575305130717  0.73701391490546309  0.74752573285575574
  0.75798877860088132  0.76831985378614986  0.77875803511311081  0.78919912229548095
  0.79957582013707873  0.81007436966751101  0.82071528407643202  0.83135908589076191
  0.84191627852548678  0.85245677174139345  0.86281858498183928  0.87293330486077714
  0.88323125070644515  0.89353044906252377  0.90434132269696310  0.91483809223516155
  0.92557735976777644  0.93606073758170460  0.94677686654575544  0.95747914458040251
  0.96802411949955280  0.97873893414310154  0.98936430694763378  1.00000000000000000
   5.7864555271524179E-013  -1.0000000000000000     
 T T T T T T T T T T T T T T T T T T T T T T T T T T T T T T T T T T T T T T T T T T T T T T T T F F F F F F F F F F F F F F F F F F F F F F F F F F F F F F F F F F F F F F F F F F F F F F F F
  <DiscreteSampler_grid>
  grouped_processes
  1 # 1 for a reference and 2 for a running grid.
  10 # Attribute 'min_bin_probing_points' of the grid.
  1 # Attribute 'grid_mode' of the grid. 1=='default',2=='initialization'
  0.0000000000000000 # Attribute 'small_contrib_threshold' of the grid.
  0.5000000000000000 # Attribute 'damping_power' of the grid.
 # binID   n_entries weight   weight_sqr   abs_weight
    10   10   6.214215886561731E+004   7.610378792624364E+009   6.214215886561731E+004
    16   10   6.203690660711661E+004   7.591094435321081E+009   6.203690660711661E+004
  </DiscreteSampler_grid>
