  0.00191625500047263  0.00194877704613078  0.00198924336919669  0.00202756106461904
  0.00206588521285613  0.00210665087499716  0.00214802729711178  0.00219022849560206
  0.00223358322940954  0.00227672196505717  0.00231997554511027  0.00236436076301723
  0.00241108548698531  0.00246210464335281  0.00251774187752240  0.00257391715012218
  0.00263174474650194  0.00269319098088375  0.00275796069646188  0.00282465891827136
  0.00289315395680440  0.00296210192560099  0.00303140651854783  0.00310138613600071
  0.00317190495609824  0.00324456927577928  0.00332064417333293  0.00339951476193852
  0.00347916934619983  0.00356077502938984  0.00364568368579444  0.00373629966048246
  0.00383091657590036  0.00392726569548563  0.00402466217880647  0.00412639688513234
  0.00423282520399117  0.00434425569854136  0.00445969593083641  0.00457921982616022
  0.00470241903169724  0.00483054601221186  0.00496476864413658  0.00510434549513519
  0.00524963795223483  0.00540149884305919  0.00556160168024300  0.00572483885258241
  0.00590687031689196  0.00609473135372840  0.00628944278875726  0.00649379163879586
  0.00670648944403828  0.00693102650594709  0.00716938277422009  0.00741631744892191
  0.00767217670625979  0.00793344816624858  0.00820090568200467  0.00848616947122854
  0.00879135110447563  0.00911464517818505  0.00945456812081616  0.00982697299262363
  0.01022530797907843  0.01065465189902698  0.01111319159382623  0.01161140415907316
  0.01214294310683270  0.01270928831024941  0.01330063328136483  0.01393899525688324
  0.01462038213275243  0.01535213781299044  0.01615511316412976  0.01702954077228745
  0.01799039403397024  0.01901815495069219  0.02015671811331170  0.02143755249779195
  0.02288194549567757  0.02449572994091857  0.02630749356652010  0.02832557153025436
  0.03062129220079397  0.03321055739357835  0.03623734800272076  0.03990717683365395
  0.04434929103078267  0.04974482343152434  0.05665280689103928  0.06616401975150826
  0.08065991304865650  0.10518689972398980  0.18335882408332477  1.00000000000000000
  0.00183263609932669  0.00353903036305636  0.00460359906110471  0.00556647834177865
  0.00651087238828189  0.00743970048069365  0.00834748697247862  0.00931065505789990
  0.01029786645486605  0.01132094046841848  0.01236965597947474  0.01345500335633237
  0.01460786068837707  0.01584276136494912  0.01711763285579127  0.01840746478643955
  0.01980000919690439  0.02128937865072816  0.02283454370536553  0.02441790629138025
  0.02600735176300500  0.02762419439696883  0.02929886691010566  0.03104388271959659
  0.03282672363015210  0.03464739734874250  0.03651315037765882  0.03847182974483936
  0.04051289485615813  0.04262068385618686  0.04484174796251708  0.04728255082814670
  0.04972172193165154  0.05221437317896594  0.05469552114357123  0.05728403766416936
  0.05997453181308159  0.06273227536695551  0.06549999809165838  0.06832749878146628
  0.07131455181829770  0.07444880957550200  0.07769116508808373  0.08096866859760089
  0.08432286657056196  0.08780437791343686  0.09142952506105327  0.09517455939485246
  0.09918283849374664  0.10354290344274819  0.10797404592207691  0.11251305836543798
  0.11712642027042315  0.12183654003498595  0.12694733113405302  0.13230333834957533
  0.13780335304482771  0.14357859486043217  0.14959728239879716  0.15610619621463317
  0.16291590011865534  0.16977603682697223  0.17677910390286825  0.18399509908745507
  0.19128773228582480  0.19871090544855483  0.20640474319735419  0.21460345215962409
  0.22335376960623990  0.23269699776733138  0.24248985876053586  0.25269707566224175
  0.26340983166139670  0.27493071722906137  0.28728505427988077  0.30028998803532103
  0.31399691022413206  0.32818587331294996  0.34239039273629962  0.35690529187196579
  0.37163338406254515  0.38772740725858418  0.40541248308196631  0.42433350830588767
  0.44432711522247442  0.46567313291876622  0.48881219440131868  0.51427544472249664
  0.54242119625929197  0.57327441176477001  0.60697808681991705  0.64638169530610723
  0.69410985906358291  0.75453516975065826  0.84719865693039864  1.00000000000000000
 -0.00263646829931272  0.01040101183908459  0.02112172150269456  0.03185033347308235
  0.04280708120220766  0.05374010066006862  0.06433891805666878  0.07460242733435421
  0.08453136380013988  0.09432421462240723  0.10422047520966130  0.11390000524915843
  0.12337597257208784  0.13284603529308853  0.14287113038379901  0.15361995659548297
  0.16450537934094883  0.17523460952396286  0.18578957337985058  0.19624804289924347
  0.20707828446215812  0.21734483952126166  0.22732177476807783  0.23708837197962274
  0.24726190162623532  0.25727441743207757  0.26746838962506231  0.27791409333240230
  0.28865795541769734  0.29956496897847584  0.31050128224791240  0.32113185870337552
  0.33149530215420214  0.34205330097475500  0.35278165168184739  0.36326148147957316
  0.37356120804042853  0.38414132368340748  0.39485521414612423  0.40544535902366380
  0.41571098770365073  0.42615217616765999  0.43685677701969255  0.44783664270990026
  0.45887367301459919  0.47001139138223641  0.48089281014229190  0.49145746376402455
  0.50194632439754927  0.51248904387050720  0.52314392242103736  0.53379992028362588
  0.54429259439003830  0.55487695251482483  0.56533880363801425  0.57594046467867566
  0.58635954044571448  0.59675302249872564  0.60716318952633508  0.61783655520127967
  0.62870763196117552  0.63972296911458282  0.65000992869046681  0.65994450841722785
  0.66996301801245661  0.68020541471919538  0.69064466410609060  0.70141811087654027
  0.71245032824984356  0.72345835503516120  0.73421172608533769  0.74508411894137594
  0.75596675574514449  0.76713417228097658  0.77844320309492154  0.78987850627544332
  0.80092885560771376  0.81143253798790227  0.82143112820262232  0.83170231776795167
  0.84222199480129445  0.85306903514098342  0.86339642602619771  0.87370772534084917
  0.88398326900323820  0.89446475498167566  0.90512308162772825  0.91610001874419145
  0.92692308157297210  0.93741675104861732  0.94769808105305109  0.95811572351587593
  0.96912229866447797  0.97958849744201149  0.99017783855073316  1.00000000000000000
 -0.00220903258219605  0.00841365084342512  0.01765855153048614  0.02755370017937942
  0.03740086181544125  0.04721775250480479  0.05706689558140587  0.06705477222829996
  0.07723159037994379  0.08744987848307835  0.09782276639692815  0.10775100712593037
  0.11735025596624411  0.12723182445616482  0.13754786710588279  0.14808736963762631
  0.15841500774346046  0.16865639445823544  0.17887021286776031  0.18907737661881902
  0.19943985229728417  0.21019737221194087  0.22128701165548639  0.23220292176483315
  0.24252950186904354  0.25270463159493028  0.26319992538905296  0.27413871956417102
  0.28509811377848199  0.29555278678219299  0.30564311045066656  0.31570727949952782
  0.32580128974229949  0.33568504645465436  0.34497474858485488  0.35437865813479907
  0.36434230107027898  0.37477115676552597  0.38530519762808674  0.39593366048939921
  0.40693798800653685  0.41802315825491998  0.42886816191029642  0.43954012060151049
  0.45018441083491023  0.46090308840388505  0.47171085977283322  0.48234410369212144
  0.49283223028394685  0.50316989860371353  0.51372520595161975  0.52442097290774847
  0.53536019584119265  0.54637772199559798  0.55751761333542493  0.56900712601293268
  0.58043574840212286  0.59186941777895929  0.60284476679765497  0.61365797238483266
  0.62438668805670805  0.63503973135940983  0.64576341901201439  0.65647821086767022
  0.66728164270768575  0.67823066942339572  0.68931830064620425  0.70043958081797231
  0.71153561017835554  0.72269918578248704  0.73389799640699083  0.74491364219989453
  0.75579267562880703  0.76666492373565376  0.77725233747815736  0.78775234060100574
  0.79818318333192095  0.80867614751000272  0.81941659539446798  0.82984406475302885
  0.84030108161464712  0.85061158937764714  0.86097644080891755  0.87217326458840572
  0.88321263263281857  0.89462242765961653  0.90534252534000104  0.91606773638874694
  0.92661648903512661  0.93721765705656601  0.94809727752188822  0.95923297683859909
  0.96964480919558660  0.97986799669295388  0.98983700191794077  1.00000000000000000
 -0.00228498873295123  0.00904671636947648  0.01943877895626670  0.03007861691788156
  0.04094549282227537  0.05152337083756114  0.06208944835083212  0.07270257338892311
  0.08344743175450257  0.09452370373865120  0.10538882844510414  0.11661120793984149
  0.12745055308908890  0.13852969573416576  0.14956235485400374  0.16090687654348071
  0.17191515620944714  0.18239186495268273  0.19312699994836074  0.20372954921143044
  0.21452183972329722  0.22449849479878628  0.23430319186189089  0.24407628753322660
  0.25401883455112079  0.26431906884580642  0.27491456759962901  0.28551265134230247
  0.29644846589384788  0.30658874656452784  0.31643255635554823  0.32590465709159122
  0.33547346525437927  0.34568044090599709  0.35595168998465676  0.36665450791328774
  0.37726224833886524  0.38805662198105367  0.39872860367237234  0.40905106244232331
  0.41920120216281903  0.42892618521556758  0.43869835111599748  0.44834913162051176
  0.45857129958063275  0.46913191089351325  0.47975425858078807  0.48997609973848477
  0.50047786752896706  0.51168835685642566  0.52330004390261387  0.53444082185472308
  0.54497772355297835  0.55582204656198153  0.56688705035490361  0.57805162001707866
  0.58898337842314596  0.59959097331466393  0.60988578138157401  0.62004620854949755
  0.63002175288434570  0.64001637841976511  0.64976688119474557  0.65990606204285740
  0.67012040944411300  0.68043684223440648  0.69063130206176937  0.70152195771230230
  0.71227136555552162  0.72326626327931021  0.73390136888870161  0.74491073642819361
  0.75530646383056943  0.76585497152567872  0.77624331691340465  0.78709311304403928
  0.79769493677995118  0.80868044453960619  0.81953322193237699  0.83068508128423335
  0.84153677377695890  0.85210864574102307  0.86215025263080558  0.87217135373633348
  0.88244151412468019  0.89298136722492871  0.90407231027156743  0.91510583346011298
  0.92610514695439394  0.93622933426962995  0.94685486259404217  0.95708377956331436
  0.96755021836569810  0.97809894412049903  0.98897844644662236  1.00000000000000000
 -0.00229536006442932  0.00899185486666004  0.01918284537069256  0.03000224712908522
  0.04094308973648832  0.05155110024880630  0.06216608226620545  0.07279373873640181
  0.08366240416239432  0.09415448441232110  0.10432882841198317  0.11422894613092302
  0.12419993999665252  0.13413151106773055  0.14462829167314209  0.15508788612917060
  0.16557795283739535  0.17560157130953566  0.18576333578028853  0.19656241437422628
  0.20763944128219011  0.21904209537184377  0.23020779950944040  0.24141667823136267
  0.25207777083598465  0.26300319753766316  0.27388140037341130  0.28494016662187238
  0.29587917566030714  0.30700880753571613  0.31813105179434292  0.32882217587303741
  0.33940820404835503  0.34990496359642231  0.36056514708398063  0.37118395702535500
  0.38219328366693828  0.39281508100297147  0.40322516745244369  0.41381855997181827
  0.42480705538903424  0.43534430337625013  0.44616267284658573  0.45655445228936292
  0.46759369378761834  0.47843065853379019  0.48961758622513790  0.50052081300278095
  0.51113950743893954  0.52105308009541396  0.53113543704568400  0.54101863680347850
  0.55176721990369015  0.56246842807336783  0.57322124406854069  0.58379835879823549
  0.59478263872096704  0.60576798051731084  0.61701922260665376  0.62810206167888927
  0.63862459992191045  0.64886165678447283  0.65867109173476057  0.66822988503731084
  0.67770016588687032  0.68720396450023657  0.69697374390356537  0.70683834207033103
  0.71691405460145596  0.72713096786897347  0.73739232697634449  0.74785147427918930
  0.75824287229772780  0.76834131654691817  0.77810488340318740  0.78839456407298769
  0.79884373936220576  0.80936023652085287  0.81994529363272051  0.83034432321727747
  0.84074683100607350  0.85075616399416154  0.86090171389934012  0.87118904481912274
  0.88171299781335277  0.89239614805303447  0.90292718388919579  0.91369413538970690
  0.92440909026746687  0.93552805923538973  0.94621432843013009  0.95727360917785120
  0.96821738755099152  0.97910447305957016  0.98959487956652048  1.00000000000000000
 -0.00266943321728393  0.01009134000135607  0.02048092194442452  0.03127142075681286
  0.04190171927168129  0.05251600795778642  0.06303262677455117  0.07337326963904391
  0.08362478027385184  0.09393850373277246  0.10471188067405501  0.11553160422303234
  0.12604391038220156  0.13632809654565695  0.14680986273581856  0.15751496083148445
  0.16849337960006572  0.17907619564394039  0.18951620911371017  0.20049953240689741
  0.21147194945335296  0.22227489173413695  0.23254946153660647  0.24256714176575936
  0.25276371518031099  0.26297953849617389  0.27351282354248824  0.28417160364923177
  0.29459781162685306  0.30513224211094847  0.31599908253277065  0.32718010866615221
  0.33805056537521888  0.34851497395560566  0.35881249049483893  0.36913430255432123
  0.37981079018927844  0.39026731814119964  0.40070524576093036  0.41047131623524624
  0.42029843486290719  0.43028808908378369  0.44081544445170379  0.45146880960228286
  0.46177716574516053  0.47199773248872096  0.48249534276505068  0.49355318701414624
  0.50486327923521856  0.51599298428450957  0.52679600901692614  0.53710078448862464
  0.54741722937305315  0.55779634895976404  0.56806988248584711  0.57826550763003837
  0.58845185164614200  0.59876559595132572  0.60868488468249971  0.61873859599636016
  0.62899750695691869  0.63924711912694798  0.64901234130761343  0.65861488904570542
  0.66886786845758139  0.67977220452331177  0.69087495273290456  0.70174776832453001
  0.71245187559338818  0.72316649930197097  0.73410885207182108  0.74540235861657322
  0.75670236373340882  0.76751770598779379  0.77817902366906899  0.78888230445576735
  0.79975940043003735  0.81066975707483291  0.82133905156536380  0.83179371621299736
  0.84194350565246012  0.85233210524677250  0.86311755835895254  0.87407198203881020
  0.88502858837726650  0.89576772079201450  0.90656693175484515  0.91715424733043283
  0.92798134435022983  0.93872977522565570  0.94945234478565244  0.96001734287592955
  0.97045272370895452  0.98035952027907491  0.99024853153092274  1.00000000000000000
 -0.00243764173319267  0.00906687415740400  0.01974447334470786  0.03064780092622244
  0.04190242111704198  0.05259117747902167  0.06331238678073210  0.07352861443881455
  0.08387043562801368  0.09437995539312999  0.10522716063474730  0.11575489723512519
  0.12596773563745517  0.13582318307840438  0.14548487655755180  0.15468996281799721
  0.16410381287673426  0.17399741641591504  0.18420294667144105  0.19421369234085184
  0.20397498023133967  0.21363585085686584  0.22343828195702997  0.23323669418491064
  0.24353780953700624  0.25414239108047393  0.26519555183914223  0.27616848110789005
  0.28695380237450108  0.29748095461325713  0.30794094182417703  0.31849278186757379
  0.32896546794407183  0.33952967920968702  0.34996145601311218  0.36022430272536776
  0.36985712983510138  0.37982665236993163  0.39025349501899581  0.40038740907604115
  0.41051074853511715  0.42075200855816175  0.43218281347993559  0.44356512858661867
  0.45455067195656462  0.46536958445573101  0.47628195544884644  0.48721910445080263
  0.49807856890280522  0.50881695537584803  0.51967101408777927  0.53061928317502016
  0.54166188000015070  0.55242996583212467  0.56316361675628124  0.57391578384089659
  0.58509056498604539  0.59632186801347642  0.60757271741862706  0.61846333956495780
  0.62928189666445566  0.63990073857642771  0.65049001669527051  0.66073708994912628
  0.67095554219554321  0.68108499212738682  0.69162009616187636  0.70244120877879035
  0.71291523558827796  0.72340668445948075  0.73410054338492015  0.74510891265869683
  0.75621744446021089  0.76694064937853823  0.77753137269512362  0.78815019040381684
  0.79915247434698922  0.81008988010156491  0.82130202757522175  0.83194085886464697
  0.84295472280038142  0.85339209363073576  0.86401959610707457  0.87493998695807940
  0.88594808342819709  0.89681533805114055  0.90724102821246688  0.91737021221983339
  0.92778432927563503  0.93806133022103588  0.94814901260287043  0.95777153815214577
  0.96839830252854164  0.97899547702356304  0.98971665869873415  1.00000000000000000
   2.0617403916383174E-012  -1.0000000000000000     
 T T T T T F F T T F F T T T T T T T T T T F F T T F F T T T T T T T T T T F F T T F F T T T T T
