  0.00191946381682091  0.00194491244431252  0.00198811557098192  0.00202364236116808
  0.00206031548695096  0.00210056883941636  0.00214019721338210  0.00217910117748469
  0.00221817110423182  0.00226037563791070  0.00230512289004951  0.00235072937224411
  0.00239852673445198  0.00244826889284963  0.00250045677351792  0.00255184014733589
  0.00260310561856823  0.00265709638552050  0.00271380116759392  0.00277281532573446
  0.00283450106373732  0.00289809349615111  0.00296529839231970  0.00303665465129735
  0.00310909739239834  0.00318024397152499  0.00325123622579506  0.00332380989773036
  0.00340089370983969  0.00348416340854423  0.00356823923700979  0.00365139282384694
  0.00373803234002253  0.00382821745598227  0.00392506147613120  0.00402677632481732
  0.00412657830165459  0.00422428206080577  0.00432547805469090  0.00442638735051448
  0.00454381649371123  0.00465880493132917  0.00478362114226199  0.00490877773439981
  0.00504353810836589  0.00518382168803517  0.00532856191626943  0.00547634595277577
  0.00562583834132147  0.00578588753658413  0.00596129817082472  0.00614795405388114
  0.00634035869629804  0.00653304142876800  0.00673324706913884  0.00694122251182837
  0.00715297941175380  0.00737470017413941  0.00761531497350538  0.00787788828009008
  0.00815710220238095  0.00844566097028853  0.00874417005283986  0.00905982675124754
  0.00940410916128238  0.00977503570938065  0.01015992522173705  0.01055533757025040
  0.01096264891654203  0.01140393001605115  0.01188246834591316  0.01239081990763516
  0.01293086832249378  0.01350974109252632  0.01413238014826977  0.01480535041789490
  0.01554208039813190  0.01635702259055715  0.01728896300681181  0.01834806248660999
  0.01952977695974849  0.02081633077474855  0.02221004740501710  0.02377585106741291
  0.02545801232772405  0.02733574842426441  0.02958874312700507  0.03235180935254019
  0.03567854329210680  0.03977989270138656  0.04488667577814692  0.05148638601739549
  0.06132232737804413  0.07949352126442136  0.13468719056048728  1.00000000000000000
  0.00449340494909033  0.00647713159207096  0.00786407266669219  0.00913099866339908
  0.01041902328100777  0.01168011790885306  0.01281095226420330  0.01391493909704449
  0.01499176767150841  0.01615031008995793  0.01738265104770355  0.01863916183062723
  0.01997601779864210  0.02143001073340946  0.02299374004693423  0.02459837982810480
  0.02621191266774519  0.02781694115543257  0.02939060913282314  0.03098908074582245
  0.03269693315738414  0.03451996817388188  0.03643833028332225  0.03841664008308810
  0.04037278767122476  0.04239675648118295  0.04451868473898954  0.04683480509161388
  0.04921237008751609  0.05152436417874603  0.05378337493966412  0.05614190284635569
  0.05858169458719552  0.06121465515836540  0.06398843957329876  0.06679933631047473
  0.06957713291387699  0.07234120492609905  0.07523696650961596  0.07835617794934233
  0.08162601610174355  0.08504813554802512  0.08847358385038009  0.09201394865686913
  0.09565957216060386  0.09940687197822581  0.10323330612517982  0.10707422510990526
  0.11103722677459575  0.11513663870904017  0.11942115186675098  0.12378301232350861
  0.12821815246880103  0.13255020305879817  0.13682346970565468  0.14120772599093906
  0.14600488269104658  0.15095077620489972  0.15615457986051645  0.16201421338720914
  0.16821473839594411  0.17492267498439282  0.18202603412527418  0.18921579019902721
  0.19640557290520355  0.20370364466121849  0.21135497073480364  0.21941006337847976
  0.22775588245899558  0.23636765132802290  0.24524479853190206  0.25441908408377351
  0.26396654810689979  0.27366632539379043  0.28398082976846289  0.29533257351703840
  0.30772733101433614  0.32066138220439366  0.33430866398852926  0.34887136052040096
  0.36457500159029427  0.38147704501358309  0.39962704304091723  0.41882445075974356
  0.43885436960080121  0.46034853171435114  0.48395850561843773  0.51011314697419019
  0.53849124051887243  0.57087036550540793  0.60638101762558183  0.64879305759592909
  0.69602024756155545  0.75350691763713418  0.84296203065317787  1.00000000000000000
 -0.00267558113681153  0.01048553376747946  0.02140313087756551  0.03300644190955147
  0.04363805284871781  0.05371213804209734  0.06403561013399839  0.07442011977714962
  0.08471639464287609  0.09488332115104794  0.10396619342471025  0.11356524793939354
  0.12385428451364412  0.13582161814773747  0.14780790647594241  0.15916745012079622
  0.17029880051347987  0.18126806727129025  0.19206499645944233  0.20243033326308996
  0.21289348489425722  0.22340507135072638  0.23410514842642102  0.24487050005113156
  0.25507274807797126  0.26471839537299785  0.27428498436944293  0.28418628371497534
  0.29449239652172821  0.30472239251273131  0.31463519915181920  0.32485615054217359
  0.33505920300169389  0.34532497489267733  0.35558990584428718  0.36559193899925335
  0.37556201148088064  0.38556577493297595  0.39606450471450566  0.40728066553030912
  0.41882798178074021  0.42998488481813596  0.44063660515047332  0.45109210900943814
  0.46158977997632422  0.47198935258754426  0.48229418849896594  0.49262145721855050
  0.50380067733689771  0.51497423701038403  0.52589243323675516  0.53655714694859302
  0.54725659408447669  0.55819088454140775  0.56933131457986352  0.58053221036444858
  0.59143789588375428  0.60205132138230932  0.61295198995857869  0.62397738860951935
  0.63500163795659548  0.64571660637140760  0.65627031235326339  0.66694931425470561
  0.67771631062910420  0.68842772671459496  0.69906182565829300  0.70934341218958308
  0.71943328966165099  0.72987862436081063  0.74063628712799889  0.75178549529361194
  0.76287148663288062  0.77385188355953560  0.78491039421122744  0.79560835227710536
  0.80577719656044966  0.81567225649092623  0.82554837629264144  0.83539981115387185
  0.84536873971664539  0.85558234655950571  0.86603960471549135  0.87640298570111952
  0.88661843416248198  0.89584086436390731  0.90479519917564366  0.91433472325288578
  0.92425821391446517  0.93501177411575020  0.94558411210342530  0.95622502287549360
  0.96653515974662185  0.97713288793150443  0.98832159195427760  1.00000000000000000
 -0.00259853225709175  0.00928226049698083  0.01968660751552529  0.03051094984256782
  0.04202369655834064  0.05282096036698176  0.06285307057022302  0.07276089964396723
  0.08325954626608693  0.09391309413129180  0.10391587634778537  0.11419145722629634
  0.12438070578661718  0.13515384320389845  0.14619157337711358  0.15770230160179136
  0.16933018840732719  0.18088995589284906  0.19218700713594442  0.20314112627855752
  0.21379616010644376  0.22450856126475274  0.23543075564697230  0.24636412250574236
  0.25726078711766431  0.26834751757890624  0.27968643371844937  0.29099734342435257
  0.30200548127804039  0.31276165580150511  0.32358503059995863  0.33428838485715201
  0.34404032805686757  0.35345673303136993  0.36318671852714296  0.37377057855347467
  0.38369411253913110  0.39349906786194677  0.40363915036479459  0.41428259630412401
  0.42525347040858907  0.43599422451294689  0.44648850373649607  0.45698438160245303
  0.46752506288064111  0.47779321223844590  0.48759749642941291  0.49775617118602111
  0.50793456530849912  0.51752372402360891  0.52637318202353311  0.53551078141637787
  0.54529682964796089  0.55591262193917024  0.56644062181137500  0.57696127604599046
  0.58769622951982659  0.59776983759500568  0.60806208670183060  0.61820134671931137
  0.62863498602017498  0.63898401062163535  0.64940238520087157  0.65981963382834063
  0.67072773938920704  0.68185190975848786  0.69339512059467889  0.70520380463728016
  0.71712621460935255  0.72871254055098389  0.73966202791215707  0.75077145645014187
  0.76236846334300912  0.77422158607412317  0.78559631712909817  0.79574225215270000
  0.80549851131562455  0.81509603662289642  0.82496768361750716  0.83448829536200131
  0.84406728152997812  0.85398100097773921  0.86443155263789750  0.87515084824319189
  0.88540352123921695  0.89577019220359189  0.90591328374136293  0.91621023782093780
  0.92618749494637242  0.93658332341374073  0.94698817573982541  0.95720709873124277
  0.96725639921534490  0.97759513927610675  0.98839779656012028  1.00000000000000000
 -0.00233259875293252  0.00936918750852432  0.02046016187032412  0.03115504140594090
  0.04156767304646549  0.05213663189748714  0.06233465122571772  0.07276382024206780
  0.08357296403306590  0.09424402382253280  0.10431537314286615  0.11373954127011071
  0.12308069494280030  0.13261260267969754  0.14231932488093857  0.15188616915313258
  0.16199074770491631  0.17251447210942017  0.18350522441330391  0.19477749025618132
  0.20639387366886983  0.21789438840744321  0.22923454740652544  0.24038690625763132
  0.25159730100251093  0.26269954961722530  0.27388779579669520  0.28449164513961506
  0.29469172152636874  0.30484084007246726  0.31508304085746791  0.32539700162343377
  0.33559425363765522  0.34615635069502970  0.35725596961121958  0.36793278457887885
  0.37853807604490025  0.38876899500863188  0.39911075081628722  0.40918371311855839
  0.41979182756275008  0.43028379522902321  0.44105502093788951  0.44909368785108494
  0.45800398470021597  0.46735093827129010  0.47756783964043964  0.48779376051925299
  0.49774175635104101  0.50764075418604337  0.51770315322873217  0.52773922413295082
  0.53753403405041889  0.54738949221129007  0.55727526260091864  0.56736780111849050
  0.57790113693211609  0.58903545778221267  0.60054045526060595  0.61177365945033402
  0.62289396005841668  0.63404824800165405  0.64535613952662618  0.65639052361851358
  0.66696221668370137  0.67754843614678739  0.68876411206027932  0.70040863163891942
  0.71204333169909539  0.72328652640535218  0.73403148478998625  0.74418465161346137
  0.75422420555350134  0.76470070279684443  0.77570677760586060  0.78688303771606827
  0.79811887964942929  0.80948633981204177  0.82047431448848507  0.83116773172663805
  0.84128016428561403  0.85171479496113800  0.86276335891186551  0.87472043370015373
  0.88537768261806693  0.89592065071217464  0.90630700939932174  0.91666759349559279
  0.92668822346895441  0.93686187692437140  0.94790055589307498  0.95884029916501679
  0.96883452599334985  0.97883545602417033  0.98878641617856344  1.00000000000000000
 -0.00272132544799819  0.01041664813370265  0.02147345547790215  0.03275011031800082
  0.04389453996859930  0.05463140773188986  0.06567601093011269  0.07692971746042927
  0.08815609898223942  0.09946763310266031  0.11090437123415023  0.12270793777880386
  0.13345102545439061  0.14384146581628951  0.15425161825606248  0.16452108539955565
  0.17438163897646794  0.18384735132195959  0.19426830811913398  0.20567183330577402
  0.21809263776116375  0.22958388504970287  0.24068154913960377  0.25111691470804220
  0.26173704739818565  0.27217627294694791  0.28227622500229937  0.29245641752489937
  0.30243105264686088  0.31334754868320325  0.32451363210998635  0.33562721563370479
  0.34593852843889400  0.35552932263193171  0.36538576538418582  0.37552646929130956
  0.38605016552222671  0.39688677551677115  0.40774944769342941  0.41871320838475951
  0.43039897115501513  0.44143164496109100  0.45223229565408701  0.46264922820769538
  0.47352982861243970  0.48406682132864060  0.49418387303545924  0.50436360700489757
  0.51473189037897393  0.52559985795759123  0.53669667911422869  0.54845755821998576
  0.55951654140438123  0.56952758764021005  0.57885590440733059  0.58757525310024428
  0.59734859543336905  0.60779066543740434  0.61837923314762933  0.62892298057332674
  0.63936625152508930  0.64992764804426451  0.66067948879672500  0.67080851785273787
  0.68093467358703486  0.69120420810126593  0.70178041673188984  0.71273282623347300
  0.72360436093044300  0.73454797875161926  0.74497795368912723  0.75515996336647317
  0.76520966868800622  0.77526536355844677  0.78523544439153270  0.79532158706704659
  0.80554322375903020  0.81596902471611121  0.82642303676130302  0.83691873934908279
  0.84717963654428796  0.85733485262967724  0.86704159192824959  0.87629239765606426
  0.88551434191761014  0.89546913306976006  0.90643839068565635  0.91737256735244288
  0.92816129448441820  0.93825621495652256  0.94827533266021224  0.95816407652975821
  0.96869531803247977  0.97954279139176870  0.98978205413479270  1.00000000000000000
 -0.00255539858433998  0.00937204621128990  0.01919612724390965  0.02907795791494833
  0.03922458180178285  0.04978701792320668  0.06052226646257340  0.07047206709178272
  0.08085753248769745  0.09102026933721491  0.10154228605411769  0.11159769596676321
  0.12178176156732565  0.13201238208240137  0.14252431847786001  0.15285237755642811
  0.16353711926724351  0.17469138534370934  0.18644800812799828  0.19747049469341052
  0.20799888938079453  0.21793078455206330  0.22831802182916461  0.23831336910710818
  0.24921190753819589  0.25979928377799383  0.27078426793482097  0.28130252603239186
  0.29191351027542228  0.30221785211216162  0.31262599657726664  0.32292313159621239
  0.33300034178234889  0.34258735082244401  0.35289302222320412  0.36363531107548375
  0.37477159075847916  0.38536263832867990  0.39540271661995613  0.40570370471534495
  0.41632196611018601  0.42682780534282627  0.43748611707999385  0.44814951022607724
  0.45967335572876361  0.47113851321982247  0.48237323059327203  0.49282714626955682
  0.50303018225145446  0.51321565418411086  0.52388625875224781  0.53481860365295375
  0.54602094446264871  0.55692629571880714  0.56827625279163385  0.57986724325477224
  0.59078500723548666  0.60115819568409568  0.61117360935651677  0.62131149164787192
  0.63156913180462226  0.64150741738356665  0.65184750693881865  0.66226256159535690
  0.67293863013717503  0.68382579914624730  0.69430476337095770  0.70410122892298799
  0.71409630561512372  0.72446851007931568  0.73526693860790449  0.74598521664655626
  0.75675695062497228  0.76789814519947208  0.77890420540732286  0.78966062459586528
  0.80005973056316226  0.81045668178418295  0.82103400905800605  0.83164190290438844
  0.84227699099852416  0.85290727528182098  0.86368105317979238  0.87443474289375578
  0.88504014559886213  0.89576829827114601  0.90571556173681744  0.91548077643178594
  0.92510863997078563  0.93489615581766750  0.94530001380804718  0.95588845884577667
  0.96711468890779084  0.97840384087017995  0.98920920552773628  1.00000000000000000
 -0.00234741466722152  0.00942510040248103  0.01764272878763924  0.02745379170221905
  0.03734694339250855  0.04805794144843734  0.05908576361914546  0.06981523492894681
  0.08011804662756347  0.09050265226712141  0.10088345941951254  0.11104770996608158
  0.12126035365755633  0.13149752934675576  0.14236825477186985  0.15329953469276836
  0.16416346035618407  0.17486309139920939  0.18569770909710856  0.19656442274151076
  0.20653852218303412  0.21600577853800337  0.22530886281439488  0.23523189595918120
  0.24557497150801924  0.25584492007158360  0.26616764278772376  0.27678345151659617
  0.28764173062558873  0.29858195598704912  0.30858962922252975  0.31841762347185038
  0.32828845214698882  0.33831722251414637  0.34840670821717828  0.35879047157451421
  0.36966292303975506  0.38042045602567898  0.39110807949318066  0.40153338931438320
  0.41196076469737375  0.42300257500142857  0.43450144155253206  0.44561208279145137
  0.45552181502751993  0.46515576249990792  0.47498317631352072  0.48551939313033943
  0.49606252572419240  0.50655969922858857  0.51712818859173149  0.52809680733369158
  0.53959928116649536  0.55088472888675521  0.56190618756022792  0.57255767771705546
  0.58328635121115247  0.59411693945925848  0.60474208587144229  0.61554048971914388
  0.62617955622111765  0.63638522075243553  0.64609846603675791  0.65601068953249109
  0.66689474847036678  0.67796286034160569  0.68885188617728943  0.69999662513014638
  0.71080510703858923  0.72184082762006263  0.73296688306574387  0.74396717164749071
  0.75517762882154904  0.76623332431378188  0.77733495815900955  0.78821671760148426
  0.79895269822687165  0.80972498531424908  0.82076566132334439  0.83171881968289618
  0.84251839079813795  0.85301690376932293  0.86323093441766763  0.87348138802429809
  0.88385968679338078  0.89412930999973717  0.90436691749138776  0.91505404678146807
  0.92607909083541162  0.93705101309838723  0.94756881626044631  0.95793478568115764
  0.96806157731052977  0.97923934886954733  0.98948077362384923  1.00000000000000000
   1.0562040806454047E-012  -1.0000000000000000     
 T T T T T F T T T T F T T T T T T T T T T F T T T T F T T T T T T T T T T F T T T T F T T T T T F F F F F F F F F F F F F F F F F F F F F F F F F F F F F F F F F F F F F F F F F F F F F F F F
  <DiscreteSampler_grid>
  grouped_processes
  1 # 1 for a reference and 2 for a running grid.
  10 # Attribute 'min_bin_probing_points' of the grid.
  1 # Attribute 'grid_mode' of the grid. 1=='default',2=='initialization'
  0.0000000000000000 # Attribute 'small_contrib_threshold' of the grid.
  0.5000000000000000 # Attribute 'damping_power' of the grid.
 # binID   n_entries weight   weight_sqr   abs_weight
    10   10   1.637525296838152E+004   2.652661524554439E+009   1.637525296838152E+004
    16   10   6.015664187036425E+002   2.719111065392400E+006   6.015664187036425E+002
    22   10   6.015664187036426E+002   2.719111065392402E+006   6.015664187036426E+002
    28   10   1.637525296838152E+004   2.652661524554439E+009   1.637525296838152E+004
    34   10   1.637525296838152E+004   2.652661524554439E+009   1.637525296838152E+004
    40   10   6.015664187036425E+002   2.719111065392400E+006   6.015664187036425E+002
    46   10   1.637525296838153E+004   2.652661524554441E+009   1.637525296838153E+004
    52   10   6.015664187036427E+002   2.719111065392403E+006   6.015664187036427E+002
  </DiscreteSampler_grid>
