  0.00191585961583432  0.00194931346373987  0.00199255206405171  0.00203500091149627
  0.00207714373105641  0.00212188725722047  0.00216865575725280  0.00221610974148495
  0.00226380996385000  0.00231177679961448  0.00236165973284616  0.00241293548928038
  0.00246520491417415  0.00251861577355788  0.00257295661895095  0.00262780898520538
  0.00268488576935114  0.00274479701910142  0.00280894976272501  0.00287673177944951
  0.00294488810024123  0.00301455440861384  0.00308748540227868  0.00316162376792874
  0.00323562246692885  0.00331259157885715  0.00339297798567896  0.00347536695810496
  0.00356046879616121  0.00364763986861239  0.00374127461350357  0.00383761759207102
  0.00393691304332025  0.00403848479516779  0.00414277895154079  0.00425364428805673
  0.00437029134896240  0.00449419849563821  0.00462053166929003  0.00475243838414312
  0.00488587157901488  0.00502582779804215  0.00516726502570609  0.00531272263429891
  0.00546499783946551  0.00562266782942843  0.00578698998138050  0.00595586813451568
  0.00612773942833601  0.00631037478588038  0.00650710192298535  0.00671339328184007
  0.00693178647797620  0.00716468083122003  0.00740785596329874  0.00765937611769249
  0.00791341726184410  0.00817706819859300  0.00845287858449926  0.00873886614746610
  0.00903690054997978  0.00934713615224660  0.00968290079903181  0.01005467808464088
  0.01045468000305331  0.01088574156004158  0.01134076183835030  0.01182213456253811
  0.01233603742029621  0.01288413003758206  0.01345784235650026  0.01408288421442071
  0.01476315390963690  0.01550845461651046  0.01631556282365065  0.01718974231450431
  0.01811276803177473  0.01909924695511745  0.02018433342667621  0.02141925284028579
  0.02277355920138497  0.02429939621973880  0.02600581433943405  0.02795705979410279
  0.03017893763440871  0.03272833661382397  0.03570782308056654  0.03926199719199119
  0.04364635733135287  0.04914111522377188  0.05638459431815124  0.06635303857592437
  0.08084739670266558  0.10577775978292413  0.17851611071931109  1.00000000000000000
  0.00427921254614939  0.00565835510634586  0.00628976697653893  0.00689347305694900
  0.00748912085520312  0.00815586622581905  0.00882269767285986  0.00952691790334863
  0.01028038701496126  0.01108040666638931  0.01192798161779849  0.01283770347609410
  0.01374750665673976  0.01466493526185914  0.01562862382040723  0.01664430832265126
  0.01766987552945380  0.01873410310063098  0.01986287309077408  0.02107475919598707
  0.02235404108908623  0.02367052572609056  0.02498862915922993  0.02633078016907164
  0.02777935939523199  0.02930587323626751  0.03090025574163742  0.03256438688756404
  0.03429545559142443  0.03606693042956580  0.03791762868262067  0.03985822805970649
  0.04185927726252527  0.04388937511180278  0.04603301879089832  0.04839487624352730
  0.05079457184208025  0.05323067722747439  0.05565004960185461  0.05819393879755604
  0.06076852617747538  0.06343646490491904  0.06622519186046476  0.06915632333899764
  0.07219141438438523  0.07544994965348886  0.07890010239691955  0.08243893734943705
  0.08606375203301708  0.08981450713411400  0.09378160037853216  0.09797795616374086
  0.10227878324662446  0.10663877047951982  0.11102682413912535  0.11570601396664126
  0.12062347191884953  0.12572376762007312  0.13103361790312995  0.13652499936353951
  0.14226052516191007  0.14834477800096132  0.15473937090981071  0.16147978556750303
  0.16846853532450437  0.17549340399934305  0.18268604949444930  0.19007591083290595
  0.19812317889901954  0.20651354333574487  0.21534347129475020  0.22476958125668664
  0.23484318998155276  0.24551195855886968  0.25674219012653565  0.26862197032237273
  0.28120788112160450  0.29444978491971563  0.30871963610438924  0.32396649848939574
  0.33971507453568500  0.35582177966052386  0.37286149869748275  0.39131178505137482
  0.41240476385047298  0.43553729279432407  0.46057309906726962  0.48811315358618967
  0.51815599693116898  0.55142410288872135  0.58846101920149185  0.63156685569724147
  0.68448309044028133  0.75205722974132394  0.84877465545768216  1.00000000000000000
 -0.00199432183404910  0.00827924691256762  0.01772263526397150  0.02773693602724348
  0.03827740083487972  0.04895950749108335  0.05953644476819933  0.06977771284970401
  0.08016414114933290  0.09050020816543253  0.10121040764475372  0.11188405818141234
  0.12290975426381517  0.13350414228168667  0.14373345310439758  0.15350369391450319
  0.16333341627594272  0.17357251152472919  0.18439714641698479  0.19513051443765572
  0.20551583264306048  0.21580294789837390  0.22593045451270738  0.23607732092487571
  0.24641964249748377  0.25706897866091000  0.26760394588990966  0.27818673171058445
  0.28912153196440393  0.30000325312507747  0.31088881283015601  0.32134007932125780
  0.33197733981532124  0.34215895380798733  0.35247614654165887  0.36267579504643654
  0.37320623212670173  0.38340332550723738  0.39352783850773343  0.40365059438049389
  0.41399619610552674  0.42456953654697510  0.43540888226200591  0.44617886244491328
  0.45672763734120175  0.46738333241261626  0.47812657570733136  0.48880865805735479
  0.49917684596149886  0.50933354279238774  0.51938531016619616  0.52923676576415424
  0.53927399394954056  0.54967772103039392  0.56044445167426982  0.57133038902937605
  0.58238738207406260  0.59345430568830093  0.60429708030893159  0.61488265667353015
  0.62516979707571985  0.63522501480814875  0.64528895182540547  0.65574651213452473
  0.66644038380076687  0.67723054581946573  0.68784212491699293  0.69853182083727949
  0.70931875143836665  0.72043210882717967  0.73135727040419785  0.74216335518746968
  0.75299707993488729  0.76419124988021958  0.77533222689130310  0.78620150522405818
  0.79721759794353875  0.80806187255147088  0.81894355294674726  0.82944606855883574
  0.84000966400903743  0.85033622011918641  0.86055954485582953  0.87084660584116613
  0.88152413806384189  0.89265473686609131  0.90352848413627695  0.91461138935641229
  0.92535752659732828  0.93634888448638454  0.94670010636442659  0.95724188984126279
  0.96776060063886959  0.97832912285331319  0.98896955162110378  1.00000000000000000
 -0.00245952061465989  0.00953226282734707  0.02035956156515000  0.03073595208412225
  0.04124036195176892  0.05158010801356842  0.06250638284625622  0.07331872605701589
  0.08442490375683483  0.09547032935086006  0.10656304802923691  0.11687662069973301
  0.12705632337441095  0.13715911774899786  0.14753962188583733  0.15794957032562079
  0.16865933122208926  0.17995507101451563  0.19093531528534841  0.20164256938603789
  0.21204345129360352  0.22264741100403138  0.23373348854935475  0.24481256456115380
  0.25587741664311181  0.26673956366482465  0.27774661873224454  0.28852872743019381
  0.29896857179123626  0.30925159540418923  0.31942784203278640  0.32972940882207130
  0.34020283434157700  0.35079385459191548  0.36120994600980316  0.37144543171801947
  0.38213714033458629  0.39307205649864146  0.40415255593466631  0.41459195599289805
  0.42482472545413447  0.43513285825462039  0.44558452627100703  0.45598833928994309
  0.46656499835207149  0.47724807321578971  0.48820932313170429  0.49898472216755119
  0.50946815286570535  0.51961789338700082  0.52989577658784270  0.54052101671548713
  0.55137119934366963  0.56234919034398723  0.57323409923069379  0.58394942986492759
  0.59422617629201957  0.60449584075043505  0.61474378760627157  0.62521470198908013
  0.63572522577163326  0.64607867211561387  0.65618276420142341  0.66613240502480353
  0.67633611591770715  0.68682271231706571  0.69738452041841559  0.70815578380038602
  0.71847146830106423  0.72897580833640485  0.73882493168144059  0.74893574324713375
  0.75889980911914567  0.76902856073715209  0.77926371746379941  0.78944809876675637
  0.79960574714087940  0.80973693230050192  0.82010819382767919  0.83094930842395232
  0.84140412878728688  0.85171913862712967  0.86188474324569464  0.87209427866939881
  0.88230903112610648  0.89260335125940016  0.90310533015463068  0.91361575578774057
  0.92387559921487805  0.93443007504018383  0.94520295627179240  0.95658016374561217
  0.96756864519899810  0.97825562641851060  0.98896806289984052  1.00000000000000000
 -0.00242305669560033  0.00878383387967686  0.01864547967067652  0.02897967035079453
  0.03991774595987286  0.05092716694050217  0.06179971798083062  0.07242187922506135
  0.08312649703143041  0.09372863036104495  0.10362763290173652  0.11361235014929813
  0.12371381688256915  0.13444437362170683  0.14546717100235027  0.15662024845704312
  0.16759671451136499  0.17837639769323713  0.18923430375588055  0.20003192740921283
  0.21036915662039954  0.22046192628739297  0.23056974006687400  0.24086995996105040
  0.25135022394362949  0.26225867794845020  0.27313638331382539  0.28454577864956004
  0.29573675375797887  0.30717596293824273  0.31797373626890824  0.32896675922655405
  0.33944463110442630  0.34986273795038669  0.36012259709630284  0.37054384681697061
  0.38061972120373300  0.39036842708387937  0.39989385520747478  0.40953405971039158
  0.41930315950685415  0.42922768698114605  0.43938668578637530  0.44986029200009608
  0.46041689122057577  0.47089015310234877  0.48125253961268966  0.49160117592942715
  0.50214409515984337  0.51267999402096609  0.52313121196086176  0.53325328115573201
  0.54359307688006075  0.55426333932697769  0.56489727560116065  0.57519319167632676
  0.58543440853667483  0.59572563655549260  0.60628545257437205  0.61667133856646006
  0.62706581679751194  0.63739183344401817  0.64766491664103520  0.65775088944116877
  0.66760631611287535  0.67787895956377642  0.68842765942938933  0.69949816021105493
  0.71049481416030569  0.72160899922765009  0.73268638046174150  0.74343579156932971
  0.75368196291741540  0.76360576360022092  0.77394792640656351  0.78489924624984031
  0.79606138895965006  0.80700850141132996  0.81777183886459570  0.82847103821346657
  0.83931798048576112  0.85044484019511768  0.86159477758532554  0.87253002116148226
  0.88339646490403034  0.89444385323410036  0.90551825717221868  0.91674110809320719
  0.92727990973779850  0.93774906885865195  0.94796763677304285  0.95834012248963341
  0.96890343602388651  0.97917937276989342  0.98954429805536048  1.00000000000000000
 -0.00261593486044141  0.00972317915630496  0.02002042937443931  0.03065246242455905
  0.04128836187264375  0.05210350073140581  0.06290700846432487  0.07339754049532835
  0.08356674546533276  0.09377401553463835  0.10406169963395530  0.11462456915252381
  0.12497552212297826  0.13548128387451766  0.14624163474650059  0.15717088856490513
  0.16804447661584523  0.17875586594640128  0.18928534380998288  0.19964828170843926
  0.20995581392516205  0.22038859527212362  0.23130308688672391  0.24245677061346757
  0.25392840541674233  0.26543758442915588  0.27674533052444822  0.28799483827074274
  0.29908587943151399  0.30984693592817575  0.32027555509277217  0.33040475123719526
  0.34057258218656766  0.35098537205865998  0.36216067364862853  0.37357866168170228
  0.38472452173175825  0.39538887824124958  0.40578469740237399  0.41618291001587632
  0.42637832408535187  0.43615488991900614  0.44555320045915364  0.45487215663991515
  0.46455050073773901  0.47450515593284476  0.48435094325802985  0.49410059973587489
  0.50407131419732298  0.51437687214844940  0.52469255154705385  0.53498414898987223
  0.54539187995075245  0.55581737603900749  0.56581330739845670  0.57583614565431007
  0.58611908831785553  0.59661509848553140  0.60695013127677333  0.61714304074499027
  0.62772293685368052  0.63799291313194817  0.64820008415721875  0.65842757272266050
  0.66894081455145604  0.67954647037212546  0.68987101857566169  0.70017312896373596
  0.71089210395221336  0.72166417374929559  0.73254150659773387  0.74322971913234770
  0.75429177901855582  0.76487795475952502  0.77534792908847827  0.78569255820247197
  0.79603666718644406  0.80669236194355864  0.81716068176329804  0.82802729897049432
  0.83868222417409211  0.84954722841530272  0.86043363492056002  0.87129925723687252
  0.88234183463199090  0.89343705972740628  0.90446963248688084  0.91559374541259064
  0.92643993794786894  0.93743545754773194  0.94767252116864242  0.95831179475098538
  0.96871459741109500  0.97917058937073487  0.98945966911200867  1.00000000000000000
 -0.00237176112034675  0.00877545694020283  0.01848400273558407  0.02850053229937326
  0.03868703016600153  0.04869282242824036  0.05891826351179813  0.06979931331566007
  0.08072029264481803  0.09145021814504656  0.10185319164023497  0.11246274325764344
  0.12326545120775810  0.13443715180033122  0.14579621940118995  0.15706770418868524
  0.16814481805997045  0.17893936797802595  0.18968444782234434  0.20022032189877828
  0.21092681468677441  0.22145942035138519  0.23166444085044421  0.24172006136960489
  0.25184452175488181  0.26224485471456199  0.27271928726087524  0.28340095696997891
  0.29383746720703419  0.30421569675420335  0.31460363985393008  0.32519496214906307
  0.33608547040789316  0.34710415171605702  0.35803859743078892  0.36875283491071709
  0.37940051057282326  0.39009811032471137  0.40090384206334334  0.41163129759127814
  0.42208914842126943  0.43247576228066081  0.44286618977196807  0.45330452913331076
  0.46365599507813404  0.47386172627445278  0.48406895437184055  0.49455386708500154
  0.50509019114595655  0.51572738099492432  0.52620232625196584  0.53665945361550493
  0.54717290274496111  0.55750484372106002  0.56776085178865843  0.57778486189451139
  0.58796061475725359  0.59827891298535874  0.60881454124245526  0.61934440788898737
  0.63009143360636977  0.64086245055255175  0.65159742044027957  0.66190649681373170
  0.67209579726140678  0.68267441508705395  0.69317808401880532  0.70378342131706728
  0.71384036409133511  0.72401386466963724  0.73420202407493762  0.74420157446312318
  0.75440448924433667  0.76493526790263389  0.77578260590270764  0.78676358353113074
  0.79723709252195185  0.80782944565417036  0.81864955029088438  0.82999506652638100
  0.84116549191886780  0.85176003479906659  0.86212438066895203  0.87270433028141514
  0.88331462299133101  0.89412522641775050  0.90499456261967870  0.91573537643858716
  0.92645221116640164  0.93727932071641917  0.94784869446635112  0.95834040441353652
  0.96870791860979388  0.97938127951891740  0.98972868961678861  1.00000000000000000
 -0.00240820557790743  0.00942138483274332  0.01880595308258310  0.02857709004187708
  0.03842243249367439  0.04891722264783281  0.05922447059128714  0.07038309311003502
  0.08114348401923785  0.09142932307789370  0.10164954830665608  0.11216878373122145
  0.12284091800314803  0.13300828540006071  0.14330703423221192  0.15407676969168041
  0.16524011122525240  0.17567509114294447  0.18576947985539069  0.19594525575510718
  0.20653422690983914  0.21715746359083751  0.22769387055069587  0.23808088593526455
  0.24874166349109378  0.25939171733910671  0.26975577013011953  0.28010143296163209
  0.29066732102620180  0.30193417618204937  0.31293674175293967  0.32356964922578424
  0.33416466417736895  0.34477322629824952  0.35546831200099138  0.36600599512907184
  0.37652611635727179  0.38713219562300716  0.39770661798260082  0.40836358051278288
  0.41903410121327167  0.42997201350623193  0.44077882928237522  0.45152395568318748
  0.46187117412537670  0.47188886837340610  0.48184496566293367  0.49237388684748840
  0.50355775317455997  0.51525432932907267  0.52675188814920348  0.53783707081354970
  0.54848638320760290  0.55911494320817490  0.56964745343238932  0.57985643202831216
  0.59010964216484751  0.60026548998002272  0.61104350894130866  0.62139225956642630
  0.63215314137634315  0.64304274009079243  0.65416800940726305  0.66549554749859685
  0.67629057108555179  0.68741025632180186  0.69853135140678013  0.71000616626548951
  0.72076742040542274  0.73113053257759142  0.74103841411094462  0.75124864965719940
  0.76151216440931957  0.77171578721680345  0.78200250848449981  0.79232788693940592
  0.80293695589756386  0.81330224282170094  0.82376531333917113  0.83451784879083402
  0.84566849183158777  0.85682064330230123  0.86767550220309975  0.87832595777943556
  0.88918291299156305  0.89982326971305115  0.91034784219467046  0.92047842932255741
  0.93056698195636267  0.94060024222137206  0.95052816723430456  0.96050269285075096
  0.97021465632293702  0.97975600488151837  0.98983978803320660  1.00000000000000000
   4.2245246702293866E-012  -1.0000000000000000     
 T T T T T F T T T T F T T T T T T T T T T F T T T T F T T T T T T T T T T F T T T T F T T T T T F F F F F F F F F F F F F F F F F F F F F F F F F F F F F F F F F F F F F F F F F F F F F F F F
  <DiscreteSampler_grid>
  grouped_processes
  1 # 1 for a reference and 2 for a running grid.
  10 # Attribute 'min_bin_probing_points' of the grid.
  1 # Attribute 'grid_mode' of the grid. 1=='default',2=='initialization'
  0.0000000000000000 # Attribute 'small_contrib_threshold' of the grid.
  0.5000000000000000 # Attribute 'damping_power' of the grid.
 # binID   n_entries weight   weight_sqr   abs_weight
    10   10   1.086541602768887E+004   4.975292319983456E+008   1.086541602768887E+004
    16   10   1.222569711429615E+004   6.401866836184549E+008   1.222569711429615E+004
    22   10   1.222569711429615E+004   6.401866836184547E+008   1.222569711429615E+004
    28   10   1.086541602768887E+004   4.975292319983456E+008   1.086541602768887E+004
    34   10   1.086541602768888E+004   4.975292319983457E+008   1.086541602768888E+004
    40   10   1.222569711429615E+004   6.401866836184553E+008   1.222569711429615E+004
    46   10   1.086541602768888E+004   4.975292319983460E+008   1.086541602768888E+004
    52   10   1.222569711429615E+004   6.401866836184552E+008   1.222569711429615E+004
  </DiscreteSampler_grid>
