  0.00191649761656543  0.00194615368098820  0.00198304691186134  0.00202132878317205
  0.00206115405437336  0.00210418105743710  0.00214799071152837  0.00219069968000803
  0.00223437003911848  0.00228060565581740  0.00232976962545021  0.00238182856884888
  0.00243602764269212  0.00249022506959707  0.00254571390201935  0.00260195685730308
  0.00266031733716467  0.00272090724341071  0.00278243865049899  0.00284552483408631
  0.00291067835486308  0.00297906181910818  0.00305023283489898  0.00312385489180159
  0.00320017303351650  0.00327697385774525  0.00335658911644149  0.00343633368973327
  0.00351834889795761  0.00360150987539346  0.00368818921358852  0.00378085341777218
  0.00387930053871670  0.00397995265576330  0.00408830580314993  0.00419931456003882
  0.00431357494662559  0.00443255724825590  0.00455141817433308  0.00467379576654164
  0.00480365556907806  0.00493938501133541  0.00507925178969248  0.00522255603787325
  0.00536897576716461  0.00551749283727293  0.00567100093024583  0.00583616196293962
  0.00601681748369027  0.00620784034407440  0.00640307075508877  0.00660672055267355
  0.00681900039428893  0.00703923214776671  0.00727589795394649  0.00752353347644740
  0.00779301975090655  0.00808165518543601  0.00838144951878274  0.00869389878154179
  0.00902205823869756  0.00936812446344919  0.00972702001898887  0.01009917104859198
  0.01048474916738295  0.01088730566517480  0.01132337101897684  0.01179020352767009
  0.01229345495022985  0.01284542931996761  0.01344251351390008  0.01407307892560288
  0.01474373945326102  0.01547813209499482  0.01626798646557401  0.01711507266311894
  0.01802285880017303  0.01899604624693587  0.02006373634106923  0.02125813438720103
  0.02260138232969314  0.02410176052939416  0.02577519517027173  0.02762080078685572
  0.02966952390394903  0.03206706219070826  0.03506777127342933  0.03906014927630601
  0.04402908553315819  0.04967882477638524  0.05650098391468744  0.06620103883880959
  0.08085281820497499  0.10521468816390903  0.17991795014216699  1.00000000000000000
  0.00183979308784018  0.00343411316365498  0.00441306639027249  0.00529411270572851
  0.00617897207527391  0.00706936428791442  0.00801814499244631  0.00902721079768143
  0.01001366300284595  0.01101426228305728  0.01204784361205091  0.01314568874166330
  0.01427713838938550  0.01546598496507467  0.01669784006530565  0.01803201335404427
  0.01940049011932112  0.02080442875665773  0.02230570751543950  0.02389809460317534
  0.02551488927277932  0.02714612734560384  0.02881699280120473  0.03052899221557239
  0.03226451767310526  0.03402481910918929  0.03584943185755173  0.03772964528817759
  0.03968467582156169  0.04167165063862659  0.04367262338661303  0.04578829938703820
  0.04806484693893033  0.05036429528844884  0.05279441702535716  0.05528000163733943
  0.05782669145363448  0.06038569537489410  0.06305668091696663  0.06586974636168298
  0.06887183033923336  0.07211223698887909  0.07542652606710254  0.07882070970503209
  0.08225140242050212  0.08593847918329611  0.08992996248301373  0.09406446066787869
  0.09814652649095296  0.10237369787332531  0.10675490691968798  0.11131822406174546
  0.11615279384074940  0.12130423667670576  0.12675888948815833  0.13241104878401436
  0.13809793954759159  0.14379214382025024  0.14967094130786809  0.15569409195913403
  0.16212343409307117  0.16907010310215523  0.17624449866783368  0.18367227713082462
  0.19123455193127323  0.19892446971494107  0.20684606972785019  0.21504106366937548
  0.22355736961136388  0.23262853202791622  0.24249266074045694  0.25270147106746071
  0.26338258729730224  0.27437818697418698  0.28590526742250760  0.29796579038896548
  0.31048557302794905  0.32354413859908709  0.33732681079348714  0.35206680355877507
  0.36801931108713787  0.38500091224305127  0.40335498544199250  0.42302481543343678
  0.44374250544567112  0.46568963442490180  0.48948369979135581  0.51493166064020324
  0.54224837887975175  0.57254348288712231  0.60636427416194127  0.64524975860159406
  0.69152880372823333  0.75000538110586779  0.84398322953638905  1.00000000000000000
 -0.00253460648698953  0.01038527504066065  0.02121891725062337  0.03083835732172457
  0.04043867476267708  0.05011173110214055  0.06028511750206975  0.07052130974301352
  0.08054734696254508  0.09055046640596176  0.10033385820103961  0.11000410989909087
  0.11981135476561974  0.13010377682243601  0.14025855831392234  0.15011191186316547
  0.16008772464183546  0.17036421214855876  0.18091644144935909  0.19151460118473806
  0.20188080062937278  0.21219849492629944  0.22224479604282998  0.23239529814399021
  0.24285525895294460  0.25352297207570917  0.26436190027586615  0.27530943634015470
  0.28653387473968728  0.29774657893306161  0.30884971027991648  0.31966866681837736
  0.33055039806635778  0.34136371879606175  0.35204165207748578  0.36281500448655069
  0.37333694782049753  0.38381060789293947  0.39408705063291388  0.40429533390779487
  0.41383492529042204  0.42341781652312938  0.43329322631536255  0.44372209157032327
  0.45446680826182839  0.46519950546000061  0.47602228951193115  0.48627843728167086
  0.49629542907203761  0.50647308069143460  0.51688227319459756  0.52720072343135294
  0.53738742666945361  0.54785778617163605  0.55850470511569261  0.56936131429336945
  0.58032518840853609  0.59134090403974793  0.60233982546402076  0.61322342415184428
  0.62400961529343857  0.63470167465221750  0.64550725116714402  0.65661003797657946
  0.66798767549311522  0.67936536173028594  0.69048943542294827  0.70113062649857916
  0.71131399786202421  0.72140849794035955  0.73156436635801247  0.74183313821329899
  0.75207453750193731  0.76249516899288738  0.77303151515970470  0.78365835612297463
  0.79430945917931584  0.80485349112667526  0.81551299729468996  0.82590678010713237
  0.83640013025568516  0.84693543018532980  0.85772749227167466  0.86845717857964910
  0.87903589912689906  0.88964046440073608  0.90032041356241843  0.91130184669613223
  0.92251053431119334  0.93388722813372882  0.94557855424853787  0.95674498891570670
  0.96781674881680224  0.97844583822428233  0.98927423328695518  1.00000000000000000
 -0.00240066318394632  0.00959299186037163  0.02014684763495408  0.03108650121112546
  0.04201219539476183  0.05248251523775149  0.06300999154516644  0.07334778585679597
  0.08387625427942910  0.09450717873342337  0.10514213324316599  0.11524657586808144
  0.12522923926705648  0.13533390835933212  0.14592423882427341  0.15647500451587565
  0.16715315771068706  0.17787571476260178  0.18864503336068592  0.19932951295103762
  0.20990425281551722  0.22065100051037581  0.23116756680909631  0.24162370196819560
  0.25189457264923321  0.26207186681944228  0.27245225152771818  0.28308911950824367
  0.29372581567722728  0.30382885765688800  0.31386841525512399  0.32408474136831633
  0.33462920029560284  0.34499172966626090  0.35519523350250787  0.36549067353988174
  0.37584373148431549  0.38598110659256690  0.39592083235042586  0.40603897228913644
  0.41648723469911786  0.42690514516551303  0.43717008689232850  0.44751434197745160
  0.45818136050025376  0.46946251176476134  0.48086501285519806  0.49179503879916747
  0.50247219109139118  0.51292286473741899  0.52368759595466052  0.53458929051535165
  0.54570894041074924  0.55696007171644801  0.56795380248760274  0.57854965628851951
  0.58926062506424159  0.60031715889837656  0.61180732176045671  0.62288043351797728
  0.63325341783609324  0.64335775015074881  0.65352272643223575  0.66384316256534837
  0.67421613128569258  0.68416109488211274  0.69481356316839538  0.70536042489017670
  0.71587601605219486  0.72598459387063197  0.73607745596970053  0.74629264723050814
  0.75670063698146062  0.76705752743734856  0.77768644752464500  0.78843850144896577
  0.79929226537546050  0.80994417915771144  0.82024997036193470  0.83059393767154421
  0.84100127206586872  0.85188459372108227  0.86299384400026047  0.87387099101291277
  0.88465719162540934  0.89506262486148236  0.90544209625353567  0.91605851441375619
  0.92660355029278807  0.93689699892775324  0.94750073329689877  0.95829397871153266
  0.96882246375121595  0.97903448105711444  0.98940673452954109  1.00000000000000000
 -0.00272722763372148  0.01012124863424176  0.02119995455223096  0.03181193116107216
  0.04225070346518290  0.05243241490701870  0.06229145299298124  0.07210903907768891
  0.08170005288334720  0.09256360898049186  0.10349358925023087  0.11338911167211746
  0.12312915549660647  0.13274467381111751  0.14301192083472930  0.15332426705589439
  0.16347798657463156  0.17369453930307077  0.18386253120929186  0.19397555253213186
  0.20437683577226498  0.21490563461514731  0.22542679238167371  0.23580487496610877
  0.24620226970018816  0.25679035724856075  0.26749698019756984  0.27795369968934913
  0.28814571932350075  0.29859826191896266  0.30959033857542401  0.32110479393797664
  0.33258783704906442  0.34342685021476821  0.35357560469685634  0.36327104213134703
  0.37300742345244203  0.38273665566625792  0.39243134963698334  0.40225336621350355
  0.41236469806382026  0.42271605870489026  0.43350249115532463  0.44462082419958365
  0.45579023320398282  0.46644492793807790  0.47675841888761661  0.48688024706292660
  0.49709469046573790  0.50743463354104001  0.51793893654389866  0.52872867467757168
  0.53975653964542614  0.55073687541239513  0.56158959439714984  0.57243514123006534
  0.58331731640862539  0.59424622417859640  0.60511454645497631  0.61592698610524932
  0.62677180944903055  0.63747648848817395  0.64795212416895831  0.65828876623926380
  0.66862458327078689  0.67906427919812928  0.68961333753246590  0.70027563688887784
  0.71114056713902563  0.72197815578593383  0.73269480575448565  0.74378218500072324
  0.75480514623889028  0.76594610516951145  0.77715036842918717  0.78869231318061594
  0.79924709764540536  0.80943508555807919  0.81898199204696642  0.82925724239796672
  0.83932982446527182  0.84989709102513100  0.86026875853702012  0.86994008914283394
  0.87963584473802037  0.88942606233898647  0.90042506301778624  0.91137611327390611
  0.92211421588050213  0.93299538982245478  0.94456480750840310  0.95618282128506582
  0.96785650075602481  0.97874220851696925  0.98962999424603804  1.00000000000000000
 -0.00261436232877073  0.01018412560615114  0.02082145813303170  0.03092786092788958
  0.04087211220093494  0.05066689970649525  0.06086407403629066  0.07096324866402279
  0.08068087783198009  0.09048738960684599  0.10027485777320218  0.11032751643388763
  0.12007566947841962  0.13025686972011269  0.14105184638066071  0.15190165027824490
  0.16252216113983306  0.17303952073251877  0.18361520675624579  0.19403875181226979
  0.20425471696977546  0.21449705292668708  0.22496129812615337  0.23575785114863407
  0.24657938788832426  0.25735668153794644  0.26800496430981718  0.27920756773688610
  0.29060109461527334  0.30166515570705860  0.31247564814329792  0.32306824011120633
  0.33372193151507135  0.34406910676002822  0.35412094681826767  0.36409789975678331
  0.37422097155571865  0.38451717947925645  0.39479388136957494  0.40512150076014891
  0.41527835229102977  0.42538340820380355  0.43543177528698745  0.44583169462270683
  0.45646041110954300  0.46703346530920625  0.47723179475782201  0.48712521139378406
  0.49696784395778892  0.50703848872531254  0.51744512752898308  0.52861124369614221
  0.53957792920671765  0.55018681562110294  0.56056986530967967  0.57127339163290913
  0.58221359040077603  0.59294072230876582  0.60336541237421937  0.61324671240124695
  0.62320546670105781  0.63341567717949621  0.64436415991775997  0.65529208929806848
  0.66600502475725776  0.67654795068883422  0.68710918037478985  0.69803695410964905
  0.70904356597520724  0.71969791237392045  0.72975893832777428  0.73962335829722226
  0.74978252493905129  0.76043802101711311  0.77159454365882219  0.78272380312848355
  0.79398946538815318  0.80522296555990402  0.81617246130290588  0.82691392765616145
  0.83791673974353975  0.84908943864386299  0.85993925748980782  0.87042188647693253
  0.88076674345938544  0.89168417510686315  0.90250134817118266  0.91362020998506854
  0.92473036924450958  0.93566303967539011  0.94682637981209916  0.95750466749114971
  0.96853791026808633  0.97884585850700556  0.98952580122368050  1.00000000000000000
 -0.00265988168472178  0.01052421851636511  0.02181503498311337  0.03279574532241222
  0.04420979528575948  0.05508080205546789  0.06559451052396031  0.07557688520129102
  0.08579182050817841  0.09647100973300278  0.10724962983041650  0.11827119918902533
  0.12909045630864768  0.13977503721984022  0.15011599907173967  0.16033033243373845
  0.17033519918932422  0.18014634489884793  0.19027888417422309  0.20072798204989681
  0.21137097967357579  0.22193390922354644  0.23221336545815094  0.24233557029050978
  0.25260076099069551  0.26319363828250686  0.27410656081296914  0.28510394139639628
  0.29598635848209703  0.30678712106505190  0.31731342138642898  0.32786154264818040
  0.33897883782802890  0.35052963632978223  0.36211212843800722  0.37319864056764601
  0.38386028744289546  0.39426232095462088  0.40494998215634181  0.41596213000132182
  0.42714953905442543  0.43777941698842004  0.44812573697132824  0.45848419980787630
  0.46912946304046516  0.48010576041750275  0.49107734177405132  0.50172846692788586
  0.51192570293370976  0.52197596376954747  0.53218023809894588  0.54246748536489697
  0.55258215837773539  0.56252640868425385  0.57254961774882884  0.58287024012936528
  0.59345560959402854  0.60429959111443832  0.61537167552961669  0.62642908200747305
  0.63718533396159915  0.64765559107220738  0.65808544396993662  0.66820292787714575
  0.67817761987864833  0.68815751529193936  0.69856217228403361  0.70900343252396270
  0.71920216569618023  0.72927039247849812  0.73912060789687983  0.74912365283862470
  0.75915259162576432  0.76939285235498645  0.77956014075077518  0.78965254921588124
  0.80023631311577581  0.81039785666616215  0.82043574898290916  0.83042696323482179
  0.84109084595112504  0.85209101948584121  0.86313189646944355  0.87387644687518884
  0.88455302797114854  0.89525637179233908  0.90594330781491694  0.91655796022412916
  0.92666758876345356  0.93660111029220006  0.94652918396156926  0.95643650757627519
  0.96701066677676006  0.97755986304339915  0.98875058594939247  1.00000000000000000
 -0.00233544182821308  0.00916377986099384  0.01877994560544992  0.02871599560246321
  0.03903516510760100  0.04944377615029599  0.05971897635876636  0.06994761735959916
  0.08043502571288380  0.09146655341651314  0.10255349511593799  0.11343673089553469
  0.12426908099153323  0.13478172697435448  0.14553576878583216  0.15635378453073331
  0.16747050798820071  0.17833332482389463  0.18946678770726219  0.20061644520851776
  0.21170870122919638  0.22256553837972298  0.23332522073221165  0.24397752007620460
  0.25447086084094989  0.26489587160212413  0.27538037133359250  0.28580486628613833
  0.29648089844839681  0.30703906276590481  0.31763580185831869  0.32823378759115096
  0.33866336386326124  0.34900963255953987  0.35932151510556937  0.36971945874631201
  0.38004411915104686  0.39045790154532806  0.40120253279140766  0.41243812254517176
  0.42359403726203348  0.43439627508605544  0.44477658590093377  0.45554742703793882
  0.46716944755751949  0.47913825090322504  0.49056927127210237  0.50162461058816832
  0.51259517357354978  0.52345969444616336  0.53404272515921569  0.54426516130723979
  0.55430176161112499  0.56428385555858440  0.57488066640525159  0.58523678101559884
  0.59555159527769908  0.60593547655430346  0.61676489531203471  0.62736225175285543
  0.63740070546635008  0.64733032101741084  0.65770317645356080  0.66871060991637921
  0.68009553408251078  0.69098560951848764  0.70133182889079704  0.71163656908968609
  0.72210518512144539  0.73258897885310204  0.74266571474551435  0.75302449952338846
  0.76359598991650346  0.77426170851213272  0.78447791899538233  0.79495928610726763
  0.80545624021781170  0.81603410445761948  0.82649467494340523  0.83697543801225882
  0.84780697214893275  0.85847017699403749  0.86928772988671599  0.88010552074561132
  0.89078759418685238  0.90125451130700152  0.91125550141000711  0.92112805724923885
  0.93061856459423431  0.94013968359013578  0.94991059970751501  0.96021319782406167
  0.97052150869785092  0.98024475150999379  0.99022926210966733  1.00000000000000000
   2.1394384956417440E-012  -1.0000000000000000     
 T T T T T T T T T T T T T T T T T T T T T T T T T T T T T T T T T T T T T T T T T T T T T T T T
