  0.00000008414008147  0.00000018858776937  0.00000030741090675  0.00000042344392375
  0.00000053981225339  0.00000065517979484  0.00000076430734805  0.00000087449286357
  0.00000098733925052  0.00000110490113254  0.00000122543232690  0.00000134416679724
  0.00000145381578052  0.00000155835474894  0.00000166661210642  0.00000177727841771
  0.00000189081766961  0.00000200490241042  0.00000213014838256  0.00000224616792561
  0.00000236215435136  0.00000248559814429  0.00000261228366005  0.00000274611069764
  0.00000287804831038  0.00000301117097831  0.00000313644801645  0.00000326938968294
  0.00000340904554933  0.00000355774635417  0.00000369969186111  0.00000384166966881
  0.00000398340175629  0.00000413174563304  0.00000429734163108  0.00000445919718218
  0.00000462522990733  0.00000479056167646  0.00000497263015642  0.00000517466222013
  0.00000538009521601  0.00000558366986883  0.00000578975321046  0.00000602280813928
  0.00000627356661799  0.00000651542923005  0.00000675499252116  0.00000700277871401
  0.00000727037016402  0.00000754966190608  0.00000780446396012  0.00000805827038110
  0.00000831760801600  0.00000859938295780  0.00000895347522092  0.00000931806191567
  0.00000967890136969  0.00001002659292716  0.00001037323555902  0.00001073844783176
  0.00001111906581311  0.00001149472845321  0.00001185802821775  0.00001220951850652
  0.00001256431801271  0.00001294042384950  0.00001333510730761  0.00001370622389271
  0.00001406121153822  0.00001441368993889  0.00001477330409975  0.00001514959884434
  0.00001558550014072  0.00001607808174453  0.00001655908499096  0.00001703924506674
  0.00001751390116581  0.00001798198380449  0.00001846546711614  0.00001900308570995
  0.00001956837991928  0.00002016788403125  0.00002080632652404  0.00002146734293922
  0.00002218971736234  0.00002304057925119  0.00002401502286370  0.00002505360895770
  0.00002616623313546  0.00002747328815296  0.00002907266750660  0.00003098684107239
  0.00003381425082804  0.00003938272319520  0.00004457725455596  1.00000000000000000
  0.00000011221566322  0.00000041383311848  0.00000051990610189  0.00000064968025264
  0.00000081206245871  0.00000100512487425  0.00000122576456990  0.00000147525030950
  0.00000167167063830  0.00000185169214458  0.00000203879651532  0.00000223275046235
  0.00000244220306963  0.00000268631193453  0.00000294631456084  0.00000316353501362
  0.00000336515610375  0.00000356467983041  0.00000380061643377  0.00000403613917254
  0.00000426683490816  0.00000449556552679  0.00000472431486127  0.00000496318505852
  0.00000522279723633  0.00000550256953815  0.00000577839979952  0.00000605143978259
  0.00000632793266026  0.00000661857841343  0.00000689904938785  0.00000715558519318
  0.00000739866665950  0.00000764495400352  0.00000790671555250  0.00000817891429982
  0.00000845943519543  0.00000874192066303  0.00000903975150998  0.00000935343903786
  0.00000967297901790  0.00000998947792415  0.00001030423909140  0.00001061678942296
  0.00001095129108523  0.00001129903677939  0.00001165322257008  0.00001201623151848
  0.00001238180224066  0.00001274195322427  0.00001310474113839  0.00001348611132233
  0.00001389286762747  0.00001431508947733  0.00001472030221968  0.00001511865826988
  0.00001550539577691  0.00001589688476590  0.00001632782026481  0.00001677024077874
  0.00001721682032940  0.00001765880841514  0.00001811250954303  0.00001858456961439
  0.00001907903732521  0.00001960235571145  0.00002014033816895  0.00002067373526739
  0.00002120319392739  0.00002173982000199  0.00002228206711499  0.00002279697199228
  0.00002346589146121  0.00002412292032736  0.00002479414819078  0.00002544442605818
  0.00002609671478854  0.00002676496167155  0.00002746714213758  0.00002824202481851
  0.00002907595032953  0.00002993066368755  0.00003081223964703  0.00003177178566204
  0.00003265081750084  0.00003375507354197  0.00003496468596035  0.00003623603778972
  0.00003758514656259  0.00003903195211989  0.00004073812024696  0.00004301070013732
  0.00004606232179007  0.00005058598194601  0.00005759211157802  1.00000000000000000
 -0.00278938378017293  0.01051653115861235  0.02168724546222795  0.03154787532252475
  0.04121297982814078  0.05073651071723988  0.06010027059934647  0.06930442039362644
  0.07858754119384204  0.08898073029281421  0.10000380691976886  0.11087693121066805
  0.12123820833844196  0.13102276998112922  0.14038646129166485  0.14989077000534054
  0.15916733180435247  0.16874401189024718  0.17858611326147728  0.18958623095373134
  0.20058406253183644  0.21074213356437779  0.22014871432348573  0.22940899299921647
  0.23869091245128188  0.24838988051998770  0.25947399083006151  0.27181056492514166
  0.28342066295182716  0.29443436361586139  0.30497647228339858  0.31573897362999404
  0.32607004659155597  0.33589188062473208  0.34527803592719392  0.35492472743635628
  0.36533819898677972  0.37653033382415513  0.38812836006288826  0.39981232020172042
  0.41149500983961551  0.42292583814212437  0.43443529978003587  0.44587758664070037
  0.45721227402594944  0.46812582178339734  0.47873984943104259  0.48920087619604535
  0.49985802918681121  0.51105254600192540  0.52243774810457244  0.53336860185112223
  0.54364905558270005  0.55381434668754403  0.56396933062824273  0.57402998280145212
  0.58409661465199791  0.59413544484641068  0.60438634610097552  0.61565027984616549
  0.62733410251890565  0.63888228647825041  0.65013643333109361  0.66150923377851856
  0.67265620882711463  0.68322383498718553  0.69319146763544104  0.70297280489585057
  0.71283331871525635  0.72252236021641325  0.73248735012223487  0.74200727178536985
  0.75104770263584175  0.76097754988877353  0.77074670813312574  0.78101478454474227
  0.79092612402101947  0.80239379005761002  0.81345324537847974  0.82442229685166757
  0.83547438448923483  0.84692635685499973  0.85856277671802139  0.87014620838728218
  0.88163296180494855  0.89325800276052469  0.90490844202816889  0.91624490869775910
  0.92712441893847441  0.93817615769719820  0.94913486476673747  0.96016678755976681
  0.96936261850428185  0.97910102954712019  0.98872672856243238  1.00000000000000000
 -0.00263730558933738  0.01214540311388568  0.02303654639864861  0.03430337167732937
  0.04486978253460744  0.05616399159249789  0.06683953226164029  0.07772549502227430
  0.08864394432472980  0.10024824061109869  0.11182374567878096  0.12311592226265282
  0.13462781368850260  0.14612236075201818  0.15719146179861254  0.16762881045963388
  0.17754224202413088  0.18749091870353407  0.19739776835760936  0.20722720328340113
  0.21699500746141684  0.22678703329559083  0.23697126152924872  0.24735386382970925
  0.25748586043022853  0.26756063544660108  0.27817590247993085  0.28932203425750164
  0.30062835640485841  0.31208059363110324  0.32352887257543811  0.33401856723085660
  0.34343585002127008  0.35273773202499964  0.36234645393936371  0.37221756817751495
  0.38183411696169561  0.39032210823640451  0.39892939504979147  0.40823032902669026
  0.41934209969934561  0.43104887928012864  0.44251441236419048  0.45343445028689250
  0.46425950837126290  0.47522618715859510  0.48650236986070877  0.49788611027088125
  0.50878223860479699  0.51891864685575317  0.52875181109261205  0.53896362961508415
  0.54922920934775143  0.55882598056402499  0.56775172007549901  0.57664836866563274
  0.58616656983440096  0.59664831177469613  0.60807148288935720  0.61986796198381122
  0.63100878957674000  0.64205054340299073  0.65358697780134134  0.66530773748524374
  0.67669762886977114  0.68750900796412195  0.69816440633874199  0.70919784123798280
  0.72037662866803764  0.73119372579605713  0.74093594448181699  0.75007774980579334
  0.75959677048179863  0.76975439618934549  0.78049123569246026  0.79140393347425386
  0.80215869824885344  0.81328478473214605  0.82364216053744688  0.83308168439874297
  0.84216210686577309  0.85173254174260959  0.86196515513541028  0.87179057841146668
  0.88192184461214818  0.89209076877838744  0.90254151149271344  0.91328750521467894
  0.92406202786034042  0.93493232805567894  0.94581942010220532  0.95638871776115575
  0.96719473888603347  0.97781143679209015  0.98893521395020167  1.00000000000000000
 -0.00561401789201827  0.03435997021631756  0.06406693470590712  0.08841166048575222
  0.11090303440443011  0.13119235743674662  0.15027330186237420  0.16933947388261933
  0.18881829128808925  0.20744836429039887  0.22440483727186519  0.23928586110165534
  0.25375719287984544  0.26890257125350409  0.28435690333417057  0.29950880646843614
  0.31460724451176375  0.32926944643737405  0.34250937491087535  0.35459863330587721
  0.36703186799694060  0.37960930483997873  0.39182430014484931  0.40414040008507052
  0.41624692135412122  0.42851124992776207  0.43991422599432872  0.45039410371255284
  0.46012135329136500  0.47036297491932927  0.48043794174571669  0.49015061611007898
  0.49989491277537101  0.51069680102034620  0.52107737270737964  0.53036916229939601
  0.53980435390607606  0.54921755095492464  0.56069336549098314  0.57135933570564812
  0.58260074282796448  0.59323136393951037  0.60322849477067264  0.61234821136244866
  0.62125977876892735  0.63021024888282340  0.63924711401406320  0.64787325568968379
  0.65606388462875143  0.66416089965343650  0.67244703899597147  0.68108155563259432
  0.68975754765267050  0.69801632647102763  0.70616696219272002  0.71377800969827176
  0.72099840574981289  0.72811909433301336  0.73534019386638660  0.74274381372834497
  0.75034777060297353  0.75795199139223013  0.76546683595879017  0.77265710312870717
  0.77976990571347371  0.78681477052482640  0.79396846061256865  0.80146225329864140
  0.80925387396035875  0.81719773130518014  0.82511470469938175  0.83283096548024782
  0.84070189392701999  0.84881285753329316  0.85641269234110284  0.86375109240543524
  0.87106913295022426  0.87826540593962388  0.88503626691292703  0.89149589191846046
  0.89791392498237932  0.90451764562406267  0.91123509967573835  0.91782698014131137
  0.92433913591200534  0.93081404149095481  0.93707202417834135  0.94443152164567423
  0.95176840511519867  0.95878015880513434  0.96552253426266099  0.97234194432571963
  0.97935839598125674  0.98644433962441125  0.99333739503668905  1.00000000000000000
 -0.00273609376979267  0.01099058993316778  0.02227462793293763  0.03240020195242377
  0.04262182766676122  0.05291326220773365  0.06316393615079417  0.07297718932797878
  0.08289511147258830  0.09332102316689264  0.10481286757100489  0.11627821892487253
  0.12641647827759681  0.13597891535094872  0.14523287331019363  0.15522602711503025
  0.16577498050013109  0.17587702251018053  0.18667136402444448  0.19745429232129783
  0.20799874898100995  0.21792875662644889  0.22734530559103180  0.23733330542615205
  0.24763362272757755  0.25815655484576566  0.26875276356369771  0.27976118908783748
  0.29179438882025849  0.30338853165714180  0.31539078118210362  0.32685990991204367
  0.33817669660336558  0.34904324259087360  0.35961666051716440  0.36988123115852495
  0.38016028949920261  0.39059182129012793  0.40125553349142351  0.41143497834624709
  0.42139683670289851  0.43127427765269521  0.44164638785275789  0.45218740204576896
  0.46299388372010458  0.47411444101037176  0.48581826120171556  0.49728945161568233
  0.50763537586156204  0.51750754393486620  0.52727127710345767  0.53706464908343698
  0.54728530498153038  0.55758901019823026  0.56787260883519919  0.57831920067882414
  0.58858999761804776  0.59947667491128365  0.61009077564104952  0.62022326332188593
  0.63021625698879502  0.64034029240112467  0.65040459461452504  0.66052633549500750
  0.67017066744322251  0.68061968385384208  0.69101417127762488  0.70212565218210932
  0.71387849774612433  0.72615363557455115  0.73889094338052275  0.75132191055131203
  0.76483798900672217  0.77741186602378343  0.79008157300658766  0.80195086183381648
  0.81316832934136440  0.82321541253021535  0.83254670384302121  0.84186401439922764
  0.85133748811942711  0.86142021043440897  0.87207511509055780  0.88319487979591449
  0.89352964860822470  0.90349807379185298  0.91309655991784466  0.92311132118758277
  0.93226292239520780  0.94136158789442426  0.95028897543802648  0.95968373308388277
  0.96930248365331562  0.97892044390221122  0.98919665078899477  1.00000000000000000
 -0.00929369842762424  0.06271045398662906  0.10231732325573420  0.13619433408105547
  0.16563744084374182  0.19019394315799137  0.21194803685950600  0.23364818690799286
  0.25486644564052663  0.27459171068037908  0.29112821008369777  0.30683130487604438
  0.32213057154165214  0.33640914757080437  0.35108389805448947  0.36640253235931269
  0.38186152949564034  0.39662086129029039  0.41025000982411264  0.42272313234754672
  0.43459725733556337  0.44694764962439648  0.45918565739321615  0.46994284555980131
  0.47935193293526979  0.48895994810106258  0.49889817200761477  0.50912997834354634
  0.51898699849143193  0.52963400639034630  0.54051020466533783  0.55071573047454137
  0.56024154669507387  0.56970203763996252  0.57918600876786641  0.58851989765879287
  0.59762486992990504  0.60664050964349303  0.61577313469408401  0.62481258759342462
  0.63368788498457695  0.64269377431325991  0.65204383734406168  0.66181362940329458
  0.67072948361444218  0.67942102441712571  0.68805775623404730  0.69713464457203522
  0.70600225569127384  0.71396369191712761  0.72164745344454528  0.72923267808733938
  0.73689159412518823  0.74444591388417236  0.75176903267620188  0.75887858378416062
  0.76576569120270277  0.77267282878273436  0.77939217895864343  0.78650935212115092
  0.79342059567102807  0.80077885094735146  0.80797976885977540  0.81534643308343091
  0.82256259152888800  0.82962033585477868  0.83618532735017936  0.84280709617653460
  0.84914984409922156  0.85560306814960885  0.86220270479119476  0.86884529265973121
  0.87543428171796733  0.88182609796282574  0.88798797336117596  0.89387391257003723
  0.89942084945586709  0.90475310683876764  0.91016845226284881  0.91562134357270220
  0.92085436263799791  0.92581391562292681  0.93058283225283422  0.93537348796733111
  0.94022386360637655  0.94517468612821520  0.95018036261431615  0.95514512889754566
  0.96061683508312301  0.96640023341588888  0.97222804050002010  0.97787185293823042
  0.98332581508212125  0.98874892719177010  0.99432921443607658  1.00000000000000000
 -0.00238395031224945  0.00967118975251278  0.02046048563388136  0.03123163362481663
  0.04199464422286498  0.05240520481168499  0.06291696575871822  0.07295647919157694
  0.08301068569883564  0.09284902878942919  0.10285733141257231  0.11283722281367724
  0.12255026150558977  0.13244829252433490  0.14155698997755917  0.15185780367880888
  0.16195767827187038  0.17238841838913518  0.18339684865123584  0.19330503134464014
  0.20285340247726397  0.21191988171979528  0.22112917440988789  0.23089274270344398
  0.24049927462157888  0.24922270230160545  0.25795713628823841  0.26716238472064247
  0.27699802344317587  0.28730509964729234  0.29783556987010568  0.30867584031612416
  0.31961708451208887  0.33081956312301486  0.34279320488689086  0.35516839484375451
  0.36682450149583229  0.37791340977790611  0.38859369334097293  0.39904202873889794
  0.40949892714721137  0.41964122466383857  0.42923292308606092  0.43860858533534408
  0.44818995341050299  0.45793890579188296  0.46796638463997453  0.47824585051164692
  0.48834041857910643  0.49874899535837497  0.50903170907053852  0.51889183427078722
  0.52812709873263097  0.53706778211721473  0.54684319938475434  0.55733935026467996
  0.56774822902862676  0.57800642238894417  0.58898832708609017  0.59971371966555986
  0.61025323121419428  0.62019621242256762  0.62989333295764016  0.63916985259410819
  0.64848196275997494  0.65802187570871573  0.66863295353631436  0.68047685491580001
  0.69283269341604370  0.70509009447020432  0.71679226763980453  0.72792980780474648
  0.73915208620893846  0.75093475060362758  0.76361963836362623  0.77700811179971163
  0.79018398215408325  0.80214593336631013  0.81232647072260689  0.82181016481276514
  0.83094499045289194  0.83987524792708490  0.84985701129554103  0.86029203193887971
  0.87083804830766631  0.88128488176265862  0.89163249094184793  0.90198003616683242
  0.91308132908996475  0.92482006627292856  0.93859484118675895  0.95207828930201910
  0.96508463018118151  0.97697158377564086  0.98854370484160814  1.00000000000000000
  0.02377321986733383  0.03531299003487079  0.04785561436234859  0.06026997274382590
  0.07231811470148124  0.08401479831226920  0.09490045266827110  0.10506249814021798
  0.11487612885704404  0.12482297549684185  0.13522992268266337  0.14553642736992875
  0.15597190344919429  0.16679105897367386  0.17830087142060089  0.18930414540670029
  0.19946529070475799  0.20977761584183366  0.22089020084388974  0.23258668500263466
  0.24328313796380324  0.25359742399689522  0.26440065154742248  0.27500129323314593
  0.28508446120767450  0.29525808709317602  0.30602017088513567  0.31733069875698944
  0.32857877565669730  0.34014011014519790  0.35146192762150796  0.36230662702144256
  0.37302793448341459  0.38395481382743252  0.39490890416585589  0.40515291291637462
  0.41480956913951084  0.42440858712023150  0.43356341883343791  0.44203324642254765
  0.44997425278467029  0.45816562257659971  0.46675954396214953  0.47562091698998948
  0.48432757001773374  0.49334603691721995  0.50300035498020179  0.51395270322362852
  0.52425019493139036  0.53428603320233414  0.54447946059602714  0.55516070384196337
  0.56593275545640764  0.57627888330233779  0.58668836260424073  0.59738002592373729
  0.60806223174146279  0.61820368669229342  0.62756544577903528  0.63655709442008124
  0.64595616925940336  0.65496524094092579  0.66295298660578139  0.67144040627211166
  0.68015218733688765  0.69062347246599620  0.70181175657051031  0.71396089290552400
  0.72598117225495129  0.73731375686255995  0.74791486443667476  0.75798246884281617
  0.76800896449302491  0.77870200075649731  0.79017101045679727  0.80174532628934192
  0.81292983702880084  0.82370214661984742  0.83420890100014999  0.84411023639722826
  0.85380047060772013  0.86338079238972587  0.87340627020770001  0.88277728185763193
  0.89251935203043253  0.90155824666390605  0.91100792763204186  0.91976747872631470
  0.92927167544932743  0.93853231563019623  0.94711982261937067  0.95526953630604794
  0.96208665251075598  0.96798914581876061  0.97032380844026922  1.00000000000000000
 -0.01476312675282354  0.08606817099186694  0.11899596412828709  0.13905930411158968
  0.15667988863006782  0.17310396277480392  0.18730273006691370  0.20052499009423505
  0.21249251177477618  0.22477620621708624  0.23563927973153284  0.24595270704801564
  0.25633598847120032  0.26667240756778315  0.27651057899843939  0.28527893683796496
  0.29315149697963833  0.30044261268726180  0.30770575010404888  0.31526278996007417
  0.32320774197074648  0.33125897175498320  0.33925002071836191  0.34658949712965947
  0.35332254327904689  0.36008255604440342  0.36723605921850494  0.37425772127862067
  0.38139595788645431  0.38851470743115485  0.39536655664221915  0.40197158577822123
  0.40841549179097481  0.41481110797471071  0.42111237608688479  0.42722058005248476
  0.43329090682280968  0.43878401297149111  0.44386582881417386  0.44893611161111829
  0.45411115589486439  0.45945172880420243  0.46484565493784102  0.47023975141437718
  0.47566365729074689  0.48130268195942083  0.48713002164096314  0.49306969220981045
  0.49877424038519619  0.50418768429062688  0.50949546078493635  0.51485588547021544
  0.52047201807341714  0.52635456428733629  0.53217006528270505  0.53798878612214129
  0.54402734541611009  0.55032781398138275  0.55667462974548054  0.56280466514929717
  0.56880102752712869  0.57485829621533524  0.58080876198014963  0.58703806481763310
  0.59329844059608039  0.59942758673116658  0.60550716635540691  0.61134012255398762
  0.61700716038658909  0.62312634069035866  0.62962933825376910  0.63656996629288387
  0.64368093059679687  0.65113192648797735  0.65875085948593604  0.66649912205800232
  0.67440155054879580  0.68231763784948218  0.69030654942154057  0.69905943229668399
  0.70792450093677051  0.71695620816274164  0.72647558596633943  0.73649059104680292
  0.74700024438157997  0.75790286006399421  0.76893011917442211  0.78049584954404838
  0.79234989756640628  0.80475518399370605  0.81788278179014817  0.83359136847300741
  0.85339179602658888  0.87652420386972629  0.91039941023640436  1.00000000000000000
   8.3602248096136120E-029  -1.0000000000000000     
 T T T T T F F T T F F T T T T T T T T T F F F F F F F F T T T T T T T T F F F F F F F F T T T T T T T T T F T T T F F T T T T T T T T T T F F T T F F T T T T T T T T T F F F F F F F F T T T T T T T T F F F F F F F F T T T T T T T T T F T T T F F T T T T T
  <DiscreteSampler_grid>
  grouped_processes
  1 # 1 for a reference and 2 for a running grid.
  10 # Attribute 'min_bin_probing_points' of the grid.
  1 # Attribute 'grid_mode' of the grid. 1=='default',2=='initialization'
  0.0000000000000000 # Attribute 'small_contrib_threshold' of the grid.
  0.5000000000000000 # Attribute 'damping_power' of the grid.
 # binID   n_entries weight   weight_sqr   abs_weight
    10   10   4.058806163394236E-020   5.349437135133022E-039   4.058806163394236E-020
    11   10   4.058806163394232E-020   5.349437135133009E-039   4.058806163394232E-020
    16   10   3.977418351492187E-020   5.016295428476162E-039   3.977418351492187E-020
    17   10   3.977418351492184E-020   5.016295428476154E-039   3.977418351492184E-020
  </DiscreteSampler_grid>
