  0.00191540801898427  0.00195148464813829  0.00199422714559925  0.00203718681620668
  0.00208050732295051  0.00212483983344985  0.00216882346061918  0.00221207446985665
  0.00225545402972980  0.00229921008200960  0.00234411596958542  0.00239208892203946
  0.00244376749402789  0.00249660903170147  0.00254911651449887  0.00260070173531893
  0.00265653612700751  0.00271280142552562  0.00277300650944118  0.00283526140407876
  0.00289942860684575  0.00296555433602105  0.00303357474664022  0.00310329901266278
  0.00317415577282779  0.00324787253119618  0.00332447195200673  0.00340343113179482
  0.00349075905578898  0.00357923415404332  0.00366885702409912  0.00375970940843427
  0.00385142909895637  0.00394553324879832  0.00404591316613114  0.00415183580568418
  0.00426164679038718  0.00437622732831868  0.00449347870494629  0.00461511178591144
  0.00474671046084663  0.00488567095028327  0.00503029343286085  0.00518024922803645
  0.00532995719593006  0.00548385630223686  0.00564263656758785  0.00581066294669282
  0.00598794360286686  0.00617365431467717  0.00636809862271778  0.00657308802215076
  0.00679149745519141  0.00701883300383146  0.00725911624833506  0.00751573328747541
  0.00777985611690200  0.00805408276055755  0.00833825398750129  0.00863729028035638
  0.00895300252477554  0.00930066936697784  0.00966870896560291  0.01005601350794343
  0.01046296950950195  0.01089110847332344  0.01133587962200121  0.01180513159123934
  0.01230946108692327  0.01285530889495229  0.01344347381749714  0.01408205642896374
  0.01477975723557232  0.01556341658434839  0.01641796755082147  0.01732311656421471
  0.01828512712836186  0.01934209785337038  0.02050693838106382  0.02178166387558109
  0.02318315719000388  0.02475445316836690  0.02652472196617932  0.02853287099817627
  0.03081038156394399  0.03345234107862147  0.03651965585780054  0.04009809665983616
  0.04442676421607956  0.04982901395994748  0.05662161084557471  0.06620793276263238
  0.08035988970082925  0.10446182518860198  0.17849308750854243  1.00000000000000000
  0.00202946270202096  0.00363385996758959  0.00466262821503260  0.00559680218271314
  0.00656425359278991  0.00755285504601421  0.00853426376693917  0.00948158097987441
  0.01044954514020177  0.01149103533040994  0.01258291716617457  0.01371574787829481
  0.01488302837987669  0.01611764441002581  0.01740464340256191  0.01868777469961283
  0.02004784757977378  0.02147906137103005  0.02302021911817483  0.02450518275465393
  0.02602017705655272  0.02761573681435071  0.02931731974955399  0.03104251868438988
  0.03275850830761503  0.03451990938082364  0.03638131766220327  0.03839976201836631
  0.04057816928363457  0.04287051147850888  0.04520907429470476  0.04756821963763792
  0.04997039113224319  0.05241354708285996  0.05490030011211938  0.05741845977995975
  0.06002590388278287  0.06276694404759359  0.06560982296521138  0.06848463972074748
  0.07141845831813545  0.07446981199499578  0.07764313200200604  0.08102081817191269
  0.08465313467277316  0.08843010792014701  0.09233522076802145  0.09636733729140043
  0.10048581533272029  0.10478609031300359  0.10925453431700206  0.11396561475901951
  0.11883852121643666  0.12385812620705088  0.12892930122926954  0.13428339006706275
  0.13983362135153896  0.14577015084253953  0.15192965263596678  0.15815741761013166
  0.16461567280206027  0.17137158992449950  0.17829624337800498  0.18534850332000183
  0.19262336531381430  0.20021115710690970  0.20822157636649488  0.21651904514627313
  0.22479303320833330  0.23330327736870909  0.24247621451929355  0.25212857180177523
  0.26237625386455182  0.27301649204916745  0.28400300522216038  0.29550744833812698
  0.30758306503055310  0.31993847388980334  0.33279265529036417  0.34643208646309853
  0.36089077615513937  0.37675659877512352  0.39456641783906637  0.41419882232156985
  0.43557933829883599  0.45836389804340028  0.48316488303431876  0.51060934999719076
  0.54071831920797087  0.57348521173706091  0.60987489560445352  0.64900053805360736
  0.69440576959688871  0.74996747161734090  0.84107897510029883  1.00000000000000000
 -0.00262946082096303  0.01006142493025512  0.02051264805326360  0.03136811625322589
  0.04208874636311385  0.05327779743352910  0.06429104820183368  0.07492838177596367
  0.08494196616698586  0.09489793739853983  0.10477247776572465  0.11488181390577601
  0.12513525767209108  0.13505056143286157  0.14482483851353400  0.15467388352580494
  0.16477539054733523  0.17533339351526758  0.18620235921621955  0.19762855080555558
  0.20878864741209613  0.21998978794570126  0.23107124796570799  0.24137409479589764
  0.25154990417661149  0.26160254844315500  0.27183837589338133  0.28218182215553883
  0.29256692535952999  0.30314374255178861  0.31356079288964483  0.32402716195449371
  0.33461062116979357  0.34531264503759618  0.35633351171465899  0.36764708051518352
  0.37896995141551804  0.38967445250874017  0.40042331554695898  0.41115455980981719
  0.42202496073638046  0.43257229879201325  0.44311442277993002  0.45377012970341879
  0.46444772254098499  0.47515407756201583  0.48581282046890001  0.49635263455259165
  0.50689215230951490  0.51718216251769089  0.52746225804155289  0.53774658067752124
  0.54831727390830320  0.55878299442425072  0.56914041503825763  0.57920320335765296
  0.58944356461077829  0.59956603797661201  0.60956126796850063  0.61962316420303787
  0.62986521208297397  0.64009360190840703  0.65042604151746319  0.66076023376973458
  0.67168489235061801  0.68281781553477561  0.69382743084776211  0.70475254488609540
  0.71537842768027848  0.72595334808711998  0.73663719066441646  0.74740979604997759
  0.75812017417738120  0.76874270385775656  0.77964756402059832  0.79071114983296409
  0.80153292503244911  0.81167022222909124  0.82182319977207219  0.83139948069479264
  0.84174260563663861  0.85158347055529515  0.86177757015784084  0.87213886624461623
  0.88263010474022352  0.89326143123098023  0.90389524133764987  0.91468280626170761
  0.92485228183327917  0.93500198779843136  0.94538203745799276  0.95593603872969579
  0.96695512360478697  0.97745875078238875  0.98895824591912884  1.00000000000000000
 -0.00254909709766896  0.00919834517081603  0.01910912273862927  0.02950251653830630
  0.04027200075952254  0.05127253654363447  0.06169268310095644  0.07204886482568133
  0.08187576493575814  0.09195834254340768  0.10209085562909262  0.11219669547168172
  0.12269509481705100  0.13323185362704298  0.14369040512240155  0.15358664532275676
  0.16370998269786338  0.17429239500213561  0.18491853361766419  0.19592206656202438
  0.20644724671417142  0.21714616307833903  0.22758493421954132  0.23780992994431457
  0.24783923790797627  0.25772461026146587  0.26762839811968131  0.27772580930579566
  0.28818829928184964  0.29914310995033450  0.31002099183633253  0.32088559181864584
  0.33152288209983227  0.34211817628333718  0.35271524210040894  0.36347202100770676
  0.37474794899735209  0.38620788265064715  0.39732981288695080  0.40808406372907674
  0.41868023213547229  0.42911578209574225  0.43974157780158274  0.45030850703221625
  0.46130122160130166  0.47203049149123461  0.48242417682961403  0.49262020928434680
  0.50304924149600272  0.51314875688354011  0.52337973019724793  0.53344048152292278
  0.54409365953871636  0.55487436251402811  0.56597398943113375  0.57710737554815450
  0.58805134317887231  0.59888772710154847  0.60995488216732952  0.62156451919871014
  0.63248608882893609  0.64372764650179737  0.65425400224243790  0.66493809181293528
  0.67489528307784685  0.68504359082918820  0.69521011282521783  0.70594085407000851
  0.71685362558713772  0.72790339509776347  0.73846743949323967  0.74910570984714098
  0.75927041159970754  0.76976443091305502  0.78029680252318767  0.79100360569175021
  0.80148777035801566  0.81187835605290226  0.82233750611912293  0.83315736040134436
  0.84395733094218195  0.85457419733894247  0.86510968922621412  0.87574453543408670
  0.88616172973195884  0.89624660649183996  0.90617029839547392  0.91611576216379698
  0.92651190154744345  0.93712577995554491  0.94786396066598633  0.95827695758079900
  0.96858820822568081  0.97890483202619571  0.98944626376795997  1.00000000000000000
 -0.00228197565132550  0.00871270686386027  0.01838604848825000  0.02846175810881067
  0.03853759503669518  0.04885830124429583  0.05899035261496605  0.06945778385497089
  0.08007514687328959  0.09097960306971847  0.10178775490538607  0.11250576717337236
  0.12267923870395667  0.13253792719869181  0.14240666981404573  0.15266389798870808
  0.16306517107192889  0.17348572379709973  0.18421658832012125  0.19513083606948087
  0.20616978327825722  0.21651445423196480  0.22666065393622470  0.23674439599892144
  0.24713734222324776  0.25751010121583712  0.26793503048237394  0.27857957623172047
  0.28949193376985727  0.30036726805487751  0.31096702950019428  0.32177514076248642
  0.33237133033211652  0.34275855258377241  0.35284648894774018  0.36335403536160421
  0.37404523345768531  0.38468376500786194  0.39520865207887168  0.40589059131401112
  0.41654395912347619  0.42697157008952458  0.43720659385033234  0.44776543987788725
  0.45835450731858596  0.46951254724248737  0.48032313479185701  0.49096554749104082
  0.50135236630296875  0.51174368983737295  0.52270747206688417  0.53345338516635599
  0.54401946519074218  0.55459361881140656  0.56523952068707306  0.57614135948195988
  0.58669683323666399  0.59718365167603416  0.60716305840092699  0.61690968185015405
  0.62671611067853361  0.63688942130935233  0.64697693926172539  0.65689840729321691
  0.66708461090564020  0.67742487460219891  0.68790454589783290  0.69849472970954307
  0.70940717465977243  0.72040027293408437  0.73121870551422252  0.74174250734718861
  0.75221956772514653  0.76248350184348002  0.77250288245847432  0.78266022439030802
  0.79252062991012384  0.80318825517240766  0.81418334369798695  0.82561144814407472
  0.83671662286569581  0.84737184582174840  0.85832345688578837  0.86951247177084312
  0.88064484882521554  0.89092926698605412  0.90108085118856829  0.91174482081263708
  0.92338164056814864  0.93498351379878386  0.94610587276798985  0.95721284075098201
  0.96814341522345915  0.97924941332377013  0.98953355655072606  1.00000000000000000
 -0.00258385899209612  0.01013212411118986  0.02096168462296884  0.03144256210031581
  0.04200492970780623  0.05274000404312348  0.06384983013541168  0.07462708476183430
  0.08547709995010219  0.09621318975048018  0.10708125458981604  0.11751866649439058
  0.12777399844690840  0.13858625606897940  0.14923879905782564  0.15975046142120727
  0.17017508948527021  0.18098685854931476  0.19148399492701862  0.20212998708915395
  0.21302557270177605  0.22407544064227267  0.23426735376218843  0.24402015062480908
  0.25388595045139484  0.26389011667926782  0.27404550795242616  0.28404466721825988
  0.29400004826604803  0.30397491758598666  0.31457627412819333  0.32578683944907877
  0.33688443720750783  0.34745513849389281  0.35785360456721582  0.36852544029537715
  0.37932312031056348  0.39004632840113002  0.40108715006337542  0.41237080200946596
  0.42402178042564231  0.43518627538926580  0.44583544913015571  0.45611950113310462
  0.46616975173533515  0.47631434694805613  0.48670398420594424  0.49678827021488958
  0.50658911802641893  0.51615238230207894  0.52633316628544513  0.53714077106501767
  0.54792328943859059  0.55857234990769133  0.56885292116989505  0.57885575141838208
  0.58867992388380452  0.59873194377264882  0.60918863227557307  0.61982345211606182
  0.63007131628629232  0.64000527577752597  0.64968182991499268  0.65940604041178974
  0.66929341232207429  0.67965463287546113  0.69026927271997951  0.70099346168639798
  0.71158564749546016  0.72227689100331982  0.73310067124715006  0.74380324886558358
  0.75452531162310366  0.76521804980981212  0.77594711601819910  0.78671464874746966
  0.79758609347597254  0.80865912759076863  0.82000146792986139  0.83074965089606612
  0.84122314662714670  0.85161658801717044  0.86265664628728700  0.87320337218478050
  0.88381156107336567  0.89415171407780447  0.90494328930008971  0.91538324791072456
  0.92602105552146152  0.93659490662674882  0.94705949534161582  0.95722461451650021
  0.96759060330521085  0.97792592543323342  0.98874003414447387  1.00000000000000000
 -0.00242733713216187  0.00910909398761920  0.01906104125233991  0.02954958072343003
  0.04014981923446852  0.05079839597866404  0.06134328420342992  0.07214905618791358
  0.08322237003495284  0.09423224790996550  0.10501418656384168  0.11584414206532370
  0.12656471605097733  0.13773206131019014  0.14894799112293100  0.16006236240167560
  0.17062076449412111  0.18076476380063630  0.19072678531572107  0.20086785872690360
  0.21127192800001368  0.22188843839576400  0.23243883663875187  0.24279338422121627
  0.25316219230904125  0.26360830940966257  0.27399697348618984  0.28418769301933650
  0.29400830452599147  0.30382207955876606  0.31345809742229108  0.32309129660606245
  0.33265768063283568  0.34230424869242493  0.35242998287974953  0.36245665734432442
  0.37261322085937293  0.38276495943473676  0.39279377429088574  0.40301590019673017
  0.41304655456493994  0.42317952723090285  0.43344488719141250  0.44429014875615297
  0.45571894489685988  0.46708593510101759  0.47819652408525848  0.48924975142340749
  0.50031846355255205  0.51106733480829314  0.52164280454489109  0.53207147727380233
  0.54263552009578597  0.55324452387972489  0.56433129753037514  0.57565167418287266
  0.58685196658683769  0.59770906581923189  0.60852558613826868  0.61910870869621459
  0.62969833002059616  0.63968144474015642  0.65004164114838425  0.66021499594280997
  0.67065758768695050  0.68098063452557123  0.69124430916918533  0.70147573460956181
  0.71179396614613599  0.72235388473692941  0.73313984698094725  0.74376488130393248
  0.75437776354911512  0.76469676545723142  0.77522306746083225  0.78553070207805786
  0.79683113993459787  0.80790680474214638  0.81882457037803613  0.82926081666490958
  0.84006396898600300  0.85081309538193506  0.86164403122325128  0.87217011813496614
  0.88271087152910199  0.89310562908885405  0.90374591692635042  0.91449612274399550
  0.92506638331139712  0.93552830401209441  0.94620756191005950  0.95721312037778228
  0.96788141304510800  0.97845490678668434  0.98907272881329422  1.00000000000000000
 -0.00223739272131163  0.00936583330909560  0.01938257576487625  0.02963888263977592
  0.04022566479890066  0.05083981565288133  0.06126748872326075  0.07191538840271580
  0.08271499474129608  0.09387425848061436  0.10460970532836988  0.11528945977950168
  0.12586317493702118  0.13615582895951026  0.14694707567414203  0.15771997849354383
  0.16807923588334622  0.17820022999143725  0.18852947163063494  0.19937797185326217
  0.21012394353880243  0.22070812880850715  0.23151377214363431  0.24239200068606268
  0.25368685014284281  0.26457874212530302  0.27508845831259132  0.28524572612527799
  0.29539352438645827  0.30566529651040142  0.31601567561379301  0.32656931288836810
  0.33734395351012891  0.34825647774810531  0.35898914263433296  0.36956553229464750
  0.38011179689159569  0.39042143059202228  0.40035886921872621  0.41004512994862913
  0.42012160140383742  0.43041968475096787  0.44102177072748261  0.45152725548422573
  0.46205526576662415  0.47220602957835811  0.48220537032775657  0.49209438368722014
  0.50222055481472561  0.51244028149052467  0.52273242376160511  0.53305195702098451
  0.54364803304330511  0.55433990811887091  0.56458350821378489  0.57461464409116891
  0.58462479259766642  0.59493905861615692  0.60524731929608300  0.61561272225485775
  0.62567008886567099  0.63540230220815719  0.64527042001936186  0.65552134629836323
  0.66617624075167969  0.67683992329661213  0.68758955999318916  0.69863215674590462
  0.70963072351725953  0.72042433594704902  0.73140785143535592  0.74256789588397443
  0.75343566679946661  0.76393672723396289  0.77408303956493862  0.78446773390143709
  0.79511764816950692  0.80612338840114739  0.81734539073672996  0.82836327167311230
  0.83944290978752123  0.85052376343748337  0.86104553411106621  0.87105790436812758
  0.88165880838765598  0.89227772563515340  0.90331009476197455  0.91355544225801999
  0.92364273652098550  0.93382137715960134  0.94393500455661361  0.95469666606279491
  0.96566557102015005  0.97702221246498844  0.98848614127150203  1.00000000000000000
   2.0485661660586637E-012  -1.0000000000000000     
 T T T T T F F T T F F T T T T T T T T T T F F T T F F T T T T T T T T T T F F T T F F T T T T T
