  0.00191534521806081  0.00195091766557711  0.00199185911437259  0.00203124822523926
  0.00207038581774554  0.00211051249054949  0.00215202143285358  0.00219529102005347
  0.00224033352957884  0.00228650187333110  0.00233261153481090  0.00237771287136594
  0.00242639727293350  0.00247787560715798  0.00253002460526355  0.00258246443660652
  0.00263633618960424  0.00269306292077645  0.00275257377125275  0.00281541617939455
  0.00287932314178348  0.00294458451048155  0.00301223645609292  0.00308317316034063
  0.00315627511902208  0.00323208396449104  0.00331309856002791  0.00339607142357395
  0.00348001140336940  0.00356725153748959  0.00365634942823175  0.00375004259791519
  0.00384706567870574  0.00394769435736588  0.00405360738434238  0.00416309926650652
  0.00427752392726024  0.00439409752332069  0.00451332057934094  0.00464005428851312
  0.00477420133796015  0.00491481297603064  0.00506122350812742  0.00521083538076693
  0.00536366160232723  0.00552298120498878  0.00569096826822583  0.00586742093351766
  0.00605280528155855  0.00624732660774962  0.00644353583164289  0.00664977890860491
  0.00686467070388035  0.00708525707299118  0.00732625374738504  0.00758068489804588
  0.00784735302732490  0.00811904672484841  0.00841030879744057  0.00871640515599528
  0.00903172520971327  0.00936497799515143  0.00971455977996259  0.01009239995359580
  0.01049400913757149  0.01093167118087827  0.01139778598474064  0.01189754986031425
  0.01242086012001600  0.01298186081042308  0.01357852986068129  0.01424184944242773
  0.01495185637136482  0.01571788313440340  0.01652116804677718  0.01738080344045635
  0.01831932655448060  0.01937377860886857  0.02052511293189915  0.02179596313220522
  0.02320451870711287  0.02479428089021653  0.02662055818385201  0.02873193345071706
  0.03112623319974365  0.03383147900437388  0.03698097027863961  0.04070269192454737
  0.04513611908499540  0.05062155178279808  0.05758065709139753  0.06741738438931955
  0.08203672807184621  0.10706166962028571  0.18682663975308383  1.00000000000000000
  0.00217105347352427  0.00360889234693922  0.00465380477279733  0.00559325254906709
  0.00648910618216490  0.00737962428083277  0.00829955061530051  0.00927478779793795
  0.01027256826316523  0.01128578160518663  0.01233166578268378  0.01341736195500373
  0.01456457937684949  0.01577005301079071  0.01702522661425459  0.01831132712146150
  0.01966347359709172  0.02105123791762466  0.02244449301611704  0.02389671880948091
  0.02538711091608160  0.02697072297276122  0.02860632123165012  0.03027823530326904
  0.03201182442630290  0.03380553911971840  0.03564630283958178  0.03746936879505783
  0.03932772819515627  0.04130415630154011  0.04332970495982525  0.04546856630755549
  0.04775312806227471  0.05017043710720081  0.05271321005578226  0.05541081736823987
  0.05816058560497315  0.06099204072761674  0.06390694907363108  0.06692346833780555
  0.06997190726888904  0.07309753387614845  0.07634527261895890  0.07980101758894936
  0.08338817109296882  0.08711050880779724  0.09100534311377798  0.09506120997218602
  0.09925044297488914  0.10352041615596660  0.10787374093000282  0.11237231762557928
  0.11706667914522216  0.12196330765275629  0.12707687265233802  0.13251957518928498
  0.13811195606188634  0.14395485385461526  0.14920864717727356  0.15461703573929972
  0.16037233588823199  0.16655452152934588  0.17332013433239879  0.18055300363553764
  0.18816106846874125  0.19602344587297224  0.20405799184308507  0.21236506619183551
  0.22111543015085625  0.23037802003487298  0.24022276915814472  0.25054955821480218
  0.26142229774724979  0.27275039666209222  0.28449233932240137  0.29661991622326683
  0.30923959514094335  0.32242604117828449  0.33613722114494865  0.35052829733175311
  0.36603390677332198  0.38263973156095105  0.40071019413015990  0.42003613177083771
  0.43991935651377806  0.46125260836764548  0.48474130680947269  0.51043609311125338
  0.53863753193527220  0.56982131765361543  0.60438462053798991  0.64507290250849247
  0.69361077151884476  0.75486996218696378  0.84783536956541350  1.00000000000000000
 -0.00233460873034094  0.00909759197421997  0.01928043974763006  0.03041492021627878
  0.04158035248113792  0.05312310421180937  0.06419932693617839  0.07537439706160165
  0.08583190074113281  0.09577604820541130  0.10555363053095086  0.11507109912237776
  0.12488798509076739  0.13463467468868037  0.14456162790323826  0.15464933893563029
  0.16485054274618244  0.17523618861800230  0.18582501281196967  0.19689513382907953
  0.20793441906315591  0.21873196283980786  0.22915333291174522  0.23954756186847542
  0.24975857571733245  0.26026605734954172  0.27090570833096567  0.28179608416098650
  0.29269959656849509  0.30369879767163316  0.31455831817678287  0.32514197984450388
  0.33563375397733430  0.34645997256826794  0.35760686712167655  0.36889970658981891
  0.37993902940028002  0.39051467735962120  0.40062986407986312  0.41055068195718836
  0.42074409199180962  0.43103253259999619  0.44113947545950111  0.45117343580814639
  0.46118505910356949  0.47127815332709144  0.48152032233872011  0.49189804291188827
  0.50242301406847345  0.51287499333447484  0.52333098752841056  0.53410049107018609
  0.54492562359746222  0.55569567495980121  0.56623653935024387  0.57653574893333026
  0.58678531776957144  0.59719669883052851  0.60808178406245472  0.61864609974805407
  0.62886981488735827  0.63894091798858899  0.64897623349501865  0.65910425645448101
  0.66938059948856909  0.67985980150716274  0.69066222864358173  0.70127704125681134
  0.71192156010997121  0.72256987773096804  0.73312993450064123  0.74403878110252175
  0.75436953372915705  0.76461340655224352  0.77474772130751135  0.78515382307192627
  0.79563257141913513  0.80590668615235894  0.81597963885450753  0.82665320348351223
  0.83756125075766752  0.84848315768508265  0.85878443346723410  0.86872520824321176
  0.87869816085132768  0.88940298745817481  0.89930351907064165  0.90980112722243389
  0.92028656612529525  0.93137726405462684  0.94270062075782135  0.95415413249354797
  0.96581204076357918  0.97682113919225311  0.98835417128846126  1.00000000000000000
 -0.00253741466393995  0.00948278197397042  0.01954176156964717  0.02945241217380461
  0.03952751219712489  0.04982697008551481  0.06028416883276492  0.07158940662465245
  0.08281053793359293  0.09443084879360431  0.10529910200195983  0.11572810550809476
  0.12610347800820051  0.13659549265791440  0.14697150351401295  0.15739109249424632
  0.16775090412623150  0.17824350047600512  0.18877157388013663  0.19925597837209913
  0.20983051857998064  0.22055695740177958  0.23149941589653936  0.24237018268008648
  0.25260692538685892  0.26286714582674603  0.27316751443656184  0.28372726073545174
  0.29431397630578221  0.30477251992929494  0.31554378706271874  0.32674951010989206
  0.33760611477130209  0.34813867563068890  0.35776833054634033  0.36721809922439408
  0.37700555573256778  0.38688348622082575  0.39713348999747022  0.40740696210678057
  0.41839840514662019  0.42978597090357396  0.44082217170283855  0.45103358974775537
  0.46096633672009885  0.47089011619606158  0.48079387530848200  0.49050267441271977
  0.50017048690604471  0.51008317874359443  0.52022470975543023  0.53071800118384360
  0.54160763864385375  0.55242907490693005  0.56330495800699554  0.57384675649440331
  0.58484312539557393  0.59579526848787134  0.60710601231885652  0.61841029297935945
  0.62939427240890922  0.63997603649708390  0.65047410753818535  0.66127621014098248
  0.67187935507769936  0.68199459352029557  0.69234902105567930  0.70256475135838115
  0.71311311375083142  0.72303846356946710  0.73341335473246438  0.74414357570119305
  0.75484032068314999  0.76570354021874609  0.77634471080596634  0.78743630104828266
  0.79794401332235576  0.80832226051521672  0.81855165185293000  0.82932506057038557
  0.83933672485021293  0.84990953298364269  0.86007210351941066  0.87048500275675900
  0.88085925901062490  0.89151218276535915  0.90257762945463316  0.91384182372139167
  0.92456735487224406  0.93508919653876243  0.94556173902380747  0.95630922805800334
  0.96704602006071516  0.97784538430822077  0.98886836338558703  1.00000000000000000
 -0.00272591473461872  0.00974802944286407  0.02039632593622789  0.03084705165441772
  0.04151196276410211  0.05208514544013197  0.06314948432905486  0.07388242773147154
  0.08452027556509184  0.09562636841678544  0.10681241123324375  0.11762223824848209
  0.12785256394040970  0.13830084640946502  0.14922927243146081  0.16021943708279751
  0.17133285925880626  0.18272254166908786  0.19377508018962261  0.20439729350284755
  0.21442644711097242  0.22421329806795209  0.23418498289364004  0.24413075791637956
  0.25395979889288678  0.26362834176003419  0.27365782822862017  0.28412750296317768
  0.29417978373122916  0.30428404859601721  0.31467110473608034  0.32549317310618547
  0.33637276554944745  0.34683182321405637  0.35756302941913271  0.36852006222291678
  0.37976828444495597  0.39027108238661690  0.40042335062983242  0.41033734987020259
  0.42069204791404347  0.43095162433299700  0.44120744523495015  0.45172676867905648
  0.46241474769924495  0.47329632182565701  0.48449888599124530  0.49576437737549367
  0.50722379858365652  0.51818720785447747  0.52887031136145990  0.53925079530906495
  0.54979208476012276  0.56047334442861152  0.57113014926820005  0.58176859584341223
  0.59210723827236422  0.60227407789565113  0.61243233335920022  0.62286454861167506
  0.63352420325028114  0.64381011499853202  0.65395375531414890  0.66403937364022669
  0.67413853288778725  0.68434323617224357  0.69467909556761409  0.70511664643852034
  0.71570286534370231  0.72683024988865053  0.73847473005905517  0.75000243906104647
  0.76093540565869089  0.77189468353473645  0.78268120026729027  0.79333257781275768
  0.80348383729281947  0.81369685087699783  0.82381377938807365  0.83415145958285397
  0.84463339333477727  0.85481799977802275  0.86587133505999703  0.87656785688483496
  0.88729311762749807  0.89776007665966184  0.90811798793944976  0.91834125341767858
  0.92808403923844773  0.93802432113000400  0.94859819650446442  0.95920946521827433
  0.96981181409135031  0.97970477178756321  0.99003383475433959  1.00000000000000000
 -0.00266103168905904  0.00958701418629622  0.02018992842248991  0.03073544139857756
  0.04169656357168298  0.05257417057423680  0.06329112080493168  0.07366131077700470
  0.08406555841369859  0.09473875846638166  0.10544821094346840  0.11586742678628677
  0.12622587088758727  0.13693493596735701  0.14780114415371437  0.15848700186436726
  0.16911518079430926  0.17975568698294286  0.19036834194896327  0.20087142222304338
  0.21175323669822169  0.22258433669438563  0.23290298580972532  0.24305996791807932
  0.25359098423993776  0.26444185274593401  0.27438482411691739  0.28391488859364578
  0.29343415133096407  0.30358432395068113  0.31366231352878965  0.32414961751875859
  0.33432016516329749  0.34498913598104342  0.35549762702674476  0.36627816788302314
  0.37716417180537420  0.38801100521998017  0.39882215582718106  0.40951257801769991
  0.41986693250209894  0.43022442810588268  0.44070143653385024  0.45146399898304496
  0.46235802280146421  0.47300255139516023  0.48368207205874797  0.49464875106883105
  0.50555971875909389  0.51628631744067577  0.52674420631733510  0.53719725925393236
  0.54770324562744532  0.55839388143951563  0.56909221671431354  0.58019807934703116
  0.59120241264388762  0.60268204142806903  0.61370073176117079  0.62477950693543904
  0.63590316462944385  0.64736546435125097  0.65847307259907462  0.66918428157613918
  0.67947182344351220  0.68999491461035356  0.70078461248248036  0.71138559231540188
  0.72160963913692133  0.73173598192848066  0.74200622654057269  0.75229292606456588
  0.76259085050365127  0.77288841992084900  0.78303317322522981  0.79283662471787419
  0.80282014193773765  0.81281712041452181  0.82275759084739120  0.83276775010684012
  0.84301242402699428  0.85311213948243092  0.86326609008874522  0.87347185889184986
  0.88430113279528622  0.89509128333044630  0.90553587625907284  0.91575194703613749
  0.92646001326204286  0.93738239828997305  0.94822050456230300  0.95885843418451167
  0.96917812696914452  0.97988653875712450  0.98992970963940086  1.00000000000000000
 -0.00235820805967856  0.00901102186321879  0.01883511957826278  0.02929053813564301
  0.03987402670335390  0.05068600050891276  0.06157440211413925  0.07201367654353875
  0.08220411258033439  0.09222265685236176  0.10275497058810532  0.11292990541157712
  0.12313117130166466  0.13302765681956163  0.14295542242237383  0.15277586874486343
  0.16310737170440062  0.17391706302946849  0.18453205360534206  0.19492754347421751
  0.20532413014893144  0.21649867823824412  0.22745806572503025  0.23841564549451563
  0.24936166707707222  0.26022999911293448  0.27107970014900656  0.28171996675982947
  0.29203275643713517  0.30252070112752516  0.31287488063300400  0.32359750663222564
  0.33390934029893782  0.34369043911697322  0.35396245497108264  0.36430998494770289
  0.37512842257222490  0.38566237458501518  0.39605779320882317  0.40699624317516636
  0.41741216596058922  0.42807356723526979  0.43859506611663851  0.44930561654948997
  0.45976168342275570  0.47017145543773931  0.48062178157110624  0.49123629718305706
  0.50196826433814967  0.51296340183919653  0.52371748983409849  0.53433999255167108
  0.54506556674895223  0.55610196182070315  0.56695889236404728  0.57756543781258041
  0.58803459905502198  0.59880825919366520  0.60945373639138356  0.62003033404817398
  0.63054078419728621  0.64114895688911877  0.65159419674056207  0.66173618727956118
  0.67143546870309956  0.68111815646635510  0.69082201643762697  0.70072899549218959
  0.71081219928406258  0.72103559315720234  0.73130913103315920  0.74187520584276767
  0.75282503370443532  0.76433015834183615  0.77577914541814763  0.78670103283585857
  0.79723562697832784  0.80753705715062563  0.81846632109294715  0.82955147999890166
  0.84070241311421423  0.85087583201543604  0.86087983460325335  0.87055930642070389
  0.88088181033632373  0.89152169172811380  0.90231991733383832  0.91336527794592859
  0.92420273412695941  0.93528227947330733  0.94618744762374973  0.95716506367789300
  0.96807174808434227  0.97880655871322220  0.98938208323628041  1.00000000000000000
 -0.00223358977905574  0.00862209615543166  0.01846877131958779  0.02865731960482714
  0.03918693298102638  0.04959225191797353  0.06042970476635384  0.07145173015836319
  0.08270828611359156  0.09391396559666364  0.10490668837594191  0.11587080754346631
  0.12688723633763502  0.13795196440057569  0.14905629008608959  0.15984859209436608
  0.17064013576330200  0.18133890871425273  0.19206428576324303  0.20275473234653679
  0.21350964195793090  0.22421276078358782  0.23503350257607952  0.24582175876951895
  0.25653252206575372  0.26712179283312532  0.27761244282213837  0.28782509002050655
  0.29764479267308824  0.30741812179657158  0.31749144223418407  0.32764021776470387
  0.33769538039110913  0.34782248447402730  0.35813266723163817  0.36840561322253995
  0.37863384623959173  0.38880918043475771  0.39918294852002539  0.40937499772844088
  0.41974560635413338  0.43053619805494486  0.44142414534940305  0.45265120023534045
  0.46406964508363008  0.47530165738096353  0.48627962248816231  0.49680747181750362
  0.50719758911145152  0.51742957389984467  0.52762811349399474  0.53779960981690178
  0.54805281184157717  0.55818876737581535  0.56859819230888486  0.57898327514849246
  0.58918922221685188  0.59918601819796735  0.60898543911090508  0.61924498155345231
  0.62967302056390850  0.64009455241704549  0.65060240005598013  0.66125176866903157
  0.67204383801590173  0.68263164502443929  0.69315519546695670  0.70394605871613236
  0.71452777757022068  0.72476668529781818  0.73509688286325092  0.74561981094485530
  0.75568112429966194  0.76503183091218352  0.77468927088618877  0.78548359401116208
  0.79641243412670715  0.80709547009869709  0.81757937651079726  0.82848013083251637
  0.83910315846054073  0.84973766704676967  0.86043476507540817  0.87154386910424042
  0.88266533602291197  0.89377508357891033  0.90445377950269357  0.91531028389084457
  0.92602132097032952  0.93677748033175967  0.94706859982220082  0.95769004587675810
  0.96853907961541663  0.97932082432588319  0.98967447357259075  1.00000000000000000
   2.0503944343936826E-012  -1.0000000000000000     
 T T T T T F F T T F F T T T T T T T T T T F F T T F F T T T T T T T T T T F F T T F F T T T T T
