  0.02127562081259533  0.03960889113725033  0.05505593990813847  0.06636513090404395
  0.07421849454510814  0.08197861823517970  0.08958831324973345  0.09729853004588944
  0.10586318507926729  0.11442784011264513  0.12280697010759527  0.12879192691321889
  0.13448664887470677  0.14175305446072531  0.14913014336934491  0.15735114331620087
  0.16523730375930176  0.17109724360722411  0.17557447388121361  0.17885854657832517
  0.18167006261958349  0.18622372864355780  0.19381880239107091  0.20638160867955771
  0.21534650051339571  0.21989184861043226  0.22299788915113036  0.22573141366044797
  0.22903135310850317  0.23504529431580806  0.23901359528256880  0.24513218078681714
  0.25471558448596521  0.26779620241768093  0.27839104692788541  0.28731133845853890
  0.29694240742718558  0.30539348227197277  0.31285645256859124  0.32011483281970499
  0.33094012615424651  0.34648612743282658  0.35482170046478834  0.36019615554495904
  0.36540501707811823  0.37098967761292917  0.37827177091150904  0.38590991998041740
  0.39235513833390251  0.39671947332539975  0.40140788841526481  0.40599246469217976
  0.41402450438880761  0.43067360688534950  0.44356894647322631  0.45506959444785899
  0.46897932607811565  0.48622051113986808  0.50050596269088665  0.51049196954867904
  0.51975799536897360  0.52837958523405870  0.53595179704955864  0.54807500288686306
  0.55872845632403012  0.57114010505628265  0.58600908771520666  0.60104592049933880
  0.61718511991225988  0.62743592603908571  0.63752602333116204  0.64732206629630595
  0.65704631285829440  0.66992928214320369  0.68852801184955781  0.69837409843042508
  0.70551952667437834  0.71215881734934894  0.72013390192287241  0.73100424312542844
  0.74137034589410800  0.75174034746277896  0.76242082108835352  0.77195471711845665
  0.78128340516428985  0.78872059194844224  0.79830311578010571  0.81350695421007446
  0.83267405651793158  0.86158731968779378  0.88676733902645433  0.90581370500221081
  0.92759074530603292  0.95161244368991571  0.97442588891574400  1.00000000000000000
  0.00000003393653516  0.00000041469109527  0.00000072527795272  0.00000081396557056
  0.00000090280449888  0.00000097513679207  0.00000102747953866  0.00000108146046459
  0.00000114834715854  0.00000119131367108  0.00000123721452068  0.00000128626139170
  0.00000136096339660  0.00000144073234177  0.00000152642448887  0.00000164604985722
  0.00000182820169374  0.00000203753262255  0.00000222588027179  0.00000241077674752
  0.00000261848588492  0.00000277609321282  0.00000287529255022  0.00000292490700891
  0.00000296147366924  0.00000300028699953  0.00000303884651664  0.00000307563854450
  0.00000315793176691  0.00000327190475636  0.00000338352102228  0.00000349281801494
  0.00000358109468656  0.00000367305295698  0.00000378222225243  0.00000387813748406
  0.00000395526866741  0.00000401540057024  0.00000407516850612  0.00000414040165667
  0.00000422428242998  0.00000430193237329  0.00000435238800584  0.00000440640016769
  0.00000445339218311  0.00000449062479003  0.00000453416410172  0.00000457629811229
  0.00000461742955780  0.00000465711118135  0.00000469648080693  0.00000473464227262
  0.00000476895928161  0.00000481748637113  0.00000491963848298  0.00000506423039506
  0.00000521217818489  0.00000533842529698  0.00000544443390509  0.00000555348412185
  0.00000564316766741  0.00000573102173405  0.00000582657690978  0.00000591410063891
  0.00000600197281004  0.00000609195157756  0.00000618086578110  0.00000626411656648
  0.00000636383387803  0.00000653352717711  0.00000669279240801  0.00000686582064601
  0.00000706385618357  0.00000723905016005  0.00000751940135168  0.00000789966704131
  0.00000854371650347  0.00000991693157789  0.00001131622594367  0.00001266770506059
  0.00001458029028698  0.00001651472245824  0.00001814703970053  0.00002068732585607
  0.00002360728966834  0.00002686904187602  0.00003012647159537  0.00003369044709588
  0.00003897614251139  0.00005664243330806  0.00006758773311201  0.00007364310725240
  0.00008320675107954  0.00011196284639416  0.00368774110381318  1.00000000000000000
 -0.00004390473296432  0.00062353907241017  0.00308101073475107  0.00577533826581773
  0.00856984935826675  0.01234019101862695  0.01782759206233581  0.02485674745664558
  0.03352709556131597  0.04370479736552361  0.05694825813942384  0.06660401656713348
  0.07415358152687844  0.08056353796788750  0.08705228390638545  0.09471426610646133
  0.10692307669024015  0.11753763794949025  0.12101114501649417  0.12413322990065589
  0.12826580939605517  0.13258580047023497  0.13524597530710178  0.13862187596724806
  0.14240932232767539  0.14575508539086940  0.15424093074851605  0.16564138917437182
  0.17750616430409477  0.18925337388561861  0.20068885835086980  0.21588479382186312
  0.23876908998538099  0.25914088506111799  0.27824001747417654  0.29595702089811343
  0.30829454994790112  0.32187424961907513  0.33663074882018057  0.35126936767631328
  0.36599431737315458  0.37668138192293360  0.38595305805091590  0.39383192965904340
  0.39960734243033097  0.40635293050618587  0.41529638424937138  0.42563722672668636
  0.43653726997160924  0.44803885513789365  0.46023560714772832  0.47092133613367831
  0.48070913319293301  0.49128353891737142  0.50342277332082552  0.51529547836886214
  0.52552925646076520  0.53407820009640017  0.54363063402344403  0.55247327073584895
  0.57500543899261125  0.58979730163313870  0.60162373251993950  0.60990189027721620
  0.61749370571428552  0.62415230415714418  0.63738590382442573  0.65138589904634581
  0.66784780796600662  0.68293174562304382  0.69604766158970732  0.70940170444981077
  0.72043946436949913  0.73077268853815813  0.74041980626098036  0.74985215017185680
  0.75866593857906761  0.76626881507584510  0.77386599216491680  0.78051716854011188
  0.78713935921854494  0.79118756175310689  0.79571062687179550  0.80536070230683365
  0.81375347558054079  0.82166582650275688  0.82958693305301701  0.83786509621689653
  0.85076248453872350  0.86590982726886567  0.88315933961719773  0.90359483884410285
  0.92685928607904333  0.94998710753542526  0.97443061476868442  1.00000000000000000
 -0.00356445916771301  0.01140966021244206  0.02194931084415169  0.02994701781006634
  0.03774603615782982  0.04473739679443138  0.05205190811477858  0.05823799937174752
  0.06114449629246132  0.06396023946492387  0.06669347946054349  0.06927213436536277
  0.07178317950424244  0.07697487577844468  0.08289455516491998  0.08900128186446631
  0.09776709644200685  0.11129137470972594  0.12659504996797971  0.14304292861353282
  0.15907884600098168  0.17533972003277290  0.18512965441953924  0.19336727932885456
  0.20108636876594430  0.20914322070322836  0.21769731717633881  0.22563994500502485
  0.23329263855692878  0.24030648631578438  0.24723070277982237  0.25611407205975817
  0.27127651333058700  0.28588483247523744  0.30166545744454071  0.31967829453063784
  0.33891767242386855  0.35164820978628403  0.36014633428724235  0.36807130191217224
  0.37577906442783360  0.38394182651198278  0.39077701257316405  0.39748046345411953
  0.40522345458603726  0.41444061824454020  0.42197703180248142  0.42886394407439465
  0.43514720749323665  0.44148322815567764  0.44822717276424201  0.45652255033832845
  0.46739015655914068  0.47821309684704066  0.49318680487979599  0.50990301980724051
  0.52833170605724533  0.54737960430477584  0.56301116203664126  0.57739092674425863
  0.59037670733604353  0.60240435070281706  0.61777598528589128  0.63322539936392042
  0.65055279021152179  0.66898903232916318  0.68852867460506761  0.70475706485218137
  0.72207671720699373  0.73602617166966289  0.74897294907537681  0.76445002880543689
  0.77824247167785310  0.79013640106843752  0.79751932391846891  0.80275041438613337
  0.80675274752065962  0.81244875890760060  0.81540530220315433  0.81899813177201952
  0.82364880747614388  0.82890690213514318  0.83300333320783360  0.83752229752219665
  0.84267471961895424  0.84872902246100612  0.85636699559345297  0.86941534576419066
  0.88442829416771873  0.89952698160496536  0.91179945983917998  0.92427078251529216
  0.93775125252959313  0.95257711142266244  0.97557935398038487  1.00000000000000000
 -0.00864803378164099  0.03225470752003442  0.05247217686162101  0.06696207981769184
  0.07932588054649457  0.08948534203871419  0.10181247767563743  0.11814678019739058
  0.14040774166577710  0.16087506956121997  0.16950005821748618  0.17561809918505608
  0.18116092723750030  0.18738582372574014  0.19353415294921567  0.19996029008097596
  0.20761682551052504  0.21290206198032546  0.22016000575033901  0.22870185442432495
  0.23901445741739488  0.25039357239227561  0.26186943127047296  0.27285579186918707
  0.28280877791377540  0.29457676885985529  0.30787597693932234  0.32037549784224051
  0.33287470162566368  0.34582324724050750  0.35938297764128652  0.37691956237987340
  0.39794192523269956  0.41646656442076246  0.42546131148293098  0.42972324806363854
  0.43439544045402007  0.44006275411875689  0.44671253411498907  0.45249765542537129
  0.45641418581481641  0.46019762486724081  0.46520546466820301  0.47560704781275936
  0.48850006768603710  0.50122440791981338  0.51434581561363069  0.53054536265936370
  0.54597571886064322  0.55439557016147156  0.55986562119474448  0.56575218789528592
  0.56993273753601059  0.57364747130003213  0.57678314291160226  0.58054173613587545
  0.58677787597689823  0.59673128473177328  0.60700589971640018  0.61705773315353685
  0.62681861427908614  0.63704366745859797  0.64582945003963677  0.65159669906381545
  0.65912423386123931  0.66646717460951810  0.67032098722072464  0.67341157318163181
  0.67752490293966494  0.68308642025501687  0.68771628793198314  0.69277217342726005
  0.69699689311505475  0.70060104814290469  0.70405908981027987  0.70772685877050578
  0.71139519684374419  0.71963627332843871  0.72889434404216757  0.73744073200231675
  0.74557107848871418  0.75769830059180987  0.77496719124203362  0.79125471709679074
  0.80337347553539029  0.81133312297298732  0.81925981362464351  0.82855032058831957
  0.83800637321294480  0.85154023685963509  0.86429130707602420  0.88217057279856226
  0.90743221795599860  0.93155212570899670  0.96031855867373561  1.00000000000000000
 -0.00602390510396619  0.01047841025405481  0.02622054809230897  0.03872870799059097
  0.05099102139755924  0.06254861104192186  0.07000649760920195  0.07917772915947821
  0.08689353929030355  0.09252819555237543  0.09691573301233428  0.10009193963597211
  0.10384534998398093  0.10792143369026552  0.11190333999641326  0.11659462110902484
  0.12188449728025036  0.12701174716446181  0.13141871418998732  0.13487831390858038
  0.14152920007659084  0.15820225785176648  0.17861871519975184  0.19827824576955047
  0.21497382162707027  0.22805132049089066  0.24221448176387081  0.25178836574664154
  0.25811486398441602  0.26484074831488241  0.27225525115221705  0.27959166288327419
  0.28761256100706661  0.29893654911385803  0.31282681104999793  0.32239192307780307
  0.33381992177424896  0.34384982949068749  0.35366219197760784  0.36503520257180805
  0.38036515457518005  0.39720880458219071  0.41094988288331724  0.42165614955300562
  0.43092526679851145  0.44186959233746381  0.45461114431029059  0.46909568744975261
  0.48959190883026243  0.51242031269826915  0.53747835256177123  0.56431509554190484
  0.57851723621832962  0.59271580073178098  0.60534476951579197  0.61802748213947711
  0.63244109366119761  0.64919990988526621  0.66628291780134341  0.68386567928211506
  0.69759916184413606  0.70559318904180723  0.71369202280404498  0.72224596663898788
  0.73310953369694021  0.74394763964855659  0.75262336373419192  0.76094556904169863
  0.76989730648056953  0.78115241404707481  0.79034505308044067  0.79390436043870283
  0.79911558309616559  0.80745061355086223  0.81617219264758523  0.82434293612795473
  0.83058470432943543  0.83542913745338243  0.83956840741900973  0.84503334315082501
  0.85150310944974650  0.85350023199853520  0.86371446800601814  0.87514288748786340
  0.88861017318624902  0.89830691900978088  0.90787918751825158  0.91628219184258242
  0.92527525679602773  0.93394801589699727  0.94126555194401074  0.95003639444092747
  0.96072193884427937  0.97169223075217126  0.98568238174911071  1.00000000000000000
 -0.00081821410498024  0.00470334907602014  0.00911972606098569  0.01283313242059726
  0.01789494288576734  0.02252246631661045  0.02574169376453417  0.02865979825878222
  0.03081840683367103  0.03327695960570205  0.03638776251698196  0.04051150099649541
  0.04576031273801660  0.04966927534860087  0.05343562738218608  0.05798762886744403
  0.06523960804332787  0.07656747027643296  0.08434139940502508  0.09066835131246413
  0.09728094157907317  0.10105221129337828  0.10416796709412822  0.10808024976998767
  0.11524173442269474  0.12257756858218645  0.13156483450737289  0.14515109568027762
  0.15749765862695878  0.17061772118079171  0.18458005321122797  0.19805027943823680
  0.20676554600795521  0.21474397499494469  0.22189408134670882  0.22814118976819436
  0.23286169766611858  0.23801671455660059  0.24279703617845252  0.24789005053361426
  0.25561379727451500  0.26212110534034094  0.26683180301751153  0.27140234362352678
  0.27891286387610487  0.28595159649225133  0.29106874198036842  0.29609169387546558
  0.30121975477199259  0.31124130324041338  0.33051270436307406  0.35797391292452768
  0.37574365942580279  0.39215353882501591  0.40724751098725592  0.42162561687886824
  0.43666882857102229  0.45282588216381836  0.46786842586985589  0.48554322270419353
  0.50752004162979547  0.52578629582712544  0.54259274014410941  0.55522930553431449
  0.56786587092451957  0.57961039825916494  0.59116503624790662  0.60214452868815571
  0.61171445258260237  0.62122529907355561  0.63002339418658804  0.64304814023439838
  0.65521277312023496  0.66633551513024558  0.67699984058353657  0.68792751955516906
  0.69877826965830092  0.71846740893938910  0.73380379445350752  0.74926587705361514
  0.76339039934431230  0.77689781104924782  0.79026583805292117  0.80451321918630181
  0.81812172101489578  0.83257734113849469  0.84765890078253081  0.86544938756540324
  0.88538839552800608  0.90568112808026546  0.92558120029588209  0.94347080099485137
  0.95912782262535945  0.97311529918169459  0.98649293529463900  1.00000000000000000
 -0.00443336200718505  0.01897100525703464  0.02692529042150403  0.03493629109236324
  0.04148842955042761  0.04713313935653666  0.05351041725920770  0.05965871205559409
  0.07317669779754576  0.09140946148321027  0.11182615447937806  0.13125267599507975
  0.14960938882199043  0.16530348614461754  0.17845542195463529  0.19173096537349696
  0.20458889221775822  0.21516767801876460  0.22657541995142988  0.23766782520387247
  0.24758726798609118  0.25746706109498024  0.26714491534275214  0.27680081680700508
  0.28532942744180179  0.29385803807659844  0.30655098780483225  0.31857601434077709
  0.32897864884011996  0.33946481941055423  0.34955437395007266  0.35983931583121070
  0.37679658211556849  0.40116504369019779  0.41651791408662048  0.42244054936148023
  0.42713102451280743  0.43023144336286051  0.43407991654862099  0.43946528069408652
  0.44509706633119245  0.45178425263689559  0.45640308198118795  0.46272680322103743
  0.46846948014598810  0.47281005035115015  0.47820489948488676  0.48577896193310949
  0.49263383759563584  0.49716207638999260  0.50164718138244235  0.50609911760883408
  0.51195342238233166  0.52057728328025954  0.53444941683528291  0.55006275308635932
  0.56466584695491084  0.57626786938796781  0.58725051422033347  0.59759697095289221
  0.60761198984257569  0.61871165717683985  0.63258633405834419  0.64631983744818766
  0.66110777493343897  0.67695873411753271  0.69378925804852098  0.71121429774772782
  0.73177922398474871  0.75231021339262361  0.77029803740040326  0.78280132712733619
  0.78824109310659163  0.79503251902894312  0.80162389828954106  0.80834751124821802
  0.81463882927537123  0.82072644195621502  0.82836395190876855  0.83642909092185047
  0.84440452473658312  0.85184460654004024  0.86643374214833935  0.87550049424080889
  0.88390588996744790  0.89199527407966295  0.89897206228025939  0.90526566232104078
  0.91088569426154775  0.91591536773826776  0.93009326569517792  0.94222694545633023
  0.95352551942457608  0.96694873402667558  0.98273922383781609  1.00000000000000000
 -0.08334265278972805  0.50178550333128935  0.52824287885897458  0.53593863156423482
  0.54214087943291778  0.54660164329308814  0.54984450742363022  0.55213945676976561
  0.55377641756223550  0.55422630669488238  0.55467360954261791  0.55511928258335175
  0.55541760050965749  0.55566837691530613  0.55589774261553926  0.55609809131889421
  0.55627839931869250  0.55645059057235180  0.55659264794606933  0.55671301216549474
  0.55681551749986358  0.55690468577896490  0.55699132475057567  0.55707158267622670
  0.55711804249476404  0.55717015086449595  0.55721684351165712  0.55725841996042458
  0.55729636419009898  0.55733161555528710  0.55736557063913994  0.55739736016739283
  0.55742542193559308  0.55744856194951986  0.55747037611705774  0.55749152830603355
  0.55751139625613022  0.55753055370452409  0.55754874191922110  0.55756676497299940
  0.55758552116230886  0.55760447611558994  0.55762784841408375  0.55765388809295580
  0.55776330352077608  0.55788441528530908  0.55790362324671450  0.55791897873830976
  0.55793352017611486  0.55794806161391985  0.55796317581077448  0.55798065273576025
  0.55799812966074602  0.55801560658573179  0.55803389808329251  0.55805336323598143
  0.55807282838867023  0.55809258814571361  0.55813899765271402  0.55818716162667648
  0.55824302025137296  0.55830281521384173  0.55836587499847234  0.55844717771366259
  0.55853215792120836  0.55861867097012607  0.55870737184562669  0.55882417137756613
  0.55896991373150384  0.55913879454392734  0.55933879080380977  0.55957900562913609
  0.55988010098502827  0.56028579508180687  0.56079534158653155  0.56135497257327960
  0.56220363836254195  0.56355551695419581  0.56552349156770954  0.56814082364884166
  0.57147115093481515  0.57602693815148853  0.58182944349673615  0.59585432651323145
  0.61914671614652039  0.64267744383137326  0.66404782002797069  0.69468116898896382
  0.72394452693041633  0.75103865523556823  0.78380562983123614  0.82160282807708240
  0.84722246329263895  0.87974417208593714  0.92162027224111176  1.00000000000000000
 -0.02861101119776531  0.12910966863190118  0.15986336564251041  0.18352775077881237
  0.20213668339559135  0.21793367371081701  0.22946203892858077  0.24255030866831359
  0.25928177795320534  0.27350688618098939  0.28382069669841670  0.29222397140582790
  0.29944681548806046  0.30613680396876436  0.31207030224998922  0.31771608283644898
  0.32414877337120079  0.33013839108891035  0.33616675186251943  0.34466990655755753
  0.35444314971522800  0.36150714809516249  0.36799030325472076  0.37409055837013788
  0.38041860981367226  0.38721030446102983  0.39498912268352332  0.40323791553212213
  0.40920374960366501  0.41243238531949417  0.41554364053369763  0.41834111369880400
  0.42141908899956820  0.42486278643414643  0.42745960974359198  0.42973546511006228
  0.43249481686687030  0.43438952190574182  0.43567421076131158  0.43699273388288751
  0.43891617229498975  0.44463104305934420  0.45707511597371525  0.46842071909969540
  0.47586215220455413  0.48083997164813314  0.48563795498717460  0.49043331522579753
  0.49536279866783117  0.50229774159847584  0.50995312609626964  0.51506975953272693
  0.52038512700054518  0.52683159602655316  0.53327370209085112  0.53925389977164873
  0.54523409745244633  0.55378805820415722  0.56051805265156274  0.56622678676105354
  0.57140080650355185  0.57648102971207038  0.58198247302684025  0.58781778351917235
  0.59427569953303971  0.60225098724237591  0.61344653641982871  0.62831628374274562
  0.64762045380306343  0.66877337102195256  0.68221193189902951  0.68917490012818539
  0.69581271386030585  0.70069269773375020  0.70551194564163633  0.71111559097705335
  0.71644168875832237  0.72654487557841430  0.73921178657298747  0.74924000137372060
  0.75519714340027300  0.76118482311435942  0.76704387155183584  0.77125439907909210
  0.77418281454629145  0.78047742686415955  0.78873697338175452  0.79592025066552985
  0.80366842028703167  0.81119347498744576  0.81888111635182459  0.82569732236969950
  0.83512339852730899  0.85394963475590013  0.88806750200863827  1.00000000000000000
   2.4072124393789331E-012  -1.0000000000000000     
 T T F T T F T F T T F F T F F T T F F T F F T F F T F F T F F T T F F T F F T F F T F F T F F T T F F T F F T T F T F T T F T T T T F T T F T T T T F F T F T T T F F T F F T F F T F F T F F T T F F T F F T F F T F F T F F T T T F T F F T T T T F T T F T T
  <DiscreteSampler_grid>
  grouped_processes
  1 # 1 for a reference and 2 for a running grid.
  10 # Attribute 'min_bin_probing_points' of the grid.
  1 # Attribute 'grid_mode' of the grid. 1=='default',2=='initialization'
  0.0000000000000000 # Attribute 'small_contrib_threshold' of the grid.
  0.5000000000000000 # Attribute 'damping_power' of the grid.
 # binID   n_entries weight   weight_sqr   abs_weight
    10   10   3.417821726246042E-006   5.599428271867064E-011   3.417821726246042E-006
    11   10   3.417821726253403E-006   5.599428271867886E-011   3.417821726253403E-006
    16   10   3.417821726246042E-006   5.599428271867064E-011   3.417821726246042E-006
    17   10   3.417821726253404E-006   5.599428271867886E-011   3.417821726253404E-006
  </DiscreteSampler_grid>
