  0.00191543718866742  0.00195081830550678  0.00199622455366551  0.00203901380841145
  0.00208361667648096  0.00213189319243384  0.00218146415786808  0.00223126021861834
  0.00228184161290725  0.00233294710971797  0.00238451024018674  0.00243727200533636
  0.00249017013799466  0.00254359246333580  0.00259952359285125  0.00265643127787107
  0.00271500782960902  0.00277413845205881  0.00283492162775932  0.00289810417390344
  0.00296445646520470  0.00303501749083736  0.00310893172917007  0.00318477448828862
  0.00326356034416108  0.00334295953093054  0.00342623628765981  0.00351440762470486
  0.00360155019606965  0.00368961223431622  0.00377792210852890  0.00386917659071526
  0.00396119491851096  0.00405744354982088  0.00415867957639030  0.00426394144667173
  0.00437881546541681  0.00449581889408605  0.00461591879769907  0.00474128755098661
  0.00486795187479982  0.00499963819524486  0.00514045381603599  0.00528623606913155
  0.00543762357918485  0.00559553583129160  0.00576531029450458  0.00594562429741533
  0.00612895192559588  0.00631325986196857  0.00649862369978588  0.00668862187634685
  0.00689762152991279  0.00711671408210615  0.00735361961987362  0.00760149349631576
  0.00785403521384343  0.00811027708273665  0.00838876963022275  0.00868217840220011
  0.00899898898029766  0.00933258662110859  0.00967945901796030  0.01004704111629840
  0.01044084583893615  0.01086010595355198  0.01130665563274842  0.01178189705786504
  0.01229655537601482  0.01283555903255312  0.01340856786486775  0.01403033097265270
  0.01472146350332348  0.01546763710900552  0.01626043415920986  0.01710233357645866
  0.01801952503144936  0.01902132796260738  0.02012293203320862  0.02132724904617232
  0.02265758861793516  0.02414256210431990  0.02582495265525560  0.02773609319070400
  0.02994273750957535  0.03250013417347864  0.03547634686999463  0.03899813742353331
  0.04335126120600487  0.04877297302083955  0.05561039288882074  0.06563473381992573
  0.08060030091891358  0.10598112065159604  0.17752959721586320  1.00000000000000000
  0.00450538287466116  0.00518216575935569  0.00583952672427374  0.00653158063868124
  0.00720204887923228  0.00791717836528372  0.00870283556387385  0.00953719586457339
  0.01039858742297579  0.01126473420895001  0.01214089596355570  0.01305551536199500
  0.01403324434187181  0.01505874744650611  0.01609703231896921  0.01713410046094071
  0.01822933587835653  0.01935630798182427  0.02056743601493498  0.02185771733369393
  0.02319481905637922  0.02460172869311095  0.02607212017394825  0.02757863268082259
  0.02915995549610425  0.03081716110026322  0.03249306832191484  0.03425181721267683
  0.03604475395417752  0.03783081116893507  0.03973925521481887  0.04176340761517790
  0.04387118758713793  0.04610263749313955  0.04843123740417867  0.05084915946106816
  0.05334637043989929  0.05580323547069126  0.05824116966444461  0.06080751634115961
  0.06354924502976053  0.06636622718545090  0.06920504856061103  0.07218393158134745
  0.07538290241904406  0.07881874665111016  0.08247393531924579  0.08621600130340179
  0.09008660458613121  0.09405012388279337  0.09810777385660328  0.10211508354386346
  0.10632900030622958  0.11077330663700324  0.11545248300523087  0.12030800666641379
  0.12528349171607056  0.13042458763619522  0.13573635091847447  0.14116662791320195
  0.14676959031633216  0.15270527433392458  0.15905676148167225  0.16576141630843283
  0.17271945735035929  0.17993883980076383  0.18750058622558291  0.19556193782299949
  0.20375766263959549  0.21192960490757135  0.22066556684271582  0.22979991652789988
  0.23925258337391891  0.24936539575682271  0.26047319823237497  0.27221268637966156
  0.28432216443600028  0.29698218533957627  0.31055845139358390  0.32499023894227291
  0.34084709141400343  0.35807662159746789  0.37636579003840231  0.39531031615724560
  0.41502818357615956  0.43645422704944381  0.46042693363956028  0.48760938260535241
  0.51803909754165600  0.55239118875501392  0.59195904818425216  0.63522932312132785
  0.68905631318503036  0.75202798888590106  0.84797442741983620  1.00000000000000000
 -0.00216540473933233  0.00931313833419048  0.01924989723895159  0.03000766841857343
  0.04051018126734436  0.05084400282480445  0.06119293628561055  0.07182927135723131
  0.08284257912215216  0.09383681422796182  0.10470671530421913  0.11551171896028503
  0.12650019431218479  0.13768866844868993  0.14911139986221786  0.16044200267291769
  0.17145479754502482  0.18221502546434284  0.19252626356713115  0.20308915827473767
  0.21361227376941985  0.22408019611396565  0.23398819450960137  0.24389538073285538
  0.25397835770236721  0.26469725059794763  0.27513223089715538  0.28567588802217203
  0.29601854507363534  0.30614851284407713  0.31630671126638882  0.32666688421799217
  0.33671380825018488  0.34657305588376802  0.35663153729954933  0.36713300108944524
  0.37760892967561871  0.38777359393430083  0.39814142794339208  0.40891365536714119
  0.41972846589328422  0.43056869055529645  0.44167952153492307  0.45275617755046588
  0.46385058705328730  0.47502034254426628  0.48611130786118800  0.49707804847897369
  0.50796007789884712  0.51875672003105333  0.52962978660457571  0.54055613635552968
  0.55132406029471726  0.56192937943218779  0.57217186083239324  0.58210020885041436
  0.59195753698406051  0.60152753085554123  0.61215907535481795  0.62297004418890545
  0.63426628315695133  0.64530477129714536  0.65632760583583061  0.66700693462180405
  0.67733260426327857  0.68755454484264777  0.69735369229828414  0.70704091913350797
  0.71695490326750744  0.72730244364266072  0.73828229394035993  0.74925579137031018
  0.75990567669727693  0.77022336053572771  0.78024905181936555  0.79072960492978372
  0.80158733849033925  0.81263282045081986  0.82357880619974311  0.83391483116009057
  0.84410564437130764  0.85405097876796687  0.86458731374402320  0.87507476781541826
  0.88574652214224159  0.89640950258663954  0.90715552190672055  0.91758670284822219
  0.92789591693155338  0.93842605401088786  0.94879919390705458  0.95944646487549246
  0.96969620686852454  0.98042802666195572  0.99011706859459303  1.00000000000000000
 -0.00237943923289354  0.00928947461652371  0.01928938727967670  0.03007853672139298
  0.04071283440287461  0.05112098149446836  0.06125170426344079  0.07193115445062101
  0.08244643053024280  0.09348719128281205  0.10427718305414781  0.11536670049239098
  0.12586052549389884  0.13632880828662991  0.14692865368194097  0.15777173049741716
  0.16873312524935269  0.17916390999929388  0.18946089559050674  0.19932099074487433
  0.20918607997219246  0.21948387952621329  0.22985478097727011  0.24026717320195234
  0.25045773476637367  0.26072894401496566  0.27103350467280996  0.28134796280584579
  0.29179891274894842  0.30260255969726418  0.31332330823927146  0.32404818733695506
  0.33500287308881016  0.34639166770286661  0.35763906324297451  0.36828732073724446
  0.37886323188382237  0.38969960161687528  0.40061756164499501  0.41156387373850772
  0.42203154877883753  0.43240143619070837  0.44251663550251424  0.45243415867828446
  0.46246285337803800  0.47311822181841406  0.48366226872440554  0.49470122082125301
  0.50493581344490868  0.51543664677194101  0.52586853984736981  0.53663911841974643
  0.54794847402714753  0.55923068543399979  0.56969231976609525  0.57988775961938077
  0.59025063516030341  0.60125324533231528  0.61137271180493480  0.62124879724618165
  0.63127645786330622  0.64181762329622438  0.65258831557676056  0.66338580094808486
  0.67405114202107619  0.68499104261939248  0.69604705923852139  0.70706775909303032
  0.71768025704265226  0.72816586390892335  0.73871286333107766  0.74922725112478306
  0.75949633197017796  0.76951409640985291  0.77948022597374034  0.78953940356329910
  0.79963874814035174  0.81010206578377264  0.82107514053551978  0.83227466744209111
  0.84325778403997431  0.85389161473534980  0.86446461912282091  0.87518266191175198
  0.88583869587248076  0.89631614127540793  0.90636141512598456  0.91649077766984011
  0.92698064286070148  0.93776585423256131  0.94830499161844761  0.95872882362240974
  0.96871916566835692  0.97898600118591261  0.98924301436978546  1.00000000000000000
 -0.00255869905478368  0.00973927869618732  0.01990395054634897  0.03019088444852253
  0.04066217534879826  0.05106549449707254  0.06189637285261772  0.07260452403678108
  0.08348543034060947  0.09407538918397487  0.10441819725617377  0.11445001092947936
  0.12472085042965900  0.13529937295147304  0.14632989287047074  0.15715483143739034
  0.16765505027130251  0.17878221097645697  0.18968874429373528  0.20040344221320383
  0.21094001350413374  0.22162216818998901  0.23261325580645034  0.24349211653053446
  0.25415279484171577  0.26462021661737278  0.27473596102127962  0.28484602217869603
  0.29484444678557498  0.30530988784098817  0.31564095233518469  0.32598271836956294
  0.33591500662567003  0.34620007567801175  0.35626739076339714  0.36703759291377142
  0.37758952313939553  0.38833573763342416  0.39890003049378131  0.40948120827024093
  0.41960601035877648  0.42940276503761837  0.43931972097638072  0.44984205800447696
  0.46063649613571178  0.47147675053007726  0.48212424569966167  0.49247573443110698
  0.50265731376993628  0.51287074758839346  0.52348486342234279  0.53431347230901793
  0.54537921947253809  0.55599147791492309  0.56628327888577668  0.57600539968045106
  0.58585224241743128  0.59608739789420406  0.60668070107900163  0.61737380757114391
  0.62790673249136686  0.63877931642016461  0.64987396791268093  0.66094234715768629
  0.67176695450695845  0.68246831256806462  0.69289949095188852  0.70308325331934207
  0.71353255024278983  0.72407255945562676  0.73428497138328697  0.74438565879804175
  0.75469696079961479  0.76574059883014234  0.77664845938238936  0.78750903950224893
  0.79814311418267347  0.80904599715298331  0.81972686502110514  0.83076050991644967
  0.84101237751527802  0.85097512503842587  0.86071878456355166  0.87066471633048670
  0.88100532425536171  0.89194704269663183  0.90289483076829569  0.91330649015227172
  0.92359186720471176  0.93404396760728003  0.94503116629387296  0.95605399943725533
  0.96699654632886700  0.97773367279557222  0.98892781406817953  1.00000000000000000
 -0.00248537952717677  0.00995143345163462  0.01976741431242280  0.03025225669109593
  0.04078891171698470  0.05158214832718939  0.06235842327265592  0.07277264905605388
  0.08335710247812551  0.09397682527793091  0.10453494886016362  0.11523768694996539
  0.12602042047553955  0.13722213530796101  0.14812563452386721  0.15909934114560889
  0.17003241359358218  0.18098298396511076  0.19196813076113922  0.20268948780438709
  0.21335478842978545  0.22347168578831772  0.23372120325536369  0.24383839991968997
  0.25415573164149358  0.26450744391271702  0.27503453504247727  0.28527318380882710
  0.29556987715649713  0.30569847766913394  0.31625921202317420  0.32710921047748159
  0.33836133736600998  0.34977122818262379  0.36051664537680650  0.37121927183152170
  0.38183315997276779  0.39260699996608595  0.40272496611698078  0.41260957458941089
  0.42275751836333403  0.43349062147911005  0.44402656271551472  0.45424776671869654
  0.46413170643384871  0.47424337402424915  0.48449466806341523  0.49532033823703492
  0.50587156246824405  0.51607785668508110  0.52596161177415002  0.53637850054775327
  0.54697467137323219  0.55765048012042684  0.56780695828233307  0.57820927921124043
  0.58849901630405976  0.59878733518459837  0.60894709352329179  0.61947032375759903
  0.63018142596152671  0.64098112026578857  0.65121119781854542  0.66129831779046999
  0.67109816191780569  0.68127095691235073  0.69141903404451543  0.70176262562056946
  0.71228977939007498  0.72309296612832163  0.73387135033186945  0.74447759003202674
  0.75502434804183716  0.76576857498959050  0.77641593718469804  0.78694625530476126
  0.79738067457382455  0.80801082771687305  0.81876843001235067  0.82952769338297094
  0.84035864363331314  0.85139564808355372  0.86262718995818888  0.87377443284140421
  0.88500768371381011  0.89570026816806636  0.90630214206502147  0.91658170926074167
  0.92707972658700399  0.93756372135650123  0.94798174501599952  0.95863768003680117
  0.96894269898356933  0.97937898177154548  0.98951510433211076  1.00000000000000000
 -0.00252387570535511  0.00967121592332894  0.02032700570297168  0.03087561217852167
  0.04132687754023489  0.05221142102258103  0.06293442543771698  0.07316542985665411
  0.08336803518404730  0.09375603313561282  0.10430566570709165  0.11461104253993007
  0.12471299928413013  0.13541106744054796  0.14628356887206356  0.15733491373944311
  0.16834659975900057  0.17936587650703481  0.19037489291628656  0.20140882496258594
  0.21247750526167805  0.22340955654865033  0.23392848095774396  0.24397003157473116
  0.25409215422827447  0.26433940821413277  0.27479756849802561  0.28540206233410381
  0.29647788137323822  0.30790001567678338  0.31899642692231706  0.32959564158995641
  0.33996085280327687  0.35018610740289408  0.36052089278123711  0.37067608542828467
  0.38118989096155420  0.39161921414552175  0.40231077307778856  0.41319476974167718
  0.42388688966855437  0.43442341536767076  0.44471122847625405  0.45505671360185806
  0.46556006628649671  0.47620606323707820  0.48670189867722491  0.49674484801070556
  0.50673576517875318  0.51701686612176645  0.52763942726053736  0.53824673582296223
  0.54899508472921688  0.55976184880884816  0.57040995230353631  0.58071731199965915
  0.59089110769393294  0.60104788205056925  0.61157691942488768  0.62248333400220612
  0.63365564993522827  0.64446496998290226  0.65496831502313790  0.66530687887557793
  0.67574627321655700  0.68614463521652880  0.69636030115182745  0.70650684660222096
  0.71653171063688703  0.72628484742668509  0.73638795217326847  0.74649325836291003
  0.75728566836849232  0.76817746518423280  0.77936325122770478  0.79068578806551648
  0.80129347429125641  0.81182392965983752  0.82195263578740796  0.83191707977507179
  0.84193456337493355  0.85224181814016564  0.86247620692951577  0.87264471722453396
  0.88282034672617082  0.89349659615303301  0.90440089107496380  0.91501167091836744
  0.92576394222002756  0.93632013196741792  0.94724412830246907  0.95811489245436698
  0.96885398150572721  0.97932112883282751  0.98962922111638629  1.00000000000000000
 -0.00228877682606660  0.00893934761133335  0.01934423380882946  0.02951058390751177
  0.04017981022523306  0.05049754483891890  0.06092615350817519  0.07096711088411263
  0.08088786391905030  0.09073429219838329  0.10049001472448607  0.11043376543380427
  0.12081971167783648  0.13136565734407094  0.14183240533777228  0.15176951624871374
  0.16167376288680338  0.17188944589939367  0.18235492077671603  0.19309475373695478
  0.20396901812966853  0.21464496733386468  0.22502705107393936  0.23518960965068883
  0.24555240307688336  0.25603976546465307  0.26682120573170837  0.27789238328609112
  0.28885241178727944  0.29927487280644277  0.30943127889395505  0.31975342817087715
  0.33051380171613282  0.34111524341353511  0.35179376467425488  0.36260716052730646
  0.37342481398837329  0.38409083872410743  0.39453391497622725  0.40514171628533624
  0.41556380494303569  0.42638381261175001  0.43722627700752320  0.44873556670796150
  0.45977400967892740  0.47043792009537555  0.48126423942418450  0.49217541802988396
  0.50278197295457061  0.51291155911161124  0.52319378679054673  0.53352217547759750
  0.54418226720223561  0.55451948022578035  0.56487525644136449  0.57499106560027757
  0.58541081877551215  0.59598296941934614  0.60662424021215500  0.61691246630127328
  0.62732457313018464  0.63763603919764023  0.64823403835454374  0.65888949269480657
  0.66969165797171171  0.68047226369193914  0.69119274377973483  0.70182591430811303
  0.71244421630379007  0.72263157335297301  0.73271047306275372  0.74250403027326339
  0.75275676521641011  0.76323129440477555  0.77415827571931373  0.78498718008519830
  0.79590968674792084  0.80671268846544542  0.81762507538660578  0.82839428567707574
  0.83912041039692498  0.84970896712802890  0.86032765724236571  0.87146122829427985
  0.88241655948501696  0.89363450748958495  0.90487352192606318  0.91621949441283557
  0.92699584317789552  0.93734685724025368  0.94779355013071442  0.95814158303263697
  0.96829797582791721  0.97888985419090557  0.98933799940925471  1.00000000000000000
   2.1690529589853726E-012  -1.0000000000000000     
 T T T T T F T T T T F T T T T T T T T T T F T T T T F T T T T T T T T T T F T T T T F T T T T T
