  0.00191074374416296  0.00195951133216470  0.00200539480445802  0.00205102496182594
  0.00209924630610969  0.00215223117831263  0.00220577657922560  0.00225744646608209
  0.00230637898628301  0.00235395699912812  0.00240458581554366  0.00245815073505928
  0.00250974634011185  0.00256039673244872  0.00261027104365726  0.00266062959505004
  0.00270707014396759  0.00275217377840790  0.00281651568016789  0.00288679980893920
  0.00295655915789728  0.00302595572494516  0.00309614780936927  0.00316806756515203
  0.00324849462770590  0.00333400880001440  0.00342269229633542  0.00350934982311512
  0.00359455473508960  0.00368963824792122  0.00379314950680081  0.00390437605114093
  0.00402935539523630  0.00415497320563408  0.00428305120889739  0.00441231562895995
  0.00454478987981666  0.00467934138971550  0.00481743261416661  0.00495785177055918
  0.00509851308578221  0.00524359697801178  0.00539335320316158  0.00555348291603253
  0.00572549302766539  0.00592436333309920  0.00613394281653352  0.00634425967177358
  0.00656489102925516  0.00678136096798800  0.00699398113880648  0.00721743800037311
  0.00745883771705064  0.00773124605191858  0.00803591329922129  0.00834744747259689
  0.00867415719935286  0.00898850309257427  0.00930371167574333  0.00962818269076859
  0.00998502896666938  0.01036472508921545  0.01075976264707993  0.01117739533198059
  0.01161790673876831  0.01212809432257146  0.01270322015830419  0.01335051751918616
  0.01401289639858548  0.01471949211951757  0.01547538273925443  0.01625970574040821
  0.01709089636515669  0.01800251415964433  0.01902651008916614  0.02011261277207266
  0.02138233799718405  0.02276033152470780  0.02429757363118192  0.02601432912536103
  0.02791019162416721  0.02993568684690813  0.03222907864688203  0.03504542907180885
  0.03838695335224385  0.04190246101140808  0.04568127751445429  0.05035520780651792
  0.05697433640323051  0.06566571637015695  0.07584703098387363  0.08973368872313454
  0.11133590693658618  0.15198806408167026  0.26867559273107133  1.00000000000000000
  0.00229003773488789  0.00367865062548346  0.00441210747237079  0.00509421865415604
  0.00574841306759828  0.00647362216527957  0.00722752571814129  0.00800660036856449
  0.00879247178032327  0.00961393736075203  0.01045346906719409  0.01131677832779694
  0.01225648190483095  0.01327321371738572  0.01427074240161370  0.01522556863082029
  0.01620083778292896  0.01728017106120940  0.01846768074960049  0.01974687774730312
  0.02107454219284623  0.02229445263610266  0.02349899038544466  0.02483709805991813
  0.02630977024156050  0.02794720326269541  0.02962631822596185  0.03132149654986998
  0.03304061994894576  0.03488574965799417  0.03689161911559011  0.03908604292522842
  0.04155284893109834  0.04413383514755412  0.04668378111437162  0.04916721203320246
  0.05168850042782386  0.05439610569608292  0.05721636513382503  0.06003627265311973
  0.06304549640647183  0.06608169654641592  0.06924183756714593  0.07260751859705247
  0.07588636806936699  0.07923865576235416  0.08270972977576181  0.08632420849421558
  0.09022310482925523  0.09447772602018356  0.09887617953058064  0.10340406217025847
  0.10773917248463111  0.11199874881456853  0.11644655880699245  0.12129591081256079
  0.12630939177222639  0.13175725337008087  0.13768057179358575  0.14437258722357266
  0.15164397400636953  0.15921526977272990  0.16639443808128807  0.17285424284963630
  0.17988042057263248  0.18702813058614334  0.19416247437098555  0.20101271987014072
  0.20881919145288674  0.21731174957485266  0.22666647393301867  0.23763515481472358
  0.24860979292614818  0.26133297919788162  0.27428505182460999  0.28880067887327449
  0.30435176840675404  0.31982736090097719  0.33491924627668429  0.34981549054155192
  0.36454066271456920  0.37972069311998580  0.39583073096737537  0.41254237708052499
  0.43024980405622709  0.44870696299790475  0.46941464449332326  0.49368625058556431
  0.52157552757108705  0.55306934406863362  0.58843938328912060  0.62932498077150711
  0.67807974457840658  0.74423782915643677  0.84001595693430553  1.00000000000000000
 -0.00240613381667234  0.01052498747831540  0.02131229003163263  0.03221294601353420
  0.04424195634116342  0.05605517323645476  0.06714376630874665  0.07856119470965811
  0.09012835441086120  0.10198544543704209  0.11403650602866201  0.12678884311852226
  0.13865718275605138  0.14970782333887525  0.15997099527883818  0.16991343622652566
  0.17991140340159467  0.19055330955344701  0.20217984418555560  0.21412094035525717
  0.22586840804805003  0.23738343693458078  0.24890885864048462  0.25908335473540284
  0.26851024447738903  0.27764203059070031  0.28700365122024546  0.29693126815446441
  0.30619063437356109  0.31591335569241902  0.32447296162945261  0.33277418203501846
  0.34100975082277446  0.35000551522938883  0.35985547496146059  0.37172616727662117
  0.38277344655446716  0.39357308859491957  0.40391216193250956  0.41385991025723384
  0.42411624878096787  0.43455307160726031  0.44514375118321364  0.45615701023721128
  0.46632781888279090  0.47716779232182616  0.48746469251270014  0.49806965191855185
  0.50771647601938319  0.51803917399064459  0.52927112221460426  0.54145730882279974
  0.55350677534001380  0.56546941886431235  0.57701294967776384  0.58769139283927296
  0.59759527837285942  0.60708368491158804  0.61639428254819939  0.62571305982408865
  0.63521234390340031  0.64476697282924267  0.65473108350910658  0.66528375092807823
  0.67611764721414824  0.68657948908804556  0.69725712451320287  0.70743728676195872
  0.71877162110689841  0.73020695084991427  0.74161322631968052  0.75254079901116244
  0.76411131406120458  0.77620082850261318  0.78820561939374512  0.79976940568063559
  0.81023927327412593  0.82019600423562389  0.82938585888859595  0.83946934597940048
  0.85025193694519818  0.86148308904734117  0.87271769114347708  0.88324445148750852
  0.89391908919414353  0.90523143949701401  0.91670877721140787  0.92796000932770140
  0.93683284726378324  0.94492092796883309  0.95271292525857831  0.96237857042831598
  0.97269617833700328  0.98274218560052529  0.99147729446378918  1.00000000000000000
 -0.00255678306129545  0.00908153011290157  0.01908380520299886  0.02840922093272893
  0.03850952680881127  0.04906620609967852  0.05917416733889484  0.06899054704053034
  0.07839445529133940  0.08809534767758911  0.09759481633176813  0.10773490724023596
  0.11796066518924650  0.12938299319684854  0.14126577809552959  0.15343099037905461
  0.16613504008762398  0.17916425008320064  0.19113796484949619  0.20164257075354158
  0.21300193680900478  0.22483821762188544  0.23599500086272082  0.24680936373460485
  0.25736682508750730  0.26779415790624306  0.27728777998021853  0.28703477136959304
  0.29889379959638968  0.31281163592696054  0.32622094810732954  0.33719671834233539
  0.34778414102504945  0.35869625645419839  0.37129055238938186  0.38305245515763131
  0.39464015546966719  0.40526207686057059  0.41651599174930642  0.42728664108092890
  0.43742830616025091  0.44660034622040262  0.45635451003031857  0.46843452424852899
  0.48048917224039361  0.49162084309655296  0.50211167614601326  0.51292569634090535
  0.52451954081606333  0.53616467221803243  0.54746837766934131  0.55771888533319580
  0.56744914658939416  0.57723238483530703  0.58727870165823637  0.59780469895666288
  0.60843928577577611  0.61950242649990073  0.63000621823128211  0.64110514857412237
  0.65161761178167277  0.66277497509015348  0.67376724282297318  0.68510150432677341
  0.69465227673378527  0.70398710663586972  0.71256740636077953  0.72101560012060106
  0.72966585309006027  0.73882871144773243  0.74896651509863266  0.75948657075205872
  0.77011490183289388  0.78035516507860880  0.79004347504933581  0.79973507473293082
  0.81025591994207902  0.82141795023947584  0.83202866760597360  0.84167436123533090
  0.85154835098217829  0.86189364400151547  0.87292724568181634  0.88376136426829344
  0.89467299680825607  0.90448471971497046  0.91429945531368417  0.92423178117631055
  0.93467324414644271  0.94497508909068251  0.95446491265563316  0.96405855605294799
  0.97357429035862852  0.98249879104714111  0.99127303113776388  1.00000000000000000
 -0.00230575465893509  0.01002318296634140  0.01993651679241560  0.03018886144253737
  0.03991151078689967  0.05082024263549678  0.06206850243542056  0.07326917255698405
  0.08423195475124601  0.09519294349584244  0.10667405740436287  0.11779280766243119
  0.12750161864343607  0.13703434018243274  0.14697289957726897  0.15872433140749959
  0.17098239292342246  0.18297703501006829  0.19603126242052438  0.20874151627757265
  0.21992283131658860  0.23033563348512381  0.23974619570539615  0.24885358793364046
  0.25768428693885703  0.26736738866496529  0.27792394752862248  0.28883407991862370
  0.29945152316998086  0.30927740941764886  0.31922273614250457  0.33025477256702668
  0.34014036697982958  0.34949172931552408  0.35816974535345347  0.36809265078933817
  0.37866046741558745  0.38980721550350067  0.40121642558811155  0.41305405955107360
  0.42422869766526339  0.43409370913122203  0.44401063937980240  0.45426563526280600
  0.46554565810134180  0.47768853875128403  0.48950457221405319  0.50126042771681012
  0.51292483696759950  0.52370267454820663  0.53377513745121685  0.54347766494825833
  0.55296655840640574  0.56248585575313148  0.57217587924173874  0.58229635896415266
  0.59255633571837496  0.60212954124776141  0.61164138714886984  0.62103109260942813
  0.63101416453532289  0.64145916609561382  0.65303879546023114  0.66555407669819666
  0.67773055145433903  0.68989352314327779  0.70163581713002632  0.71368975066912543
  0.72577893550047845  0.73594077390948354  0.74492069764055346  0.75377711294374006
  0.76402297846258338  0.77519209674521150  0.78548622624422770  0.79562619258881684
  0.80599268568142413  0.81607270118454778  0.82589281603974452  0.83625534573842419
  0.84700673087123335  0.85764238137486382  0.86831189158049016  0.87896722603586785
  0.88968666718590450  0.90063399428149571  0.91149826537392609  0.92207485687552804
  0.93237263338132803  0.94260656002836840  0.95397230982537251  0.96309712536006675
  0.97272924472208833  0.98173606106092837  0.99036707559652570  1.00000000000000000
 -0.00258618860732697  0.01140090236135423  0.02231192679444249  0.03380101179193797
  0.04462720566675274  0.05585543997667605  0.06752221767717359  0.07891876577840673
  0.09018861067112603  0.10193763503021945  0.11546017049137108  0.12861969883970831
  0.14160300111868451  0.15479604649759682  0.16718920684013111  0.17802848196964369
  0.18768383430616406  0.19741889490987452  0.20716260945669893  0.21677926500152281
  0.22645323900601813  0.23628820315877036  0.24825466363575910  0.26048968920646798
  0.27144504123742136  0.28126142798580217  0.29025385856367597  0.29906739359871259
  0.30852119181158261  0.31895115894091558  0.33106650337851007  0.34311507212106584
  0.35534543413724451  0.36733428717947464  0.37891085810667280  0.39016633355640640
  0.40138095094971532  0.41248703978591378  0.42309120417391044  0.43276634950223297
  0.44206529963784386  0.45104142973190775  0.46036023222443234  0.46997438394469421
  0.47862942839329037  0.48687175668722282  0.49525498599425732  0.50403813628148075
  0.51347453073979066  0.52347880503669275  0.53410621859779794  0.54418751021390099
  0.55262711388877372  0.56078570051961096  0.56935131388355265  0.57800366105125978
  0.58667560638750416  0.59472624270811969  0.60369716935295936  0.61533147730495041
  0.62878199502477894  0.64255199362903248  0.65476449775145140  0.66448932359298507
  0.67383998989690386  0.68331665628330407  0.69400756971256583  0.70502879432853294
  0.71567022762715216  0.72577359568029332  0.73584038786922423  0.74637008322425424
  0.75771072030096775  0.76940473790649744  0.78123662917076730  0.79290562681795673
  0.80391769533501189  0.81428932230454842  0.82512725128666264  0.83656337973132255
  0.84807112269034501  0.85933480119896832  0.86982176059274252  0.87993151809437276
  0.89047399168994956  0.90193532995999515  0.91363237136356168  0.92346986611012616
  0.93199853216470130  0.94044689249871805  0.94937989341543616  0.95894722597446591
  0.96811843328902869  0.97677521007929269  0.98776910848386623  1.00000000000000000
 -0.00280863584488814  0.01098289898418765  0.02254963337467748  0.03475327149297297
  0.04712262475925456  0.05880570728733535  0.06792751669230007  0.07624952200904710
  0.08481422715455463  0.09505667753977093  0.10593981935881978  0.11695553854275324
  0.12765776204702356  0.13854925814925531  0.15028625933224526  0.16200051972239368
  0.17358588504341249  0.18391161359705940  0.19384817355018524  0.20422153597692028
  0.21514170261004506  0.22678113756590226  0.23865892263204203  0.25010894010197643
  0.26050214416365958  0.27033482890923133  0.28078704246664116  0.29132516878530973
  0.30184241274755758  0.31224155388518265  0.32335237113665638  0.33489850931814275
  0.34637858562120538  0.35735475433711011  0.36826880288804037  0.38026041275509453
  0.39262180473904673  0.40444525665377745  0.41512282701510650  0.42567935568228232
  0.43630559670239216  0.44669561621028292  0.45773323895644186  0.46868127788416258
  0.47992371856606547  0.48961047108684114  0.49945979016959641  0.50996261353777028
  0.52024101324540284  0.52936318403705573  0.53801006843267274  0.54692158069765828
  0.55706944669073166  0.56709719902408462  0.57790406189177590  0.58954743879612803
  0.60042586906859152  0.61026635134552965  0.61927956080618152  0.62833870578520479
  0.63793218080481962  0.64786270804039525  0.65866707218293619  0.66968270646792838
  0.68049853817332073  0.68989067165621498  0.69847693433606717  0.70646144215218842
  0.71480097859877179  0.72378062131306464  0.73350624979903845  0.74399385294909903
  0.75573225413487544  0.76758965056793083  0.77914200728984473  0.79066772977826749
  0.80263693557431992  0.81482435486811577  0.82698551447418445  0.83994967232841156
  0.85237093332424618  0.86378369046736581  0.87451347274560043  0.88549179524466259
  0.89562802193868851  0.90496584711536388  0.91380111201994718  0.92324673505728927
  0.93416099567424804  0.94545897274263435  0.95552728737442572  0.96381572926405845
  0.97189350612386138  0.98040592076413080  0.98972947129867117  1.00000000000000000
 -0.00252808026901315  0.01000857528722515  0.02150851198689544  0.03349549371791375
  0.04610367214746953  0.05880919918685885  0.07119710259845866  0.08348988385205135
  0.09490872844294367  0.10634568336944951  0.11728357033637506  0.12804326819212744
  0.13854384266686440  0.14872475806393057  0.15874412609828120  0.16837888229488190
  0.17722506934174218  0.18582300847460764  0.19412758862500820  0.20401370062508314
  0.21520045242965555  0.22670393465274982  0.23908743688309111  0.24940617634837670
  0.25881397130351530  0.26804915030078164  0.27796098274492986  0.28851140066362174
  0.29974411588280397  0.31136648260193861  0.32284998610207366  0.33430733984114480
  0.34506124412665207  0.35567220378667164  0.36607981205585949  0.37622260889213699
  0.38662247210802114  0.39719457023678417  0.40814595786003499  0.41902521981245555
  0.43075146082090709  0.44250545007127989  0.45376234452351483  0.46506797434751801
  0.47662370391256764  0.48893450510152298  0.50053063231109463  0.51016858181678371
  0.51915011830162483  0.52850406984033715  0.53803799600414492  0.54774577135345826
  0.55727205377600741  0.56768144623715222  0.57896768024176348  0.58890239024610269
  0.59795733015728847  0.60692919977704607  0.61653803615905467  0.62648061061323013
  0.63631019246631371  0.64630442608909489  0.65754075841083226  0.66949347071491339
  0.68130208200234521  0.69216483660754247  0.70307839754116908  0.71382187131263897
  0.72435721297314892  0.73415799872001664  0.74430839245678460  0.75540769172315136
  0.76746609663195797  0.77980672426151609  0.79177142378288556  0.80345185686627985
  0.81546241275308695  0.82841991321633501  0.83964347191730693  0.84908406522293167
  0.85771654763324423  0.86594112187146333  0.87469979236567497  0.88384360298850984
  0.89291412848796803  0.90187858629282380  0.91098315499852267  0.92074677687737327
  0.93115707826125205  0.94132383738550851  0.95098005052140078  0.96108867131727549
  0.97163900443706097  0.98172365449793830  0.99112657969459006  1.00000000000000000
   3.5145873431489634E-011  -1.0000000000000000     
 T F F T F F F F F F F F T F F T T F F T F F F F F F F F T F F T T F F T F F F F F F F F T F F T
