 -0.00243177504330235  0.00946964521595465  0.01961979936001639  0.03012663875895030
  0.04066526637580221  0.05119898062467944  0.06174166311172938  0.07229088800844879
  0.08283636442769178  0.09338376774772117  0.10392579526299803  0.11447133910754466
  0.12501060967258401  0.13554546354258876  0.14606529782229302  0.15659069017974597
  0.16712260925478178  0.17766137338208232  0.18819532342939685  0.19872931353774509
  0.20927186142654242  0.21981944398581213  0.23036817718065850  0.24091424232458511
  0.25146040238816020  0.26200576674736831  0.27255565673874671  0.28310052045453588
  0.29364596999818310  0.30419026916307595  0.31473194703316254  0.32527313042646933
  0.33580922528103574  0.34635322510775324  0.35689017012018870  0.36743111291686059
  0.37796654540806707  0.38851165776212099  0.39906016080054035  0.40960311839243480
  0.42014580056128770  0.43068742706424556  0.44124022796747586  0.45179115495407784
  0.46234061613840605  0.47288940812727620  0.48344012130871444  0.49398976291768920
  0.50453629360118912  0.51508108474176961  0.52562910894632087  0.53617293427794976
  0.54671695927277397  0.55725845530259233  0.56780747740950654  0.57835775565011238
  0.58890454073028908  0.59944969198596065  0.60999060934622229  0.62053630957141015
  0.63108174756758184  0.64163334694749596  0.65216551774931819  0.66269634136640521
  0.67322637530709184  0.68376498703010480  0.69430497238326983  0.70484090347015893
  0.71538046411566647  0.72592080068151965  0.73646233449809195  0.74701269286261485
  0.75755641781843785  0.76809946832750420  0.77863496304004909  0.78917831010268313
  0.79972397995865530  0.81027764238314648  0.82082497016879086  0.83136909350651356
  0.84190839859990907  0.85244696553629007  0.86298774800625888  0.87352414818226687
  0.88406622353952447  0.89460827706482893  0.90515811067686947  0.91570936769066125
  0.92626171420893788  0.93681195280425966  0.94735878949041874  0.95789842221794541
  0.96841822312935832  0.97894787219521007  0.98947336426422039  1.00000000000000000
 -0.00248607140131215  0.00954933423364921  0.01971900733415094  0.03023366322649103
  0.04078270724359131  0.05132914652498476  0.06186428998558453  0.07239859693283855
  0.08293798698753911  0.09348302233523197  0.10402766607935604  0.11455644306062883
  0.12507463888002124  0.13558808573699410  0.14611780736953808  0.15665911245985159
  0.16720771957914776  0.17775321987703985  0.18830087321577749  0.19884754607785754
  0.20939131649395323  0.21993627487264267  0.23047291850494520  0.24101476065610020
  0.25155793839365959  0.26210899205695004  0.27264954503043332  0.28318638945732538
  0.29372142575963328  0.30426685201788939  0.31481625368149863  0.32536670113670818
  0.33591076839083212  0.34645489062856999  0.35699659186656607  0.36754312101514452
  0.37808907595708674  0.38864016493494136  0.39919277884747656  0.40974575524154599
  0.42030149528420169  0.43084461245152428  0.44137920417970244  0.45190638652006837
  0.46244217251134917  0.47297821268087714  0.48351966472586871  0.49406499363847595
  0.50461793435981961  0.51516997913309637  0.52572061525830882  0.53626625848826537
  0.54681296484961150  0.55734908648004866  0.56789101427809452  0.57843244654841475
  0.58897734156176240  0.59952063911902398  0.61006525093967645  0.62060543864377438
  0.63114322791846733  0.64167965276179206  0.65221535490092497  0.66275343880470516
  0.67329083098351306  0.68383348764980556  0.69437546356434954  0.70491589491195861
  0.71546577029563641  0.72601454236043494  0.73656595911120371  0.74711122252197559
  0.75765965489304898  0.76819464385892045  0.77873277528999973  0.78927007064384136
  0.79981789781092039  0.81036690311366477  0.82090934337732957  0.83144285054872047
  0.84196643957289907  0.85249643427326260  0.86303020040791445  0.87357603714965970
  0.88412197105710899  0.89466807878818311  0.90521135229950456  0.91573708574338675
  0.92626981698124511  0.93680354608523164  0.94734705091360083  0.95789409391561431
  0.96841767501052123  0.97895346182604959  0.98947569093082577  1.00000000000000000
   4.6123675469904554E-007  -1.0000000000000000     
 T F F T T F F T T F F T
