  0.00191328877168152  0.00194658852202444  0.00198971606418808  0.00202839822486591
  0.00207063630943237  0.00211553497548312  0.00216036976011257  0.00220654787073760
  0.00225612124256166  0.00231267211240632  0.00236640399788268  0.00242070506196953
  0.00247581888017649  0.00253430710084215  0.00259777636940102  0.00266218777642558
  0.00272632999444002  0.00279121051732203  0.00285768971055586  0.00292545577442434
  0.00299378212181350  0.00306750825410577  0.00314243113881409  0.00322196119339716
  0.00330733890916933  0.00339214171486140  0.00348044906233704  0.00357119680414566
  0.00366361313224808  0.00375908907176123  0.00385623265156210  0.00395216627801025
  0.00405685819769081  0.00416450893911189  0.00427824801071960  0.00439697896525292
  0.00451948285192294  0.00464517485565001  0.00477341135728928  0.00490674104830063
  0.00504798887376595  0.00519452196108981  0.00534730828722117  0.00550537541641418
  0.00567142360413514  0.00584642542588666  0.00602985885734093  0.00622268244974713
  0.00642563006412684  0.00663318381901802  0.00685916004522093  0.00708836638781798
  0.00733183657236690  0.00759192507685200  0.00787306056414837  0.00816390332248742
  0.00847331683198571  0.00880005733519259  0.00913711469676838  0.00948527646242504
  0.00985111479045495  0.01023823311190889  0.01064395164878828  0.01106516465001586
  0.01149751916696615  0.01194890332104286  0.01243882853380916  0.01297145903880200
  0.01354750372392728  0.01418021858548362  0.01486568039461456  0.01558697733242126
  0.01636051382606950  0.01720793209623733  0.01815345497175635  0.01918760721715705
  0.02032144008666232  0.02160180253599194  0.02303231947414352  0.02464288441632142
  0.02642421476520578  0.02836789030275732  0.03054437748015964  0.03307896416983224
  0.03632367955955924  0.04022697066637070  0.04461608229434010  0.04957405058921894
  0.05550803365075798  0.06301758634712416  0.07317721431756086  0.08721957752705395
  0.10858330316820358  0.14633887449267274  0.24588267948301887  1.00000000000000000
  0.00442958683341339  0.00488944229411302  0.00550087833122295  0.00610753556441799
  0.00670663947883012  0.00731536841364300  0.00790506187144245  0.00849551134317841
  0.00909882475455325  0.00972036655969062  0.01035888600493841  0.01104660396866267
  0.01175854234836440  0.01253339816231939  0.01333523587992081  0.01418837682915986
  0.01505719465261236  0.01598847172051646  0.01694472342360515  0.01795615408868483
  0.01900804679092637  0.02009122340983069  0.02121095866769851  0.02241951560914655
  0.02373345470156619  0.02513492100497660  0.02662255967854846  0.02811936628346687
  0.02967419910508809  0.03126304125309031  0.03296592406692520  0.03471601860782939
  0.03652725477386478  0.03837772437936730  0.04027831147313003  0.04230878088878916
  0.04446850261858010  0.04667303883891633  0.04906226632172111  0.05145293328250879
  0.05392331969828792  0.05649039460713656  0.05918307154415419  0.06199337990292678
  0.06487746746162325  0.06791115498713071  0.07107164136803316  0.07435597834376582
  0.07772503755012018  0.08107792903793140  0.08455662205254118  0.08827628559613487
  0.09214690172772741  0.09621258180509890  0.10059721515705757  0.10523137024565724
  0.10994444538296400  0.11462233824045799  0.11927541939299008  0.12404804442883713
  0.12908628206909917  0.13458444742483044  0.14030396999091282  0.14659338457583257
  0.15320848520384286  0.16038581713079669  0.16804732526263214  0.17597941810774032
  0.18411405014866086  0.19266512512810074  0.20181787438967930  0.21136866814807667
  0.22120037458735514  0.23206117543557594  0.24265337400110695  0.25371699923850244
  0.26543618375716865  0.27807012555423127  0.29172609329468746  0.30626742615511315
  0.32193013226905481  0.33908327319150655  0.35773561115730074  0.37776878955664028
  0.39976381217477958  0.42450115695366608  0.45126515060393757  0.48082518521246304
  0.51443089674472486  0.55305271960000713  0.59529021271863136  0.64081924951559432
  0.69261850326681929  0.75646069287780215  0.84809326594627132  1.00000000000000000
 -0.00263562570241674  0.00972236728199781  0.01997466115810730  0.02974950677313416
  0.03935863722148043  0.04908536441571203  0.05923522166939579  0.07012752030558632
  0.08127879847277134  0.09207223187319175  0.10291024768736555  0.11307792371636649
  0.12373237991095126  0.13432307423225404  0.14544886797034270  0.15664525400700646
  0.16797964486362588  0.17946718067405007  0.19066665515048406  0.20155258577373622
  0.21198294167237131  0.22230459401378447  0.23267337640823821  0.24299067354235296
  0.25340693839468620  0.26389285373370619  0.27449954856132575  0.28502013333888876
  0.29536617285963712  0.30560914970424519  0.31618304188540791  0.32687151552987359
  0.33717106086667298  0.34732425775761339  0.35768160905832214  0.36838264700093221
  0.37884823619424002  0.38930774528490131  0.39997942105851203  0.41076315994452711
  0.42139038284869218  0.43199882960210884  0.44266618529245444  0.45329628611496536
  0.46404314766085952  0.47514087315242637  0.48639820089161362  0.49733627447074252
  0.50816014013358801  0.51916032076955676  0.53010465012857610  0.54084396525947809
  0.55122317255052744  0.56150806038441692  0.57189082920109535  0.58241064521491603
  0.59336715336283608  0.60449883247102243  0.61521166476760913  0.62552837252909832
  0.63590703192896147  0.64658098510986972  0.65733173850632243  0.66807361859113190
  0.67891712480536581  0.68967650647416279  0.70023708362536263  0.71088927869202145
  0.72207314284743762  0.73296144120542639  0.74341072362036520  0.75371136758863155
  0.76428902528828468  0.77479618662783922  0.78543590864969826  0.79582058310244552
  0.80606679329325126  0.81559860675037232  0.82488396672201303  0.83407301883345675
  0.84392151137936000  0.85355775898036113  0.86405059133148643  0.87454621684909917
  0.88515194058496272  0.89564073344664641  0.90600987600202831  0.91674368040224430
  0.92770623071974745  0.93834747860762946  0.94854095678756356  0.95844301240788932
  0.96865856651361926  0.97920592598627842  0.98965794729861922  1.00000000000000000
 -0.00238554210371804  0.00949491272350956  0.01920451608894012  0.02963315233962715
  0.04011567088642091  0.05078497189549255  0.06143403675756925  0.07264965063461333
  0.08393650723434785  0.09468917042442314  0.10463667899704843  0.11468443148618376
  0.12416741146499732  0.13392458017286332  0.14397488035168310  0.15466460711891356
  0.16558362118802109  0.17662149932372800  0.18707939848023247  0.19721767970745213
  0.20741353767238890  0.21789323441573419  0.22813105423150001  0.23803694165085895
  0.24772686120236495  0.25765108715290430  0.26785030698811274  0.27808912392460355
  0.28847518307536379  0.29902241749643310  0.31030243518526723  0.32115819144031960
  0.33196059678970846  0.34247084738831413  0.35329330631646871  0.36358377465167918
  0.37360599223647001  0.38345298655722970  0.39349869916802382  0.40409437006770577
  0.41492977412191240  0.42570017033935653  0.43610453144388978  0.44646598948164917
  0.45681125137168183  0.46727097216181884  0.47760887306292560  0.48824330825530399
  0.49917699458183784  0.51023753146392015  0.52115561866517357  0.53211110522928073
  0.54314377963799532  0.55407419992629903  0.56513924857487352  0.57623307838954263
  0.58738874405531338  0.59830584870193571  0.60910976708696785  0.61983722135157027
  0.63070273869706883  0.64160984567422397  0.65217968449477159  0.66224627521949953
  0.67240286072861455  0.68272246450475460  0.69301268180692088  0.70345641961677174
  0.71404731823035117  0.72456795394730011  0.73452747495318582  0.74471064987790492
  0.75512867477176115  0.76597842630124235  0.77697940407774702  0.78817703970029795
  0.79879796496561273  0.80900208206429602  0.81932973440718793  0.83011616459123794
  0.84066652519563356  0.85094872120002307  0.86125750658295541  0.87142407993779547
  0.88143110848084938  0.89148487091808370  0.90168982176954060  0.91167458908671006
  0.92133619932378763  0.93137903720306703  0.94188784273144122  0.95302709716172829
  0.96438396952337069  0.97613105995264526  0.98797884372340161  1.00000000000000000
 -0.00204443560397174  0.00879501969493188  0.01831526521032322  0.02861713384820025
  0.03892776613679312  0.04912711992581299  0.05906427562536262  0.06941242429676700
  0.08005556641310574  0.09074510282478576  0.10119999823618279  0.11142304382299485
  0.12145215801540715  0.13140889994331020  0.14160363217957597  0.15220524964228702
  0.16272894913503796  0.17303901899829399  0.18366242470531416  0.19501023131543105
  0.20646251298540283  0.21719441399339506  0.22747047441313956  0.23763568607344118
  0.24797815117642305  0.25818572719154320  0.26832461042838796  0.27844157961779631
  0.28885942614819560  0.29944095698869688  0.31049160069069681  0.32189497261601341
  0.33348305883973556  0.34500338599313862  0.35643556833637308  0.36779636212272693
  0.37857394492960272  0.38872596740832804  0.39894421090583693  0.40938186256913983
  0.41998991122844126  0.43048280468770805  0.44092149816174442  0.45156984348090329
  0.46236750409965793  0.47298153582153168  0.48309202052281797  0.49315412817591309
  0.50366513726106776  0.51459513699471726  0.52570914907478838  0.53672616515593807
  0.54787845042083705  0.55846924274093945  0.56888734549244735  0.57934068595909383
  0.59007655238158663  0.60071458145612844  0.61104157822111249  0.62143828045441896
  0.63230015623839786  0.64366985511721908  0.65475690938824138  0.66511841598274524
  0.67530901466424476  0.68573696075115309  0.69688016719266233  0.70794462237418965
  0.71879118098839234  0.72961572207528003  0.74071438094526121  0.75198545262511063
  0.76274291133420979  0.77318704670501670  0.78349774082202595  0.79404437054415455
  0.80392491865007676  0.81391499236383247  0.82369879688347858  0.83379672837878904
  0.84375859006749543  0.85401922985812351  0.86503195451949222  0.87597775207192163
  0.88679299116175037  0.89732989025731980  0.90747774684635374  0.91724188532893802
  0.92650415503641004  0.93597977725487513  0.94607195206796013  0.95647614564034966
  0.96747725182331712  0.97834961931919240  0.98920950020222431  1.00000000000000000
 -0.00244297098976338  0.00911825795016527  0.01963123748654447  0.03032351953844863
  0.04118332161405432  0.05158386329848667  0.06184776037884527  0.07228127918503603
  0.08301413742805541  0.09385899129431932  0.10480828150859040  0.11536709984676113
  0.12567438260382124  0.13626455011900712  0.14721378790086720  0.15873724092745609
  0.17040872803428475  0.18193774262678841  0.19322924297472793  0.20416252690686787
  0.21528687138242264  0.22637571670694726  0.23714512235962110  0.24748140100545202
  0.25770100719169314  0.26799861504981642  0.27855233662447282  0.28932547742463277
  0.30012317112285486  0.31075897884500547  0.32099082561933651  0.33088538584459926
  0.34083920261188311  0.35091641651220473  0.36093869282685037  0.37082017526850003
  0.38083851622466691  0.39085128268809416  0.40067302416141920  0.41006587929109173
  0.41985603417259004  0.43026706324152764  0.44144279685632720  0.45304143736719249
  0.46443695509779725  0.47558873808758484  0.48644201729340453  0.49737764100210907
  0.50835842427542721  0.51993186607908848  0.53141416956047594  0.54230828456258262
  0.55209567625885880  0.56200710708911761  0.57270060224681429  0.58333321611032762
  0.59418912883030162  0.60476175561739121  0.61635572428013152  0.62757203585203269
  0.63829105243184192  0.64896972796563845  0.65946633249564957  0.67052804409774847
  0.68088355619562224  0.69102600896701638  0.70071359525474541  0.71071014052691706
  0.72062919817735516  0.73058882227827682  0.74106795530246228  0.75155590114972470
  0.76202573229229265  0.77237050795409046  0.78314332029416522  0.79424505671507672
  0.80547313113377073  0.81646270027610690  0.82697986051254146  0.83735009730842369
  0.84776746062849584  0.85891022800611694  0.86948367457468079  0.88017546755918452
  0.89076507816664441  0.90170128706562813  0.91213274117979193  0.92216559941987419
  0.93214580675825509  0.94223084963263648  0.95230891215863722  0.96204382451707904
  0.97151623305258428  0.98118826938942683  0.99065041556098488  1.00000000000000000
 -0.00245263230665919  0.00952392422052067  0.01924785066748531  0.02947604278711257
  0.03974754783270780  0.04974135731113084  0.05989657457199001  0.07006182868986396
  0.08051764893777566  0.09101003895801164  0.10181196107608907  0.11245135441978699
  0.12268630344832948  0.13285858980895857  0.14321447978514459  0.15357086891747976
  0.16376553593654264  0.17397803881466203  0.18426085974928377  0.19403721557373715
  0.20378773922876722  0.21388284075331840  0.22481639492550132  0.23568750382601597
  0.24644355825185785  0.25740415334546934  0.26847947218331247  0.27951762047978645
  0.29053336771716376  0.30162380817898654  0.31256967618459403  0.32340323815890454
  0.33453677457703740  0.34622452561812911  0.35757560287634665  0.36848520817368480
  0.37941961907846111  0.39030009090533391  0.40118343499776288  0.41161645982420353
  0.42308824710127835  0.43458823253991952  0.44587638243704070  0.45707472436700880
  0.46784439235155600  0.47884641787195509  0.48949994258369794  0.49997720024657416
  0.51053927986929715  0.52126385363733452  0.53217774589845679  0.54306317211603572
  0.55398859262814515  0.56481212650949819  0.57547203710959671  0.58613895474451572
  0.59733956584822478  0.60834099916267070  0.61889178491676544  0.62898683952339829
  0.63883211136636409  0.64866786340010119  0.65827610429878780  0.66839343095643700
  0.67881749201125641  0.68920185721675031  0.69918625338183404  0.70892148145390788
  0.71903480414309695  0.72890948853457105  0.73865882503420821  0.74848712110417381
  0.75862015660839821  0.76872515527981933  0.77886039017421360  0.78906664693251749
  0.79965714499100082  0.81023827468804088  0.82064599621266809  0.83079213727962020
  0.84132766254901081  0.85200477790170737  0.86310005587314642  0.87420995792647394
  0.88597954121019640  0.89795619535837368  0.90961990310250473  0.92046585364073819
  0.92977593697450023  0.93895876887298835  0.94845536113351392  0.95833907204236868
  0.96844570418725484  0.97813479188652230  0.98900986174663608  1.00000000000000000
 -0.00267616240712452  0.00988522529042007  0.02022141720593431  0.03057001877820523
  0.04137697994528967  0.05168669098987125  0.06174172042921461  0.07135375829753740
  0.08141303979435244  0.09200912462285882  0.10259570135137003  0.11312508022417198
  0.12339726665842851  0.13440572443281934  0.14527035751304374  0.15610990123026552
  0.16671320218419397  0.17761103369628362  0.18868943213044173  0.19903710753450549
  0.20934317711073519  0.21974064701001869  0.23011844776416693  0.24056673141507512
  0.25130418336941251  0.26260308603985971  0.27364122895272647  0.28436266224681822
  0.29491464875330176  0.30519623869585061  0.31521752434375216  0.32552394215310398
  0.33623215658296235  0.34712809944339235  0.35777967490531093  0.36840132204430132
  0.37922117689989449  0.39023042356525628  0.40125748692812091  0.41243987760968637
  0.42367190344630984  0.43461417720218387  0.44481816711024957  0.45473950964598825
  0.46499083682050207  0.47485371381545899  0.48458441152126230  0.49394562827966537
  0.50432991766682511  0.51501241685977872  0.52575369240597991  0.53631950674376749
  0.54711919938123521  0.55824720023009955  0.56931973582700957  0.57993608344329861
  0.59011802382090095  0.60038970827050164  0.61088574933071516  0.62161777015564679
  0.63233668063789095  0.64310659512304569  0.65374754746092456  0.66440999340959972
  0.67511937745124107  0.68584005609034726  0.69624889936323253  0.70680462549392487
  0.71776561805242822  0.72873372526094227  0.73966841761205704  0.75085355758706029
  0.76244423370970926  0.77387387213522207  0.78494855064176827  0.79572766625714275
  0.80620413598431118  0.81629679610349870  0.82610144190789647  0.83575794185635455
  0.84549303680563626  0.85527129499102450  0.86488532716538191  0.87426291436459269
  0.88367204977773550  0.89335952618037850  0.90381979730218864  0.91441560753420359
  0.92556861372080423  0.93645378800095824  0.94735963962133063  0.95767071103363188
  0.96841599896620734  0.97894834857954705  0.98959038679846756  1.00000000000000000
   8.2670253890858457E-012  -1.0000000000000000     
 T T T T T T T T T T T T T T T T T T T T T T T T T T T T T T T T T T T T T T T T T T T T T T T T F F F F F F F F F F F F F F F F F F F F F F F F F F F F F F F F F F F F F F F F F F F F F F F F
  <DiscreteSampler_grid>
  grouped_processes
  1 # 1 for a reference and 2 for a running grid.
  10 # Attribute 'min_bin_probing_points' of the grid.
  1 # Attribute 'grid_mode' of the grid. 1=='default',2=='initialization'
  0.0000000000000000 # Attribute 'small_contrib_threshold' of the grid.
  0.5000000000000000 # Attribute 'damping_power' of the grid.
 # binID   n_entries weight   weight_sqr   abs_weight
    10   10   5.347746926299492E+004   1.254976295035940E+010   5.347746926299492E+004
    16   10   5.926887887395261E+004   1.621182311686865E+010   5.926887887395261E+004
    22   10   5.926887887395261E+004   1.621182311686865E+010   5.926887887395261E+004
    28   10   5.347746926299491E+004   1.254976295035940E+010   5.347746926299491E+004
    34   10   5.347746926299492E+004   1.254976295035941E+010   5.347746926299492E+004
    40   10   5.926887887395263E+004   1.621182311686867E+010   5.926887887395263E+004
    46   10   5.347746926299492E+004   1.254976295035941E+010   5.347746926299492E+004
    52   10   5.926887887395262E+004   1.621182311686866E+010   5.926887887395262E+004
  </DiscreteSampler_grid>
