  0.00191649329759559  0.00194682036579960  0.00198656993437765  0.00202844641760224
  0.00206966320290585  0.00211312439481388  0.00215788625573800  0.00220302507338130
  0.00225015530578462  0.00229950027335439  0.00235020245907764  0.00240279127332939
  0.00245623957950118  0.00250944422906862  0.00256364688495035  0.00261998566884441
  0.00267796729930396  0.00273760278957974  0.00279703966107157  0.00286015618621156
  0.00292528510109568  0.00299162877230365  0.00305929159765348  0.00312677560374558
  0.00319379358860567  0.00326462231660222  0.00334009487833032  0.00341967883963955
  0.00350429519132738  0.00358965643199119  0.00367527256827985  0.00376604500848172
  0.00385848837328392  0.00395273814057628  0.00405197422809329  0.00415434890685597
  0.00425935838805925  0.00436619003998399  0.00447613403922645  0.00458752279996657
  0.00470597964587118  0.00483286699566488  0.00496879660518978  0.00511039420708830
  0.00525518694180105  0.00540687057490758  0.00556731675429851  0.00573458862729284
  0.00591014725063208  0.00609739598138279  0.00629694531361402  0.00650224253593901
  0.00671894030010859  0.00694218963149316  0.00718198005417562  0.00742476169553051
  0.00767996671534678  0.00794946724718501  0.00823073086905777  0.00852420730770254
  0.00883382739879503  0.00916825644420644  0.00953650596242716  0.00993952525102285
  0.01036924390499190  0.01082442592226792  0.01130237156421730  0.01179941554846977
  0.01231481791683543  0.01285353241726212  0.01345695182058207  0.01410044206360261
  0.01479501845839226  0.01554429033702332  0.01636516262385856  0.01724436419646887
  0.01820486341768491  0.01923304058147448  0.02034963679706653  0.02156679836019823
  0.02295847755961558  0.02456030175743959  0.02638291655157178  0.02840203618286039
  0.03068002864266682  0.03335331549003295  0.03648887342930809  0.04017697354917076
  0.04462329188230034  0.04999986509127988  0.05690996472924269  0.06652419620999796
  0.08124238918866163  0.10675819773134650  0.18456435889118938  1.00000000000000000
  0.00184414004177500  0.00349746561781619  0.00455188854670333  0.00550164774673567
  0.00642761666939896  0.00736149331673097  0.00831472431460897  0.00928451997070548
  0.01028136918687368  0.01129375317765975  0.01231992719508458  0.01342062797131646
  0.01462096168117085  0.01583541943089480  0.01703738228199769  0.01826704547158089
  0.01960306298394374  0.02099688254800245  0.02242039985452997  0.02388748382608480
  0.02543129218609588  0.02704772094409928  0.02870757545943121  0.03041516908394520
  0.03220278633061556  0.03402767897293256  0.03590729090881552  0.03786525975268836
  0.03992478367981785  0.04207496385606415  0.04431092671107153  0.04662918324553990
  0.04903541138482589  0.05151662032916187  0.05407460745712127  0.05668337216391019
  0.05932898977676198  0.06203443897781274  0.06485827411973046  0.06781797048134798
  0.07086626491171644  0.07388545635854903  0.07718816593201198  0.08063616989011350
  0.08409451885165981  0.08763861109461372  0.09130644820674674  0.09506074754179342
  0.09890735337386790  0.10288995447869631  0.10705733766556104  0.11148781366400219
  0.11613780132811959  0.12092711822438144  0.12596915484093218  0.13130674651942301
  0.13683505412745275  0.14248732854776958  0.14830754549039299  0.15442754455448082
  0.16088291660530721  0.16768773993772951  0.17469810151210602  0.18173575406984280
  0.18891742041947895  0.19650032929038871  0.20445276309850360  0.21262537592787423
  0.22094912651651752  0.22941845371076042  0.23817364558729803  0.24753850075994638
  0.25712421501904209  0.26722550109252496  0.27799693447263468  0.28968521735211505
  0.30219559811771701  0.31545542173357427  0.32939611896740634  0.34414918692617147
  0.36008964115544251  0.37752890522663918  0.39613359996920822  0.41622022228348143
  0.43708071078428790  0.45934382130850693  0.48347372219455403  0.50956558168904209
  0.53792050064432251  0.56913542768055914  0.60398635634043307  0.64424252972302176
  0.69164388309508129  0.75065452839077373  0.84317665574170952  1.00000000000000000
 -0.00212150574345291  0.00813397675607534  0.01743617958515514  0.02753073653185552
  0.03748342343120648  0.04777100114878678  0.05799367276563585  0.06893583752942928
  0.08022923647220689  0.09145387269491806  0.10260167114481232  0.11328586266411050
  0.12424604177561396  0.13480320151754949  0.14549654062588804  0.15563261176577986
  0.16554341717100360  0.17520351314388358  0.18512891690196009  0.19536932622524994
  0.20599810638639615  0.21692769930302841  0.22770545571214618  0.23790181969303842
  0.24770407138014766  0.25763229823260703  0.26791917767823814  0.27851110138548746
  0.28889516667217091  0.29912265471205940  0.30937462854784192  0.31989301044495017
  0.33057945932409311  0.34123898667173996  0.35191195529713470  0.36241396810152193
  0.37293774651030975  0.38324261089670658  0.39354154822315512  0.40412283639662205
  0.41527939934094099  0.42652306180862182  0.43772690899493627  0.44885661958607886
  0.45971069604506554  0.47049448416819062  0.48088328033261801  0.49128309522787983
  0.50177297822034694  0.51240946993489711  0.52278725742103382  0.53275074366190600
  0.54286485947574326  0.55331465558309934  0.56413432830077992  0.57473897366292770
  0.58544157155766796  0.59621789669889314  0.60723461224850894  0.61801290863391622
  0.62837610493077156  0.63884029571821954  0.64950985753955992  0.66081037428982248
  0.67200757600963401  0.68317368148822810  0.69374154779399611  0.70414694174526293
  0.71445704848304326  0.72475242323228461  0.73521339618626569  0.74539373600844083
  0.75558805037383181  0.76572667848155263  0.77616169740330321  0.78660442110353301
  0.79711445385419422  0.80776510593545237  0.81871616634673672  0.82953272594907890
  0.84021299674619798  0.85078062818128175  0.86158747808495417  0.87256601392230793
  0.88327363446329565  0.89349259700924388  0.90370000891033309  0.91388705006621185
  0.92449612841374695  0.93566998998529372  0.94643199459250571  0.95666709371214542
  0.96655870080063233  0.97711277652095430  0.98831831905305190  1.00000000000000000
 -0.00247949781838611  0.00983682332560309  0.02025858491421901  0.03140887547808568
  0.04219084884362040  0.05292847351194711  0.06385904810077914  0.07458321100564098
  0.08537520404405258  0.09538983210957459  0.10602954640045986  0.11651763219129781
  0.12706342231843440  0.13703329154300609  0.14682407937053446  0.15695623669226719
  0.16735985433205561  0.17828963189294586  0.18910058828479048  0.19969274044260851
  0.21003688853685887  0.21996737035500305  0.23036346419241516  0.24053525567135756
  0.25076967447765419  0.26082284082493634  0.27051497146357223  0.28022019453271929
  0.29031135098292987  0.30070938480773524  0.31121214773457412  0.32177948434680648
  0.33247876049037323  0.34321534025470490  0.35374321058130342  0.36414611305882749
  0.37447493304230506  0.38488490021120420  0.39530101007044294  0.40609317847564896
  0.41684211566760498  0.42725997205740229  0.43772552367494605  0.44848893431198450
  0.45938403342829959  0.47005165624452677  0.48072744926661470  0.49148351626308506
  0.50206443052560967  0.51264942470734687  0.52329547334840310  0.53405290132628103
  0.54474485659668226  0.55521217883290774  0.56525730800479457  0.57522236858270182
  0.58558154720899613  0.59657030982073500  0.60744682389548732  0.61802233545432206
  0.62823192994168986  0.63834178799994745  0.64873719177234179  0.65928520666758228
  0.66998737576176937  0.68085072041866856  0.69177587808824437  0.70249947080741892
  0.71279921890737652  0.72294875992810737  0.73340688659779307  0.74431510267268641
  0.75531088906163002  0.76622206015904837  0.77693197874054687  0.78746879717975815
  0.79796579604316409  0.80838388129399108  0.81909427214756603  0.82988092716828732
  0.84057111206501922  0.85133519303717897  0.86175596611016136  0.87209728210479676
  0.88210386095128845  0.89198911322003260  0.90232302517595220  0.91277557578093005
  0.92380773551046991  0.93467721187708142  0.94550593917133818  0.95665469768028899
  0.96769099624071286  0.97877935961020157  0.98942475808134456  1.00000000000000000
 -0.00249623762635830  0.01056543117513537  0.02159169187600060  0.03259092150597100
  0.04373012469980782  0.05508976423866627  0.06626026061826941  0.07700226615846786
  0.08775915358918736  0.09829383651627642  0.10906876276280550  0.12027961883159274
  0.13180530847145125  0.14342508379648591  0.15445992690484955  0.16538211274981615
  0.17553680450251460  0.18540830065143213  0.19558500249746436  0.20633578962783344
  0.21713659831546081  0.22763870567340044  0.23813080262597364  0.24880052009672443
  0.25962478748176060  0.27053191723707742  0.28143452351669862  0.29226109084429996
  0.30306282211447916  0.31385597164055146  0.32474631915559971  0.33555208069461551
  0.34613770432467572  0.35661770066823884  0.36714877035118976  0.37792863916714392
  0.38883389356877873  0.39953725684292507  0.41007440832629677  0.42049274338705395
  0.43090883658430601  0.44124228722513908  0.45159599310962645  0.46188946197367398
  0.47211569117278562  0.48190025222890959  0.49155991908775309  0.50114486278308712
  0.51111191407072765  0.52130475581724867  0.53139128664235546  0.54169707747855311
  0.55226665915081319  0.56318905976563916  0.57419049240626119  0.58517929025195081
  0.59597484087817443  0.60652528225660163  0.61708743639988728  0.62767410058985318
  0.63835428769838121  0.64858486278644534  0.65856200803670417  0.66859308587287458
  0.67871776250203519  0.68896835492705288  0.69920613717412905  0.70956542186367277
  0.72030752113898011  0.73087422310330785  0.74160283778271141  0.75211150115618142
  0.76265550454158126  0.77295072069246351  0.78286403646408131  0.79250629199554401
  0.80196733752506955  0.81119882003589350  0.82042387881473677  0.82979153502645686
  0.84039998995333220  0.85151281479124408  0.86194695979528713  0.87237458459196804
  0.88265906825135254  0.89315721353545030  0.90334638976824666  0.91364513617541498
  0.92416469994802863  0.93451564234958240  0.94517726639417432  0.95611368519823259
  0.96716119681754775  0.97800250455003834  0.98881944381595566  1.00000000000000000
 -0.00240074229288845  0.00973996697287925  0.02046314190258210  0.03167210603632483
  0.04282087892364853  0.05342081489338132  0.06396392419386070  0.07472538231606606
  0.08548649771958954  0.09600029314169652  0.10649560348139663  0.11714591635473387
  0.12812801171824351  0.13906849736452703  0.14990694756126674  0.16016102441958613
  0.17021235732616821  0.18009432536742309  0.19041893243590177  0.20071729718177719
  0.21116721981552899  0.22104755929399550  0.23111169634544476  0.24140311386180108
  0.25184221557738823  0.26254785552123833  0.27326048074728038  0.28414420096540832
  0.29470668061484645  0.30515969744399374  0.31553121861821370  0.32636359872709642
  0.33718494521831488  0.34821310928360449  0.35838388690842116  0.36851987376608619
  0.37876762480913123  0.38947344097368980  0.40023115755215671  0.41071795728774246
  0.42132639382444759  0.43140801629501291  0.44192876175237866  0.45257919252184081
  0.46314348802728850  0.47385891174895350  0.48459864530360663  0.49527953066921521
  0.50566865796273586  0.51582603131776650  0.52621576704264839  0.53670760100294190
  0.54713034607527955  0.55771471325381938  0.56817333192495578  0.57875287328277558
  0.58937889404058275  0.60056960252562652  0.61220523661246784  0.62364386935595750
  0.63438469470852243  0.64473724876843175  0.65495095729021358  0.66499725318070146
  0.67504836326390405  0.68525056982465704  0.69573798756010774  0.70628445644637994
  0.71682125520749163  0.72783735856335541  0.73902399026041632  0.74976148936604059
  0.75979060965721856  0.76994268555317391  0.78064659430068473  0.79187743215267747
  0.80298560202030100  0.81372510594119873  0.82438231782512661  0.83489607736298366
  0.84529399933588301  0.85569332579449175  0.86616866356670774  0.87676937962147616
  0.88728163098561652  0.89735718859555558  0.90783992108472900  0.91801419276745666
  0.92884535736016205  0.93879281990699426  0.94898985680504044  0.95935756622623913
  0.96955586862719190  0.97955345663860904  0.98933433724678332  1.00000000000000000
 -0.00247392844862231  0.00956169121261011  0.02025095242453274  0.03088721264214575
  0.04182796129973988  0.05306923940631639  0.06442206495229612  0.07576010454135652
  0.08596459469711885  0.09625534092286707  0.10628995195024962  0.11607457716512097
  0.12574205035610320  0.13591650364020438  0.14644754936065391  0.15716706617938991
  0.16749723713134163  0.17834466584905770  0.18911109028582740  0.19957650413703126
  0.20974644210008214  0.22000381646341199  0.23056895591522611  0.24081176033647922
  0.25079522584057312  0.26053292353398805  0.26996256540261515  0.27914887114818387
  0.28844506548049281  0.29867653733921007  0.30917713054183593  0.31938896819178797
  0.32961812649968586  0.34063193641227901  0.35155158082717736  0.36235345682975784
  0.37295829361320665  0.38412293554015170  0.39549649480992627  0.40692471653700873
  0.41774823841177428  0.42774886560278158  0.43752883104816692  0.44734578091598909
  0.45754878396353937  0.46755019194172454  0.47764352777906965  0.48738151118197554
  0.49716185696650272  0.50690922976451436  0.51697227262840040  0.52756438090263635
  0.53869830810586017  0.54974575247711643  0.56054353843155147  0.57093342360158339
  0.58136121699595145  0.59188568822374754  0.60236058534323178  0.61293276303445687
  0.62356869454566133  0.63429664358934346  0.64497329370337586  0.65550815935625673
  0.66608540979662667  0.67691489663968474  0.68780982290752279  0.69846110893341518
  0.70878630354598982  0.71908375518801104  0.72954702645404779  0.74018337339211249
  0.75073881076614035  0.76122941916471576  0.77174396429471404  0.78274161651729046
  0.79362578833675179  0.80473828454451601  0.81559528927972325  0.82651918984660211
  0.83714809604316942  0.84744646199169271  0.85823816874861469  0.86893605813103536
  0.87935383081068452  0.88968037615067763  0.90039943471855322  0.91196634151542832
  0.92276697112145512  0.93354476620316906  0.94422642709211035  0.95548508638122931
  0.96637637305241297  0.97740310238994854  0.98854087700887605  1.00000000000000000
 -0.00234588974047671  0.00938923206042329  0.01958991380945034  0.03020067020574157
  0.04100225810474656  0.05202171962875071  0.06286430457104715  0.07384468908022339
  0.08418459851512386  0.09460584703242744  0.10457882796989172  0.11468271993396088
  0.12459148480961675  0.13431639451496910  0.14428383439532289  0.15455016986514508
  0.16508637430997314  0.17589208119061980  0.18705621695610392  0.19838940246349615
  0.20971303854177711  0.22061656233090238  0.23165511087986998  0.24280126151171141
  0.25408962000361618  0.26516027039432438  0.27626310036103785  0.28746141820755677
  0.29877326126420867  0.31007417400099502  0.32112517821505432  0.33191004037773347
  0.34226024883019207  0.35270569511139915  0.36335214534487825  0.37390922751154554
  0.38452928226968913  0.39518984905621396  0.40598329201166888  0.41669036516737068
  0.42669745562977773  0.43653234303919813  0.44603525564862984  0.45601781321345664
  0.46633789850215940  0.47678846043446083  0.48685401518658122  0.49706414046966940
  0.50748922200655888  0.51843377506368837  0.52938067467318284  0.53976799778099505
  0.54993115663424552  0.56033902743828357  0.57139515326967061  0.58234732346028384
  0.59275126967143654  0.60286773730987697  0.61319580217650282  0.62369719434515924
  0.63447828253324090  0.64538301445876933  0.65552317297833562  0.66531687743107404
  0.67529958916961841  0.68577965210286296  0.69671932625187716  0.70754691470381981
  0.71865852615647752  0.72988698582810896  0.74092748060898450  0.75169772330955753
  0.76223968757448279  0.77276029000495661  0.78315960126992246  0.79341974843007124
  0.80363149743117146  0.81386493550364303  0.82419552591355771  0.83455093103814504
  0.84502320203693226  0.85522363424347436  0.86540559252227223  0.87585685791960100
  0.88672530877458045  0.89748737954610047  0.90767363692715242  0.91800107337120940
  0.92812372183205438  0.93863465045489303  0.94865431077330820  0.95856356971757484
  0.96887381593787958  0.97900246781403888  0.98956322963163890  1.00000000000000000
   4.1409964618393091E-012  -1.0000000000000000     
 T T T T T F F T T F F T T T T T T T T T T F F T T F F T T T T T T T T T T F F T T F F T T T T T F F F F F F F F F F F F F F F F F F F F F F F F F F F F F F F F F F F F F F F F F F F F F F F F
  <DiscreteSampler_grid>
  grouped_processes
  1 # 1 for a reference and 2 for a running grid.
  10 # Attribute 'min_bin_probing_points' of the grid.
  1 # Attribute 'grid_mode' of the grid. 1=='default',2=='initialization'
  0.0000000000000000 # Attribute 'small_contrib_threshold' of the grid.
  0.5000000000000000 # Attribute 'damping_power' of the grid.
 # binID   n_entries weight   weight_sqr   abs_weight
    10   10   2.357540442949083E+004   1.745373232697118E+009   2.357540442949083E+004
    16   10   2.354129410691090E+004   1.747296811388412E+009   2.354129410691090E+004
  </DiscreteSampler_grid>
