  0.00000009444416878  0.00000009506470834  0.00000009930033267  0.00000010324733090
  0.00000010684202053  0.00000011060340416  0.00000011504952452  0.00000011996010960
  0.00000012517891995  0.00000013048438951  0.00000013609860400  0.00000014216570592
  0.00000014854167545  0.00000015513670044  0.00000016203977940  0.00000016938953935
  0.00000017733437349  0.00000018582803418  0.00000019473363488  0.00000020407624283
  0.00000021423003366  0.00000022487042725  0.00000023571907647  0.00000024768856447
  0.00000026034377720  0.00000027346130353  0.00000028741000067  0.00000030267191558
  0.00000031909589838  0.00000033620875291  0.00000035424464419  0.00000037356300046
  0.00000039471085665  0.00000041715952743  0.00000044065110884  0.00000046586313548
  0.00000049292965087  0.00000052226829550  0.00000055286732433  0.00000058402019562
  0.00000061608153314  0.00000065206502768  0.00000069055651653  0.00000073103562276
  0.00000077595413415  0.00000082360328859  0.00000087556875894  0.00000093588212157
  0.00000100634227033  0.00000108339554900  0.00000116740864114  0.00000125459734921
  0.00000135742362880  0.00000147046375048  0.00000159433655150  0.00000173576405409
  0.00000189359319140  0.00000207400758810  0.00000228540021036  0.00000252331006950
  0.00000279343792083  0.00000310458056374  0.00000346056241571  0.00000386591826139
  0.00000432974399928  0.00000486245548416  0.00000551909296459  0.00000635643328800
  0.00000738217374422  0.00000858182621634  0.00001001493478182  0.00001206045099231
  0.00001508233069128  0.00001918932460804  0.00002488024163008  0.00003351126544097
  0.00004615737977620  0.00006345210641996  0.00008561752446547  0.00011071511231021
  0.00014052483392872  0.00017490242984516  0.00021446471851287  0.00026273250581670
  0.00030540744198669  0.00035472279640856  0.00041018992805267  0.00048565200487347
  0.00059211125422917  0.00074789834036606  0.00095542402907309  0.00117231592404686
  0.00164417452640353  0.00211131958303061  0.01467584074678760  1.00000000000000000
 -0.00715823822105909  0.03405263962099932  0.05435128395768951  0.06947265233004160
  0.08315933258847100  0.09608759113698190  0.10863191059663224  0.12090901245180660
  0.13276579209277806  0.14443754343798293  0.15600161533908291  0.16741879712770355
  0.17875638400883637  0.18991404532280168  0.20104984806308537  0.21228506673498079
  0.22367305037642843  0.23514011246389094  0.24701679811806365  0.25832625669350612
  0.26872302432513928  0.27882533775657048  0.28879527973703661  0.30037089167681447
  0.31091819071100835  0.32144779458158113  0.33223453840008604  0.34354885494189624
  0.35413347536686146  0.36412201451888004  0.37387975094771481  0.38441617017781143
  0.39544421556450760  0.40674307991054470  0.41794864824317074  0.42874901011712180
  0.43958272420900246  0.45004772917500452  0.46042521323414554  0.47136618440345635
  0.48274924437973504  0.49415737854358172  0.50495244150533281  0.51511342661708381
  0.52489913192579096  0.53423099530189266  0.54377201011171894  0.55345830114779393
  0.56415642347703987  0.57552895552198724  0.58700604112054766  0.59839327611337279
  0.60921771121438728  0.61983281442022820  0.63059690761232701  0.64139798067126486
  0.65208079780002470  0.66227886353540999  0.67270884235750650  0.68346498323427030
  0.69431393781468564  0.70525496156769407  0.71573387876200334  0.72589547819640632
  0.73598048848700959  0.74621353575621008  0.75641166324564213  0.76642015883363468
  0.77637360841828218  0.78632137821886949  0.79598630089261757  0.80553400758295235
  0.81518473435784666  0.82508069572326248  0.83534580800173464  0.84533572550490310
  0.85486564453285474  0.86421363171634691  0.87374777431537565  0.88382738290641594
  0.89391280441498022  0.90359642766663217  0.91302953502748219  0.92237851826057238
  0.93161654722637299  0.94030657130539652  0.94802485841055428  0.95582589936516693
  0.96371411670468643  0.97114043872353362  0.97772236339681251  0.98356067513524870
  0.98865963728826023  0.99292747025726746  0.99657510086979473  1.00000000000000000
  0.00000000262666085  0.00000001719358144  0.00000003718104081  0.00000006047839215
  0.00000008896817905  0.00000012374151947  0.00000016777982786  0.00000022344628688
  0.00000029471548104  0.00000038310183083  0.00000048955499308  0.00000061388790739
  0.00000075864465902  0.00000093291259004  0.00000114213963902  0.00000139814694500
  0.00000170465687419  0.00000205223491687  0.00000245465191105  0.00000292842270671
  0.00000347890208144  0.00000410665195082  0.00000483561730102  0.00000567598148789
  0.00000662094393955  0.00000770916568844  0.00000894489709361  0.00001033302588919
  0.00001191657245270  0.00001372181841217  0.00001569559947414  0.00001781213518137
  0.00002009973609178  0.00002251438350540  0.00002506802518412  0.00002780100142111
  0.00003077426302041  0.00003385543584829  0.00003738152195806  0.00004091156799809
  0.00004465991247528  0.00004862127516757  0.00005280645805793  0.00005715272286718
  0.00006173340486255  0.00006704200409176  0.00007289883922968  0.00007907276579076
  0.00008562518170447  0.00009268829757380  0.00010017129327445  0.00010753083674374
  0.00011613550040074  0.00012533616850451  0.00013563229082641  0.00014733373156228
  0.00015997806452763  0.00017342374336349  0.00018885536410434  0.00020497135463408
  0.00021946186131571  0.00023190980471401  0.00024443358139237  0.00025704488093421
  0.00027056337683551  0.00028524778781373  0.00030208170419856  0.00032028693595236
  0.00034109037178530  0.00035809563336538  0.00038219726920634  0.00041169956701159
  0.00044311071262019  0.00047475563278853  0.00050871409563147  0.00054680310452852
  0.00058618201771421  0.00062801237027803  0.00067470115451995  0.00072884104524514
  0.00078778501975744  0.00084287032367827  0.00090801015483716  0.00098535478478541
  0.00107411053525836  0.00119130964374794  0.00132687289741627  0.00148621565784026
  0.00167059832495383  0.00187002452404007  0.00207674731632006  0.00229222907950333
  0.00255817229952064  0.00297722692303799  0.04630154951002878  1.00000000000000000
 -0.00360086056272028  0.01434725506884722  0.02858661704321161  0.04278299737749660
  0.05663086406565482  0.07031715175646203  0.08355826524553410  0.09644677309060901
  0.10872208857698541  0.12079834648547021  0.13243904711158913  0.14410297008734479
  0.15566941871440643  0.16670285826961243  0.17653648735672814  0.18638180247318045
  0.19640918905023530  0.20580640319099308  0.21467690928830069  0.22357214916347617
  0.23337105653018475  0.24422038954427233  0.25519328075176767  0.26593996180930296
  0.27637755133946579  0.28644949315861434  0.29618718136304373  0.30572057255933532
  0.31531106254920405  0.32492189723849385  0.33430820892000601  0.34346260278409269
  0.35252380017313467  0.36150126435564345  0.37033045388168573  0.37934184648626990
  0.38875664785607572  0.39843360331665595  0.40803413157825136  0.41740229253089728
  0.42683612001041560  0.43612094648965211  0.44494339972225255  0.45365612959837531
  0.46234864584949914  0.47122608931532994  0.48030119487746559  0.48945768518185845
  0.49857849918350422  0.50770854619047590  0.51636595397809604  0.52464774435936423
  0.53301666347167487  0.54177041468558429  0.55095236510552692  0.56009656970330335
  0.56902526047336333  0.57767079621258643  0.58660227420901745  0.59582687806243884
  0.60533078289065745  0.61495548999411753  0.62440353105085489  0.63372521221440214
  0.64320864657311871  0.65283693217254268  0.66285444934465665  0.67320509820466989
  0.68369205935503141  0.69379322062557591  0.70356205839083485  0.71314730737649312
  0.72297553287518201  0.73287926593779373  0.74228404472352039  0.75224345541515236
  0.76251364727404425  0.77332440720534801  0.78405772146672270  0.79466559373203316
  0.80556211946382139  0.81662342705350943  0.82787907892944479  0.83905309728489441
  0.84982607090554219  0.86108208866284042  0.87283579939321732  0.88556041909135896
  0.89869235654026769  0.91193731209254203  0.92554713151168722  0.93973251778613731
  0.95424296599886649  0.96916345090482137  0.98446519915666431  1.00000000000000000
 -0.00213089996585229  0.00896280455201342  0.01863099376887930  0.02846845689084057
  0.03868100962525063  0.04922099370230879  0.06046195291443716  0.07137111591740994
  0.08193049268571888  0.09195351627110723  0.10183294149364631  0.11169718031305198
  0.12165660953692169  0.13156353365748941  0.14102818120952179  0.15081147156462646
  0.16068619295708855  0.17102275350402851  0.18152862414458118  0.19204113565553402
  0.20281526742154479  0.21342997163681632  0.22393918868942481  0.23425689637066660
  0.24475787284275111  0.25570188099140950  0.26672257512660225  0.27728379308307338
  0.28741688970416612  0.29739477631914613  0.30703473394689301  0.31627584966108280
  0.32555842523018469  0.33526552819378752  0.34561408794278242  0.35624385776962275
  0.36674068521003411  0.37758246324934747  0.38841601674195203  0.39919917845834252
  0.40992001423897662  0.42105193659205142  0.43214632382849133  0.44220667865911689
  0.45116299563247603  0.46108704325068445  0.47114852111863192  0.48106188789267518
  0.49045595706276962  0.50002853748549958  0.51064610586812464  0.52176858278927551
  0.53298680115950070  0.54416776806479206  0.55506952321647252  0.56561096504070763
  0.57606359143432695  0.58665009253149203  0.59720017432204220  0.60745103058755046
  0.61755599795400817  0.62810443237097968  0.63912721265305916  0.65027942667877814
  0.66129455799495696  0.67224709624261680  0.68332587167999281  0.69443920759471489
  0.70539820316546098  0.71615846206722444  0.72701461200011597  0.73810348445141172
  0.74910367498143804  0.75960129610650151  0.76977359953027602  0.78034083970737966
  0.79157336736768935  0.80302958301861804  0.81416567966328257  0.82510726410227231
  0.83587244194936228  0.84648120570493335  0.85732391636568328  0.86811656708708107
  0.87940887910100995  0.89041805901940319  0.90154026733505899  0.91242893875474274
  0.92321217580292136  0.93378042098375302  0.94442392998487457  0.95488450696437266
  0.96552584245474393  0.97628295490348160  0.98794082545752093  1.00000000000000000
 -0.00178829536965944  0.00637052981029335  0.01431286224538550  0.02272291133092634
  0.03113763503692196  0.03992418635277026  0.04890441403017346  0.05821553050350524
  0.06774135959327332  0.07754227403303379  0.08785073960191710  0.09849069046921194
  0.10913067077462001  0.11969972718875430  0.13039266608065592  0.14116849869229611
  0.15171987461767569  0.16208338475423673  0.17237805196955494  0.18320142519588545
  0.19437070251203037  0.20536175150327102  0.21628471928049314  0.22736649209546783
  0.23856636390655947  0.24964166418624850  0.26056348225389969  0.27185698628097338
  0.28347684723356370  0.29521196965691093  0.30715895880615807  0.31947338525871211
  0.33191246392246310  0.34430992450281733  0.35695188495993890  0.36962365383155843
  0.38191772758488240  0.39377258373241886  0.40607502459060763  0.41893373345000501
  0.43229575944815535  0.44497086711345207  0.45696960069938669  0.46886464857939009
  0.48136779305576471  0.49440908300562192  0.50707774797174809  0.51952607376510385
  0.53165055594568333  0.54386734874015841  0.55587598826259954  0.56777526811131662
  0.57950548958941794  0.59082748787378936  0.60197995585321618  0.61354604796961998
  0.62580318414585423  0.63859328167273599  0.65149983516695209  0.66430870041969925
  0.67669555904142065  0.68820159136692605  0.69917064412154561  0.70962890507864007
  0.71984796507533388  0.73029250509025700  0.74090582710174768  0.75136242229677208
  0.76130466547071685  0.77097733430034776  0.78047491969956750  0.79004013154106068
  0.79943104967384626  0.80861108676881299  0.81807077208447621  0.82759162642899931
  0.83696813440477502  0.84632955743170812  0.85590139354206596  0.86572469650265060
  0.87529062306514727  0.88434501574345026  0.89316800819437125  0.90199978870307640
  0.91083894112886576  0.91984009906637643  0.92887850823825346  0.93785284465480812
  0.94684537303218108  0.95587493999022821  0.96435649399700396  0.97200887510778078
  0.97965059664239573  0.98652805300656021  0.99337807836973568  1.00000000000000000
 -0.00276745496144597  0.01040246051267453  0.02172877305681414  0.03249531556608292
  0.04302132548590034  0.05302906551405453  0.06383896126224775  0.07476722124433420
  0.08652390367220379  0.09800081171603058  0.10939862937335716  0.11956002763513660
  0.12988576643506058  0.13947012551985882  0.15002915528417893  0.16072890724107161
  0.17217447826654697  0.18306495755816080  0.19414364814308116  0.20484106842055380
  0.21586403984430808  0.22653920174529474  0.23721465334121145  0.24794552057347410
  0.25824352692438346  0.26857060904595020  0.27884323022108215  0.28922734810735562
  0.29978405232728278  0.31049669717306838  0.32148805777721851  0.33279004517584615
  0.34436527995957472  0.35587223031902238  0.36717305865766953  0.37804886022235040
  0.38857872849371927  0.39880927930645632  0.40902410304104403  0.41940912710824890
  0.42997075050555539  0.44083175626540133  0.45176282661086387  0.46212785095783232
  0.47179719200749631  0.48099497740036395  0.48989254286642619  0.49877283423219415
  0.50784874128493884  0.51674994570502542  0.52639874053469493  0.53607519189774244
  0.54592810106184442  0.55599609041009912  0.56544633902903996  0.57499831311012151
  0.58474181641754475  0.59585256066067060  0.60682809433583373  0.61748216358943575
  0.62776482198728378  0.63737280489264558  0.64745542093814867  0.65776459847799729
  0.66829642779815424  0.67860466443074718  0.68862110411626631  0.69874300487177876
  0.70894893841254036  0.71920259953393828  0.72979548120714022  0.74064325831696487
  0.75150100361735106  0.76222178958907194  0.77281240175568200  0.78351088376106903
  0.79428613455218411  0.80497352808083189  0.81568108679804086  0.82675761514087243
  0.83837976954079285  0.85010640637409873  0.86194603761182209  0.87381703562031188
  0.88558225940849222  0.89684276894593040  0.90791274025849578  0.91903047686103612
  0.92991013081007212  0.94086554432548086  0.95101954165819691  0.96135219818608064
  0.97095760957911537  0.98051094725109911  0.99009597141175443  1.00000000000000000
 -0.00247632248929771  0.00989855262891391  0.01998311275166428  0.03048312337649034
  0.04039573746807505  0.05069884101558340  0.06099338290209348  0.07118974816645801
  0.08137938585092555  0.09142442774616735  0.10212020507610647  0.11258079201160687
  0.12324898425166356  0.13321397003541294  0.14298796835333372  0.15274310848529793
  0.16312146064361802  0.17450611427583873  0.18610940586327193  0.19758412272942630
  0.20861579034773378  0.21938184913282566  0.23018482457208927  0.24094672452250598
  0.25153398621177386  0.26147849401189455  0.27123179094316074  0.28146706706617536
  0.29152773601354159  0.30150992379935776  0.31152406867615851  0.32191277067235613
  0.33254760809418632  0.34307072790709109  0.35365129949204527  0.36426152215780722
  0.37483824455018616  0.38541899822357650  0.39602961766769929  0.40660247717891951
  0.41719457268999138  0.42712354643637090  0.43690069368139589  0.44673651477021509
  0.45646672845747210  0.46624287606278508  0.47603796657305136  0.48628204506225431
  0.49690482587874452  0.50743319828037758  0.51846745778803660  0.52973456482439940
  0.54135295263399674  0.55253744342179589  0.56290798808792752  0.57257341268851714
  0.58243530765177387  0.59261735975759267  0.60282594392855327  0.61297712903898771
  0.62321073237757274  0.63397960002232823  0.64472907629855269  0.65583966405953298
  0.66664389397457335  0.67744894540845835  0.68794285670549404  0.69845140333492706
  0.70920345921566152  0.72024361882310639  0.73146048548830256  0.74249688654050261
  0.75339768447968181  0.76438553080271066  0.77495446544069058  0.78526779781064027
  0.79598820859907604  0.80733451731687866  0.81827315397669564  0.82920181072086196
  0.83989675992584523  0.85067203132120783  0.86157126786945015  0.87223683964868115
  0.88274237106149178  0.89335574832263276  0.90411928469530867  0.91505636711989824
  0.92592614352435687  0.93684824560743907  0.94758070908390979  0.95787598692046283
  0.96813645340730303  0.97838646833810339  0.98920734237164731  1.00000000000000000
 -0.02337868296871158  0.15839058962169814  0.26631617494440951  0.32344517871838180
  0.35568515607074852  0.37500466634832474  0.38785053578403311  0.39662700529814782
  0.40348463934729456  0.40978281328769456  0.41582239105900876  0.42166295238919876
  0.42729995807110921  0.43267916208886659  0.43774080158738898  0.44252245781343852
  0.44722979820101610  0.45195568518756535  0.45634379182996532  0.46078812925417489
  0.46515449112382357  0.46951248069997531  0.47398616496617296  0.47851059439633425
  0.48300905254398069  0.48737121308803444  0.49168000958226965  0.49607973227849894
  0.50050684390244748  0.50487199372060065  0.50919213254294415  0.51363676367146249
  0.51800501502964891  0.52251871091687430  0.52700428560618418  0.53150799920955261
  0.53602657651671304  0.54056524365878600  0.54517843874596650  0.54990447011193544
  0.55480783182016846  0.55973882044006873  0.56448469810707080  0.56910305765478486
  0.57374549285573295  0.57859545392523015  0.58382519541352718  0.58923154287734436
  0.59459221769738868  0.60003556109202549  0.60556792615772881  0.61114201259010004
  0.61620425192886119  0.62150669180572260  0.62689412192183080  0.63241167637855678
  0.63846378513237145  0.64450656948990415  0.65062370716971929  0.65670837354662992
  0.66297273938833867  0.66935764820146937  0.67595424010736971  0.68253359397179925
  0.68902064035709021  0.69539905020081660  0.70191356136995209  0.70868042830500610
  0.71577299913787085  0.72298018700842870  0.73047702115637836  0.73828509725921643
  0.74627732826926563  0.75422750446802067  0.76224101669718580  0.77042385973359229
  0.77903034298874063  0.78776247287238843  0.79652506098098530  0.80538756037472536
  0.81462816882331301  0.82410617536225761  0.83382199090792419  0.84386837223208955
  0.85452474588361271  0.86540511789063379  0.87652754233330599  0.88664939981082003
  0.89660217591551383  0.90704641541548892  0.91823216902444738  0.92990986396618747
  0.94306736577638284  0.95855975390284975  0.97711406452845173  1.00000000000000000
 -0.02721522939495702  0.13711549638715448  0.18708724383116929  0.22007141008828315
  0.24875975817691162  0.27250470104608959  0.29331738135554825  0.31266035925505142
  0.33027066929970050  0.34576238477084392  0.36013832178535282  0.37417401292073216
  0.38682764465969255  0.39877825827449537  0.41127002777335070  0.42362891506165340
  0.43500836165606194  0.44572093144127534  0.45626091764758081  0.46672773665266698
  0.47614883925353085  0.48526634160168997  0.49427662388761878  0.50327739586232279
  0.51283444756200114  0.52238689985647513  0.53188431169534933  0.54099142968855274
  0.54962629512064698  0.55798287590040552  0.56623015649047381  0.57441452458968911
  0.58228551434070941  0.58987719984514697  0.59735893093430092  0.60477440466316201
  0.61212921620038596  0.61928198355023234  0.62597697344269343  0.63238549813066547
  0.63862327359938875  0.64488962279258089  0.65104809061796520  0.65686106085175633
  0.66282778534652687  0.66866248529403938  0.67406449844163852  0.67945970139442124
  0.68471036299439259  0.68996862891879873  0.69528479172922109  0.70065785374384004
  0.70585482399563082  0.71115672746482872  0.71627759415305114  0.72131732841559171
  0.72651070525244965  0.73190247137265563  0.73754061811130622  0.74305927299871166
  0.74834084186077099  0.75359521557991782  0.75888957241184807  0.76414987185961403
  0.76933891129655430  0.77439782719933503  0.77936678993010300  0.78428909235393085
  0.78911001880092746  0.79388299042558252  0.79867811683709455  0.80335825094262181
  0.80799435550244580  0.81235511518554915  0.81652085546573128  0.82065136625977841
  0.82489177196159935  0.82934766399235815  0.83398507005407130  0.83871532199974830
  0.84357099835467597  0.84849824453056411  0.85358249092195548  0.85910210193089398
  0.86454269392942851  0.87001559425813435  0.87576573136195301  0.88196668305451476
  0.88837402678120803  0.89503720464555814  0.90229862367173674  0.91036509628229256
  0.91982904528779141  0.93191226692091467  0.95142990521611837  1.00000000000000000
   8.3293037589545177E-009  -1.0000000000000000     
 T T T T T F F T T F F T T T T T T F F T F F F F F F F F T F F T T F F T F F F F F F F F T F F T T T T T T F F T T F F T T T T T T T T T T F F F T F F T T T T T T T F T F F F F F F F F T F F T T F F T F F F F F F F F T F F T T T T T T F F T T F F T T T T T
  <DiscreteSampler_grid>
  grouped_processes
  1 # 1 for a reference and 2 for a running grid.
  10 # Attribute 'min_bin_probing_points' of the grid.
  1 # Attribute 'grid_mode' of the grid. 1=='default',2=='initialization'
  0.0000000000000000 # Attribute 'small_contrib_threshold' of the grid.
  0.5000000000000000 # Attribute 'damping_power' of the grid.
 # binID   n_entries weight   weight_sqr   abs_weight
    10   10   7.487741061874029E+001   3.867043102307853E+004   7.487741061874029E+001
    11   10   7.487741061874026E+001   3.867043102307851E+004   7.487741061874026E+001
  </DiscreteSampler_grid>
