  0.00191223214205504  0.00195162794880414  0.00199531079572735  0.00203661156663844
  0.00207869383671977  0.00212367531253672  0.00216950729430348  0.00221669502251896
  0.00226597370436137  0.00231639561242624  0.00236606095288567  0.00242019829947040
  0.00247570437102207  0.00253320491130327  0.00259381108555931  0.00265782359525876
  0.00272275764819991  0.00278785435164076  0.00285487082885458  0.00292509885208693
  0.00299874639342747  0.00307492827595801  0.00314914189710103  0.00322501306471323
  0.00330388936507474  0.00338418451570731  0.00347038591142971  0.00356192669549912
  0.00365568020784520  0.00375421753547378  0.00385783659019815  0.00396363229351099
  0.00407885803226482  0.00419518466599736  0.00431289230262886  0.00443358679178624
  0.00455561327809215  0.00468658437852072  0.00482396525958786  0.00496249745858971
  0.00510389130652952  0.00525194844519494  0.00540596814435954  0.00556786341458149
  0.00573626757492482  0.00591388043923867  0.00609988185363036  0.00629123553965769
  0.00648777247156738  0.00669366845454441  0.00691473610313263  0.00715119909398608
  0.00740203338787545  0.00766101069367321  0.00792759055416715  0.00819930506999799
  0.00849171174929024  0.00879388242341327  0.00911037143273372  0.00945441763457650
  0.00982447919462693  0.01021416309613824  0.01063066701432571  0.01108314841021033
  0.01157205224544665  0.01209575470887260  0.01264483818209029  0.01322431375802828
  0.01383751289435337  0.01449223357133444  0.01518448981731522  0.01594546959457481
  0.01679108933518166  0.01769664942735053  0.01866498747956896  0.01975109181370135
  0.02095389997478145  0.02226702237665518  0.02369379784174311  0.02526108710630170
  0.02701956267854963  0.02902675809315022  0.03131916329389667  0.03390819031009659
  0.03687609888679257  0.04030020632232514  0.04439239109451557  0.04933022787999668
  0.05525778975417100  0.06258136508391682  0.07264529814247152  0.08675725759266185
  0.10877488450204868  0.14663913385092345  0.24624094418780440  1.00000000000000000
  0.00500856856578644  0.00551532923827406  0.00618682136064920  0.00679105895464460
  0.00738163807641446  0.00798836035253654  0.00865098321542698  0.00934389243729793
  0.01004382847536132  0.01077909768009331  0.01152536248880823  0.01235106861603631
  0.01313843839082430  0.01395632010688793  0.01480173911462274  0.01573998486458771
  0.01673445829330928  0.01772455098024924  0.01869464601833914  0.01969685312399422
  0.02075897227376564  0.02191545152436445  0.02313596766972665  0.02437897910910560
  0.02565625311829098  0.02697646769491386  0.02836078086778579  0.02983892910160548
  0.03140414743089676  0.03302818061149789  0.03469758450577898  0.03640935860593585
  0.03818943968067849  0.04005922752852108  0.04202782013010549  0.04407198344296029
  0.04617054674259309  0.04826939135112812  0.05041066237932293  0.05265120766832295
  0.05507297004631997  0.05765614079749126  0.06032273738094896  0.06315385046610017
  0.06607238370196808  0.06911424200041368  0.07240117765583423  0.07583630226402661
  0.07925210038062425  0.08264438521974317  0.08603612322150356  0.08947389698204308
  0.09305128782189075  0.09678407996625263  0.10072652816920948  0.10490464866358253
  0.10929249132276612  0.11391930821227574  0.11880079548201150  0.12400823905442590
  0.12969715177550065  0.13586484008978375  0.14237956830104073  0.14890365041800974
  0.15549179001328470  0.16228393569800584  0.16912027322454462  0.17640428885186635
  0.18459613108786357  0.19323718616121749  0.20209240101131312  0.21114050052671349
  0.22050583003501248  0.23038395890231647  0.24115427539350739  0.25363117829800019
  0.26633798969798067  0.27974230567827318  0.29335132629632826  0.30756705332910217
  0.32253401581797619  0.33857213275908626  0.35639202843841161  0.37610477065200865
  0.39769970327659943  0.42168500478650495  0.44821037340597247  0.47663203294585299
  0.50878983248312770  0.54413460221017573  0.58402940674908244  0.63041649483251305
  0.68593843516871078  0.75347440738618510  0.84848407162557082  1.00000000000000000
 -0.00231924685151139  0.00835658658592023  0.01790686632020716  0.02775688942529584
  0.03844484611331513  0.04888628556135978  0.05879457054051098  0.06857592318575778
  0.07850232603511104  0.08880040151614990  0.09938082058607495  0.11012306641903317
  0.12095230556754966  0.13150896686105598  0.14203910145041054  0.15248076357238821
  0.16319706568747258  0.17407142141105647  0.18504045291580290  0.19563766585691628
  0.20599087575334540  0.21641141387884830  0.22701249080465158  0.23796401796706079
  0.24906556289923418  0.26014039598428712  0.27123028783975534  0.28221643788817130
  0.29296520303570961  0.30333403726805824  0.31365939061023601  0.32392760665773546
  0.33439510062271205  0.34456432067857862  0.35477766663403326  0.36482961122744828
  0.37514665261411462  0.38581969321824339  0.39664958834551906  0.40753565336816688
  0.41809636085013718  0.42805474448180597  0.43784584150042943  0.44742308201799003
  0.45719117838610623  0.46709195019999022  0.47745524903325565  0.48835560340316364
  0.49946972483625757  0.51058468247190403  0.52126979048661592  0.53169703273353353
  0.54236454290798397  0.55335574391259701  0.56456822330930301  0.57527619525292983
  0.58559099345407162  0.59598116660628275  0.60649019090235623  0.61732781099083733
  0.62771093635362785  0.63803934054737077  0.64810914816227461  0.65855765965590485
  0.66901598272386220  0.67941646310263826  0.68984600934514562  0.70043983354188188
  0.71121520104657077  0.72185431146484214  0.73255483833075374  0.74321490142529401
  0.75390446854916660  0.76419364891757213  0.77501997708819503  0.78571914806543519
  0.79648550989886424  0.80738395905384186  0.81843694080111551  0.82938923747541404
  0.83993881788861879  0.85049077600656009  0.86120197538167009  0.87236651758947337
  0.88370605910175015  0.89474995472989227  0.90563964620794024  0.91669044391647814
  0.92785692118936813  0.93888793745626631  0.94959584195154056  0.96005030819191806
  0.96974009845633535  0.97942629419095095  0.98932849162671155  1.00000000000000000
 -0.00252563261385624  0.00928213136884031  0.01982329809234296  0.03064410694484414
  0.04121409154045880  0.05133193159867524  0.06141603421787704  0.07181839174580446
  0.08299989566461623  0.09449621009359874  0.10597424423897917  0.11714810222801290
  0.12800997212103679  0.13850027240151189  0.14922162649318038  0.15992406259928549
  0.17070415014404644  0.18106035489103217  0.19170537258762890  0.20219121377592439
  0.21257050238836236  0.22245221596487458  0.23286059995556843  0.24358320204792239
  0.25457733534217469  0.26546146768851642  0.27609320602319370  0.28669130191621961
  0.29718521715592089  0.30770380633290395  0.31868633507144173  0.32959103014958535
  0.34042784115357000  0.35106687093421235  0.36206224527943892  0.37264396016406431
  0.38244624842010699  0.39213117225625693  0.40246375196270301  0.41299043397201612
  0.42284972637369228  0.43241164580976094  0.44211895215051178  0.45273793094464609
  0.46333846693722730  0.47372879027933029  0.48408612528280320  0.49384921541933618
  0.50360451404333084  0.51355587408625802  0.52415890166158741  0.53491038840098981
  0.54563701107150675  0.55667102674951308  0.56783004698899797  0.57873337151135906
  0.58919106461241055  0.59957569186889192  0.61000606585333517  0.62055386481082186
  0.63139894779681816  0.64217160920018845  0.65253824313948516  0.66241524984838540
  0.67205751144535542  0.68174192764087926  0.69178874898679921  0.70212182727560646
  0.71236806030499744  0.72305492015251893  0.73379526310953347  0.74439353801170505
  0.75429188160892024  0.76392469259322071  0.77393786890056027  0.78471894317013058
  0.79569124383636913  0.80650305244956799  0.81704472863729227  0.82767674901894472
  0.83861336645059892  0.84975051273402102  0.86095925187460509  0.87218754560841083
  0.88323495183164213  0.89420890584435031  0.90492430810576030  0.91546087976106827
  0.92590725881771851  0.93666580141062883  0.94744241078299951  0.95802006319402677
  0.96809941838228253  0.97843732399909233  0.98910271766550317  1.00000000000000000
 -0.00274558440315862  0.00994548551281606  0.02033534714594290  0.03142228131208556
  0.04225083425324962  0.05282469837233386  0.06320822364801398  0.07359374110422935
  0.08410194301224386  0.09426024846819978  0.10440500001130952  0.11483900958252635
  0.12524318241033797  0.13569292125104970  0.14560931909826672  0.15604509486779264
  0.16674748468187772  0.17797115222748477  0.18921168182621523  0.20038127386512716
  0.21130801196676496  0.22226794401114516  0.23324237921553725  0.24436846897914441
  0.25530819785578907  0.26585032187694874  0.27618294547254219  0.28617884700265250
  0.29618305179387572  0.30619341015654689  0.31630608373962277  0.32670072609121253
  0.33732783613009204  0.34817703225247304  0.35940662387394273  0.37069557715368567
  0.38165277892476263  0.39208735459461153  0.40240942217270342  0.41278653074494537
  0.42338847015282988  0.43463781963766879  0.44625405445403360  0.45733028636857526
  0.46772848492207414  0.47788070837663921  0.48829727138385637  0.49882243113808111
  0.50957795026141706  0.52038672516636131  0.53112428113341903  0.54154495514442036
  0.55197990108313466  0.56245597663531355  0.57255492674000874  0.58263133471759798
  0.59274446616718668  0.60296679213148274  0.61289053244322289  0.62233735622913944
  0.63210832272609974  0.64211989518720203  0.65226991799360134  0.66221087537737011
  0.67230051621290321  0.68246916242080991  0.69270518972263107  0.70302545546101269
  0.71336171359983513  0.72399016033186414  0.73435431422485742  0.74460461075073947
  0.75481042473205218  0.76538726188879236  0.77622021869210800  0.78683312827035046
  0.79730566133266390  0.80782007370041098  0.81793518310394042  0.82781940804082577
  0.83791138701963230  0.84822905970960760  0.85850916342010286  0.86862408428547710
  0.87951373195507665  0.89028454965936077  0.90057537235261953  0.91069264110333092
  0.92118515205553342  0.93251854687015678  0.94337322749297958  0.95419505921428804
  0.96508208564768250  0.97655068764195707  0.98842982471151197  1.00000000000000000
 -0.00253311401842889  0.01014268073129477  0.02018031243296495  0.03096965881520739
  0.04181461982974759  0.05313215318455131  0.06441933947759593  0.07554835929243339
  0.08623615488533098  0.09656303591592449  0.10694252320490759  0.11722963589770008
  0.12750098069333246  0.13802474431881503  0.14888832365614210  0.15961213540630084
  0.17015243385631176  0.18004941588151779  0.18989019654384084  0.19960957120847711
  0.20945256005118321  0.21924778659130750  0.22960099440009260  0.24053833524810847
  0.25142971681169562  0.26198083839027286  0.27274278082332903  0.28400569851908142
  0.29491634096868602  0.30534383813616978  0.31587455163138073  0.32688805635420426
  0.33801642830259898  0.34874880791285157  0.35964359929956868  0.37065948299602969
  0.38154127336437271  0.39238049301690237  0.40296259855367933  0.41396914876095536
  0.42478582204335469  0.43551815309658398  0.44597513019387497  0.45637419585271694
  0.46658656562545436  0.47675856959369106  0.48649240299545654  0.49616766492835579
  0.50624317768901039  0.51638741039726532  0.52717058299789066  0.53745046403778607
  0.54786459743147764  0.55801749075843199  0.56795835987075771  0.57767287058930161
  0.58756569604559006  0.59759996425856199  0.60788914959008833  0.61871322581917565
  0.62964216386394767  0.64077506565488140  0.65119491466089041  0.66127710821579411
  0.67151529930195131  0.68210645348941279  0.69310020868718458  0.70368827541616530
  0.71395943924360583  0.72419664089980318  0.73438095588601238  0.74437951175886707
  0.75429423840262422  0.76462413052248268  0.77525755148676445  0.78624095939964000
  0.79725467981886011  0.80834857752071398  0.81906620911029682  0.82954625832887885
  0.84024818596984097  0.85085060737224516  0.86081039923467428  0.87045921041801344
  0.88048775635516785  0.89082196519738088  0.90122559687681203  0.91172246328791517
  0.92260601778713480  0.93379005467769083  0.94472368659501937  0.95581070036939531
  0.96679974821035364  0.97783673403185223  0.98884886328564159  1.00000000000000000
 -0.00258416324169155  0.00985655083814246  0.02026989139515777  0.03102252639944636
  0.04208445077264702  0.05307748953208289  0.06421510829122606  0.07518535991717276
  0.08586281883628070  0.09594862789135276  0.10575157798549056  0.11602400236604572
  0.12655370576393599  0.13705413709720854  0.14749656631416458  0.15796180143651756
  0.16825626910402472  0.17848751938141791  0.18858344356411488  0.19945288325766727
  0.21048315325919689  0.22117710571649279  0.23178832162422536  0.24218623913816004
  0.25282525060623440  0.26331967529391487  0.27409177393726891  0.28500198821191580
  0.29612816725890984  0.30738883135415690  0.31868176337351750  0.32929728171375566
  0.33989859295632097  0.35076775951491174  0.36199739831771877  0.37263597125970221
  0.38325913752468543  0.39374705004811233  0.40432203184931614  0.41487093076211534
  0.42492787251884656  0.43497581364201937  0.44525767564930047  0.45612873247816688
  0.46647690221087712  0.47649089193049798  0.48646940399482996  0.49685179781089400
  0.50724632423539473  0.51738200912753385  0.52755087995639394  0.53775511546676091
  0.54810735130613708  0.55839454100614938  0.56869340204615393  0.57917041359645671
  0.58990670437982162  0.60079938373669994  0.61141222977199317  0.62190935242851675
  0.63248722260502677  0.64292384403893132  0.65308588855286720  0.66305543053269178
  0.67328312493032927  0.68392502987868098  0.69454633672525956  0.70520177938027151
  0.71585577686945723  0.72669357457618966  0.73777385524124917  0.74903957041890212
  0.76000946365313959  0.77066210079044728  0.78090205026779114  0.79111390264937154
  0.80098688075665603  0.81074633315813971  0.82063764369242009  0.83078096819704794
  0.84124675248154313  0.85201755486914643  0.86274631227948662  0.87284289871769638
  0.88314014751588821  0.89356224503009252  0.90501589315681019  0.91569497624785456
  0.92589089387712986  0.93600827369994266  0.94660035657034836  0.95706557642274726
  0.96742218945716307  0.97804413301725268  0.98904246292039988  1.00000000000000000
 -0.00263453881260005  0.00916471208201042  0.01915283198435402  0.03003566109590621
  0.04069884768759891  0.05068534332609098  0.06082438189234277  0.07141806660523004
  0.08220222585721092  0.09218860557814057  0.10225166487237426  0.11254613823498065
  0.12316182511965545  0.13326526227433583  0.14357795707300694  0.15435598876925935
  0.16560269528645336  0.17662013709419078  0.18738549631933232  0.19777594226001560
  0.20844749254141393  0.21899096249548203  0.22905116743278608  0.23913732883103739
  0.24877548627693655  0.25880739983461559  0.26927132223324612  0.28043645660442179
  0.29162776157991177  0.30216040571402963  0.31188215189305757  0.32179366751540234
  0.33174428475098239  0.34212409807927696  0.35253651793594160  0.36299775656687738
  0.37353765602598327  0.38448153699934950  0.39543247523576086  0.40669772969308532
  0.41776823148691206  0.42854904292376073  0.43902529762016590  0.44916663263049456
  0.45882548875307516  0.46847450985482014  0.47821740845232347  0.48877517891535183
  0.49992259475180573  0.51125522576886706  0.52224711968887494  0.53311555826706458
  0.54414310343093442  0.55533556160373887  0.56635601455258155  0.57727391085862867
  0.58816959079499531  0.59902751638480700  0.60974381567047831  0.62046399696868737
  0.63116384283170213  0.64158884352082390  0.65162418173536618  0.66162111285987002
  0.67180922193182657  0.68222272740700651  0.69266505222497354  0.70329915783055741
  0.71413532734009066  0.72534108085270887  0.73596696036193587  0.74585671367353124
  0.75575825094915494  0.76564274214180783  0.77546666744058790  0.78513819435499765
  0.79552999898372179  0.80676887181178214  0.81778729376797199  0.82887478187121855
  0.83995152464121492  0.85131859891595452  0.86247960392792111  0.87314011736350139
  0.88401150997888545  0.89466394044061659  0.90555425889514696  0.91615746529647135
  0.92688587479375462  0.93741543253209403  0.94753317077776378  0.95771828622539890
  0.96814628634389488  0.97888431331116244  0.98932941881174996  1.00000000000000000
   8.6688336051944240E-012  -1.0000000000000000     
 T T T T T T T T T T F T T T T T T T T T T T T T T T T T T T T T T T T T T T T T T T F T T T T T F F F F F F F F F F F F F F F F F F F F F F F F F F F F F F F F F F F F F F F F F F F F F F F F
  <DiscreteSampler_grid>
  grouped_processes
  1 # 1 for a reference and 2 for a running grid.
  10 # Attribute 'min_bin_probing_points' of the grid.
  1 # Attribute 'grid_mode' of the grid. 1=='default',2=='initialization'
  0.0000000000000000 # Attribute 'small_contrib_threshold' of the grid.
  0.5000000000000000 # Attribute 'damping_power' of the grid.
 # binID   n_entries weight   weight_sqr   abs_weight
    10   10   2.805236785226307E+004   3.326487158367252E+009   2.805236785226307E+004
    16   10   2.957580433816459E+004   3.842218841857450E+009   2.957580433816459E+004
    22   10   2.957580433816458E+004   3.842218841857450E+009   2.957580433816458E+004
    28   10   2.805236785226307E+004   3.326487158367251E+009   2.805236785226307E+004
    34   10   2.805236785226308E+004   3.326487158367254E+009   2.805236785226308E+004
    40   10   2.957580433816460E+004   3.842218841857455E+009   2.957580433816460E+004
    46   10   2.805236785226308E+004   3.326487158367254E+009   2.805236785226308E+004
    52   10   2.957580433816456E+004   3.842218841857452E+009   2.957580433816456E+004
  </DiscreteSampler_grid>
