 -0.00234666032582230  0.00946625445189705  0.01956973536167724  0.03012120242209909
  0.04067204102136453  0.05122242166758308  0.06177241827841391  0.07232286361269223
  0.08287094121253998  0.09340111496344075  0.10393356218740678  0.11446772564638757
  0.12501901479028102  0.13556353402177687  0.14609864821043278  0.15663644503490506
  0.16717812347730490  0.17772506821135298  0.18826877745783183  0.19881234934711536
  0.20936212578870914  0.21990904510003650  0.23045251525951815  0.24099319765587840
  0.25153978270995114  0.26208614017415216  0.27263223154963429  0.28317705447144909
  0.29372498209261638  0.30427438832624609  0.31482381185193808  0.32536340290236226
  0.33590152109202193  0.34643789009478104  0.35698713655349140  0.36753476632074733
  0.37807833667543328  0.38861503629500477  0.39915183313404951  0.40969607483921394
  0.42024160669491084  0.43078962548517613  0.44133634328810811  0.45188443520905086
  0.46243103917615175  0.47297698117777875  0.48352442140308521  0.49407292461932784
  0.50462414861886895  0.51516907478462803  0.52570976544168158  0.53624565675274638
  0.54677907897578681  0.55730813249451494  0.56784127453213207  0.57838808528416297
  0.58893362040017794  0.59947279825787436  0.61001385131370633  0.62054521254859785
  0.63108509423081083  0.64161697030961184  0.65216370412968849  0.66270721638747354
  0.67325351778637699  0.68379826624620166  0.69434323212465421  0.70488761270266076
  0.71543664868629364  0.72598345620675575  0.73652417709209117  0.74706422937416139
  0.75759856908354006  0.76814380231941459  0.77868251170271607  0.78922781987927171
  0.79977035917704353  0.81030904343278209  0.82084780902611920  0.83138443898990200
  0.84192988513698497  0.85246615376128621  0.86300634739137072  0.87354830896935909
  0.88409871308845500  0.89464075989732361  0.90518203079143822  0.91572126117330377
  0.92626740218573600  0.93681454332123071  0.94736896598455789  0.95789640689145750
  0.96840873560389618  0.97892403947893714  0.98946107784937032  1.00000000000000000
 -0.00230696114176706  0.00936262807184958  0.01946119741974473  0.03001489865029754
  0.04056010533228713  0.05109774140433503  0.06164194330289325  0.07218906762085446
  0.08272883686484414  0.09326808430354901  0.10381026598774373  0.11435927118294763
  0.12490811093121575  0.13545260739954368  0.14599270939615003  0.15653282622546230
  0.16706540047529567  0.17760601419780675  0.18814322176234480  0.19868753892837066
  0.20923045924544795  0.21977857582063257  0.23032256425183759  0.24086398683082214
  0.25140635792889943  0.26195823113060307  0.27251067541213014  0.28305996520819454
  0.29360742532965478  0.30415531309908711  0.31469937184432617  0.32524309620435310
  0.33578822769363892  0.34632935457436759  0.35687420203853260  0.36741293029777139
  0.37795934859203228  0.38850542484420969  0.39905477755456847  0.40960612575060507
  0.42015664236001388  0.43070588443366359  0.44125376174481695  0.45179854429949567
  0.46233495271922326  0.47287100870999677  0.48340327903004782  0.49394698491907224
  0.50448568939077953  0.51503011848537461  0.52556635001840601  0.53611095760105398
  0.54664608747399457  0.55719161312733734  0.56773448629700607  0.57828448093780083
  0.58883149833162918  0.59937988633155792  0.60992306025547105  0.62046515693026438
  0.63099708141456223  0.64153655797491860  0.65207781207006443  0.66262628077765007
  0.67317047978220967  0.68371248359966108  0.69424956007700989  0.70479414290175935
  0.71534037012226870  0.72588714089877937  0.73643483382608910  0.74696993162566694
  0.75751485855025424  0.76805117253612820  0.77859919885498752  0.78914476776395781
  0.79969261799751001  0.81023730005820382  0.82077943886343718  0.83131920777727752
  0.84186719619364980  0.85240446324889585  0.86294961158465111  0.87349139623713523
  0.88404119142425497  0.89459002014168743  0.90513189459124233  0.91568056957669497
  0.92622336393699878  0.93676862554382567  0.94729826695079677  0.95782909580652753
  0.96835974001470149  0.97890291216632908  0.98944968147657486  1.00000000000000000
   4.6946422682291697E-007  -1.0000000000000000     
 T F F T T F F T T F F T
