  0.00191504678524707  0.00195091634126400  0.00199238592608626  0.00203553129907663
  0.00208003676416294  0.00212594519023585  0.00217182417836689  0.00221752501556148
  0.00226435297017655  0.00231250238564936  0.00236197442626370  0.00241329774345551
  0.00246542222127715  0.00251889440847890  0.00257159265056308  0.00262769349182135
  0.00268746583525854  0.00274883505275791  0.00281520978178937  0.00288350883196642
  0.00295347082724508  0.00302532243094527  0.00309860236167101  0.00317403393706499
  0.00325203361610089  0.00333271400874793  0.00341607743967605  0.00350097105661640
  0.00358895089343140  0.00368181833352373  0.00377827506002204  0.00387773790996875
  0.00397593046794594  0.00407476240008759  0.00417650585236070  0.00427995732210308
  0.00438571913797820  0.00449354284753123  0.00461098329420909  0.00473691460513952
  0.00486805406846999  0.00500330047730746  0.00514277152422859  0.00528758902920614
  0.00543855227053281  0.00559323858895096  0.00574840100518579  0.00590724479078795
  0.00607523636407521  0.00625377649264537  0.00643439234830358  0.00661897169354508
  0.00681450356754974  0.00702430741831571  0.00725573642728227  0.00749771088237665
  0.00774812032739261  0.00801136385966901  0.00827944138423846  0.00855697285393643
  0.00884498960372085  0.00915146300298382  0.00947383194840281  0.00981864563223654
  0.01017991293445852  0.01057784514659870  0.01100779015162827  0.01146927350215492
  0.01197104218478266  0.01250112695883169  0.01305628624288550  0.01363421453814870
  0.01426414979255454  0.01493676467983433  0.01567068016864256  0.01646800902537545
  0.01733726411985202  0.01825989369038917  0.01927425661626076  0.02042649270723777
  0.02172269027361881  0.02318076461028120  0.02479312396841469  0.02664187796694674
  0.02877317719640576  0.03128649748714478  0.03443484447643776  0.03856161997252048
  0.04349546420214694  0.04914567111548131  0.05621827579864865  0.06612259523443605
  0.08123635017332098  0.10649253511378703  0.17800920915476073  1.00000000000000000
  0.00413809394745709  0.00525613737517047  0.00598316503099823  0.00664518112079763
  0.00731038569671064  0.00796194517948040  0.00866037835572693  0.00940476036982646
  0.01018565841015088  0.01096683712234615  0.01175391900906674  0.01258079191841495
  0.01345985653975155  0.01437520502703077  0.01526018458412118  0.01620941656214245
  0.01723556446904451  0.01834175211567504  0.01949612347085217  0.02068074179447368
  0.02192318105582706  0.02321776398306696  0.02456819923590453  0.02598505763149579
  0.02747319436065917  0.02903553883147734  0.03064200583787209  0.03229533082273374
  0.03398156578224041  0.03574857247640692  0.03753219705046624  0.03943057332895750
  0.04139076202424523  0.04351636982767022  0.04567510188781775  0.04793177119244508
  0.05038102528276904  0.05302076866542157  0.05563280171102655  0.05843372060166694
  0.06121379109878319  0.06411806512153807  0.06715106882429729  0.07033035162803941
  0.07354787049074889  0.07680772372349319  0.08011922543651728  0.08356316801765461
  0.08719081985391236  0.09093451160155255  0.09475998370828870  0.09863055337353845
  0.10261552106830128  0.10674674357029401  0.11109474195010555  0.11576648253326814
  0.12070405958804788  0.12584261697040225  0.13109600973875679  0.13635711639638387
  0.14182516731271433  0.14745885989627677  0.15325293083906577  0.15922466106502250
  0.16536161851571307  0.17192461894447961  0.17890315405545643  0.18624149370966353
  0.19384074481009006  0.20182489239297596  0.21016668334554764  0.21894628628310839
  0.22835820860156186  0.23851985267544909  0.24947819748949313  0.26115479614296355
  0.27343162688166556  0.28629424235892625  0.29983290099130117  0.31409142091133918
  0.32964233877994159  0.34627893131368237  0.36453393382559773  0.38432040266538775
  0.40572147395809532  0.42985787358206001  0.45657402318965823  0.48478940536238413
  0.51573810697019262  0.55008854304080601  0.58878611436443573  0.63372347060367595
  0.68429815108379144  0.74754193029388438  0.84310324130666081  1.00000000000000000
 -0.00248254092096740  0.00973159217892814  0.01984574174232138  0.03006277804200062
  0.04048191668396256  0.05134294046172743  0.06235057673091073  0.07238013873570749
  0.08253721705013270  0.09265419408249195  0.10364487981803225  0.11453258602198307
  0.12516567473606749  0.13568029019242722  0.14645528797496210  0.15743564068229418
  0.16818935608701263  0.17871318862719146  0.18946278777367700  0.20021069380179357
  0.21102349777835583  0.22175077638899546  0.23221363693120906  0.24248668173390933
  0.25295444650863258  0.26362074709893490  0.27433911979383596  0.28496916320995225
  0.29580151177869096  0.30661844527345555  0.31745666047411070  0.32837700796557412
  0.33949487450338561  0.35041346563144832  0.36085112920524182  0.37098256322580314
  0.38106349465027206  0.39121778211245650  0.40149057242537201  0.41198457966989205
  0.42262346309789883  0.43330549039066063  0.44397475659277458  0.45472360664778566
  0.46570392487178469  0.47683147127023984  0.48796641752335157  0.49900236480882143
  0.50999846250550107  0.52083277023248131  0.53149441505381712  0.54188351426193393
  0.55197028659479674  0.56218267700976554  0.57260411821753698  0.58319994166854172
  0.59382560810228735  0.60450106787177549  0.61535274036402110  0.62607867651623106
  0.63666242319919009  0.64714782969224538  0.65761202908413252  0.66804347298059275
  0.67851135539680951  0.68902120970583702  0.69965150924288033  0.71034507405137737
  0.72115738413850639  0.73204421288131105  0.74279360243433512  0.75342044150631571
  0.76387824221022949  0.77448373636431733  0.78484790258501036  0.79531019048587503
  0.80598738209809895  0.81665427209460750  0.82738574017592270  0.83785346398862126
  0.84807051822563251  0.85788417624191038  0.86770085360848159  0.87742199384414277
  0.88725204285534998  0.89680669153958559  0.90649389533105962  0.91653332429515155
  0.92679486412822720  0.93732050002780920  0.94771049408171693  0.95815491618226223
  0.96853471402804669  0.97890552414976451  0.98946530130014110  1.00000000000000000
 -0.00207542272848264  0.00807072239766553  0.01774390276446571  0.02766496918867909
  0.03802054528530156  0.04838398069040414  0.05857741047799819  0.06911474554543839
  0.07978268695404279  0.09042821499122145  0.10091027785207471  0.11123179569441971
  0.12119593483556219  0.13108834919329648  0.14115759850300905  0.15173502999429395
  0.16208986266301856  0.17224309032499940  0.18283613338998406  0.19341419385614370
  0.20369295173174362  0.21358325144071791  0.22356562373426883  0.23340502083768425
  0.24330722944917277  0.25336871167161512  0.26433399453209272  0.27529187395714455
  0.28623362824433685  0.29666991296930384  0.30714328480778336  0.31759270376139026
  0.32778960977962862  0.33820978781620481  0.34871870955114603  0.35980685341309504
  0.37063649275526783  0.38136704039118208  0.39203471673172069  0.40311557494407829
  0.41434024119355262  0.42526359283989029  0.43611799384078170  0.44675449755469787
  0.45759883099794524  0.46835375206149377  0.47893176090186773  0.48979441492005055
  0.50047851629779516  0.51191738228078831  0.52326291038582651  0.53417987177168591
  0.54473227561961834  0.55523240378457250  0.56587192335420644  0.57663236052111011
  0.58728848062587480  0.59816890600209771  0.60912221890929130  0.62006634265538363
  0.63060042146555173  0.64091100296012538  0.65112869571356935  0.66147300773867923
  0.67224213470360727  0.68335814305548137  0.69466597867378266  0.70554657927706055
  0.71597849288345849  0.72612961559668299  0.73622080844436466  0.74656312965811911
  0.75712147534167507  0.76751359555876286  0.77751027113403770  0.78737634637949883
  0.79759174863187987  0.80828238774569483  0.81899659713199491  0.82952974743548635
  0.84017717286154325  0.85091236522586988  0.86156259426496340  0.87223631679085156
  0.88294752950719801  0.89393061797576090  0.90427278979379955  0.91469522342996579
  0.92535950297479985  0.93651175755476324  0.94720174629044829  0.95769343532133888
  0.96804736673392278  0.97889399831860491  0.98929340118801956  1.00000000000000000
 -0.00231375115418755  0.00939163000445251  0.01972257577019808  0.03037540853684086
  0.04092453930636079  0.05178049541310224  0.06255694130223419  0.07329677997888771
  0.08374408108651925  0.09413664577262099  0.10453289787990995  0.11507969369667907
  0.12561423267206948  0.13615737098113273  0.14684855851730616  0.15741031997805086
  0.16741815484286543  0.17740606686766186  0.18762224505273228  0.19838086540463706
  0.20927810653250645  0.21968392570310258  0.23013014659028752  0.24044097088970734
  0.25082851644977344  0.26103217256316208  0.27143356991003897  0.28221724156982120
  0.29317086795051461  0.30363863740202257  0.31398563317512279  0.32396024865018708
  0.33380426891368908  0.34357229536713085  0.35358359068659589  0.36400553442145794
  0.37456370955527840  0.38537968091464336  0.39612123915950354  0.40701413232886791
  0.41765521307811382  0.42816684882642353  0.43856483265643131  0.44894494217638453
  0.45910776487485461  0.46945737922504754  0.47961309895684623  0.49042470754463685
  0.50134485748660473  0.51244152394231612  0.52312262982697000  0.53379590970513058
  0.54424439230430266  0.55471805605853608  0.56507074998870810  0.57539602574638726
  0.58571937544513553  0.59581072165034743  0.60598830431776729  0.61634448596598534
  0.62690392857116295  0.63754731442852530  0.64841864149322492  0.65934120677811714
  0.66993796306854081  0.68032278207176566  0.69093065221476724  0.70208829739322920
  0.71330327559369866  0.72441362914970453  0.73499507960218369  0.74505783282692728
  0.75513558398899128  0.76563432644973761  0.77612418114940396  0.78645790624909406
  0.79661143133602164  0.80699184569333537  0.81756565535901149  0.82847781296274503
  0.83943727439690419  0.85025610606604729  0.86078533986391825  0.87137054843299389
  0.88200415651089903  0.89248338586730880  0.90300744202529315  0.91368619711849353
  0.92442776598505194  0.93546306161955062  0.94593057302492523  0.95640913165200570
  0.96681807483038751  0.97772768037616664  0.98879362764422685  1.00000000000000000
 -0.00271532824318901  0.01031482447904195  0.02081198144296842  0.03168065653499220
  0.04232625081171244  0.05321844869855281  0.06406255421522487  0.07471989893706918
  0.08534021507704549  0.09616544510422094  0.10695674252083209  0.11754174782646237
  0.12820648130252249  0.13923528239901653  0.14954196215604582  0.15944464580590959
  0.16932924380923842  0.18004188019142958  0.19065558188289974  0.20093518068928087
  0.21133569640848476  0.22210836788871660  0.23268439747858061  0.24284460079942674
  0.25303770999229358  0.26363523586069415  0.27425088881815451  0.28490306541279126
  0.29566399861629605  0.30656926073141849  0.31761492424793147  0.32861927185294848
  0.33981662277216490  0.35054374556583895  0.36124446439653479  0.37179230691229709
  0.38241170017854281  0.39296423349237775  0.40384203304676525  0.41495014930585439
  0.42552103015133019  0.43585915092268679  0.44628318871960987  0.45665675403352862
  0.46686387714859923  0.47685176686533182  0.48719776937603565  0.49767480117953844
  0.50791212211704195  0.51793361029269303  0.52772021525976487  0.53749715136588394
  0.54732973893320291  0.55769969301813060  0.56809671167643749  0.57874134319053661
  0.58883816225263763  0.59895646923354806  0.60913327856869115  0.61917711978375756
  0.62955062358156044  0.64000635333025591  0.65048621874657808  0.66088765430931917
  0.67101031001231848  0.68120833090123245  0.69165120431698013  0.70249006338473763
  0.71340222247616414  0.72448832338320479  0.73570893145316985  0.74704688174176859
  0.75810788328831413  0.76879949054899865  0.77952158549099415  0.79012031801073301
  0.80053193897400665  0.81094019148976981  0.82137045178996027  0.83200808606846088
  0.84254126848403710  0.85304346442757761  0.86369940682031654  0.87438544718883449
  0.88518674208652237  0.89605039811954268  0.90672918367151867  0.91739294343705535
  0.92793524433656727  0.93835034051880073  0.94869482395461369  0.95912233357459220
  0.96978305578063972  0.98011611175411173  0.99027549047908603  1.00000000000000000
 -0.00259326409984199  0.00989466419644372  0.02043278350286194  0.03158945982392557
  0.04258204127835952  0.05336451809667778  0.06401568815806243  0.07494620341233230
  0.08583929483976829  0.09664004839703527  0.10719534181309734  0.11789441223303493
  0.12834407424376859  0.13852575434983880  0.14870469424301835  0.15895921063447080
  0.16936539158949898  0.17981101533931215  0.19023646449445070  0.20099099467673964
  0.21194057424113141  0.22297938071300502  0.23375334025556105  0.24418112593293331
  0.25457924515614633  0.26497211738021276  0.27531696550383283  0.28546188825808888
  0.29559065210479063  0.30585224540849471  0.31620184850552735  0.32675002822485721
  0.33751058356119923  0.34845962911051032  0.35905595536381996  0.36923220374383875
  0.37919286789550199  0.38935797822090779  0.39966520910424530  0.40987583736495892
  0.42020514279348509  0.43091270218360156  0.44164970530593689  0.45229107246114786
  0.46297129536327075  0.47382814087624975  0.48478901682414804  0.49547483596235592
  0.50590344007130128  0.51624124282829231  0.52705839145615385  0.53812133447202748
  0.54918864992682914  0.56017157752275926  0.57103578766077756  0.58166222885071928
  0.59196457744195619  0.60216716888111943  0.61223881253233914  0.62215548734591042
  0.63261481016789278  0.64314739555231593  0.65402233341076021  0.66455723980064629
  0.67531164252848830  0.68625772876158120  0.69708831888410194  0.70762887861445922
  0.71809557984302952  0.72850779071330996  0.73918100457297720  0.74985066538151202
  0.76048979497940816  0.77065367138892971  0.78060166498506578  0.79071775603593319
  0.80119585644600944  0.81186696623733434  0.82215963985024365  0.83269202540707310
  0.84328316602116060  0.85433502801231120  0.86498045739514073  0.87536528639496636
  0.88566736442241201  0.89611323562790868  0.90667384768444714  0.91713911513174817
  0.92770644721307916  0.93829002044269516  0.94869087631896465  0.95891602752055916
  0.96887538479235658  0.97902395531082953  0.98916958358775287  1.00000000000000000
 -0.00244069060986215  0.00935412990900953  0.01925265473042361  0.02911277183229774
  0.03896515244774951  0.04895694060285498  0.05885883067070217  0.06874523820724898
  0.07852594382880237  0.08854832553904288  0.09848367661688717  0.10855646248441389
  0.11873966008008507  0.12906111268779494  0.13936483359910096  0.14978191633428603
  0.16038770706663188  0.17100387350542112  0.18176093021171522  0.19245280948078963
  0.20292080390044862  0.21323230105076268  0.22373651153715562  0.23467247970133132
  0.24572855744872910  0.25630440211921945  0.26656968918967577  0.27636375182903550
  0.28620276495613461  0.29650123945348938  0.30675592365024656  0.31701761963749508
  0.32732418742261665  0.33805362880088402  0.34887807536882726  0.36001113821571151
  0.37096079394455894  0.38183243819077217  0.39239615300674147  0.40318058677930063
  0.41415321416588124  0.42535147568311521  0.43645018506528305  0.44737812376600616
  0.45808714584770666  0.46861745897678075  0.47927027892233504  0.49004113183119696
  0.50079324120590907  0.51131499401635327  0.52194885362114629  0.53252155304565307
  0.54296927838016895  0.55331234501606630  0.56391712381464909  0.57449198261538847
  0.58538138427621578  0.59646197478589069  0.60748806524001131  0.61792728381048811
  0.62841922591536625  0.63921327774409942  0.65033806917606818  0.66140703956304170
  0.67250021102307000  0.68322553540116326  0.69367345290028148  0.70398126769837754
  0.71431237220547461  0.72476359726025974  0.73506830024241321  0.74571089093534992
  0.75624453557654847  0.76675863673987776  0.77709553078417060  0.78762787989202176
  0.79833517838528867  0.80950067651133173  0.82083443835044234  0.83173618124749349
  0.84193513238160667  0.85218855849105568  0.86276676379120731  0.87383629483883141
  0.88491146019320766  0.89583347871478003  0.90628048255784266  0.91654593555282859
  0.92695839143328296  0.93755931568811579  0.94776136874635108  0.95765055299367430
  0.96816885731246971  0.97868848752204296  0.98941404057725713  1.00000000000000000
   4.1277211857516524E-012  -1.0000000000000000     
 T T T T T T T T T T T T T T T T T T T T T T T T T T T T T T T T T T T T T T T T T T T T T T T T F F F F F F F F F F F F F F F F F F F F F F F F F F F F F F F F F F F F F F F F F F F F F F F F
  <DiscreteSampler_grid>
  grouped_processes
  1 # 1 for a reference and 2 for a running grid.
  10 # Attribute 'min_bin_probing_points' of the grid.
  1 # Attribute 'grid_mode' of the grid. 1=='default',2=='initialization'
  0.0000000000000000 # Attribute 'small_contrib_threshold' of the grid.
  0.5000000000000000 # Attribute 'damping_power' of the grid.
 # binID   n_entries weight   weight_sqr   abs_weight
    10   10   9.747448174500572E+003   3.684648117682802E+008   9.747448174500572E+003
    16   10   1.022119328077320E+004   4.291064100912409E+008   1.022119328077320E+004
    22   10   1.022119328077320E+004   4.291064100912409E+008   1.022119328077320E+004
    28   10   9.747448174500574E+003   3.684648117682804E+008   9.747448174500574E+003
    34   10   9.747448174500574E+003   3.684648117682804E+008   9.747448174500574E+003
    40   10   1.022119328077319E+004   4.291064100912407E+008   1.022119328077319E+004
    46   10   9.747448174500574E+003   3.684648117682804E+008   9.747448174500574E+003
    52   10   1.022119328077319E+004   4.291064100912407E+008   1.022119328077319E+004
  </DiscreteSampler_grid>
