  0.00000008693842305  0.00000014783068423  0.00000020876891973  0.00000027023103302
  0.00000033231842329  0.00000039956359525  0.00000047051068719  0.00000054505810190
  0.00000062006048536  0.00000069571196450  0.00000077067314034  0.00000084369291660
  0.00000091483561368  0.00000099062135343  0.00000107456512407  0.00000117423882329
  0.00000126832859947  0.00000136392438877  0.00000145609873763  0.00000154744275666
  0.00000164174896772  0.00000173741600030  0.00000183265350257  0.00000192752468016
  0.00000202300877920  0.00000211979547383  0.00000221780927453  0.00000232007454032
  0.00000242495342755  0.00000252810331802  0.00000262846285097  0.00000272726411948
  0.00000283072160395  0.00000294008245474  0.00000305375261678  0.00000316719654329
  0.00000328518774405  0.00000340985330735  0.00000353950982155  0.00000367239662401
  0.00000380675187415  0.00000394682137409  0.00000408732738176  0.00000423871494242
  0.00000438435416844  0.00000453417702789  0.00000468947153987  0.00000485209123615
  0.00000504242758043  0.00000524055515828  0.00000544186333615  0.00000565257036080
  0.00000587016436971  0.00000615133180058  0.00000644277761666  0.00000673118422855
  0.00000701714139023  0.00000732673784719  0.00000767078746067  0.00000805091264507
  0.00000846709817736  0.00000893565371502  0.00000945906605437  0.00001000465768358
  0.00001055211762410  0.00001110460427867  0.00001165175890751  0.00001219861191180
  0.00001277626431695  0.00001336911136335  0.00001394056551618  0.00001448527369029
  0.00001502564545348  0.00001559945866531  0.00001621808651485  0.00001682765577933
  0.00001742190748402  0.00001800791588622  0.00001861379603860  0.00001926672830821
  0.00001995411359662  0.00002062701031347  0.00002130588785505  0.00002201650625331
  0.00002281124416390  0.00002369973519482  0.00002468257575320  0.00002568465589837
  0.00002678604825782  0.00002816978262051  0.00002966827094534  0.00003140955249269
  0.00003362085746821  0.00003627663423786  0.00003711201688888  1.00000000000000000
  0.00000007913012216  0.00000056112188938  0.00000074031112282  0.00000091567168438
  0.00000111347541177  0.00000131062713150  0.00000153553963423  0.00000176748845714
  0.00000198445968586  0.00000220517799027  0.00000245726570914  0.00000271048024693
  0.00000295590362053  0.00000321090382986  0.00000348233488600  0.00000376702060943
  0.00000404949268367  0.00000432594809609  0.00000460368430495  0.00000488358821459
  0.00000516356471433  0.00000544682055955  0.00000572985295403  0.00000600391751043
  0.00000627004417515  0.00000652922387468  0.00000678368184680  0.00000703937959346
  0.00000731532796141  0.00000761477319630  0.00000792911386309  0.00000825203100589
  0.00000856971476976  0.00000888903612331  0.00000922422319063  0.00000956631969947
  0.00000991299979403  0.00001025973033769  0.00001060416331351  0.00001096451215534
  0.00001133455352281  0.00001170479418529  0.00001205876625917  0.00001240357283304
  0.00001275217980065  0.00001311373363673  0.00001346108800665  0.00001382249642188
  0.00001419474807052  0.00001457237087499  0.00001495807723655  0.00001535580067592
  0.00001575290181314  0.00001617058511542  0.00001659223261589  0.00001702449243550
  0.00001745966788858  0.00001791902474271  0.00001835242181997  0.00001880799877591
  0.00001932141366900  0.00001986154459345  0.00002035087491775  0.00002080411491031
  0.00002125686362055  0.00002172748753835  0.00002222800271076  0.00002276843176471
  0.00002335724590783  0.00002395624980019  0.00002455782099466  0.00002515165530920
  0.00002577268140865  0.00002639972687235  0.00002702455617393  0.00002768321257434
  0.00002844335172672  0.00002927368253232  0.00003012063031561  0.00003096675787442
  0.00003180095689427  0.00003262483365745  0.00003350193707034  0.00003450701801500
  0.00003558486507680  0.00003670260955523  0.00003788956825763  0.00003919432593590
  0.00004074152213840  0.00004272483702286  0.00004517032375046  0.00004802274133541
  0.00005155916246036  0.00005561387070224  0.00005845354410920  1.00000000000000000
 -0.00219149458175278  0.01187165081839135  0.02424086230212415  0.03740295678330086
  0.05041971089928064  0.06308904882631033  0.07543253385770406  0.08729932702554211
  0.09881376470230958  0.11094810283538438  0.12412235204904026  0.13702210346633928
  0.14957018164219132  0.16093566492463113  0.17204835389636161  0.18173901589254007
  0.19126143837339657  0.20028206440793517  0.20914972242109481  0.21814201162591709
  0.22801867208976800  0.23920754449102682  0.25181545680226902  0.26432399813819424
  0.27631577158158172  0.28754862544894721  0.29891070172740997  0.31107210268993296
  0.32329996793222870  0.33525249835758586  0.34722024737241219  0.35845339499013917
  0.36917984772982249  0.37983154657568596  0.39032053703463748  0.40067833807429076
  0.41057328902293022  0.42092744122870324  0.43129749646729132  0.44231192616963610
  0.45291755294856983  0.46349059212101579  0.47376571135247075  0.48396544537764963
  0.49392755365073021  0.50373136977494082  0.51323944290994139  0.52299558878899322
  0.53302911678974352  0.54343477303568655  0.55324334610471793  0.56273305445861954
  0.57136644639265599  0.58062484300942674  0.59048458154393479  0.60064934856986563
  0.60974390319849581  0.61816654862062548  0.62694604896961037  0.63653663143270622
  0.64624439080620033  0.65562684011621974  0.66520380009965896  0.67590113696960619
  0.68603118509612493  0.69566176329605278  0.70545445361875214  0.71582357063128332
  0.72748003423408403  0.73915525544540372  0.75088096276189331  0.76235089126666200
  0.77350371769759252  0.78432439284160738  0.79450304635164815  0.80490842998926382
  0.81566033860000442  0.82635600206916637  0.83636213682403227  0.84552653947095369
  0.85434405281827641  0.86380431887211806  0.87350716601494960  0.88437329805044718
  0.89553771365709589  0.90627171273073848  0.91633127669821290  0.92619643122193995
  0.93598307209247289  0.94536278598369361  0.95445615541360729  0.96364027520984641
  0.97293901359766055  0.98253482329346919  0.99121412387993835  1.00000000000000000
 -0.00176603628347397  0.00892033545375815  0.01888487176563602  0.02988843465191382
  0.04133246496223347  0.05248395251207096  0.06317424166712600  0.07311632032313720
  0.08312660647566185  0.09292689289490220  0.10268984675158349  0.11268570782478528
  0.12329489235133589  0.13453623797269243  0.14631979030905129  0.15800315439700588
  0.16992313221315972  0.18180169875822375  0.19381732727953849  0.20523376984520253
  0.21595617878842840  0.22636241584279493  0.23709610279179530  0.24802669288762116
  0.25832839141494929  0.26789691194048809  0.27726443332991785  0.28663989400698614
  0.29661716847157132  0.30723305344089846  0.31787696452379216  0.32828801572346167
  0.33879562253002621  0.34971928632155269  0.36135603846255721  0.37296744391451353
  0.38476095507885200  0.39550526384829338  0.40527506929888968  0.41469036159886880
  0.42438420848406633  0.43503133967299490  0.44600651041048828  0.45671290214613747
  0.46784085094564254  0.47879636137515036  0.48929038060521107  0.49973538123457284
  0.51015277726272967  0.52062848014920560  0.53110863696042110  0.54186664494070580
  0.55295813960724149  0.56307747732682156  0.57215521188618768  0.58123294309113094
  0.59066479188601306  0.59956465572123019  0.60851241862972782  0.61762201803505667
  0.62803803245761503  0.63996962527059931  0.65129061580867476  0.66216415711155852
  0.67310678223390918  0.68387459763345126  0.69430882293910312  0.70435925467748006
  0.71394997906747670  0.72333022042666528  0.73283257354113018  0.74285086411302215
  0.75299218221467612  0.76307573783534455  0.77388521588076575  0.78571154968711032
  0.79783251823143608  0.80955613864987896  0.82062362837984548  0.83101734431535268
  0.84110195937421017  0.85148540571805020  0.86218239400432362  0.87239833135421019
  0.88195892091584227  0.89121637099853612  0.90078610381190805  0.91123778096580288
  0.92221134725310494  0.93372710673709025  0.94469931521141959  0.95662037648873999
  0.96760741271297501  0.97961711829785847  0.98996981353899571  1.00000000000000000
 -0.00326917692102678  0.00949744110721741  0.02130286962080498  0.03316162338763590
  0.04521040795175589  0.05688400381921545  0.06832924472545635  0.07965443504301223
  0.09087652234754542  0.10199567055369514  0.11232479965282190  0.12213790211871547
  0.13217572984004786  0.14247614325512181  0.15293139385017618  0.16265532126022322
  0.17256719705791804  0.18311255019819414  0.19351310910572433  0.20334109144064552
  0.21306353530334299  0.22285800227831057  0.23286913475110563  0.24305843874273139
  0.25327589343090540  0.26279214629207531  0.27244626317137310  0.28298810923736223
  0.29389030093217844  0.30445153906687533  0.31472083375725002  0.32542763185968915
  0.33629470909842463  0.34729038512279203  0.35813444242303649  0.36880351430076158
  0.37993739499906770  0.39133228698549916  0.40281904774656196  0.41432043019315928
  0.42544344228359227  0.43650451831115100  0.44670942257945268  0.45676479797206582
  0.46630753113235163  0.47640595521186868  0.48738549536265918  0.49835622884567549
  0.50956799650775919  0.52054879165123236  0.53132555034633677  0.54182645875088342
  0.55217825995640757  0.56242527243521179  0.57269655592006474  0.58252829343017953
  0.59311088042534899  0.60363552531890818  0.61496387215810211  0.62645652892711701
  0.63700728587909672  0.64828722431583752  0.65939272902060408  0.66999176266007932
  0.68006186534268664  0.69005333868128049  0.69972494010552233  0.70888537541767982
  0.71754156707207339  0.72648964287684359  0.73626645793152801  0.74696383773181685
  0.75796480468742078  0.76846535228899304  0.77852691658166628  0.78814042724921707
  0.79800301365847193  0.80787281173036662  0.81787632089231699  0.82790973874090212
  0.83799686039247878  0.84838076154420816  0.85857539243641290  0.86893018506340114
  0.87932548291720858  0.89027763215281708  0.90122123339570848  0.91237319706726883
  0.92360359550370075  0.93481930035283023  0.94529910064815359  0.95505341973255931
  0.96512895855271574  0.97671446674446605  0.98840466171798602  1.00000000000000000
 -0.00246293258984857  0.00941643748843704  0.01910316125796471  0.03035508446015996
  0.04170109610121352  0.05201725004146696  0.06215511073033687  0.07224003182440636
  0.08246429102127512  0.09236224599289911  0.10253055609257815  0.11261070069380817
  0.12258874076934886  0.13271685589619034  0.14340499904502779  0.15445786643849777
  0.16566078300253068  0.17646616165636214  0.18666155889312794  0.19616804847362915
  0.20537726803235307  0.21450871966785873  0.22384516415618128  0.23376203693220265
  0.24400938477943410  0.25418910613649320  0.26451092272405752  0.27406292001982302
  0.28313078128631336  0.29185302742477848  0.30099732272665303  0.31065121351173874
  0.32100944380195262  0.33135621277433197  0.34092691155678900  0.35040740813683857
  0.35996317947002182  0.37013095620175290  0.38049844847017056  0.39114076212198418
  0.40311249910830987  0.41522331295683579  0.42670577453994596  0.43709427888815811
  0.44683337970899178  0.45655397823101590  0.46636522439325162  0.47654431495529526
  0.48733454074065663  0.49759774039596721  0.50839924963465588  0.51892663569035269
  0.52965171052848625  0.54033481372513259  0.55169975945541283  0.56272153380960777
  0.57316430077062785  0.58368410011607330  0.59508883413415781  0.60752390136400247
  0.62020085586643869  0.63236221542587356  0.64373111020639584  0.65393551916670201
  0.66406421138104266  0.67402649258087699  0.68368759500852450  0.69298257721097900
  0.70238411902162967  0.71251626747471342  0.72389560857400137  0.73469575965321332
  0.74496740702980180  0.75515001644632096  0.76566169674949225  0.77672334469646909
  0.78784395998488055  0.79873239634140025  0.80933567583891142  0.81949770975491776
  0.82968464112691442  0.84122037258937343  0.85284413222159017  0.86475329483447361
  0.87566736051479943  0.88637200286127105  0.89701683460629034  0.90764404698876222
  0.91905772717602807  0.93110418405939355  0.94419903159879304  0.95677875166875870
  0.96794657696822817  0.97846211380325043  0.98919200162670518  1.00000000000000000
 -0.00183731338543446  0.00785349897840305  0.01617470598311207  0.02471991971459954
  0.03330430860453357  0.04197422374124004  0.05044016090015963  0.05893879345780906
  0.06767521888286776  0.07635058994592607  0.08488482532043712  0.09342062536317763
  0.10203407300320548  0.11059328485818158  0.11920516911678700  0.12825765679188467
  0.13746936263372056  0.14670459281860404  0.15595844151108051  0.16572839613047463
  0.17585567183364395  0.18600916738413065  0.19633078694721759  0.20687662993295305
  0.21731600322664091  0.22753687819863549  0.23816481440169016  0.24989250235049820
  0.26233671196999475  0.27431447519161223  0.28592602287351621  0.29731305246996498
  0.30845648099086886  0.31924963351365976  0.32992658321456908  0.34084431340069887
  0.35222348543004489  0.36353501669024685  0.37527473868101957  0.38818832946339060
  0.40164690653017421  0.41421850620627382  0.42646953639360485  0.43799694209880657
  0.44933117585815185  0.46078942702075726  0.47275793621377332  0.48495593111065161
  0.49783029006824325  0.51103909925473034  0.52382290275145404  0.53577168921413809
  0.54701052108618664  0.55789934822722376  0.56877531899846479  0.58019288627991195
  0.59155258136989985  0.60355079059110817  0.61605584221564214  0.62938964140812870
  0.64308614021737454  0.65581626610269983  0.66774293891356951  0.67867119867714232
  0.68957454753819003  0.70033191698336883  0.71156044367429605  0.72268997159481552
  0.73391513796115238  0.74526050519725118  0.75610846235601770  0.76666444308966752
  0.77692520095568840  0.78723135137830491  0.79784740182265179  0.80820880380084836
  0.81828195892870514  0.82890573500866960  0.83969623268645988  0.85071538000418223
  0.86078096353188749  0.87069895350714965  0.88066363026468775  0.89064526957906043
  0.90036183286737426  0.90972188996219161  0.91937915532982062  0.92863946588430424
  0.93763540528750877  0.94603013550744997  0.95429833906666672  0.96297801148272533
  0.97195975234218868  0.98106063056381365  0.99037500469698814  1.00000000000000000
 -0.00303554086708741  0.01059574777414182  0.02217353377344143  0.03257037934324433
  0.04245568952367586  0.05222963837363262  0.06243416699830460  0.07306549346988377
  0.08395476466137312  0.09510480004075345  0.10627983492542735  0.11636561762200183
  0.12578104645916463  0.13524297280249550  0.14441665569340476  0.15413747508338191
  0.16348436355632834  0.17446470504681796  0.18518979230131072  0.19615257524499199
  0.20663113203727163  0.21746508533501302  0.22832689175305640  0.23924972643705325
  0.25004199552993245  0.26080280597668209  0.27175448508728239  0.28298096844376730
  0.29460840829567964  0.30635997373522661  0.31796249082516204  0.32962567957120009
  0.34160838906261026  0.35354158887780507  0.36469815638425490  0.37537117497455591
  0.38614156372322139  0.39650991467944902  0.40562332790495192  0.41426923186408504
  0.42323791892708751  0.43267360527047577  0.44243285238471136  0.45187331897888661
  0.46147242385991766  0.47097122039942235  0.48107952387594050  0.49160354905481679
  0.50259105348444399  0.51327024902147489  0.52329724675238354  0.53354045223381408
  0.54456348939382293  0.55641631776219769  0.56769875496498257  0.57831665921415121
  0.58972195117479687  0.60178224992359330  0.61299672357096491  0.62354495867224180
  0.63398714325299887  0.64474498909661404  0.65490407603636669  0.66498799156376653
  0.67541593672814570  0.68612343667025366  0.69683235339608451  0.70753537069700212
  0.71817175441816572  0.72804090927496889  0.73819862975225436  0.74832969148595463
  0.75843435464649822  0.76865827302316747  0.77883489028751107  0.78917527126500586
  0.79947824976537818  0.80931045667221502  0.81895061104455269  0.82835779279294419
  0.83769046704731565  0.84752528291414664  0.85808956735238340  0.86854695590337105
  0.87985515854931651  0.89154765494947630  0.90344734109086611  0.91487061338531239
  0.92539685403300187  0.93564006407682754  0.94594099848692570  0.95591887925442287
  0.96640350664349439  0.97661680860527811  0.98824206624278499  1.00000000000000000
  0.02365256001354368  0.03672008569541133  0.05161149575326562  0.06567893226636756
  0.07872109453655345  0.09093662481958309  0.10287259569943297  0.11437073625213622
  0.12530298563849218  0.13625289162123688  0.14767956593213227  0.15911321805771381
  0.16968628891918938  0.17917947797075670  0.18849839241217536  0.19832051630205635
  0.20874308948687159  0.21926869239267274  0.23002057485898769  0.24131863097348971
  0.25208663892820798  0.26216275591455312  0.27140460061416777  0.28148704130923674
  0.29165065833653198  0.30153762488941738  0.31094687178694980  0.32117772246165677
  0.33182849141889043  0.34272320957330327  0.35258850761216609  0.36363122205636583
  0.37401234293558833  0.38435244361695081  0.39471961232692904  0.40562549560071898
  0.41631002937971079  0.42626350585297557  0.43589831638350357  0.44521703753635405
  0.45471126209380430  0.46452117128313897  0.47525868448737496  0.48664435680820001
  0.49770380495286104  0.50898318705466306  0.51968955781646209  0.53076984074538314
  0.54134753248629497  0.55186774914715353  0.56204405551995995  0.57183704376133937
  0.58200043163547210  0.59258668076714360  0.60343710097753833  0.61442863690334415
  0.62542697618874554  0.63643993422777523  0.64721715500508004  0.65793805206892908
  0.66880939812281071  0.67924713315798946  0.68964441856659620  0.69958982779335466
  0.70964991175597436  0.71997529408357286  0.73058315103862781  0.74100653865147226
  0.75117924966042193  0.76117671686319233  0.77079483886679045  0.78003873147494374
  0.78914200588410621  0.79851422103275227  0.80823565967633704  0.81730365895649149
  0.82582456966452455  0.83420727431591002  0.84233953204445766  0.85026561771219544
  0.85843517994439755  0.86683534272960949  0.87598048063188882  0.88540511859578586
  0.89481046698933786  0.90363583040708362  0.91251493220766966  0.92130781554675623
  0.92949590331638998  0.93766014671938480  0.94535366648672603  0.95372930774222764
  0.96096322518062716  0.96710882934432352  0.97069226731516622  1.00000000000000000
 -0.01637867196834406  0.10863072722626868  0.14946336793994258  0.17469144298614075
  0.19379769574150127  0.21043785401653928  0.22500174388508329  0.23886647635994446
  0.25177631473702256  0.26366953132544774  0.27503303507400156  0.28659269383756425
  0.29825927763686710  0.31025289157153724  0.32134490723780590  0.33209445630164025
  0.34254929488168706  0.35242737504211591  0.36231058988766229  0.37206147509320536
  0.38239415478542849  0.39259022302123636  0.40258489816577581  0.41220714058875679
  0.42133005724628098  0.43047979145945758  0.43932817772866417  0.44864914991417421
  0.45740848831386582  0.46649572552216761  0.47581329467442318  0.48519235893563312
  0.49433725540628465  0.50270732510736582  0.51044307451376969  0.51810918088808433
  0.52581049346056574  0.53337397274314957  0.54099359140549175  0.54827866973450301
  0.55566716899180768  0.56297568961309041  0.57117134480369258  0.57881372626755045
  0.58692874149304963  0.59476231530964807  0.60263792297649976  0.61024974284041311
  0.61816248392206075  0.62585427198380872  0.63315014040182860  0.64019559905452028
  0.64691111873712215  0.65319474658322163  0.65930769801445521  0.66548480726921166
  0.67180015125168269  0.67808911917507375  0.68430492533307918  0.69061988162362209
  0.69713333015537682  0.70379513851000808  0.71075035775529161  0.71774375459453799
  0.72429564491111831  0.73048255903473358  0.73629534065583058  0.74214653362656458
  0.74830315573842154  0.75434155225243182  0.76039258951688227  0.76635708658062618
  0.77228534651814851  0.77769320184306823  0.78315775882523753  0.78875082438604971
  0.79478547167647484  0.80096266365681668  0.80703927920013729  0.81319617315744241
  0.81937745744658086  0.82539225257236015  0.83138444938299605  0.83743851351567411
  0.84373974116283612  0.85056201490762950  0.85770786144224342  0.86499839954095936
  0.87232187858408183  0.87962404018797802  0.88756961882605867  0.89679369602070913
  0.90818460993906702  0.92284707959944601  0.94653122766393738  1.00000000000000000
   3.5688073353409027E-011  -1.0000000000000000     
 T T T T T T T T T T T T T T T T T F F T F T T F F T T F T F F T T F F T F T T F F T T F T F F T T T T T T T T T T T T T T T T T T T T T T T T T T T T T T T T T T F F T F T T F F T T F T F F T T F F T F T T F F T T F T F F T T T T T T T T T T T T T T T T T
  <DiscreteSampler_grid>
  grouped_processes
  1 # 1 for a reference and 2 for a running grid.
  10 # Attribute 'min_bin_probing_points' of the grid.
  1 # Attribute 'grid_mode' of the grid. 1=='default',2=='initialization'
  0.0000000000000000 # Attribute 'small_contrib_threshold' of the grid.
  0.5000000000000000 # Attribute 'damping_power' of the grid.
 # binID   n_entries weight   weight_sqr   abs_weight
    10   10   2.042986555548538E-003   1.820196255915282E-005   2.042986555548538E-003
    11   10   2.042986555548539E-003   1.820196255915287E-005   2.042986555548539E-003
    16   10   2.096349043558906E-003   1.347538774780265E-005   2.096349043558906E-003
    17   10   2.096349043559059E-003   1.347538774780595E-005   2.096349043559059E-003
  </DiscreteSampler_grid>
