  0.00191768468994039  0.00194501128444667  0.00198181320853075  0.00201831916157516
  0.00205434406952061  0.00209458451686016  0.00213751041485395  0.00218114442424899
  0.00222452160858814  0.00226838318434221  0.00231392860239729  0.00236086126088848
  0.00241081113336995  0.00246320337137146  0.00251779862490545  0.00257219083689663
  0.00262729872017290  0.00268429448208196  0.00274305182459431  0.00280465883957610
  0.00286938224750209  0.00293391467423800  0.00299975555403218  0.00306724795187447
  0.00313612032357930  0.00320239849336487  0.00327972421661076  0.00335786292050816
  0.00343823912826695  0.00352294226914807  0.00361163025682637  0.00370455747215394
  0.00380158537499164  0.00390155567732047  0.00400248285830579  0.00410530350515163
  0.00421101502972914  0.00432345326120440  0.00444244729658590  0.00456540581095735
  0.00469105527603614  0.00482050045475299  0.00495607337555540  0.00509724590970472
  0.00524423265994953  0.00539858225218432  0.00556252957234259  0.00573509062126518
  0.00592270090408374  0.00611175729533486  0.00631866833207154  0.00653437140295154
  0.00675394260275563  0.00697854775582454  0.00720820270187610  0.00744929050367860
  0.00770930281948726  0.00798438158476340  0.00827015987987855  0.00856729213622472
  0.00888207857011650  0.00922003456784831  0.00958355478483629  0.00997502563840791
  0.01038840315933465  0.01081981543675758  0.01127537425542094  0.01174199424688203
  0.01224127965862093  0.01277173965493403  0.01333740086287734  0.01395909776455036
  0.01464038996678087  0.01538839925698380  0.01620449723116211  0.01708922704606140
  0.01804662161119836  0.01908709740873363  0.02025469408539815  0.02156907522131633
  0.02305243712097502  0.02472058401770287  0.02654539695816155  0.02857386707795394
  0.03084362257158338  0.03340137127805398  0.03633251598323026  0.03984568748081392
  0.04416705679055245  0.04955403638352861  0.05649482438522359  0.06602302487815119
  0.08032229249700533  0.10501007852283391  0.18138713840456461  1.00000000000000000
  0.00210114251787897  0.00363404215018889  0.00469402490676448  0.00565627071143897
  0.00658693321559800  0.00756178770843093  0.00858161833603459  0.00960625007862057
  0.01060574453107602  0.01162906370999430  0.01270631568845311  0.01383789617763869
  0.01503480213524905  0.01626917948514173  0.01751877601042589  0.01875615744391805
  0.02007230618007913  0.02142298878720214  0.02282396177823620  0.02421787241564986
  0.02565338727697595  0.02717154674140847  0.02878683498659039  0.03052564203251295
  0.03233919098716139  0.03420710686292847  0.03614416527940457  0.03816779159576757
  0.04024860106649757  0.04236686179123946  0.04454065602744062  0.04678145238710735
  0.04907857860632445  0.05143840485264406  0.05392855210011782  0.05655347514797868
  0.05930512058669395  0.06221176172832223  0.06524762725830004  0.06836524330094997
  0.07157663412970988  0.07485262434017029  0.07821973122633799  0.08171432045293470
  0.08530649752749857  0.08898966358514065  0.09282656045692250  0.09684473655564320
  0.10100378963958727  0.10526215955065864  0.10960393479497947  0.11412056154134244
  0.11884241007142557  0.12387888551563335  0.12921904168515605  0.13460582924153536
  0.14001565298619822  0.14554333185527382  0.15126973101679705  0.15719227126016913
  0.16331383117292250  0.16967207894965494  0.17640392515888428  0.18352806974469935
  0.19105753931917913  0.19902861164433464  0.20742538187051882  0.21621913767339934
  0.22545530981500297  0.23505525841269639  0.24541339031101020  0.25559944548460345
  0.26543180629648389  0.27548033960274942  0.28591900559738853  0.29698727418111098
  0.30887159175575468  0.32167801574500038  0.33545510843832943  0.35006911789817285
  0.36565931294353726  0.38263257888749547  0.40038940120771516  0.41969094256015266
  0.44081809441737463  0.46299884689367188  0.48632612172403805  0.51124125396791986
  0.53809639398795628  0.56842958868943205  0.60357453663895899  0.64473279837596276
  0.69239395086473388  0.75138222631117613  0.83850736429953432  1.00000000000000000
 -0.00236422921349384  0.00920351635762947  0.01927068020336217  0.02997977684478313
  0.04057017410635903  0.05041901360664858  0.06097991574030120  0.07074419965669590
  0.08138488912538372  0.09171361409291556  0.10164683931372956  0.11129539395051978
  0.12048736261872892  0.12989931841251759  0.14040231836829617  0.15132556242420572
  0.16284254737108078  0.17425359445387351  0.18556302935383490  0.19661215339732607
  0.20742125017711635  0.21814900298379394  0.22842745684731400  0.23845992181186634
  0.24853058124211808  0.25899554422287674  0.27009389852407145  0.28124617912183225
  0.29229286077430044  0.30306499911889195  0.31360760042974745  0.32388495044478366
  0.33454267143810945  0.34536728876625072  0.35659117234935678  0.36751960792447680
  0.37851652597363944  0.38938751213427869  0.39979231122382297  0.41011430943409699
  0.42105729764385186  0.43246425951166362  0.44379753489250573  0.45458020062162402
  0.46558808704417792  0.47656542370044719  0.48749038405460521  0.49850907408409839
  0.50966243451249993  0.52042386726494094  0.53057223261803477  0.54082180714185668
  0.55125736569364714  0.56225498482982039  0.57237871361035830  0.58211925148610222
  0.59175890582349167  0.60197683725667761  0.61309607128042909  0.62417283490764386
  0.63514957226664426  0.64587858438815027  0.65675725616588287  0.66737223280669344
  0.67750035079773596  0.68760364168364951  0.69737419554042368  0.70722493647838469
  0.71724657491025845  0.72749901999946676  0.73811045875450410  0.74823385360256756
  0.75825915648707021  0.76836714641439463  0.77890976219423602  0.78967694448488635
  0.79975723867511928  0.80971835703593154  0.81985206606371108  0.83027001150659185
  0.84058305249116672  0.85088470617679923  0.86171670486723861  0.87262020637409210
  0.88344796007689286  0.89369824603518577  0.90390622451321068  0.91417952483284515
  0.92474956059655478  0.93555045094566347  0.94595205759072487  0.95672243904975118
  0.96744921623299229  0.97823926995609678  0.98902385414142990  1.00000000000000000
 -0.00211785008679105  0.00827273687714324  0.01810944848251857  0.02844066740321909
  0.03946550591827084  0.05035033192596508  0.06124417059290092  0.07168176441511857
  0.08177640717794267  0.09181414095689495  0.10258155622615676  0.11294320812702197
  0.12346461065670307  0.13388090987869472  0.14467497977931579  0.15470000873030554
  0.16480981889618643  0.17530106520528832  0.18628544507622097  0.19732064896658696
  0.20799880749212646  0.21874911602346717  0.22902580550796034  0.23967740402695265
  0.25017300690954436  0.26068608650278580  0.27130765087246062  0.28173521038383081
  0.29196680131951297  0.30244570818167588  0.31286169748919052  0.32425278455794115
  0.33515972158330415  0.34631573620362971  0.35727028864466331  0.36804455449585932
  0.37824551052967098  0.38833252552027403  0.39873406164762754  0.40922091803502519
  0.41973355956330788  0.42983042698071910  0.43986424273273511  0.45003856812679549
  0.46025921058239977  0.47063038145225861  0.48170372728949068  0.49253213336807333
  0.50331624258747643  0.51393542738086906  0.52503330035896600  0.53608539706733349
  0.54704238502132152  0.55789416456234464  0.56853678429598598  0.57872341241589409
  0.58878187231369816  0.59918706958187107  0.60991239578690326  0.62061086757414496
  0.63116447397242681  0.64155334565531552  0.65201321145129310  0.66249202103726412
  0.67324713135089520  0.68433458486252940  0.69542717715320668  0.70642592676957372
  0.71711134976681756  0.72760679088654545  0.73804759478131388  0.74850682182349204
  0.75919448483578778  0.76985895656913317  0.78049605372508224  0.79078569279357536
  0.80088769030080054  0.81123982368405634  0.82206607562031475  0.83307843147430438
  0.84374610655612692  0.85414812586907252  0.86461316388733456  0.87500390715543819
  0.88530840934533173  0.89534932188096805  0.90512711103579835  0.91490005519110884
  0.92484941130530063  0.93516489995170182  0.94594357342305035  0.95691749093061140
  0.96864754172930945  0.97952491534519193  0.99007178280115360  1.00000000000000000
 -0.00252305662393591  0.01023433205376576  0.01975455650449848  0.02992785389216390
  0.03987128075729324  0.05040106862547167  0.06118732895228585  0.07185750615195198
  0.08305126588656914  0.09336867419122352  0.10343021056618067  0.11307385406735362
  0.12250720554890709  0.13258454844893128  0.14289413512857035  0.15366930591350222
  0.16471976354596127  0.17554450380177666  0.18647865333255503  0.19764320406843108
  0.20925154158728351  0.22081022429391808  0.23175566679682277  0.24250421503594674
  0.25305087931703890  0.26392819069184170  0.27511139545575236  0.28593887068601365
  0.29679122053736995  0.30710106953434713  0.31788006847351713  0.32874163860174904
  0.33955124481906929  0.35036548043739457  0.36093937669778142  0.37194630762053804
  0.38257279504371178  0.39335577487306272  0.40373565957040919  0.41372442984869673
  0.42356531398028296  0.43325622488788518  0.44369991533565561  0.45396648854742760
  0.46500360780346339  0.47600275144974685  0.48742349060615747  0.49914184792422084
  0.51054485584771225  0.52143795145389804  0.53169541350131888  0.54197463538133783
  0.55240405969063433  0.56275911388806299  0.57269570305311235  0.58262872062257365
  0.59320775841998186  0.60421722721069526  0.61507145714560985  0.62561280420036891
  0.63610820719828831  0.64654254755896223  0.65700247507204956  0.66775122640414375
  0.67842707904090860  0.68869341707105336  0.69846291030461616  0.70842187794391154
  0.71904142765188828  0.73009041610528291  0.74119801356864934  0.75169359575596384
  0.76202529701595334  0.77245667492270842  0.78330223780605390  0.79406616492515902
  0.80447181945664903  0.81475967232580482  0.82527361650878495  0.83578388548786786
  0.84614837405516263  0.85661139843722889  0.86698690199746076  0.87720386971185071
  0.88740157605358749  0.89731130277725824  0.90737054363244785  0.91763780561908037
  0.92814233833720305  0.93837914241922926  0.94832874233379538  0.95859066468635534
  0.96898327466944056  0.97965678733259731  0.98965684973022627  1.00000000000000000
 -0.00242767966784647  0.00933895044444036  0.01956968941864872  0.02984170384680631
  0.04101114325103442  0.05208259296596066  0.06323431928392523  0.07382864371111880
  0.08466397645555097  0.09548842419005188  0.10647590841918671  0.11754223350534963
  0.12829893969024225  0.13897996957353759  0.14940040732472765  0.15999575916799941
  0.17075858171397937  0.18149466066991507  0.19241441556100428  0.20330414135951996
  0.21438881785808547  0.22572737392371217  0.23567513258761863  0.24540767486150394
  0.25478894447426137  0.26490601560592686  0.27521289256786402  0.28565177680607340
  0.29575645252350835  0.30690758988823341  0.31741483954978278  0.32881680036388650
  0.34024545523028510  0.35178603872427938  0.36271503240766068  0.37330019269557968
  0.38379486904026150  0.39446517703073403  0.40524070566532849  0.41599218559927031
  0.42656626133269276  0.43704820764074448  0.44769880153572028  0.45822304793680729
  0.46860414506154663  0.47900328528573655  0.48978962719890895  0.50045296825160379
  0.51057014036186776  0.52050315971866123  0.53085192874490550  0.54149153021244367
  0.55238916551991346  0.56275405703543857  0.57276133399108753  0.58292145257198336
  0.59304289281882960  0.60363180485123058  0.61389990450772047  0.62428873520082351
  0.63479150835784726  0.64503781452354592  0.65551811457496911  0.66595200194987769
  0.67663467786146969  0.68736829564670265  0.69831313117406379  0.70923195832159969
  0.71958979829543623  0.72960484814981241  0.73950829663846718  0.74940999582955858
  0.75933440509286942  0.76950456802588896  0.77993938143797592  0.79041253554121726
  0.80022661697973618  0.81008566196901877  0.81999520854189067  0.83040097467591079
  0.84111774991273969  0.85200573314473715  0.86283828123908246  0.87366502273199442
  0.88417053284440739  0.89466817019685296  0.90503699489183242  0.91522604905466953
  0.92528064436554003  0.93525385775598080  0.94545285648917088  0.95582559540965828
  0.96637201241728266  0.97729939566152646  0.98868219971500515  1.00000000000000000
 -0.00235871401602456  0.00945369700609330  0.01834802289427572  0.02825097541141223
  0.03835356547177815  0.04935175942037969  0.05986253206260995  0.07038444232280605
  0.08077521981382139  0.09119361142926038  0.10123973275170317  0.11130842280699120
  0.12146455153910854  0.13229311519939507  0.14323812365624877  0.15390466762580624
  0.16433019369666574  0.17468382212352926  0.18473990839417884  0.19466334966966309
  0.20468765230776600  0.21603520037878926  0.22758669131979820  0.23910737709151506
  0.25046032203363772  0.26180135160598672  0.27311837203949990  0.28417138213745491
  0.29517412381461805  0.30627507716446895  0.31662678178037429  0.32690346454999869
  0.33725742100062639  0.34780033057436704  0.35833195554257158  0.36893960752006205
  0.38037513282492391  0.39218478148193758  0.40346110780597289  0.41415545739506060
  0.42446864306504212  0.43517215884271093  0.44599874112841209  0.45671251529406931
  0.46723133171762810  0.47792904567817812  0.48774790160769255  0.49711456314194652
  0.50702687113899203  0.51752243972327749  0.52841204842887979  0.53892150626875046
  0.54941771982332266  0.56002839337293941  0.57036506061456349  0.58130255975538048
  0.59238257376484305  0.60338281550038730  0.61386480702217583  0.62411971689897594
  0.63424297272612740  0.64463720825291804  0.65514025033329792  0.66581500616223876
  0.67653055572891618  0.68697005367317199  0.69753651851071519  0.70776477074054456
  0.71805972677602736  0.72855015811391466  0.73957716654553951  0.75071248066764196
  0.76096209201896114  0.77149433360651942  0.78210555311367103  0.79269657194522003
  0.80301841834766385  0.81382523969577647  0.82481119310815543  0.83548112390023033
  0.84559846963755336  0.85562467289747524  0.86562465285342727  0.87566487993810560
  0.88585820783612856  0.89575577488788738  0.90563921797267621  0.91581208615420240
  0.92675390442482108  0.93724799911802870  0.94759844717999586  0.95781763536060849
  0.96828302776826469  0.97883546213879669  0.98931598305922575  1.00000000000000000
 -0.00238498408106166  0.00966730845033200  0.01962115586797226  0.03042935200788940
  0.04129541059229631  0.05165178222505458  0.06197253525337158  0.07225628305773164
  0.08251994001852048  0.09222207354793205  0.10230910457726904  0.11290734391162975
  0.12377614650480954  0.13441250348215825  0.14468419262203824  0.15492484037856513
  0.16489176075550710  0.17504443744641893  0.18545471093326180  0.19604430902359335
  0.20654418940687355  0.21743578400531177  0.22859078797424581  0.23974233985230994
  0.25027384594389329  0.26083530813721256  0.27164313484675506  0.28240167825917711
  0.29321684598078213  0.30389759253382842  0.31442563291921283  0.32468985033517994
  0.33493636824280382  0.34555677152674807  0.35648714399168369  0.36751760866865735
  0.37861939870384459  0.38948544354225267  0.40044259934452359  0.41140744260750406
  0.42237465933241297  0.43297796301223446  0.44344059337078046  0.45406746166937068
  0.46501359155643518  0.47564266764676821  0.48573695384908866  0.49574447511300035
  0.50599310095867267  0.51653383712951928  0.52667471865476545  0.53649625848577742
  0.54677518336717112  0.55740195375092383  0.56767080349924570  0.57757053807505432
  0.58763912171104682  0.59817236503408855  0.60919994019751689  0.62003242910676215
  0.63099807564978339  0.64176798941635416  0.65268837338631647  0.66359127315979116
  0.67446635212184047  0.68532116619606143  0.69651785890067286  0.70721354234967782
  0.71771669132007265  0.72756803644048218  0.73754070638608049  0.74765854435362133
  0.75786418701385216  0.76837156900124082  0.77869080161942994  0.78928185707293830
  0.79945535816841873  0.80972319694273498  0.82027820819832686  0.83067169329525947
  0.84096669017940429  0.85110646179344251  0.86161241007395051  0.87250001250910869
  0.88333023809015854  0.89407156367478913  0.90471359275584795  0.91516102961968038
  0.92560869612490093  0.93593980150070333  0.94647279414060481  0.95659720514468061
  0.96713688808290588  0.97759025909381292  0.98883353964142584  1.00000000000000000
   4.1429671170999130E-012  -1.0000000000000000     
 T T T T T F F T T F F F T T T T T T T T T F F T T F F T T T T T T T T T F F F T T F F T T T T T F F F F F F F F F F F F F F F F F F F F F F F F F F F F F F F F F F F F F F F F F F F F F F F F
  <DiscreteSampler_grid>
  grouped_processes
  1 # 1 for a reference and 2 for a running grid.
  10 # Attribute 'min_bin_probing_points' of the grid.
  1 # Attribute 'grid_mode' of the grid. 1=='default',2=='initialization'
  0.0000000000000000 # Attribute 'small_contrib_threshold' of the grid.
  0.5000000000000000 # Attribute 'damping_power' of the grid.
 # binID   n_entries weight   weight_sqr   abs_weight
    10   10   6.831132397933882E+004   2.842818651593243E+010   6.831132397933882E+004
    16   10   6.841466197761192E+004   2.854377751524390E+010   6.841466197761192E+004
  </DiscreteSampler_grid>
