  0.00191566901046198  0.00195101440710499  0.00199477005924603  0.00203844055248755
  0.00208105182482514  0.00212556630753970  0.00217199160898905  0.00222048501915982
  0.00227125749821589  0.00232339100944186  0.00237583634454911  0.00242811456829732
  0.00248195850390883  0.00253676242994328  0.00259491178569733  0.00265636398410354
  0.00271934970758006  0.00278510539388489  0.00285329108420784  0.00292366442378783
  0.00299549245323872  0.00306712852346653  0.00313936657647452  0.00321304946751537
  0.00328895195028772  0.00336944277972305  0.00345221690243970  0.00354010266236317
  0.00363008510142898  0.00372657178741886  0.00382695302169091  0.00392848146585553
  0.00403109101302096  0.00413541154284002  0.00424069462965550  0.00434905729598188
  0.00445840186463215  0.00456985829828140  0.00468663461438593  0.00480884276111320
  0.00493861016593457  0.00507350457558698  0.00521091867202803  0.00535444247730911
  0.00550788304323985  0.00566570400863361  0.00582648945144150  0.00599089969854477
  0.00616345015988846  0.00634624293776003  0.00653814444042925  0.00673646410425645
  0.00694204875592769  0.00715123081660664  0.00737620921442312  0.00760935538345521
  0.00785834205310380  0.00812315951739172  0.00840016121479350  0.00869839158820328
  0.00902072837486364  0.00935134134263807  0.00969171587307063  0.01004863987472895
  0.01043002727862411  0.01084757213226695  0.01130146521827125  0.01178179054081585
  0.01227554235767648  0.01279397116217693  0.01336079349221462  0.01398410293477458
  0.01465350702587551  0.01537087776482518  0.01613657305512504  0.01697637560460022
  0.01790954410408502  0.01892116474066739  0.02002757043693092  0.02125531851928017
  0.02262862282532724  0.02417954128275323  0.02589647844179282  0.02782470213077668
  0.03004656564129956  0.03262730402785287  0.03561208758210802  0.03914374078404276
  0.04345932728488609  0.04869296695210849  0.05550764046336320  0.06531991172826077
  0.08003960217372397  0.10490898489556429  0.17776773330408299  1.00000000000000000
  0.00508071184490447  0.00581329060517361  0.00646667391412691  0.00713011083764265
  0.00778667237105345  0.00845505902619382  0.00915776224047382  0.00993147881293679
  0.01072946004451511  0.01156167981983985  0.01245945473976610  0.01339907350391257
  0.01431590053752585  0.01523747328800835  0.01619063889391548  0.01719481275080154
  0.01825607108981586  0.01937984249642218  0.02055545349111991  0.02177213283880530
  0.02303783850365323  0.02438745200454293  0.02584828586590686  0.02734823706995358
  0.02882780519899330  0.03030830416827190  0.03182877513892537  0.03340367372655075
  0.03504776084813136  0.03679936786072995  0.03866301560697886  0.04065212964661453
  0.04275389849660623  0.04489815413048032  0.04709284358897715  0.04935068748316797
  0.05171020183350070  0.05407933589029242  0.05655281865451094  0.05910423635286926
  0.06191407904361935  0.06479723031442303  0.06782279992746937  0.07088342908337755
  0.07403262966425622  0.07729879470366992  0.08064793354865206  0.08410054961159855
  0.08765860321069036  0.09134294522915903  0.09510431388054456  0.09897900407801187
  0.10306935798290144  0.10734498797829020  0.11177934662893627  0.11639392384374105
  0.12114487364516890  0.12610423055401562  0.13135866802365520  0.13694575199271444
  0.14283202601939599  0.14887784436338311  0.15502282139495044  0.16151073583934383
  0.16824432351148935  0.17537411485742815  0.18269600319705179  0.19048380005495433
  0.19874167903813181  0.20733197413576024  0.21606981474783149  0.22493136927955992
  0.23423532706291342  0.24423433011239001  0.25487388406662781  0.26600247809772454
  0.27766939937820434  0.29038853080725008  0.30451143473806230  0.31994417139303771
  0.33643521780600077  0.35349173335363210  0.37088061321857152  0.38941168908903251
  0.41050384804438239  0.43437810800109433  0.46059117404719330  0.48893780251685176
  0.51949766980618128  0.55402507558689640  0.59300356250359232  0.63662025626086804
  0.68665561220854465  0.74856694501052989  0.84064017795448143  1.00000000000000000
 -0.00255138117829281  0.00982271736743128  0.01955625290965335  0.03007699573692959
  0.04038455083344898  0.05126036513357658  0.06212758254970894  0.07294733241917238
  0.08368825275995161  0.09423541329360974  0.10473394488189991  0.11510857251489130
  0.12540770153652872  0.13557748738924802  0.14562634586500373  0.15582669738113472
  0.16614141264549520  0.17649109259391019  0.18669507668966445  0.19687707447192795
  0.20730799881134815  0.21797262958761118  0.22852640150090514  0.23865636564645160
  0.24848996830491157  0.25850982166682179  0.26878190927673962  0.27920946574786992
  0.28969554777434714  0.30028094377151671  0.31086490061558869  0.32125244138168541
  0.33172768985645135  0.34237465237057996  0.35293005444971448  0.36326574887093122
  0.37371917292249324  0.38456748922776718  0.39582663572805005  0.40675413653446230
  0.41782826719530092  0.42878136677239875  0.43978460937676866  0.45084272543502052
  0.46184220019953232  0.47269414575292873  0.48348073032761651  0.49422834049660824
  0.50520828368408377  0.51607925800756482  0.52726101789351520  0.53861586391063765
  0.54995352120862750  0.56080061622065258  0.57147854524981334  0.58184881939313504
  0.59280419711204035  0.60376877385121686  0.61457995138299382  0.62534347584903183
  0.63568612493781507  0.64607263076653687  0.65640287518488516  0.66687662540297132
  0.67726208557471290  0.68757112281368327  0.69787493236840548  0.70822289858615251
  0.71844346274313164  0.72871730021512970  0.73896665257733729  0.74929284756619929
  0.75986497019220278  0.77007124029969232  0.78032677841560283  0.79022671130289546
  0.80031454895868492  0.81057041205917557  0.82080186601271576  0.83135188420880235
  0.84166980233893696  0.85211260097449348  0.86256893721435790  0.87308454292207371
  0.88431220144284750  0.89554437895692107  0.90604850017464589  0.91635888364930196
  0.92651220362695963  0.93715557979041131  0.94775246106590849  0.95854313836672733
  0.96890353662273099  0.97929417223284143  0.98941252765014365  1.00000000000000000
 -0.00258170861022662  0.00969719679100727  0.02048733392502960  0.03113542139706291
  0.04202627994049643  0.05246658385665827  0.06297316577462259  0.07323136646791280
  0.08376658602460720  0.09415612168726274  0.10451834013405127  0.11448509479264657
  0.12442906725922008  0.13458933199444906  0.14485517851501947  0.15527574962719803
  0.16567664579900046  0.17615623217538401  0.18667974265384410  0.19699233973857999
  0.20746360196691138  0.21798335893463180  0.22855329551710499  0.23910998522719137
  0.24966929362607171  0.26018434118229694  0.27075344323039702  0.28136321561160649
  0.29232709635943871  0.30314804870077278  0.31399852008167733  0.32483022896136554
  0.33568972788356788  0.34651563513538119  0.35736416101590512  0.36819128709997717
  0.37896242582377204  0.38969804244261957  0.40064876552034340  0.41182796131388805
  0.42282869817675128  0.43375191789684675  0.44437165997566902  0.45472784409862593
  0.46494596441689684  0.47511629556720120  0.48545707508079933  0.49582122884751784
  0.50619068122766320  0.51657248843051384  0.52663146519038695  0.53652244273085525
  0.54642010394482698  0.55657159499746933  0.56693836983826851  0.57732596351680510
  0.58782255209745982  0.59848720738117911  0.60914115847487649  0.61968485396711614
  0.63026013433787986  0.64101082338163695  0.65173256099735455  0.66235986292002724
  0.67288863964797585  0.68353110399419226  0.69413522692113194  0.70467714441156626
  0.71520334974477595  0.72588536164199335  0.73647629906530265  0.74675027460899368
  0.75692711566522364  0.76734435925032929  0.77792596706203210  0.78860129619807318
  0.79896863485972824  0.80940067343523192  0.82012756514362628  0.83129110493351044
  0.84225663366597414  0.85318587284294256  0.86396337803516132  0.87475964118919758
  0.88527180132972139  0.89594513434631329  0.90687958869140661  0.91777225816280372
  0.92874617894542000  0.93925606543548446  0.94953796366351306  0.95961819086428291
  0.96992842492007136  0.98035413368328539  0.99040983446686115  1.00000000000000000
 -0.00248775114655547  0.00952215758268808  0.01983264889413405  0.03119814943894250
  0.04248348538075215  0.05313677598559773  0.06356588410548566  0.07417048517606427
  0.08497829110244859  0.09564616062770225  0.10614887093757792  0.11675739587304332
  0.12735606593968471  0.13810668730742451  0.14900903822084027  0.15977150325863840
  0.17032936258319153  0.18071471465114136  0.19114900882473645  0.20168466549116468
  0.21236926868997349  0.22321954325318741  0.23388902180910409  0.24416116365250334
  0.25414321613503116  0.26407264140003139  0.27421134624693994  0.28449258785386816
  0.29498943172876613  0.30555430250778576  0.31645952987260750  0.32759530325941583
  0.33857344581923154  0.34933082117134173  0.35974511881168486  0.37065723405365097
  0.38157281230749407  0.39300328690067254  0.40357439594644007  0.41401623968954432
  0.42482283461125669  0.43599592505105084  0.44635519863948780  0.45655089597709614
  0.46698343701624523  0.47783890724038813  0.48819497520896821  0.49822958852788823
  0.50833160218873763  0.51854911576902873  0.52887656788911375  0.53930477414996636
  0.54953150991226341  0.55996707025468606  0.57045525346475090  0.58153147469789079
  0.59161325904999984  0.60182579613098741  0.61163468822076683  0.62203099902571524
  0.63209659864473089  0.64253106949303229  0.65313425124604796  0.66355224275470936
  0.67364169808162810  0.68351873034524391  0.69355414336240440  0.70396930306117778
  0.71453316013351709  0.72526937164130134  0.73569338105611692  0.74608812374463829
  0.75671261992474692  0.76741401360394212  0.77805167551695498  0.78861401644345674
  0.79944719562471178  0.81047723253227921  0.82119515988949499  0.83196408912908892
  0.84260839303664214  0.85334646010354021  0.86376411494037997  0.87407407171910778
  0.88448448069755747  0.89452705168321245  0.90517903148892653  0.91595482611965595
  0.92677537888625672  0.93758277296146975  0.94822060535657204  0.95920471204120628
  0.96958271010895736  0.97978716241507458  0.98976694527843678  1.00000000000000000
 -0.00268520866293441  0.01000386416631476  0.02087557698656752  0.03192440189231429
  0.04304803660719104  0.05413319672260897  0.06509022733276403  0.07617835876831550
  0.08706450760870207  0.09803476226776579  0.10855350738402801  0.11919059779328682
  0.12945454009249088  0.13980872960463481  0.15013851159391003  0.16066317492764867
  0.17111195705855131  0.18121365079509352  0.19116374393991276  0.20148892755611097
  0.21211556221918026  0.22290217716551974  0.23315144857220080  0.24335138731389772
  0.25350438974911160  0.26375468238854821  0.27403898230565699  0.28425128101410074
  0.29490986297081601  0.30597156790058910  0.31695084723849859  0.32774528116826984
  0.33855383891831869  0.34945127929645292  0.36033551988735563  0.37077368006592482
  0.38134156967069632  0.39177940606253980  0.40243074627882419  0.41269699210449445
  0.42321221522030406  0.43369149792958001  0.44459963441138955  0.45575271228155684
  0.46613477854924767  0.47646635171063206  0.48643527329182307  0.49666994339130743
  0.50683788487367931  0.51688496877987278  0.52740039136702654  0.53817566811173401
  0.54976170802867708  0.56160251749780044  0.57294013881702943  0.58374538416369071
  0.59397484770533204  0.60476908013477082  0.61565961431928595  0.62692572062897811
  0.63806534260832914  0.64889708632412146  0.65941944764661564  0.66976843402637554
  0.68033970179562830  0.69103183930059364  0.70174675622719562  0.71238889399387706
  0.72328869969893816  0.73407533813010828  0.74461044827006750  0.75505562387128544
  0.76526839461544083  0.77524826146864989  0.78492235241353658  0.79447045575223285
  0.80422367720186139  0.81406618718877610  0.82370466014990973  0.83330627139717028
  0.84277816929262273  0.85275992551488666  0.86324688569955732  0.87414813906077782
  0.88473846212465912  0.89533112183424779  0.90610746858830982  0.91725150515817111
  0.92811022983742242  0.93851694393272944  0.94845216813120714  0.95826921315718183
  0.96869024437422901  0.97889474323299674  0.98945335914978350  1.00000000000000000
 -0.00229820573440494  0.00917954858420265  0.01895276468566861  0.02951198367873491
  0.03989400122174121  0.05015962709615853  0.06044041400687020  0.07111272562810804
  0.08204504728904527  0.09258263265127570  0.10305737830922841  0.11363140745556263
  0.12471035438208108  0.13551342211816106  0.14615277675075525  0.15651870627366074
  0.16689311964192174  0.17715351277078853  0.18738091079016039  0.19776015463397467
  0.20827918364824563  0.21912614466863731  0.22985698796733794  0.24032727896957512
  0.25051430517380568  0.26112364114063702  0.27196362751428399  0.28243678841569714
  0.29280461142807757  0.30330927685162284  0.31391500551142471  0.32440783739491713
  0.33478172212190926  0.34503617611354365  0.35517902892432152  0.36510096300299016
  0.37544870395354879  0.38591882842621489  0.39641020210999994  0.40695636029707088
  0.41748943300987873  0.42866531002261982  0.43939861473557751  0.45013464070637710
  0.46049803225381053  0.47091344222008608  0.48126379217346199  0.49155354480127084
  0.50166643969730307  0.51174234441525279  0.52200454170622868  0.53275826029370144
  0.54364115490735310  0.55415198145849309  0.56416053506632735  0.57443097017024258
  0.58490096894438681  0.59579251027887070  0.60660964965769015  0.61764372426711955
  0.62860483768883202  0.63962849654848952  0.65057683064257488  0.66131254491121660
  0.67193640037227464  0.68265670491787778  0.69331943622741710  0.70361397534206827
  0.71435585487257258  0.72522269128353423  0.73594974006133596  0.74631201923227108
  0.75691442365170902  0.76721155958348597  0.77722808888269446  0.78715821121323326
  0.79747466991681348  0.80778534098964394  0.81797269084054314  0.82803588903694225
  0.83815857321415421  0.84868664223755585  0.85932913413968415  0.87008647796236105
  0.88045599103748784  0.89076434951357364  0.90132103396212249  0.91176884565833627
  0.92255615719724149  0.93340468496570095  0.94450742470792537  0.95596322767267872
  0.96708446682771421  0.97832674159112243  0.98912012684536954  1.00000000000000000
 -0.00245101186109622  0.00988695076307232  0.02039647093548184  0.03148671193869750
  0.04247871033782669  0.05339369514798865  0.06459052892952054  0.07591968578060483
  0.08706926377309421  0.09724430395132365  0.10770269317320613  0.11809767318326719
  0.12860316679890654  0.13850797514936239  0.14869887623089037  0.15900015813904311
  0.16957751695518664  0.18010429444869080  0.19075939280311327  0.20158919736853409
  0.21245761508014965  0.22293676561164213  0.23326483887054841  0.24347180575394811
  0.25381838780321814  0.26439474419579301  0.27535356630558727  0.28622135666573656
  0.29714473771971922  0.30766251796909339  0.31815320778614681  0.32844673107687167
  0.33869366036642973  0.34892210335955209  0.35904714297729784  0.36917585034563438
  0.37943458271015629  0.38954686670786137  0.39981097276428246  0.41031719012878665
  0.42077132928707389  0.43118830222570081  0.44155772069952931  0.45205974206083360
  0.46257395924364747  0.47317197443554565  0.48393328244913369  0.49468184163127954
  0.50556375252632568  0.51646559781614310  0.52717631616878857  0.53789455820619503
  0.54864584024735119  0.55940566619493903  0.56994606536718129  0.58054983344616240
  0.59132284853038530  0.60233898009233644  0.61354284417089122  0.62458358090408905
  0.63541025920475891  0.64586303351025753  0.65612006967657877  0.66598038416623329
  0.67619224762267560  0.68639330886678029  0.69698372755609372  0.70725083324125104
  0.71738630876228748  0.72758472726048629  0.73805310987794237  0.74906376625599747
  0.76011101569821138  0.77115876365515357  0.78201797176050980  0.79251137170844443
  0.80259960554691490  0.81276699585256207  0.82307864287737087  0.83346315190960285
  0.84371078230178953  0.85431414530760630  0.86540254608286160  0.87637411951139010
  0.88659963229071170  0.89686800207902762  0.90715796006972149  0.91722338721485475
  0.92725028088266692  0.93710175595771084  0.94730767312515385  0.95773937772828610
  0.96815126150577502  0.97855545678307654  0.98914351695160374  1.00000000000000000
   4.2565130803106984E-012  -1.0000000000000000     
 T T T T T T T T T T T T T T T T T T T T T T T T T T T T T T T T T T T T T T T T T T T T T T T T F F F F F F F F F F F F F F F F F F F F F F F F F F F F F F F F F F F F F F F F F F F F F F F F
  <DiscreteSampler_grid>
  grouped_processes
  1 # 1 for a reference and 2 for a running grid.
  10 # Attribute 'min_bin_probing_points' of the grid.
  1 # Attribute 'grid_mode' of the grid. 1=='default',2=='initialization'
  0.0000000000000000 # Attribute 'small_contrib_threshold' of the grid.
  0.5000000000000000 # Attribute 'damping_power' of the grid.
 # binID   n_entries weight   weight_sqr   abs_weight
    10   10   6.349072547120518E+003   2.645949809161521E+008   6.349072547120518E+003
    16   10   5.446316350547168E+003   2.307653032374458E+008   5.446316350547168E+003
    22   10   5.446316350547168E+003   2.307653032374458E+008   5.446316350547168E+003
    28   10   6.349072547120518E+003   2.645949809161521E+008   6.349072547120518E+003
    34   10   6.349072547120521E+003   2.645949809161524E+008   6.349072547120521E+003
    40   10   5.446316350547168E+003   2.307653032374458E+008   5.446316350547168E+003
    46   10   6.349072547120520E+003   2.645949809161522E+008   6.349072547120520E+003
    52   10   5.446316350547168E+003   2.307653032374458E+008   5.446316350547168E+003
  </DiscreteSampler_grid>
