  0.02509135709776772  0.02680988340692226  0.02924654028198399  0.03238447111332322
  0.03634283634374551  0.04132034467607434  0.04751497124677190  0.05519155179190134
  0.06465683616034484  0.07606743549077094  0.08709710343557844  0.09861473850698402
  0.10770236013117376  0.11611313629243251  0.12417402794899680  0.13235558221981600
  0.14129814647550745  0.15036133688993661  0.15869855304735475  0.16626731175006712
  0.17368182614787889  0.18134242236838405  0.18883106230814881  0.19547210870011408
  0.20206642997810742  0.20897135227080502  0.21626271394048918  0.22368639695982859
  0.23141705304844468  0.23983136723662665  0.24818505604891355  0.25579779029610927
  0.26290336545700010  0.27029391276922959  0.27788579723727841  0.28557083245986314
  0.29388308975879074  0.30290407675116593  0.31230929759740761  0.32178757497232408
  0.33136028306105036  0.34125909796745646  0.35094756672296107  0.35979772920475722
  0.36874514770134448  0.37865259634260029  0.38905854824677666  0.39955653577440220
  0.40905135821492544  0.41867505887637707  0.42831542936259681  0.43852120100817271
  0.44983715958346326  0.46113273202504135  0.47291198013622676  0.48430142271379034
  0.49476081879442219  0.50421241809868200  0.51369056125598533  0.52372849759472828
  0.53422918205759407  0.54302760807392403  0.55238407777624199  0.56158081640483459
  0.57082508126974330  0.58010965860132191  0.58883361483761498  0.59840830255624744
  0.60815143578780206  0.61831694939066406  0.62783135602929585  0.63724246847349408
  0.64682225613058608  0.65665822985440025  0.66665571734658957  0.67760471645370068
  0.69102055709882659  0.70568948012196664  0.72062944033451859  0.73197143127690623
  0.74057827769939388  0.74986333058970100  0.76094674307894772  0.77251572253681633
  0.78436306675940515  0.79653295989303141  0.81363399469433362  0.82952343066870049
  0.84363459083887005  0.85646395886716864  0.87002738061335205  0.89063141421401082
  0.91863860409378328  0.93698430182872516  0.94417898702019920  1.00000000000000000
  0.00000008944303263  0.00000013744533144  0.00000017578316817  0.00000020765684411
  0.00000023620686579  0.00000026361900110  0.00000028982916201  0.00000031449744163
  0.00000033716555476  0.00000035815268722  0.00000037795100193  0.00000039694758725
  0.00000041524889641  0.00000043310311688  0.00000045025461172  0.00000046720264513
  0.00000048334447301  0.00000049858319991  0.00000051321098862  0.00000052714884947
  0.00000054101679824  0.00000055472107046  0.00000056801429586  0.00000058090996475
  0.00000059358550024  0.00000060525026223  0.00000061680826330  0.00000062802942659
  0.00000063845092160  0.00000064817059718  0.00000065782661212  0.00000066694582725
  0.00000067565655522  0.00000068480950377  0.00000069450879114  0.00000070433200562
  0.00000071417026066  0.00000072389274497  0.00000073285512402  0.00000074111259632
  0.00000074950046794  0.00000075857314158  0.00000076749834366  0.00000077653166550
  0.00000078567763513  0.00000079419966165  0.00000080339496727  0.00000081508907163
  0.00000083069465178  0.00000084849322072  0.00000086170864277  0.00000087420190175
  0.00000088593555719  0.00000089737537055  0.00000090722883930  0.00000091422485130
  0.00000092140877537  0.00000092876735078  0.00000093613570999  0.00000094501604200
  0.00000095590417947  0.00000096753303388  0.00000098167683229  0.00000099413016760
  0.00000099956389135  0.00000100621401066  0.00000101247651857  0.00000101876719972
  0.00000102417826710  0.00000102913068732  0.00000104487864197  0.00000105802099612
  0.00000106514814603  0.00000107205667891  0.00000107877393931  0.00000108535877079
  0.00000109178545883  0.00000109790935543  0.00000110459362321  0.00000111063692675
  0.00000111534438311  0.00000111922792268  0.00000112317505167  0.00000112718331612
  0.00000113173758401  0.00000113666948422  0.00000114209273898  0.00000114845024389
  0.00000115505856102  0.00000116368530120  0.00000117405049847  0.00000118502385092
  0.00000119532887548  0.00000120719275687  0.00000127463128796  1.00000000000000000
 -0.00225552363000079  0.00755060274989714  0.01779681584874371  0.02728896431361800
  0.03537371285517101  0.04328607573402540  0.05087143717035511  0.05824481760204875
  0.06542487921803669  0.07240578495802358  0.07973317075697806  0.08571442217759560
  0.09146568489289625  0.09753286887974973  0.10426962551223544  0.11176962382886854
  0.11985663290724992  0.12822588682002750  0.13653855225933173  0.14312019424160552
  0.15013948445170991  0.15732979400769576  0.16554365784318842  0.17407186279929823
  0.18238152121067369  0.19193880319460666  0.20306299362563479  0.21537610516891698
  0.22717823168647736  0.23760792117149382  0.24729463523845852  0.25673578562673605
  0.26623828114823872  0.27472088942483397  0.28277571655877037  0.28920857913195663
  0.29842495085199372  0.30816294545556000  0.32087181815957594  0.33379702124866945
  0.34505594043912519  0.35651855379422859  0.36859995349032393  0.38043973252789542
  0.39325538107996383  0.40673042992906350  0.41944846237601252  0.43178726083567071
  0.44306442762594939  0.45447155812128365  0.46675270977963784  0.47943534757950856
  0.49277439455359434  0.50572321297747413  0.51890113681490924  0.53192200474931195
  0.54582777048836917  0.56020868799184931  0.57290986149437806  0.58610336824773968
  0.60062181526900504  0.61289728819225353  0.62375360103855348  0.63413299841279724
  0.64579075398045160  0.65688469447762454  0.66765324702772433  0.67819394112054099
  0.68993202257995490  0.70386884121412996  0.71788950154643805  0.73180501292803724
  0.74594045205913551  0.76031755004593493  0.77409767514790628  0.78691651820161246
  0.79887326361149114  0.80980993650833222  0.82075505487070322  0.83182954575338663
  0.84339099739488355  0.85556631623524859  0.86818431384261174  0.88091846002960583
  0.89277710874185556  0.90320070869403835  0.91278418343643941  0.92288151459105572
  0.93307301699043765  0.94269546726179576  0.95182468703328416  0.96110888030495167
  0.97076078522463127  0.98065341484225910  0.99015157095466311  1.00000000000000000
 -0.00209011934943444  0.00961383314097388  0.01998825243821329  0.03064685113816375
  0.04142763831488340  0.05321984233212265  0.06547357974527729  0.07702040085142901
  0.08719400372612371  0.09674628313957491  0.10663977615188512  0.11724202581284493
  0.12797292924268977  0.13824263691080788  0.14836490606657629  0.15868492227670211
  0.16853607297224041  0.17724582664567057  0.18650981703440891  0.19656285946840032
  0.20709389397670744  0.21658794724438168  0.22546840493388753  0.23498767492752981
  0.24560541231999020  0.25617725973360012  0.26713492767740443  0.27865502758851596
  0.29162634937751875  0.30544819831126324  0.31807918133516644  0.32919235332314112
  0.33968637419859377  0.35023188202058386  0.36001452162132319  0.36929886712571758
  0.37895246635231328  0.38836717269270626  0.39791328722206482  0.40663631753887730
  0.41597386090535521  0.42767331343997550  0.44009393039553629  0.45304332549076676
  0.46573671940578082  0.47794187297927854  0.48930088457706800  0.49988645677736721
  0.51011199581336641  0.52022988546905002  0.53024675974533908  0.54040767239034715
  0.55064466421956337  0.55991115184484042  0.56851962879070095  0.57719398759192264
  0.58768255408923842  0.59852647515016266  0.60845254616504463  0.61835940378757892
  0.62953366943583744  0.64104477566094975  0.65368672985318599  0.66667744381474425
  0.67927928647017100  0.69016772181711905  0.70028532174868263  0.71021918789143423
  0.72061404782973071  0.73050759785931896  0.73946881598855352  0.74882834200122150
  0.76017822463382390  0.77231709296844120  0.78207962314179791  0.79086759293077113
  0.79961711795547985  0.80907208672227382  0.81923565343594207  0.82924819728466981
  0.84003183607169896  0.85178392412727477  0.86388322644195614  0.87695015415117994
  0.88930668790876655  0.90268885744130145  0.91642971818120722  0.92957407400013892
  0.94037614716132623  0.94864850880999629  0.95673928468008418  0.96481690198085701
  0.97309054251879012  0.98134085868442111  0.98989197150125419  1.00000000000000000
 -0.00301028492717154  0.01416299977823030  0.02826849010377262  0.04213424304858754
  0.05566626370385484  0.06916201703724456  0.08178771255518313  0.09414725515397171
  0.10721609551479917  0.12084154940082360  0.13422969142244526  0.14678928578723696
  0.15959146387353640  0.17265845583009340  0.18562029221835039  0.19779912884271719
  0.20939816970054143  0.22144097395113890  0.23358204847923400  0.24502159885166469
  0.25576792989456049  0.26711906077357234  0.27618534399666411  0.28536388001877838
  0.29383904911862341  0.30162382389013387  0.30924277530326616  0.31736731377512806
  0.32635189293340877  0.33706124928099984  0.35002482678049368  0.36071647601026413
  0.37079079164313522  0.38083241346861579  0.39029751709596372  0.39968722479923241
  0.40874555165472859  0.41806829866277839  0.42810925517590664  0.43777149625773143
  0.44773473922365875  0.45708560453334407  0.46773296535730940  0.47802164893044286
  0.48962858656060648  0.50234536403729946  0.51544180409115892  0.52720905557757980
  0.53825990913366528  0.54905615204331526  0.56047973182394861  0.57228711754682404
  0.58287136046706267  0.59222451735931070  0.60040181418953364  0.60871524947233591
  0.61708933851411429  0.62597766774051544  0.63548309566958638  0.64483088042110748
  0.65376312091061728  0.66304564615892325  0.67287781931682833  0.68310606358253123
  0.69333598900341276  0.70345411180266471  0.71430971030346735  0.72547366629077792
  0.73582536117979080  0.74502606881948730  0.75341583248955868  0.76230552770846982
  0.76989697094837717  0.77682528610091017  0.78315884664023949  0.79074404201867876
  0.79970864190142499  0.80927229031318482  0.81816322996174762  0.82640889549022511
  0.83545598120718090  0.84580907551799234  0.85697712372896639  0.86857879784984071
  0.88100631625973913  0.89268797353825879  0.90318652095746754  0.91285241493273839
  0.92269721038258545  0.93371476192419167  0.94493005039615918  0.95541402469392178
  0.96558298243503149  0.97549643152741250  0.98703547160146821  1.00000000000000000
 -0.00175944886249200  0.00885672115409418  0.01917419935087536  0.02982145590128381
  0.03997249795781329  0.04935619864599745  0.05843617949780279  0.06793763598981251
  0.07809482902793308  0.08812203482492696  0.09873720798180938  0.11006382764259580
  0.12238508180959941  0.13545473431853136  0.14794675136551941  0.16022005408953890
  0.17086962233084863  0.18063512535668166  0.19022232632131936  0.19962420482953863
  0.20911067871182715  0.21815228352697338  0.22629384482812112  0.23430206159712783
  0.24250182342345761  0.25062985756391604  0.25891115477383114  0.26722628396512049
  0.27706623237067890  0.28666347124996633  0.29651409609382007  0.30627585968812204
  0.31986601360996614  0.33354442556879621  0.34506429519288684  0.35600463918544401
  0.36810600745413835  0.37919570179846163  0.38931128903444623  0.39927016531628595
  0.40951089270347879  0.41913578433618726  0.42840836224918505  0.43816857025864148
  0.44918914650487557  0.46094589455856938  0.47312549386558445  0.48509662535952813
  0.49797832805068631  0.51012112267789189  0.52059447087757316  0.52993234622606966
  0.53938745804061361  0.54798524521520187  0.55624836815827328  0.56484423918237181
  0.57342052251391207  0.58364702764773624  0.59376053918238580  0.60481078469899396
  0.61486497370523141  0.62348090940378520  0.63112150453320248  0.63905316918364607
  0.64840066922127337  0.65907597455477474  0.67012735709586668  0.68309603041223776
  0.69576508109614299  0.70865948566078973  0.72067210050924591  0.73293133692273305
  0.74560072947602196  0.75832067352012589  0.77042625092910988  0.78132219159521832
  0.79224489628541062  0.80382394623892961  0.81424506667659358  0.82361173946091748
  0.83361781337260543  0.84494293107831042  0.85728186314709320  0.86911037109245959
  0.88106912718407149  0.89309063679203415  0.90322506572607786  0.91370312315859881
  0.92342033688360414  0.93399526840552083  0.94493528277238448  0.95656567921455493
  0.96738984653011950  0.97847804557833085  0.98901158748334783  1.00000000000000000
 -0.00183683617448653  0.00616068201055885  0.01540374111000877  0.02535148413699907
  0.03869433557343788  0.04913883987896098  0.05907204590401228  0.06816720191010173
  0.07707752131422999  0.08618671424806013  0.09534317025541152  0.10406232602614045
  0.11290986969464563  0.12179134610060786  0.13018214485686971  0.13898855722962430
  0.14838093980058770  0.15931695708250801  0.17300296975572899  0.18740786995788658
  0.20258133784759189  0.21582231170198823  0.22773745487820246  0.23864712060913412
  0.24939284645725701  0.25977582844051028  0.27012956577175912  0.28127876954189701
  0.29321973803825013  0.30497721867459987  0.31596584529540866  0.32733786998588710
  0.33886985592622898  0.35088457926391908  0.36335225686633632  0.37513625631244896
  0.38549449450309220  0.39448348169405983  0.40419019408960516  0.41421833028260119
  0.42329038722998386  0.43138035506802458  0.43999460126198853  0.44911910071336847
  0.45810510072454791  0.46795836649664541  0.47900874337213045  0.49030006741291177
  0.50106374147920707  0.51064332114591571  0.52081517262636401  0.53038399736169994
  0.54053335455095919  0.55158772855766414  0.56339336200846168  0.57503227942613599
  0.58562740078029440  0.59561875842102685  0.60649222669885317  0.61851197861820362
  0.63028101084025767  0.64189040101901895  0.65270721215808136  0.66365951160100589
  0.67483879909877997  0.68546751200268285  0.69525460224821367  0.70443504341425811
  0.71472212628465670  0.72571746704461271  0.73659516172784656  0.74786531819857549
  0.75966064542674372  0.77322363801100935  0.78459027944031823  0.79578364442329153
  0.80717547770670295  0.81782715078574975  0.82865329182743275  0.83882874958351161
  0.84989917676924953  0.86049186525437438  0.87158167761957139  0.88196582505291465
  0.89245991568599847  0.90190642216177830  0.91103120009918714  0.92048899523076011
  0.92965379932521619  0.93850613315579534  0.94772360079837470  0.95748898078765143
  0.96695404709679955  0.97675117566408121  0.98771125992637232  1.00000000000000000
 -0.00231912453800058  0.01086963822240408  0.02311462851566539  0.03466633352100763
  0.04642290254977819  0.05958870624880436  0.06880793462727301  0.07918931490922022
  0.08953858296321425  0.10093487364533446  0.11136072959154859  0.12227049750982291
  0.13449133161118640  0.14738311278251792  0.16000357043866717  0.17262475383294501
  0.18555815232559988  0.19621091246203246  0.20596407260861604  0.21441579217125384
  0.22300058035517933  0.23174090630085745  0.24081059846950012  0.24959656300976496
  0.26081936761730345  0.27226974684786714  0.28395613774582773  0.29441201396784272
  0.30426617970919684  0.31451428223537603  0.32629076743697011  0.33868926646860992
  0.35037177614554033  0.36113666749900997  0.37261995610454179  0.38283280498638178
  0.39226884865428718  0.40177283996647178  0.41294651128271204  0.42434621185555305
  0.43574042690987003  0.44628005143852600  0.45635022180436829  0.46623041873081561
  0.47690102837019394  0.48730229764942162  0.49690722653570130  0.50635916906777523
  0.51601647225008362  0.52661928766521693  0.53794128405424912  0.54903665025825166
  0.55906776375675427  0.56786523849916826  0.57620795165304384  0.58476125920474731
  0.59341518494806000  0.60125732699187873  0.60842853719861900  0.61558960327181511
  0.62322792642239555  0.63540120646216414  0.64882183099458124  0.66261634204780984
  0.67590452868031881  0.68876710619526726  0.70220395827880400  0.71436309779188034
  0.72613159306480790  0.73735885601723106  0.74924983902457154  0.76107285317729478
  0.77186572347815063  0.78218439404222684  0.79203329680233192  0.80197804359517944
  0.81196852601840475  0.82229417518406389  0.83172212173729299  0.84091542663451435
  0.85076149910801235  0.86089100364260507  0.87069960768782217  0.88038598095041976
  0.89042025191667407  0.90106052016301375  0.91043803406835910  0.91980164966573763
  0.92944891425082088  0.93965798465992345  0.95078884628200477  0.96232860052906211
  0.97228733532478107  0.98148081134548748  0.99055168593909348  1.00000000000000000
  0.03626781005381412  0.11712568734489526  0.15777645284657568  0.18803694529494630
  0.21245413112420264  0.23470428770817445  0.25516158710307274  0.27411731456125660
  0.29245462917500781  0.30953154448437598  0.32577010901996367  0.34196182846374928
  0.35827000298591599  0.37387283702948831  0.38925789710019709  0.40441130651143720
  0.41817131469238816  0.43048716820137251  0.44176886389820064  0.45322395874600296
  0.46486701444696615  0.47599049932835602  0.48674312205099279  0.49891440105538337
  0.51065829681657893  0.52066396078832233  0.52931534854424700  0.53790042794153026
  0.54659189196327984  0.55465448500844361  0.56345874824515463  0.57356390116646383
  0.58457653372215135  0.59411063812185982  0.60279249436616333  0.61153164360735790
  0.62065544084096713  0.62986274115821717  0.63902271313535319  0.64803009098565478
  0.65573732555192288  0.66252576336977342  0.66911306863986042  0.67592108729654554
  0.68366528251861314  0.69104454327752030  0.69885939969047439  0.70638872742703285
  0.71513677982728407  0.72387076757985713  0.73152031204677059  0.73856316681403178
  0.74528594437215678  0.75111405670776299  0.75650885397024947  0.76240829766096740
  0.76824815198562113  0.77334332976737452  0.77814179317048560  0.78304844782431349
  0.78855584624043495  0.79518423258095783  0.80274744573655943  0.80923820741656760
  0.81552498841554821  0.82143321792356272  0.82698461567375514  0.83348442335712414
  0.83971238651224900  0.84574860009803887  0.85194509000604801  0.85901279010545351
  0.86702957420529503  0.87484769955972319  0.88142842097761886  0.88776204394827751
  0.89367671937636795  0.89954762893054796  0.90493820453603990  0.91054159236178311
  0.91589922671190249  0.92123630603377127  0.92637816715515864  0.93180190046979738
  0.93732125031941427  0.94261775638665946  0.94727960248682952  0.95156321865758742
  0.95544080067695558  0.95890266234004051  0.96188271259709834  0.96428612996519980
  0.96642611803065381  0.96858129600190634  0.97063923034110877  1.00000000000000000
 -0.01871083148962780  0.12122948749280986  0.16564009250740427  0.19306498465297525
  0.21786479991588281  0.23935902470274922  0.25755420010472962  0.27370843628639346
  0.28939085900293737  0.30455903015744995  0.31976729081926458  0.33562286672685560
  0.35044437626984482  0.36383026615282488  0.37528010513233812  0.38675154821040314
  0.39810123256264157  0.40968356444175602  0.42125950444014837  0.43290309214122835
  0.44483795228171019  0.45659263870417333  0.46809461698128862  0.47835227984273149
  0.48806550459193859  0.49828429382352646  0.50878944863278908  0.51922353913570551
  0.52860978463368513  0.53788175912564973  0.54760611451424224  0.55694507577328545
  0.56616149737016386  0.57555297201130751  0.58534535438939062  0.59461252095679462
  0.60291229217588560  0.61022923295412490  0.61718932697573814  0.62415867329773000
  0.63088648264608649  0.63685652897602485  0.64253860658374162  0.64796423549082538
  0.65322714490346512  0.65909718545369778  0.66477689533190332  0.67023851553502467
  0.67585121337844833  0.68157310087921397  0.68723967797818242  0.69266713994047502
  0.69782989887559077  0.70291959114140756  0.70804929697886954  0.71304023427809227
  0.71872742653882593  0.72385635638157730  0.72907243701553104  0.73430890668579596
  0.73920734106235497  0.74480220584424717  0.75049321702678717  0.75584149765721076
  0.76093460040269645  0.76599991882614493  0.77097096852738922  0.77590236753933806
  0.78060054965802217  0.78513959504577580  0.78981409470008845  0.79486480212145416
  0.80025089332853550  0.80556049445785916  0.81063893060188585  0.81555991108752379
  0.82052846973885085  0.82565761778236491  0.83058525031998687  0.83573804500139737
  0.84130795059329966  0.84729934010072605  0.85336294225169207  0.86027917358026162
  0.86749546101927311  0.87459682656002191  0.88148027731154410  0.88833467815461309
  0.89525039685652696  0.90197780076512113  0.90907042628310619  0.91672782357474836
  0.92618707134405198  0.93894675527967730  0.95899928435823323  1.00000000000000000
   1.6668830386394749E-018  -1.0000000000000000     
 T T T T F T T F F T T F T T T T F F F F F F F F F F F F F F F F F F F F F F F F F F F F F F F F T T T T F T T F F T T F T T T T T T T T F T T F F T T F T T T T F F F F F F F F F F F F F F F F F F F F F F F F F F F F F F F F T T T T F T T F F T T F T T T T
  <DiscreteSampler_grid>
  grouped_processes
  1 # 1 for a reference and 2 for a running grid.
  10 # Attribute 'min_bin_probing_points' of the grid.
  1 # Attribute 'grid_mode' of the grid. 1=='default',2=='initialization'
  0.0000000000000000 # Attribute 'small_contrib_threshold' of the grid.
  0.5000000000000000 # Attribute 'damping_power' of the grid.
 # binID   n_entries weight   weight_sqr   abs_weight
    10   10   3.069428762326000E-008   1.887355237748004E-015   3.069428762326000E-008
    11   10   3.069428762325999E-008   1.887355237748004E-015   3.069428762325999E-008
  </DiscreteSampler_grid>
