  0.00191548904164340  0.00195282477782349  0.00199742284831665  0.00204008796517516
  0.00208427758958153  0.00212995539877174  0.00217678538839831  0.00222501288788390
  0.00227503856692701  0.00232672545328233  0.00237902125784494  0.00243162239594544
  0.00248602654016530  0.00254149781482404  0.00259880921891719  0.00265870762460788
  0.00271967108703794  0.00278281281543319  0.00284833321823477  0.00291448940476720
  0.00298179269628065  0.00305085414908568  0.00312129459860070  0.00319242512503445
  0.00326617083903669  0.00334283692725403  0.00342189510980151  0.00350498323854799
  0.00359214295372248  0.00368163917765684  0.00377627177097709  0.00387554833977211
  0.00397447283318823  0.00407592467527446  0.00417924736835321  0.00428328623829795
  0.00439331299512807  0.00450794891211091  0.00463096700942425  0.00475655883047870
  0.00488711595180343  0.00502288844522773  0.00515892595023760  0.00530027489201130
  0.00544892049818071  0.00560501248478131  0.00576890557980645  0.00594146960507551
  0.00612130616852067  0.00630620086215608  0.00649700931512299  0.00669515560645985
  0.00690314657219699  0.00711838703655929  0.00734033438720844  0.00757678694726557
  0.00782583209746150  0.00809153145548075  0.00837410975198073  0.00867767815316240
  0.00899498052231936  0.00932927642891423  0.00968135535533316  0.01005349254402294
  0.01044194621888694  0.01085486230608912  0.01130504120908142  0.01179051153432869
  0.01231437050450851  0.01285978173925355  0.01343454167230309  0.01404462218928812
  0.01471223448878412  0.01542223777303636  0.01618314786986988  0.01699616391889742
  0.01789064335860386  0.01888216026247024  0.01998967868768416  0.02120986073998540
  0.02254955735551407  0.02405094218737086  0.02573982224158186  0.02766013634174749
  0.02986191781245836  0.03245503064590671  0.03553087101431336  0.03918663370605471
  0.04355248029001828  0.04889763965221194  0.05596408551732825  0.06582324751335306
  0.08030541508724240  0.10574953035158279  0.17848190800497424  1.00000000000000000
  0.00475735116980614  0.00578109583880854  0.00651450567194492  0.00725716758987292
  0.00794874615084756  0.00865858834373241  0.00941337740125379  0.01016646134794338
  0.01093904154396083  0.01176193027929357  0.01262243080100629  0.01351301738139928
  0.01444730583750761  0.01543805101635340  0.01645817624810323  0.01748189185739954
  0.01854818702540233  0.01970003191371504  0.02093757262354578  0.02221076626055707
  0.02349651384277447  0.02481780975088530  0.02617845950620271  0.02763196406621932
  0.02914203947441559  0.03070035889721388  0.03226615098651524  0.03385465875894853
  0.03550726601042390  0.03725709376590157  0.03912202259598462  0.04109282787492180
  0.04317990116956546  0.04537068943672882  0.04765417526179880  0.05003574121968649
  0.05248804610400153  0.05497884399975298  0.05755990128519545  0.06026099992714101
  0.06307704853876278  0.06592803736281112  0.06885705445068022  0.07184442650355055
  0.07491591993215067  0.07811957755309337  0.08154897249569248  0.08518584777014195
  0.08899110350028795  0.09288440096505672  0.09687406412669522  0.10097292718967540
  0.10520195197118372  0.10948225418456750  0.11405180838698163  0.11892324328258198
  0.12412785588870644  0.12930809243998875  0.13485403719998360  0.14042467793785937
  0.14621725380056302  0.15217677460245976  0.15844326296386096  0.16503019678138459
  0.17192937339059763  0.17908154280141661  0.18650283690612898  0.19425660402991182
  0.20239883054252908  0.21098840950836475  0.22008137416704135  0.22966906388267230
  0.23952747251224943  0.25008437747532342  0.26091863085783706  0.27233138880305852
  0.28418427292156534  0.29663058377152918  0.30976455440197559  0.32387084209945871
  0.33907716906082713  0.35571142186854104  0.37340483412758174  0.39229585727365890
  0.41283147413725041  0.43524076779124748  0.45979324156281798  0.48718560442420245
  0.51808769262016829  0.55221438548418211  0.59154116904856358  0.63635527970705641
  0.69036727391381814  0.75376316184937797  0.84719175998858032  1.00000000000000000
 -0.00256543141129297  0.00956239025949055  0.01969432473939993  0.03068491561546796
  0.04191023249087196  0.05251360117680179  0.06287816879460495  0.07205901809714273
  0.08205290617758651  0.09167409591024700  0.10152065838000013  0.11144652018524245
  0.12154172728272579  0.13185582340405308  0.14246453262185663  0.15323205973857390
  0.16396812907099995  0.17435396517165286  0.18475372886896035  0.19533838272693610
  0.20619069303266366  0.21710248185041281  0.22822533649101948  0.23933931770164976
  0.25027148363996116  0.26092554350277603  0.27147612175672747  0.28234407565499431
  0.29357844703638675  0.30516793293096900  0.31670097684433507  0.32810121080879867
  0.33921409209170800  0.35026435411987655  0.36120948019026838  0.37214529043281236
  0.38288391811128936  0.39338251749117137  0.40373006083404173  0.41411290954167518
  0.42459086523793760  0.43539775358583793  0.44622579021603442  0.45715007856318235
  0.46789562410522584  0.47837177660865654  0.48890450124382245  0.49926378655071901
  0.51029559504656730  0.52131391329521581  0.53265672508764561  0.54380419530584900
  0.55492528337149682  0.56591056611297641  0.57657184187225419  0.58702305122479914
  0.59739650429214775  0.60792051706411609  0.61847287712789956  0.62917716186601413
  0.63978164906296897  0.65024214893131760  0.66069656012271161  0.67112273412304124
  0.68117125493995612  0.69135545823542799  0.70178386228729517  0.71269839694029380
  0.72322236588718114  0.73355024349307496  0.74367388223932951  0.75405968220441388
  0.76433618675244519  0.77419121597091289  0.78394771082009618  0.79354391267964641
  0.80415307318650509  0.81437072823424084  0.82476907381513787  0.83485255281576809
  0.84492786149174459  0.85518358584784193  0.86545187779032717  0.87557487329790518
  0.88587532067550223  0.89606141711664222  0.90684396559420444  0.91762941416301902
  0.92856673283720281  0.93987694877200467  0.95019263250332342  0.96027065548756985
  0.96995574174724897  0.97971420391906672  0.98973529032871399  1.00000000000000000
 -0.00232205247407620  0.00878948921548298  0.01908719845192854  0.02923551707000939
  0.03931853219337281  0.04927686068057392  0.05894436095378466  0.06858066278405997
  0.07834111929357707  0.08883825999988396  0.10019950564419652  0.11095428133891330
  0.12172380749301935  0.13236972489027016  0.14309939935275595  0.15368719974314834
  0.16417422045795485  0.17482672274049535  0.18570088331211360  0.19633821966915863
  0.20686486662947040  0.21728171500881865  0.22791086764449278  0.23866052398018470
  0.24987069368716947  0.26134976739045412  0.27308907410953792  0.28422700079647167
  0.29507394837417195  0.30533756108165749  0.31546455679339791  0.32554596944380187
  0.33585865478779747  0.34635681004621816  0.35700520945452840  0.36816510158034510
  0.37946648224462431  0.39057327159642574  0.40158082339185697  0.41270452251880230
  0.42340512923851886  0.43412155184986934  0.44460559835505054  0.45501815300782311
  0.46533915918266550  0.47573709170587214  0.48660251381601238  0.49747593478622965
  0.50828362466254839  0.51902084297002482  0.52979602805525494  0.54048279001654786
  0.55097933533494070  0.56140458811212024  0.57186067386758677  0.58228075827955283
  0.59254269645835211  0.60293964916661202  0.61361206860006046  0.62415369235410745
  0.63417522722344244  0.64417259078276723  0.65430966737154295  0.66455093851810410
  0.67455714291700397  0.68445642639944415  0.69452196780091668  0.70481413688786820
  0.71542476820791800  0.72640240815260415  0.73756751157138534  0.74860320500173727
  0.75936772584207490  0.77019169695322698  0.78119588123909844  0.79255105570977846
  0.80373980086302566  0.81438207266813600  0.82466084961519548  0.83491653293531143
  0.84559745697279454  0.85610410431049300  0.86641913047385055  0.87632402313030899
  0.88617083469620217  0.89584388886595812  0.90593450877995052  0.91610346073441395
  0.92648541338866852  0.93661574125365399  0.94684635797612071  0.95737666131991006
  0.96776242938812473  0.97855214148526393  0.98896643079763291  1.00000000000000000
 -0.00254560147712715  0.01005543058532434  0.02066157256917689  0.03109125423387851
  0.04162472626245108  0.05154053950053347  0.06181261134998296  0.07236516116623563
  0.08327411906742116  0.09385575650450055  0.10453650944151584  0.11540879517258684
  0.12616407644117858  0.13667413322890673  0.14734760866377811  0.15837227234815715
  0.16937579987361176  0.18014831757777489  0.19098133510186360  0.20160972833197244
  0.21200846272166265  0.22235642952874793  0.23269902362425302  0.24290308125269935
  0.25336918840091088  0.26403731721613188  0.27458628045599082  0.28459809520963064
  0.29451120897320793  0.30462929447465870  0.31514159603386011  0.32590086802705520
  0.33648747494027575  0.34695778091950857  0.35737860855825454  0.36843305921237413
  0.37929535908484263  0.38951005218900353  0.39992598295290027  0.41012649314103394
  0.42048483622930810  0.43046549029390274  0.44069988559013251  0.45120324690622249
  0.46179836356160187  0.47235832562669966  0.48279152335524350  0.49349861585078464
  0.50441170103453115  0.51555319682115930  0.52637688534412785  0.53686026066495773
  0.54733197570081105  0.55790857893825263  0.56911287256788334  0.58024915005964162
  0.59111172741542140  0.60151832146197493  0.61179959242573756  0.62176577240047426
  0.63192772471372927  0.64212949850558498  0.65269965558160103  0.66324326579053428
  0.67363837743877519  0.68401616270689702  0.69429960886839326  0.70510073413344232
  0.71658111586678341  0.72811900896604198  0.73888910668159780  0.74881498967644533
  0.75893011113598263  0.76962642198420661  0.77934309911340904  0.78901382707179990
  0.79867268590931029  0.80888017064639250  0.81926746795306005  0.82961752840836012
  0.84000684024830607  0.85083624682993575  0.86109272779285917  0.87162090050550267
  0.88217590093861631  0.89355857117116044  0.90433220559523131  0.91544736387688341
  0.92528407250813460  0.93561457811325111  0.94559455395383607  0.95620427561076804
  0.96702632261650834  0.97775740674332301  0.98881782251024108  1.00000000000000000
 -0.00237746208901287  0.00949235190649706  0.02024096044336896  0.03086287508900847
  0.04167090562557504  0.05197370183065232  0.06282968899265190  0.07411424969107365
  0.08529872572019200  0.09707881060724854  0.10745061872550532  0.11759914860966730
  0.12757841243433696  0.13784234095084588  0.14773747713187851  0.15724322191492557
  0.16652432949494272  0.17659805965209055  0.18700372195462950  0.19793062080751131
  0.20877787371920245  0.21969534053143774  0.23040891149575612  0.24143107449679263
  0.25206280210868043  0.26227946139310548  0.27269865316871394  0.28327578295975353
  0.29408477694643886  0.30453827608134415  0.31467145096065685  0.32477745748100767
  0.33503609612976110  0.34551289788445400  0.35619276568416525  0.36680614174485171
  0.37741459813178918  0.38823489547417678  0.39939879020953173  0.41000665801700736
  0.42032206828359914  0.43037360329286783  0.44079167082441473  0.45111439318476881
  0.46164826850411506  0.47216559184848361  0.48302423773202391  0.49399518732015374
  0.50519459160443392  0.51616245165134644  0.52668550154561022  0.53718306092695367
  0.54763628320225655  0.55801903868105029  0.56836236698484188  0.57835648764118397
  0.58878790757296595  0.59913249313372907  0.60968732023372807  0.61963991371863625
  0.62980864135130166  0.64010469544071880  0.65075284582430259  0.66105943573130777
  0.67132510301192050  0.68179155749811970  0.69245595671107241  0.70314987948347818
  0.71379278308926419  0.72420402828124786  0.73472943741419838  0.74531182877625812
  0.75569662009672967  0.76602637222251613  0.77657183661477436  0.78729370412964628
  0.79775720147082863  0.80797422418551212  0.81823053775976018  0.82862457462966455
  0.83917442140941345  0.84963877867075710  0.86006601599344001  0.87026357584777503
  0.88062172490431634  0.89116588513436101  0.90194333989879838  0.91280969466537742
  0.92362177609356089  0.93470035701832377  0.94575437586609035  0.95702653206565458
  0.96776445620010620  0.97852866379857750  0.98902094178366662  1.00000000000000000
 -0.00236136333238115  0.00942761388286052  0.01987660778794827  0.03103560857069105
  0.04245282343345930  0.05308483579674124  0.06389409342004476  0.07420434382565588
  0.08504919098954096  0.09586247706126996  0.10673780614173549  0.11781658404165785
  0.12812416029435944  0.13857519702944782  0.14905197887639141  0.15982362992093721
  0.17006018124796021  0.17980472993314936  0.18965035235588171  0.19968656899680329
  0.21011885015425330  0.22074321303702915  0.23101552250350763  0.24170741391771700
  0.25163468088854457  0.26233705838476268  0.27267738024601584  0.28336767130651430
  0.29395040052477878  0.30479114733625101  0.31581860847075111  0.32697548060696707
  0.33849538524948075  0.34955352555567676  0.36010247211131241  0.37045122103661904
  0.38050990833146092  0.39077308123873966  0.40108774007537934  0.41225624324972610
  0.42309036208425382  0.43384593660909088  0.44448445221682042  0.45534023891199682
  0.46635160661693909  0.47726709932875816  0.48804537514474650  0.49871433397231463
  0.50900760908105458  0.51947157844240321  0.53017844949996062  0.54092223573790188
  0.55163430089192489  0.56242825123579987  0.57315505320724813  0.58380521624088033
  0.59403717354976138  0.60446147066233313  0.61486184702822544  0.62523451729666701
  0.63571846428343903  0.64612082391231074  0.65630717434050156  0.66606575552867531
  0.67596604195427645  0.68607923757181721  0.69646593087645470  0.70629235791478684
  0.71639145866066489  0.72638780151280069  0.73644329213147741  0.74620400243359108
  0.75599483629592190  0.76594724981478002  0.77612996523006395  0.78634871746977997
  0.79688563227191489  0.80764370930612084  0.81840422019561054  0.82944067479885475
  0.84060783593261357  0.85181942431063162  0.86294580393385578  0.87380182762689140
  0.88445344302935525  0.89496458758170727  0.90551990583359621  0.91585079725873164
  0.92622110643288169  0.93650874615064705  0.94678256578713826  0.95721790919069283
  0.96759089093849115  0.97836629204020920  0.98893320230932324  1.00000000000000000
 -0.00219802101142732  0.00881872753279153  0.01847665887439557  0.02913726759427082
  0.03993590328093431  0.05105974416266495  0.06166068254844569  0.07240049872144272
  0.08307638648274991  0.09443053355652531  0.10552600582697662  0.11615723535410304
  0.12698070658690463  0.13764401338900040  0.14821133075680695  0.15853469650972357
  0.16890829902790658  0.17944886216188516  0.19003313494947496  0.20082139514044109
  0.21148379568800926  0.22229788429212213  0.23299223619016779  0.24374646263070116
  0.25430368382067908  0.26445517480351216  0.27504003623240464  0.28531832917104771
  0.29507628141551978  0.30474959621054382  0.31456320754848877  0.32504100148836446
  0.33572630806596943  0.34639795125314682  0.35689211152056843  0.36749639668765505
  0.37823137813357821  0.38932271230523363  0.40019749315828246  0.41090604113254370
  0.42143962349569331  0.43186187191980219  0.44239083205240115  0.45294557649129097
  0.46343077075053185  0.47402194460123709  0.48447760080069857  0.49516738602683880
  0.50605150288144995  0.51697062981674524  0.52782186801295894  0.53838534980532338
  0.54882652217090300  0.55926224975951444  0.56951805297438873  0.57997974328923341
  0.59026916500423821  0.60134398660681831  0.61141093431299021  0.62152247021548179
  0.63155584522411390  0.64157817165864617  0.65165325999297685  0.66175906123843820
  0.67199879913942773  0.68325298351127894  0.69370265983657431  0.70413416476920454
  0.71450360710909755  0.72517305166514134  0.73599975685473285  0.74659791750097793
  0.75677975857544322  0.76692818691500919  0.77718270998609729  0.78752007367554278
  0.79782142974009229  0.80772348599869970  0.81776001112384666  0.82803191957847744
  0.83886225669580439  0.84995837151409193  0.86139060594221695  0.87230532095460556
  0.88346362616928786  0.89403925652667038  0.90431742732013676  0.91447131643366641
  0.92479799361455872  0.93514343047552939  0.94536196799685490  0.95577519425185953
  0.96663528342511595  0.97771301304419844  0.98879838357025940  1.00000000000000000
   4.1445473461694149E-012  -1.0000000000000000     
 T T T T T T T T T T T T T T T T T T T T T F T T T T F T T T T T T T T T T T T T T T T T T T T T F F F F F F F F F F F F F F F F F F F F F F F F F F F F F F F F F F F F F F F F F F F F F F F F
  <DiscreteSampler_grid>
  grouped_processes
  1 # 1 for a reference and 2 for a running grid.
  10 # Attribute 'min_bin_probing_points' of the grid.
  1 # Attribute 'grid_mode' of the grid. 1=='default',2=='initialization'
  0.0000000000000000 # Attribute 'small_contrib_threshold' of the grid.
  0.5000000000000000 # Attribute 'damping_power' of the grid.
 # binID   n_entries weight   weight_sqr   abs_weight
    10   10   1.661276930742129E+004   2.532751577696680E+009   1.661276930742129E+004
    16   10   1.827615601859611E+004   2.625300608166905E+009   1.827615601859611E+004
    22   10   1.827615601859610E+004   2.625300608166905E+009   1.827615601859610E+004
    28   10   1.661276930742129E+004   2.532751577696683E+009   1.661276930742129E+004
    34   10   1.661276930742129E+004   2.532751577696683E+009   1.661276930742129E+004
    40   10   1.827615601859611E+004   2.625300608166907E+009   1.827615601859611E+004
    46   10   1.661276930742129E+004   2.532751577696681E+009   1.661276930742129E+004
    52   10   1.827615601859623E+004   2.625300608166907E+009   1.827615601859623E+004
  </DiscreteSampler_grid>
