 -0.00177844312285032  0.00755042442544569  0.01613541556691623  0.02518166121005580
  0.03437799813401569  0.04368155401823034  0.05312269514410513  0.06274615720843264
  0.07255345268440061  0.08259723550681876  0.09277520480667399  0.10314406683665506
  0.11369347949689160  0.12441690362178795  0.13529829503035126  0.14639448548436984
  0.15767505265908924  0.16917852525114285  0.18081116514097573  0.19271458345367642
  0.20480523838040079  0.21719285967337526  0.22973985595429061  0.24244692910872376
  0.25521086066941434  0.26808126437956659  0.28118922616248326  0.29445271654283994
  0.30784748766510373  0.32139517394051342  0.33511677920710398  0.34892397363462441
  0.36280676323706107  0.37679197529462077  0.39086450275193280  0.40497320309295809
  0.41905055251359280  0.43309292176738468  0.44708421480316346  0.46100530168022258
  0.47484038500239772  0.48860005715732374  0.50227883368852344  0.51583964055927878
  0.52927031046114459  0.54254653971545586  0.55564636774222276  0.56856976265011805
  0.58133051313499617  0.59391962214855365  0.60631459103574270  0.61851761501593638
  0.63055186612140401  0.64242091521655276  0.65407283230822721  0.66548541836469532
  0.67667833676161437  0.68768695658435686  0.69852120158659847  0.70917729994888501
  0.71965878856179311  0.72995482452045701  0.74007189594521816  0.75002723977147479
  0.75982154819745740  0.76946124517311509  0.77894577956813704  0.78826513275142962
  0.79742709035882886  0.80645585794231600  0.81535788081523708  0.82413283902263845
  0.83276486566413688  0.84124655699163764  0.84958832944218632  0.85779681481820402
  0.86587834874912895  0.87384805520808662  0.88170003950603326  0.88943602295729907
  0.89706248681133527  0.90456504608618216  0.91194992517315709  0.91922502600051537
  0.92640137180720428  0.93349606883174241  0.94051125022869686  0.94744338592484678
  0.95429240301857798  0.96105539461297718  0.96773308991757145  0.97434234634973538
  0.98087429729871733  0.98733671944361112  0.99365815594395224  1.00000000000000000
 -0.00235044667047799  0.00923308194603192  0.01927562179632757  0.02998103706905753
  0.04051597734280715  0.05100228126562440  0.06150050083880569  0.07205285230475726
  0.08262725659544440  0.09309932476507025  0.10360431566648962  0.11407604937212093
  0.12467690855543985  0.13516449393910052  0.14572101967212420  0.15619901672938763
  0.16674744167544212  0.17732438342521253  0.18786363284142282  0.19849379602434639
  0.20905593607422243  0.21972858123721720  0.23038119137081881  0.24103604422990979
  0.25167606101169460  0.26219943255845896  0.27271714226415905  0.28320325556992282
  0.29374252228987263  0.30429715214412723  0.31482372925056085  0.32536805367505978
  0.33591024295214456  0.34643412933044299  0.35697559326086303  0.36754325286006867
  0.37808140446207961  0.38859724557873254  0.39913262142804889  0.40969191452699455
  0.42022331637686239  0.43070011757044219  0.44127054093181328  0.45189186054007219
  0.46248020712811400  0.47300756635564145  0.48356765218678344  0.49420261060735848
  0.50484770064006990  0.51545433297308996  0.52600707429507243  0.53663938986817838
  0.54717320133901604  0.55771331078166275  0.56825220718583602  0.57884862429461903
  0.58947668722378155  0.60003202037063241  0.61055888062380470  0.62107009795712942
  0.63155974407609583  0.64205500056142395  0.65254342679609900  0.66293031512257727
  0.67341824785323767  0.68392870715321619  0.69450762803370103  0.70507539796225938
  0.71562293611778371  0.72618822563141394  0.73672297722475377  0.74721256288244109
  0.75771991612926004  0.76819998689367297  0.77875029596861012  0.78931862488957139
  0.79983815981443396  0.81033452913795501  0.82080712269848599  0.83132748079184271
  0.84190695989387532  0.85246033375643782  0.86304902584870902  0.87361367462845374
  0.88411064997056821  0.89468621487462241  0.90511572144672381  0.91565975329488136
  0.92614117264546458  0.93668974039363362  0.94724329418888409  0.95777456769580527
  0.96833447227398928  0.97889581465914610  0.98943449333285582  1.00000000000000000
 -0.00144663388690671  0.00542820111590379  0.01266280889387079  0.02128731426585070
  0.03056753625363783  0.04020033600476344  0.05004847930535945  0.06003704440249168
  0.07008899474979714  0.08020545070480634  0.09036134186901547  0.10057446708879460
  0.11082701438422393  0.12110322145786202  0.13139575421301664  0.14169824444626589
  0.15202892001818019  0.16240628263063772  0.17283485101093171  0.18326916002247035
  0.19369716782913199  0.20412808231015281  0.21458174659146909  0.22503039938660210
  0.23544679530822440  0.24590235033515145  0.25638728161432944  0.26689307037807664
  0.27736935288541498  0.28783401954291582  0.29832302839496749  0.30884491708735590
  0.31940562637733488  0.32996722459086791  0.34050831313619512  0.35104180758922265
  0.36156155895449438  0.37209076791133178  0.38261042521123539  0.39314809677219953
  0.40369495990190707  0.41425521289062178  0.42484654931308230  0.43544371105855445
  0.44602216169999270  0.45658966635839304  0.46715074222486902  0.47774610709593057
  0.48832097862398288  0.49888470274644331  0.50942312075070950  0.51997124972448194
  0.53051538327658698  0.54106775951838781  0.55164261624355693  0.56222703864111578
  0.57279557905129042  0.58338394123261617  0.59398479546050476  0.60459900275824807
  0.61520613756000841  0.62584010391975653  0.63645664720655970  0.64708769477171613
  0.65769712216515752  0.66836161361072799  0.67903389551102633  0.68969904084209011
  0.70035517262865132  0.71103612094025792  0.72177379234135397  0.73246735778811956
  0.74315119282749131  0.75384477638276437  0.76457279132663336  0.77531331840232065
  0.78606262747611055  0.79680857599687849  0.80755113000814582  0.81832787075890279
  0.82912113944967092  0.83994802907544264  0.85076046803625027  0.86160760386928958
  0.87246990668711866  0.88334998820404509  0.89424686556513122  0.90519038944924290
  0.91616224907001265  0.92717293337855622  0.93828399874380342  0.94949926872235357
  0.96087462531212686  0.97234603689291388  0.98544743165343918  1.00000000000000000
 -0.03166799174386324  0.13587175145291527  0.17936024133794337  0.20651710670044940
  0.22833132254967026  0.24702609825958866  0.26365568288855473  0.27879500066591922
  0.29280524086282128  0.30595313553801734  0.31839745363607563  0.33027774010169786
  0.34167283501274354  0.35265008806656234  0.36327334022126184  0.37359077923862227
  0.38362527082116804  0.39340549212738124  0.40298082640930666  0.41237569588745016
  0.42159288242784865  0.43063616195373000  0.43953164968135666  0.44829855737156138
  0.45693970503561460  0.46545454847326539  0.47386298499391200  0.48218234586704345
  0.49040905463279300  0.49853184359431890  0.50655396480246928  0.51449271149158149
  0.52236065021170930  0.53014897674575823  0.53786097723196169  0.54549090524224586
  0.55304070982664433  0.56051372215215955  0.56791286446412126  0.57524354069243278
  0.58250644796574003  0.58969355429827819  0.59680711624189398  0.60385622820677909
  0.61083814990995999  0.61775827235047975  0.62461456693260764  0.63139691053264602
  0.63810618082077808  0.64474430882764844  0.65131202353854456  0.65781230957262304
  0.66424250298348153  0.67059715735245651  0.67688558674266741  0.68311976990005518
  0.68928730469559008  0.69537581474508148  0.70140171281761854  0.70736771835905732
  0.71327216413191219  0.71912350259950586  0.72492389947628477  0.73066845740214315
  0.73635730503734320  0.74199704266041910  0.74758954022470903  0.75314098226349835
  0.75866007693448922  0.76415507582058917  0.76962625205401380  0.77507122523063199
  0.78049339562436937  0.78590741093651706  0.79131832122155299  0.79673293560663005
  0.80216244894686151  0.80758861535527215  0.81304711010937314  0.81855136019970021
  0.82409073987613324  0.82968676358010807  0.83538099684046052  0.84118065668087560
  0.84709542564660933  0.85317952595160307  0.85950778860499566  0.86609789142476246
  0.87301536646423594  0.88038480683734643  0.88834323472711696  0.89717897320232620
  0.90739873810409399  0.92017990822104301  0.94159460701113251  1.00000000000000000
   9.9982878678255590E-004  -1.0000000000000000     
 T F F T F F F F F F F F T F F T T F F T F F F F F F F F T F F T
  <DiscreteSampler_grid>
  grouped_processes
  1 # 1 for a reference and 2 for a running grid.
  10 # Attribute 'min_bin_probing_points' of the grid.
  1 # Attribute 'grid_mode' of the grid. 1=='default',2=='initialization'
  0.0000000000000000 # Attribute 'small_contrib_threshold' of the grid.
  0.5000000000000000 # Attribute 'damping_power' of the grid.
 # binID   n_entries weight   weight_sqr   abs_weight
    13   10   1.186959833350008E+008   3.079185029153157E+016   1.186959833350008E+008
    14   10   1.186959833350008E+008   3.079185029153157E+016   1.186959833350008E+008
    16   10   1.542946266823548E+008   5.352508075646814E+016   1.542946266823548E+008
    17   10   1.542946266823548E+008   5.352508075646815E+016   1.542946266823548E+008
  </DiscreteSampler_grid>
