  0.00191146940966582  0.00195088008411338  0.00199636256051960  0.00204076015202047
  0.00208733977879031  0.00213816921316697  0.00218924234174627  0.00224228385010502
  0.00229641521031318  0.00234900003710158  0.00240316109601617  0.00245730743238340
  0.00251205413015627  0.00256843365941507  0.00262691091227345  0.00268701554041420
  0.00274803924495520  0.00280712505547549  0.00287143061051254  0.00293622876020487
  0.00300449849616616  0.00308030757280541  0.00315791159447827  0.00323665777941978
  0.00331871573846679  0.00340077380595316  0.00348176094660607  0.00357027878152247
  0.00366005502014176  0.00375753231174657  0.00386091448416919  0.00396630453467465
  0.00407428996924244  0.00418757982522300  0.00430737818188331  0.00443032959201494
  0.00456154613137030  0.00469687688177986  0.00483959040391161  0.00498985844044725
  0.00514453126527727  0.00529963778107901  0.00545641452031819  0.00561576841205196
  0.00577768879563775  0.00594594661738420  0.00611792896081215  0.00630466671552828
  0.00649137048426260  0.00668803702010971  0.00689804544928862  0.00711369326943629
  0.00734497012423599  0.00759286920152368  0.00785825973570203  0.00815134690971452
  0.00846274281269417  0.00878992712647429  0.00913486638536651  0.00949708684398326
  0.00987245455669940  0.01026278489081782  0.01067429856410444  0.01109871713192578
  0.01154468145330230  0.01202888401935206  0.01254913814455652  0.01311281225887401
  0.01370873480392575  0.01434858768276131  0.01503721223856702  0.01578816022345393
  0.01661566787307515  0.01751128447478037  0.01847525670212322  0.01949740609304433
  0.02057622150769592  0.02177469695189803  0.02313699130741847  0.02466758717044525
  0.02637635140421320  0.02829351400826084  0.03051542196529142  0.03318656072594813
  0.03652465061662958  0.04058398339600933  0.04500037940297078  0.04997981499276493
  0.05587632708889388  0.06346026862663573  0.07351728296005736  0.08732654289823236
  0.10887879842808067  0.14684792067204069  0.24673572918071934  1.00000000000000000
  0.00443158889076214  0.00505076250324461  0.00573132562857421  0.00632670032389587
  0.00685749175222894  0.00740344454597142  0.00799361556609203  0.00865281870070791
  0.00929086843769392  0.00994501568982019  0.01060346953291148  0.01130478643931341
  0.01203930959847817  0.01282952782993286  0.01362859110207633  0.01445773128977409
  0.01531065906076654  0.01621743483569331  0.01718972174521545  0.01821566586829769
  0.01926363255366271  0.02033516074429459  0.02144621678237419  0.02263141570397955
  0.02389383132691646  0.02521758473977679  0.02659823586059010  0.02801183583814314
  0.02945442476016500  0.03099854504205163  0.03257125257764440  0.03430469428504167
  0.03616007007665416  0.03809024203274168  0.04003277984710944  0.04196670453135406
  0.04389902771201742  0.04595616476594182  0.04820464719944852  0.05051782231551495
  0.05288981021925278  0.05533488699864095  0.05786588371557858  0.06054392240116977
  0.06337909056072358  0.06634709471605610  0.06954214549089657  0.07283027549177007
  0.07613351890162007  0.07945250342624514  0.08287998394770228  0.08651483870312079
  0.09055906542727074  0.09471208647166121  0.09899107406494127  0.10327994381639741
  0.10761224034227512  0.11211821181421745  0.11692216124577019  0.12214449660614732
  0.12788214732983749  0.13397004325759571  0.14016554053131597  0.14664428454190162
  0.15344283469887623  0.16027744621825007  0.16719574356541972  0.17420449748413591
  0.18168202258402824  0.18965907845750082  0.19787163138997349  0.20641586188640382
  0.21563558929005536  0.22555438620658305  0.23607654445455425  0.24830310508012651
  0.26094651573737238  0.27445617472420952  0.28895669405284691  0.30401729017382428
  0.31964328646471213  0.33615664353303409  0.35401613006865940  0.37376177624603063
  0.39553489230425276  0.41894533577734433  0.44450377360041099  0.47202795055869784
  0.50311376679448816  0.53755752125071787  0.57867084250565415  0.62676610769276919
  0.68387731648098948  0.75333544379890416  0.85151225668380492  1.00000000000000000
 -0.00281076911659857  0.01022497272085999  0.02112977527055676  0.03227958521341982
  0.04328555917108443  0.05458302073906642  0.06530236350062314  0.07605973596613530
  0.08651985986895291  0.09706028597102258  0.10704461452392193  0.11666802969832152
  0.12638093735688480  0.13656867636501746  0.14651633867462829  0.15650244141559591
  0.16647699036310357  0.17724726918395750  0.18833908967736082  0.19943241426699912
  0.21021139803308653  0.22100936007341335  0.23181878730507469  0.24294379806187635
  0.25393919808699500  0.26460332672096376  0.27500003536955325  0.28537101060178260
  0.29578977032238113  0.30638168866967386  0.31706794059983451  0.32750361112445192
  0.33775256478292970  0.34773786664301820  0.35801178518881205  0.36824324482169085
  0.37847167628917788  0.38874464122048852  0.39890206750205992  0.40920921946400340
  0.41964660971100370  0.43009010277796333  0.44061438061975072  0.45076647315723328
  0.46056030592620562  0.47078053385092739  0.48163043586784421  0.49308831020394311
  0.50453067285891673  0.51522594272878752  0.52546829563716557  0.53589558291680339
  0.54665560186808404  0.55811476755334744  0.56936324005007855  0.58056405218228391
  0.59173877299120237  0.60262370698682066  0.61327647650747130  0.62381557812654931
  0.63467410933939628  0.64555913603903869  0.65598842594961793  0.66650864668386278
  0.67725581998418072  0.68782084280508204  0.69805567895535969  0.70831422267419852
  0.71891830046628735  0.72920813640316950  0.73932930737099323  0.74918310327054538
  0.75908121833313069  0.76938397904863942  0.77980551239077600  0.79017653224679585
  0.80028146496092756  0.81002839085806855  0.81983764038111739  0.82982779165040865
  0.84040256515428646  0.85111427379013638  0.86194347496501633  0.87250894972213444
  0.88341373027691661  0.89440306356301835  0.90521916078549813  0.91636294704874732
  0.92638830563353824  0.93678541470298737  0.94705576715455464  0.95707314392906173
  0.96780669333229363  0.97822740495730087  0.98946759292003905  1.00000000000000000
 -0.00219818027388767  0.00850429168360794  0.01842431142049074  0.02846634098543294
  0.03926815177494229  0.05018179515737064  0.06121140174836957  0.07219772315217420
  0.08304409296498337  0.09352076489392869  0.10364392975222214  0.11375394537995148
  0.12403347952129344  0.13456613247589991  0.14520434701828999  0.15588254395373730
  0.16661874340062269  0.17737769141108370  0.18793476630605879  0.19820500752764320
  0.20841378374170566  0.21864960893773028  0.22877856915060543  0.23893612747121426
  0.24943083397222815  0.26029778734821152  0.27104332131286307  0.28140275666292835
  0.29174645826023848  0.30214837054970439  0.31242915618553901  0.32260155061357715
  0.33292541085602589  0.34343825069480349  0.35390392383107333  0.36425213057131206
  0.37486563306214332  0.38576902606819674  0.39678992703325183  0.40774209513543136
  0.41855538498665323  0.42951086965773572  0.44042644052126168  0.45128980672784363
  0.46196987505513670  0.47253115373643206  0.48321024451178390  0.49397857662122480
  0.50467833447130461  0.51500009170856442  0.52526351524723625  0.53570929306155590
  0.54616603136452624  0.55658849428705381  0.56691158143263976  0.57735612768024325
  0.58799056925609994  0.59887550943470702  0.60987454206796521  0.62028557753530267
  0.63091514867176224  0.64171412056376309  0.65308392567983942  0.66438736948108179
  0.67524026429976758  0.68554400813212080  0.69544425184661363  0.70534323658256670
  0.71557509698461841  0.72606607252711697  0.73658986618679834  0.74705193975956463
  0.75757878028720071  0.76830170724714586  0.77901820252182252  0.78974106836478164
  0.80018714530908996  0.81059074780555540  0.82032100483843318  0.83020342956969662
  0.84052890769717314  0.85163389006318901  0.86291322351408284  0.87405136035386066
  0.88470928324829923  0.89525732735009045  0.90566880636608316  0.91610408475003169
  0.92616556722050658  0.93661077908532919  0.94703922912431449  0.95755386127682796
  0.96790854051639530  0.97836074841973453  0.98934102156409065  1.00000000000000000
 -0.00238139479825641  0.00933905630064616  0.01902245954620348  0.02869209966202453
  0.03877588081616962  0.04956321277417242  0.06053446715431015  0.07108172158345280
  0.08107454016190661  0.09074491267205008  0.10072460685051447  0.11107229852274782
  0.12206645444438399  0.13312291421711747  0.14359364144510239  0.15387372950591549
  0.16387263445443856  0.17466967414772294  0.18516524669122944  0.19587328876963481
  0.20661659739393951  0.21772767485098415  0.22892575673077031  0.23942261465672773
  0.24968022659412159  0.25987848437677369  0.27019805607184522  0.28011030040424012
  0.29002090345772830  0.30016932307282579  0.31098692636719466  0.32139961193518335
  0.33166247208642258  0.34147262903216691  0.35171237247523168  0.36183461576969062
  0.37261091831524568  0.38362290712936870  0.39440115887130456  0.40475268691456667
  0.41505894661739240  0.42584417757798576  0.43704182068130287  0.44769825392115442
  0.45780654110243829  0.46759001029292968  0.47773790918771170  0.48773140267942916
  0.49796008846816936  0.50790434128781115  0.51820169184214182  0.52861030517956331
  0.53906006449102284  0.55027391674136106  0.56206718158240321  0.57374968105912627
  0.58492136107130499  0.59545748881593707  0.60638813857821872  0.61743720305288485
  0.62867048178509433  0.63971990765695663  0.65054304900873394  0.66102441318270133
  0.67133846584612100  0.68170189138263504  0.69245567975246447  0.70272662446223333
  0.71329996124441442  0.72339989409456240  0.73378026917052908  0.74385320329951488
  0.75476221103722585  0.76556939912425281  0.77664042752829587  0.78785347203934819
  0.79899072013953476  0.80964049497318924  0.81984574234888208  0.83015733241545397
  0.84067345142792260  0.85126554301443746  0.86187312748306388  0.87236908285344983
  0.88278973359081836  0.89333466482691926  0.90337857500847885  0.91371885921164742
  0.92433554760968306  0.93517048739857667  0.94567108235299957  0.95617548349147097
  0.96695295509568502  0.97778985346250313  0.98876143048835352  1.00000000000000000
 -0.00240476173055349  0.00918829205416031  0.01921390475328394  0.02940362454178307
  0.03951758146762179  0.04970706766886222  0.06005922110649405  0.07075067785878263
  0.08187032113930151  0.09261769469519467  0.10254570999927180  0.11216031587256468
  0.12241127310186828  0.13351705305718972  0.14377083175567121  0.15374186695485814
  0.16331266754166263  0.17351015687569962  0.18393599572886035  0.19523522863052975
  0.20657707366780931  0.21761226903217568  0.22865506383074038  0.23973875725829519
  0.25088187985970656  0.26198960882762751  0.27286279761904558  0.28367524819568390
  0.29376991056077489  0.30389316836927743  0.31418896903027094  0.32463126461668529
  0.33524830447007747  0.34571064152024777  0.35688225611846619  0.36783539042801433
  0.37852255016225272  0.38888472107078376  0.39910447218587891  0.40971104386061424
  0.42081392881184593  0.43233635520992375  0.44356739711713933  0.45462427430659147
  0.46590601537708454  0.47690391410761107  0.48800635139941234  0.49851050121708551
  0.50915071622908747  0.51962801492316557  0.52981375592916391  0.53976276582783256
  0.54962127259062254  0.55990639000924391  0.57064373062118590  0.58145932020468405
  0.59239481500890556  0.60332238993392584  0.61421419632296870  0.62477353949466419
  0.63482198050324989  0.64477508505796166  0.65501077941575858  0.66557442650886589
  0.67591315936476271  0.68613279108589809  0.69653703120470811  0.70711221630886489
  0.71773786048582122  0.72880499225182960  0.74000625520714003  0.75122242989630261
  0.76175420952214856  0.77221260011428561  0.78289427947602486  0.79344299357731385
  0.80370735413025574  0.81370455881509374  0.82385620340627874  0.83433822405584690
  0.84425073882456469  0.85406328842516666  0.86431672254463876  0.87506706013495472
  0.88550006671362214  0.89555408091884203  0.90621036677489908  0.91708767037748373
  0.92771358973775409  0.93815336371860536  0.94839116069305640  0.95927029901466265
  0.96968162356867182  0.98003354428856992  0.98993089889941432  1.00000000000000000
 -0.00260040178347494  0.01003172378538376  0.02005714475531871  0.03113845849157579
  0.04223542109561078  0.05408610866523313  0.06551022541386430  0.07649954626017277
  0.08685377893296095  0.09673792272697866  0.10646863831265488  0.11672153344000312
  0.12750843357250774  0.13832811824834193  0.14869665342937907  0.15848948562270726
  0.16851162403176531  0.17890112737658170  0.18931553008015628  0.19946058680593992
  0.20908073256970178  0.21954810015600487  0.22993206305967814  0.24073204226202380
  0.25106326896777814  0.26165693599765122  0.27219792384275471  0.28333640997787590
  0.29405688294934135  0.30467681075780206  0.31558187485456579  0.32694823357021807
  0.33830571179278890  0.34902942371508811  0.35914337746904146  0.36908853531120478
  0.37910277813130888  0.38963254084087545  0.40028519470356466  0.41070122237311979
  0.42125289829491802  0.43171696306990787  0.44245898342576967  0.45331548729264165
  0.46453006685246451  0.47554132341479532  0.48592831530093106  0.49630581865014806
  0.50711643548212137  0.51840889263604029  0.52925652735020368  0.53998086276267276
  0.55070116745064290  0.56150891434732841  0.57187780890261131  0.58186577039200948
  0.59171279815815370  0.60187489912430836  0.61257871492072924  0.62337574253195682
  0.63450152777015467  0.64527090603042103  0.65617448764983055  0.66670305460333856
  0.67697562119454746  0.68729922272984134  0.69775373537453367  0.70819656929813768
  0.71835950911289892  0.72836358624221631  0.73837393296149190  0.74836657220246605
  0.75851733047240100  0.76887349701980900  0.77954318265376832  0.78981914972157108
  0.80042246388901284  0.81117999685525799  0.82204932201933334  0.83242093424096419
  0.84256458248877775  0.85271011861727963  0.86352378015247544  0.87437121538206475
  0.88464647785002903  0.89463985130625578  0.90471902012227701  0.91487091719541358
  0.92520144290359219  0.93514780496513916  0.94518162846236276  0.95536915795617483
  0.96618824395900260  0.97731021545422192  0.98863923008202159  1.00000000000000000
 -0.00250585642227850  0.00980096902501987  0.01895710249643563  0.02884731278469632
  0.03851244800274171  0.04941690003717823  0.06041831293188341  0.07106156727485445
  0.08166221758816879  0.09177598578378601  0.10204114602703447  0.11207002001825131
  0.12216550525129545  0.13265301382064934  0.14331349011474007  0.15413117702264983
  0.16504458386668416  0.17578499244476459  0.18648183057415763  0.19697018624364274
  0.20740118565565177  0.21784107727692295  0.22828888665790362  0.23854050455521150
  0.24878850828342014  0.25896064033063498  0.26926909232972951  0.27972469299892055
  0.29003914375842188  0.30053566639596208  0.31055853220982560  0.32087218268994516
  0.33091880591705952  0.34103268512666879  0.35125668357572448  0.36208059497517292
  0.37325325709813584  0.38396073139819242  0.39454913361166499  0.40529897595197217
  0.41627359910599276  0.42720249565222113  0.43776321453892664  0.44789384262316456
  0.45755459373996393  0.46707651536460160  0.47659420566098637  0.48647624298711495
  0.49653444887679410  0.50666272422643177  0.51680987194905181  0.52700156588154967
  0.53746641467355327  0.54824373590237085  0.55931977651581022  0.57059700654195067
  0.58186528601625986  0.59297146546779389  0.60382190807652059  0.61430976021996064
  0.62471930112182961  0.63562272284132326  0.64653015931761404  0.65757533665705470
  0.66791737491617387  0.67826016646655152  0.68845842811999924  0.69846489359837749
  0.70921653845080723  0.71967646292990572  0.73009764498445651  0.74023896920296905
  0.75142702309790665  0.76307633775334449  0.77441030152832802  0.78538322762220725
  0.79566570849684870  0.80649400681059391  0.81690774899044727  0.82777158653825988
  0.83882364976333523  0.84996679893915850  0.86117681000995649  0.87201745012282295
  0.88354369972458435  0.89513963488175363  0.90556488985663208  0.91573170737232612
  0.92575905240409007  0.93585922525580412  0.94609897686200950  0.95636376780826859
  0.96719463777470627  0.97815111959287804  0.98897360716398308  1.00000000000000000
   8.4203484504278487E-012  -1.0000000000000000     
 T T T T T T T T T T T T T T T T T T T T T T T T T T T T T T T T T T T T T T T T T T T T T T T T F F F F F F F F F F F F F F F F F F F F F F F F F F F F F F F F F F F F F F F F F F F F F F F F
  <DiscreteSampler_grid>
  grouped_processes
  1 # 1 for a reference and 2 for a running grid.
  10 # Attribute 'min_bin_probing_points' of the grid.
  1 # Attribute 'grid_mode' of the grid. 1=='default',2=='initialization'
  0.0000000000000000 # Attribute 'small_contrib_threshold' of the grid.
  0.5000000000000000 # Attribute 'damping_power' of the grid.
 # binID   n_entries weight   weight_sqr   abs_weight
    10   10   1.268706895047487E+004   7.137032199297860E+008   1.268706895047487E+004
    16   10   1.516747493056618E+004   1.078674795510358E+009   1.516747493056618E+004
    22   10   1.516747493056618E+004   1.078674795510357E+009   1.516747493056618E+004
    28   10   1.268706895047487E+004   7.137032199297860E+008   1.268706895047487E+004
    34   10   1.268706895047487E+004   7.137032199297858E+008   1.268706895047487E+004
    40   10   1.516747493056618E+004   1.078674795510357E+009   1.516747493056618E+004
    46   10   1.268706895047487E+004   7.137032199297858E+008   1.268706895047487E+004
    52   10   1.516747493056618E+004   1.078674795510357E+009   1.516747493056618E+004
  </DiscreteSampler_grid>
