  0.02448594056449040  0.03169338342957757  0.04175884774305152  0.05214925504035115
  0.06240576928036219  0.07250017306778582  0.08254108566178171  0.09312838212017498
  0.10374592530860666  0.11305091509100750  0.12218550504561311  0.13181472637689909
  0.14192603602431594  0.15187159620561524  0.16126945888055505  0.17104677995885728
  0.18162495195402190  0.19207127470522195  0.20241671650184764  0.21257681000296516
  0.22248818352583835  0.23216868303545043  0.24248063004472681  0.25287499493057863
  0.26330769518536240  0.27378610169205275  0.28450220993220404  0.29509830509585794
  0.30505153881884273  0.31467721529472720  0.32408841721644277  0.33376259196284047
  0.34415574284363804  0.35514560861595967  0.36647776246357916  0.37771112861939143
  0.38879221422356541  0.39975325953733337  0.41068281109186583  0.42136880540170241
  0.43174470562727452  0.44175783798615115  0.45110511679965098  0.46043435320221621
  0.46991524848843697  0.47929812714686310  0.48798420716970370  0.49631365162319557
  0.50460110914858936  0.51264326414750638  0.52078491074628774  0.52913084955290635
  0.53772361869125596  0.54672572691408916  0.55612023498699592  0.56607096676287627
  0.57730119370396815  0.58875444325878978  0.59925386299263250  0.60945100420290566
  0.61950635129422060  0.62956060779874146  0.63903048707388077  0.64866281700000905
  0.65931423427809244  0.67072507886427379  0.68188848635315491  0.69210072605375261
  0.70203942698355537  0.71178809910851149  0.72114394729353193  0.73075064918620014
  0.74111818402878304  0.75256910434515278  0.76419637773959537  0.77507160590567803
  0.78514757824283399  0.79490048525587786  0.80498051920589264  0.81530713261348320
  0.82627749390310379  0.83725587668168533  0.84855750019374154  0.85981855768364790
  0.87041942305214226  0.88065910007159609  0.89110724423038978  0.90188579353818488
  0.91286122912815471  0.92369697735215894  0.93434389011224472  0.94477090214295822
  0.95486435082156018  0.96489205217682372  0.97133534294294943  1.00000000000000000
  0.03091666546489308  0.03569352542534528  0.04357548140525595  0.05253385764564259
  0.06201962067176051  0.07195881313077285  0.08163635094136129  0.09147183489545392
  0.10149948186754022  0.11169070779028573  0.12199377564075767  0.13170712975724533
  0.14100479269579508  0.15021513695583422  0.15951282567170511  0.16872732652093936
  0.17785215163186177  0.18715891731328374  0.19640157728541072  0.20543059320142140
  0.21450543228064181  0.22404885326751542  0.23434012728930292  0.24536285325131252
  0.25668740095293763  0.26751515160135941  0.27699554620032174  0.28545231520300018
  0.29419710408164590  0.30385754815331140  0.31481105810777538  0.32618711754410429
  0.33754177072970848  0.34890722641383271  0.35997538900303316  0.37128491123279311
  0.38124612890062320  0.38974297033004862  0.39910456599003818  0.40799306027694704
  0.41800285613946958  0.42706487312959412  0.43583958513034010  0.44523429692075156
  0.45603290542633790  0.46867037558212049  0.48209868753376550  0.49507651118557700
  0.50644270154991355  0.51700689171231851  0.52731121206955978  0.53734349409602655
  0.54713286906410707  0.55618820161406590  0.56546856028533232  0.57523096328848322
  0.58506506339970044  0.59442264952419899  0.60372964073753577  0.61350834881215410
  0.62320275825981164  0.63242434249640778  0.64195708048705935  0.65287330109280206
  0.66494044801745922  0.67635625525432430  0.68688409863192934  0.69704720284832156
  0.70730047124106399  0.71732468472354471  0.72720536839954197  0.73717459576188438
  0.74734504446351102  0.75830678060275580  0.76934349755782083  0.77971998120599073
  0.78914716318219735  0.79822324077965701  0.80748725402787669  0.81700158193839179
  0.82693752783245689  0.83700368183643303  0.84775263499654541  0.85834110207789416
  0.86886984078328411  0.87892422439250162  0.88864601325301096  0.89868621455534392
  0.91010393110060361  0.92203661299535344  0.93503116256697338  0.94547476125778984
  0.95635803738844150  0.96415311183742503  0.96907144138108980  1.00000000000000000
 -0.00003282975893005  0.00044468932669701  0.00122578156865363  0.00247897962397395
  0.00408764928958091  0.00613719729066491  0.00868205411960049  0.01164658014779156
  0.01468840421592548  0.01819481256160802  0.02232385332819435  0.02675470332477182
  0.03170275414157173  0.03701915199382051  0.04269424934873450  0.04849658184883514
  0.05434756878921800  0.06034095608489402  0.06664747576069543  0.07313551359597922
  0.07958422513531227  0.08595210992815090  0.09259657033244351  0.09950430478124095
  0.10670739317172966  0.11416604932175177  0.12179565901656959  0.12997142597016417
  0.13921574716087384  0.14923528530149785  0.15936662703949611  0.16937564354552506
  0.17957551365837823  0.19027141503310696  0.20153133389598016  0.21328353180061163
  0.22524124261877251  0.23684729376483893  0.24770851820488560  0.25893445803136117
  0.27027396687893113  0.28192280606955866  0.29426668507794457  0.30616908223590672
  0.31827720617906974  0.33045887689624193  0.34287670553622118  0.35583589231455554
  0.36922454391092940  0.38273969661888091  0.39612128600797286  0.40913901396756863
  0.42147764359999285  0.43349458775825117  0.44572817794697189  0.45817655562213921
  0.47075985853186170  0.48339571511132806  0.49604877645009010  0.50871793361436501
  0.52127448021524891  0.53353091768880478  0.54519787794598173  0.55759475511737722
  0.57078911950256372  0.58511360859765671  0.59953479687637612  0.61389840399647511
  0.62863080603628485  0.64384901142230933  0.65891485669455740  0.67336809722238045
  0.68756030466367513  0.70161924580107982  0.71539705755101257  0.72943510604953166
  0.74294550751053712  0.75608642506352275  0.76911318239111626  0.78230195875276476
  0.79602299099483653  0.80999320373630190  0.82360574801938224  0.83649975101699481
  0.84906408411736978  0.86207016731166397  0.87526108287606630  0.88840494526625469
  0.90121871489409355  0.91486727140523683  0.92865685382683716  0.94259696471595045
  0.95691017778546839  0.97137401987671268  0.98576137496911642  1.00000000000000000
 -0.00262785287399243  0.01107672013061967  0.02158106917493851  0.03115480266088545
  0.04061184274120604  0.05026622636825437  0.05978815031342283  0.06956543451770338
  0.07936653112031111  0.08992910721233488  0.10155230374649965  0.11279845308058779
  0.12438694755638376  0.13382797963216664  0.14325873536375713  0.15237023503223862
  0.16133713145864326  0.17064628179303801  0.18048499895757669  0.19089156858526607
  0.20231930529524986  0.21484065853674178  0.22827099954739125  0.24250805157429212
  0.25522281494070609  0.26729110160762537  0.27872685882533327  0.29023827220176784
  0.30199721240271071  0.31355128066427879  0.32569960047483643  0.33816250444520313
  0.35055844194121277  0.36206454433215512  0.37345234537393673  0.38540414202464435
  0.39741687687534605  0.40888184159697066  0.41988112843773512  0.43099306816220090
  0.44267120660450343  0.45450713290236056  0.46545563352576935  0.47556648976167065
  0.48598755283461498  0.49681325366179374  0.50734286684021723  0.51724464006303783
  0.52673949989800883  0.53590147239144481  0.54514764251293635  0.55452995438456321
  0.56427268391989738  0.57443845653539671  0.58522178945332759  0.59588222220727483
  0.60691413919217074  0.61830373300609764  0.62946414392063987  0.64037774698120375
  0.65080868581654250  0.66050799367825297  0.66935749816255186  0.67796783490031087
  0.68675307653426387  0.69517261511257222  0.70305614744728939  0.71140723802783457
  0.72004624487258662  0.72889389626549650  0.73777900228261450  0.74716051024345898
  0.75834450094972761  0.77261145750675464  0.78603696296571679  0.79835257009165705
  0.81015382758929544  0.82190335280732374  0.83305401055462480  0.84320169025171532
  0.85319037000256626  0.86313008420779258  0.87352578068997699  0.88306841121751489
  0.89230949631092327  0.90200986926312909  0.91169146688358327  0.92176737508726470
  0.93263791743014790  0.94397926152366163  0.95466144783380580  0.96408689082694532
  0.97341983748610372  0.98249336784489083  0.99129876798774375  1.00000000000000000
 -0.00481697471615540  0.02318995420275038  0.04261773162989439  0.05855307217395724
  0.07204512737090420  0.08548053075897029  0.09914972786957560  0.11153596441918702
  0.12389862770942037  0.13757044529109702  0.15170816771497406  0.16511797212540891
  0.17759018402441126  0.18949918908706032  0.20113723661455016  0.21320720915021743
  0.22590387631702891  0.23883152222609536  0.25185979827042931  0.26463959333505921
  0.27683787864658177  0.28822238980750492  0.29862904584294114  0.30842863278680965
  0.31821278002234771  0.32902080088670538  0.34171775885950628  0.35524984996080089
  0.36781281143771477  0.37840457426441049  0.38779972686067160  0.39679452886940358
  0.40593815832059221  0.41551151557093963  0.42417767630884534  0.43374727464635965
  0.44280816935519440  0.45158602345797949  0.46040683374069152  0.46887581607752504
  0.47725055424780949  0.48535692175182538  0.49331279702116471  0.50172295709292358
  0.51002185306812065  0.51881917886586981  0.52715841618119352  0.53600437793840316
  0.54482325511456198  0.55369601320318829  0.56280881070116173  0.57256386273854210
  0.58201511130863792  0.59109218955488063  0.59950719043399692  0.60896295849216486
  0.61919199910177147  0.62899101680369007  0.63799927367825526  0.64656505768763173
  0.65576674913001265  0.66524633412536938  0.67483018152363994  0.68447503754660088
  0.69330024030173965  0.70179194135139000  0.71069603607412390  0.71976433750582669
  0.72875579312567340  0.73760572311251438  0.74586668383773658  0.75350177849675948
  0.76229764179388837  0.77073981749774900  0.78008958321428967  0.79074611560674934
  0.80085521693350115  0.81045957469569196  0.81989197863826668  0.82913030228101248
  0.83795074047115425  0.84644541720006250  0.85573599763703256  0.86670153739725797
  0.87806587533869263  0.88885068239151355  0.89948237977963252  0.91028118868954044
  0.92073840120022665  0.93104009641580832  0.94125895916993907  0.95379936403734977
  0.96573151530850210  0.97768682001318141  0.98891296303753262  1.00000000000000000
 -0.00266218519516322  0.01086193689112329  0.02181290248226413  0.03273592621121860
  0.04424755549342626  0.05576818373001323  0.06695800167164470  0.07769292129629132
  0.08813617346569014  0.09823609373019719  0.10774438955644793  0.11624644662942005
  0.12461584166708542  0.13364292094712263  0.14333735794593355  0.15440246456401963
  0.16636592528217406  0.17800485308947558  0.18909274466820886  0.19924216679474385
  0.20976834310500744  0.22092130414395850  0.23200676175258944  0.24213308990236454
  0.25144914060413853  0.26087480369432475  0.27082009242288896  0.28135412476640242
  0.29244715095096296  0.30334405114466745  0.31407641017419968  0.32501214367514614
  0.33640774064784956  0.34834090386774358  0.35990600334541178  0.37066084581796721
  0.38151242358231813  0.39266077652409515  0.40504362295400931  0.41755364504929271
  0.43013253069479257  0.44351329480253943  0.45575647575684208  0.46695918119973417
  0.47831512709988389  0.49053410877689640  0.50266533819071380  0.51376888112485064
  0.52401469122455480  0.53367516653994695  0.54309161071790302  0.55262454110433457
  0.56254234583199525  0.57357100184870280  0.58619108813492515  0.59914414969552876
  0.61089602676042853  0.62203664853711171  0.63312785432205976  0.64402896339203064
  0.65420072932028006  0.66375552719365349  0.67340992538755751  0.68406683595896134
  0.69643636183015634  0.70932486573298592  0.72181552352957268  0.73324840236863587
  0.74322823494879131  0.75306441254221523  0.76267458854372072  0.77229240659878151
  0.78167401845817153  0.79139966189331379  0.80124499801875326  0.81077406454316114
  0.81953901479269298  0.82784738701443472  0.83650618038312341  0.84564589529059364
  0.85548831844773532  0.86699910626793952  0.87877947352671260  0.88952071450546344
  0.89863748335994775  0.90682112770102175  0.91532179229378674  0.92379838054182162
  0.93224412359293563  0.94103496148401944  0.95030213579887957  0.95990467449199945
  0.97013222737257543  0.97945457118811019  0.98985081186604307  1.00000000000000000
 -0.00205231016056057  0.00868137222949327  0.01725679877013409  0.02555962350362928
  0.03406397968643051  0.04289421209442951  0.05175236865267400  0.06058100759213564
  0.06936128406604886  0.07852729149669743  0.08830285736060688  0.09880694430994938
  0.10997340288293139  0.12120989202481754  0.13152240227472506  0.14070001180095673
  0.15042516390072230  0.16037446258403482  0.17021698957267609  0.17937174912851025
  0.18878836930349818  0.19878069908337723  0.20867065789846492  0.21881298494313120
  0.22921978174206950  0.23968396667907682  0.24993778321183227  0.26029914280444999
  0.27090584235224779  0.28160657857634008  0.29242573414379974  0.30384097543153638
  0.31561668293183204  0.32717952758408136  0.33883158571080035  0.35047575155123017
  0.36193030079248062  0.37365518995678687  0.38615197980706567  0.39869345456296346
  0.41113007715814948  0.42411081186926841  0.43729798425295463  0.45042175821719260
  0.46247423591623915  0.47374943214160470  0.48461759500183393  0.49474437673068916
  0.50505304882454405  0.51609151573104517  0.52804190996520339  0.54090407440063992
  0.55384800451753724  0.56800548196108980  0.58244746487648047  0.59482586189567166
  0.60609934004874655  0.61720864947708909  0.62925791686191868  0.64151983546533731
  0.65301493553552981  0.66455741636443511  0.67646686033285974  0.68890794230554309
  0.70177462324993733  0.71421832683120468  0.72525632017359665  0.73544394453820883
  0.74485312339531440  0.75436134979342950  0.76395423305932475  0.77418895438026425
  0.78553414758614126  0.79668986654422813  0.80807015438662944  0.81913725971992324
  0.82936067212891318  0.83917371915749361  0.84835009344876999  0.85736145781059481
  0.86629385361612010  0.87591086935179718  0.88548139252710900  0.89469412564933659
  0.90458856952383970  0.91551615227873795  0.92669317772991699  0.93713050944235521
  0.94640801015810205  0.95448677041933372  0.96282221331613760  0.97092670047726903
  0.97863101442648004  0.98597429446114881  0.99286520851286786  1.00000000000000000
 -0.00218229784536532  0.00881319154864060  0.01860409612689881  0.02985544689616839
  0.04087296936555456  0.04955952756343467  0.05842305380764255  0.06792680412544329
  0.07830420251447298  0.08891417811567628  0.09942120810105565  0.11058511867876844
  0.12288829912597234  0.13469927717213157  0.14588534645260384  0.15640172596756319
  0.16697570044683802  0.17697168044180484  0.18736772011982816  0.19837002409337126
  0.20932178146022989  0.21995315951272346  0.23037603868473741  0.24101022539077524
  0.25141086659344730  0.26122902566660228  0.27142037246392170  0.28131513844908607
  0.29126865862807916  0.30111622554344958  0.31145037331489456  0.32243567391066363
  0.33385602212351601  0.34416471809954435  0.35447572386233922  0.36511035696575245
  0.37596503754024224  0.38572223754049451  0.39490029815227451  0.40467284299114265
  0.41539247617272546  0.42685878489586443  0.43902056011736551  0.45121094627989455
  0.46289114644929114  0.47381251754906850  0.48428552916350720  0.49501816692632661
  0.50594431715876942  0.51691569942817484  0.52803049651546996  0.53905351930058920
  0.55128937290783819  0.56384173303390794  0.57395453238375416  0.58434846422690567
  0.59405888525750228  0.60370461271778919  0.61274719254507781  0.62156293507021998
  0.63070008274568257  0.64024295673930487  0.64976554333375158  0.65921060889896188
  0.66915810380987750  0.67987985136175388  0.69074566079581023  0.70107964451284277
  0.71107669812772867  0.72141383700701445  0.73166588992936810  0.74157181413654871
  0.75076852830165863  0.75926847781891516  0.76946934751185003  0.78317879212527874
  0.79647249169416034  0.80797193899408182  0.81958818814492829  0.83121798153410487
  0.84250091349550205  0.85292729486892827  0.86296879778969182  0.87284491916689966
  0.88373677516734839  0.89501724896171198  0.90503831803130663  0.91478277935902452
  0.92490079176569162  0.93515407785114046  0.94561425605936678  0.95618610852541019
  0.96769410581658821  0.97833439305583114  0.98919799839997202  1.00000000000000000
  0.07162838163634139  0.07478158434812256  0.07821878919575204  0.08208188376858366
  0.08664104264243511  0.09158740738123024  0.09625682631287499  0.10105679448117191
  0.10760352517284512  0.11586374667563994  0.12352111977075078  0.13007613005980276
  0.13584446005464398  0.14123367491363417  0.14650827491655968  0.15187511813557400
  0.15726794521352952  0.16271175889592496  0.16830717079529453  0.17396205426579356
  0.17945536899006423  0.18465228781904902  0.18981848085667308  0.19472619988679687
  0.19969767351588386  0.20489172571005418  0.21010485621469846  0.21490325805196520
  0.21980842561536551  0.22479755352059741  0.22951700095733629  0.23435597188383145
  0.23911853314924369  0.24376421988744831  0.24841940736517809  0.25318589280412884
  0.25803233317577623  0.26302246635615179  0.26824231006392363  0.27352837278900138
  0.27885714448089033  0.28437356255227325  0.28979290738873265  0.29550238797606782
  0.30127363790044354  0.30684373151907485  0.31237282679792816  0.31798015685755254
  0.32372182538371158  0.32948056816081112  0.33537622960619667  0.34118748759557621
  0.34735490563569466  0.35348112300815016  0.35950605930735036  0.36574556640021372
  0.37212041571085330  0.37872529400762955  0.38587861499113907  0.39289660251933578
  0.40029966910177800  0.40754754510536279  0.41455981371321693  0.42149660682657480
  0.42824140924790022  0.43536170189612750  0.44303508036615136  0.45124156478645294
  0.45967731985334720  0.46808907227801277  0.47647455881253276  0.48541632760499470
  0.49462785100015250  0.50336988430990437  0.51176108038589763  0.52069235895027666
  0.53102465645952923  0.54203499634903940  0.55266939659175196  0.56352342383234166
  0.57510421105738774  0.58800264242317157  0.60163853651211974  0.61487803645826644
  0.62831073654180947  0.64254858579910379  0.65743974427027385  0.67421169368435430
  0.69355241567770909  0.71498941959250084  0.73773978597307766  0.76096585702234254
  0.79014925991796214  0.82801911345420609  0.88367772054561677  1.00000000000000000
 -0.01911058627587312  0.11857182248762804  0.16117713062362038  0.18481454203947212
  0.20465779012743776  0.22506613824487867  0.24256051671068568  0.25769044832493454
  0.27196016585243094  0.28492284156847475  0.29754396915981995  0.30994646820638139
  0.32142584634997595  0.33262746317046721  0.34396150924906271  0.35443777332022181
  0.36276789190616859  0.37099103386154653  0.37957134520868901  0.38808813740897491
  0.39644571269305390  0.40464921602312981  0.41287662210270643  0.42146051472430818
  0.43040166410799569  0.43906961331844474  0.44755116251456789  0.45613255414513759
  0.46452171363499534  0.47290751972536499  0.48111890000543600  0.48865032190858920
  0.49628058953365684  0.50340736320459456  0.51017715494360905  0.51690810308016300
  0.52362955972872682  0.53023525907015223  0.53670408991738450  0.54313578534259521
  0.54990423744939476  0.55684570910710696  0.56369149307792166  0.57025356134490801
  0.57656925404140713  0.58279501349151563  0.58878815532645468  0.59464137865443378
  0.60046409358541963  0.60600702658056160  0.61148896637184202  0.61700975669498570
  0.62268091172006113  0.62849959174562553  0.63437726131634364  0.64016767876171921
  0.64593530353916351  0.65209260170327310  0.65849264603233937  0.66497960236445142
  0.67148423050998829  0.67787176886006817  0.68413315682665876  0.69039585902324441
  0.69706549325931444  0.70401579483376597  0.71121809138372449  0.71849594772496184
  0.72526973890164159  0.73132848101996750  0.73695379277952733  0.74263656756012786
  0.74819733804915567  0.75357327090399640  0.75900245254152154  0.76463931822199083
  0.77061084332221930  0.77659831611884289  0.78254795655441722  0.78847520958826389
  0.79461956211328255  0.80110557817838846  0.80779991031033793  0.81453192422634868
  0.82137305062759458  0.82827929958340796  0.83545063350305016  0.84341022534491694
  0.85195314420320001  0.86084351490076194  0.87027212310120294  0.88205078206389687
  0.89558996554812142  0.91487112572161688  0.94303018958182006  1.00000000000000000
   6.4501949247072810E-016  -1.0000000000000000     
 T T T T T T T T T T T T T T T T T F F T F F F F F F F F T F F T T F F T F F F F F F F F T F F T T T T T T T T T T T T T T T T T T T T T T T T T T T T T T T T T T F F T F F F F F F F F T F F T T F F T F F F F F F F F T F F T T T T T T T T T T T T T T T T T
  <DiscreteSampler_grid>
  grouped_processes
  1 # 1 for a reference and 2 for a running grid.
  10 # Attribute 'min_bin_probing_points' of the grid.
  1 # Attribute 'grid_mode' of the grid. 1=='default',2=='initialization'
  0.0000000000000000 # Attribute 'small_contrib_threshold' of the grid.
  0.5000000000000000 # Attribute 'damping_power' of the grid.
 # binID   n_entries weight   weight_sqr   abs_weight
    10   10   3.515064706038328E-004   3.436251971576670E-007   3.515064706038328E-004
    11   10   3.515064706038329E-004   3.436251971576673E-007   3.515064706038329E-004
  </DiscreteSampler_grid>
