  0.00191061026821525  0.00195356005914157  0.00200382393844069  0.00205090780199623
  0.00209634975017317  0.00214485292146129  0.00219581226375426  0.00224770824416302
  0.00230118422222860  0.00235667116903963  0.00241173792756236  0.00246464141945730
  0.00251578900061821  0.00256924068846718  0.00262813368712421  0.00269289140624990
  0.00276127051533705  0.00283360225428932  0.00289912216685084  0.00296375543452441
  0.00302698705757460  0.00309483059709294  0.00316711031764601  0.00324420039087315
  0.00332736096946444  0.00340995042586781  0.00349248593133657  0.00357548798860821
  0.00366018804999922  0.00374866974117739  0.00385407154829433  0.00396702010016698
  0.00408700130976935  0.00420747183009233  0.00432257372235328  0.00443381533488983
  0.00454322155567887  0.00465293727459201  0.00477554587922138  0.00489520772859549
  0.00504009774321181  0.00519532532346510  0.00536207013464268  0.00553902716622641
  0.00572501247737560  0.00592653121954167  0.00613267719119068  0.00633359242357930
  0.00653469559028716  0.00674739570081047  0.00697413155967621  0.00720938009161863
  0.00746448156412054  0.00773303883257846  0.00801618770793378  0.00830099617139666
  0.00858794348724399  0.00887907590286907  0.00921029095514874  0.00955445030849131
  0.00990411999188695  0.01025489301576252  0.01061290868266023  0.01100610410202386
  0.01145307703383771  0.01197530598110763  0.01254258644735416  0.01315534664761509
  0.01382545769851830  0.01452325412774336  0.01527875135628157  0.01608448708995194
  0.01697151141341170  0.01799062800831272  0.01907854745158524  0.02022222692165486
  0.02137850742262742  0.02261135581789817  0.02406527564379602  0.02573836234973479
  0.02764875092093675  0.02968330370515412  0.03198351936001968  0.03474416198408391
  0.03810948333947491  0.04194582927452383  0.04617579079524325  0.05117319040191190
  0.05760998159252814  0.06586662128730456  0.07582005519019711  0.08936145097064307
  0.11165189731380468  0.15500005901656347  0.26781968684264851  1.00000000000000000
  0.00233355564813194  0.00354568180976930  0.00442001309436053  0.00507263162548261
  0.00582020897203449  0.00666957366868391  0.00749138229308269  0.00826857558984919
  0.00909571791022362  0.00986627583780776  0.01064176756611198  0.01150049573933789
  0.01244239553684875  0.01340694921357060  0.01449128132611020  0.01569177914224215
  0.01696148917981369  0.01810189242626808  0.01926262122153854  0.02044648732625711
  0.02173758405782792  0.02308035189256092  0.02449590022172276  0.02602725244834316
  0.02776250046115079  0.02953243916957390  0.03121999264428255  0.03273698909963599
  0.03430822464627289  0.03605493181930582  0.03796576498231555  0.03974956729859273
  0.04164893021718760  0.04353815939438604  0.04531499380539936  0.04721754642396245
  0.04948632243192625  0.05196478803847674  0.05444468237037779  0.05699445118908453
  0.05967666318970256  0.06249690783372700  0.06538172251105362  0.06850638367380624
  0.07207155825363463  0.07603924725822246  0.08003572426383376  0.08408621678357034
  0.08821403971603535  0.09234550307656782  0.09624476241423707  0.10011234280974336
  0.10417640574175960  0.10850813094500643  0.11302358725341571  0.11774651766756614
  0.12247401935200279  0.12729105464296972  0.13268454565332979  0.13815661940497534
  0.14357695319364253  0.14898541675278618  0.15441338929794030  0.15997052215508931
  0.16572998492839175  0.17171880848790791  0.17872366067670811  0.18738541606225845
  0.19612837539441691  0.20471328891753629  0.21346376997395713  0.22283377064581930
  0.23270529505550525  0.24396746813399445  0.25691833465295105  0.27091489011996150
  0.28496856130654097  0.29939871082717590  0.31394333417814096  0.32816516379538574
  0.34307206139337493  0.35803465679743923  0.37532447025983356  0.39532108177012049
  0.41749716125790776  0.44193227697774795  0.46839365983825626  0.49634619888393522
  0.52525613812483152  0.55690588187354040  0.59263603736337411  0.63226937249543202
  0.68577611657786353  0.75331798106903858  0.85359893685576127  1.00000000000000000
 -0.00246591036883772  0.01004887044047364  0.02065359014035081  0.03116540220147198
  0.04211816293441987  0.05394734546207305  0.06554385160312634  0.07705387407579087
  0.08887061536737918  0.10106312716022486  0.11201913600575517  0.12203457618618020
  0.13209241418543516  0.14265899365100310  0.15380929674796323  0.16466287855899320
  0.17570195891706925  0.18688960360157186  0.19866049934650892  0.21101896305190235
  0.22267467951970069  0.23386132430571063  0.24490914480456116  0.25684257371748781
  0.26892315885901130  0.27982820829425165  0.29063433994547988  0.30062019514930022
  0.31155268798597235  0.32051660495891804  0.32918291856559512  0.33835326693583101
  0.34803835858987420  0.35770003740304424  0.36700987107267363  0.37704464133607934
  0.38764285937720744  0.39813455485375554  0.40916882390438297  0.42083924989537491
  0.43277047811291747  0.44420602453065344  0.45505044685884410  0.46575548246654797
  0.47668308421312677  0.48823917220029384  0.49973002883371370  0.51098456539950476
  0.52189626394987498  0.53143903271217985  0.54017242422929257  0.54856622287537271
  0.55706487677822047  0.56572551886165434  0.57436238975129206  0.58421160509063419
  0.59528658576497429  0.60709862579786789  0.61838723287802566  0.62867054611284401
  0.63790095760354792  0.64673575459002297  0.65561438051640031  0.66501413346855365
  0.67468388785394051  0.68382389488968154  0.69449920416005162  0.70626923605545333
  0.71910068520540615  0.73076079970234209  0.74186659297575608  0.75258881031236868
  0.76363627780545362  0.77406657694308967  0.78269619873191265  0.79076313549259558
  0.79886587069571602  0.80811223734882653  0.81851062921625484  0.83090385440169046
  0.84423938659751097  0.85780420113967393  0.87032952864300628  0.88205256858501624
  0.89283953201142030  0.90288834459946465  0.91268254187268560  0.92252672972945571
  0.93317589661932587  0.94366867907298646  0.95349218697793503  0.96276186790630569
  0.97224661270730783  0.98109699025379349  0.99078969058008592  1.00000000000000000
 -0.00272893838450396  0.01182596294927988  0.02244128143337321  0.03232488876577027
  0.04183926459077646  0.05172326616143414  0.06216881488229391  0.07298041798799640
  0.08434510637574419  0.09607970152472632  0.10700232924737194  0.11689059704287316
  0.12691017509020022  0.13764858530629906  0.14890301441183948  0.15958343349268636
  0.17046234435658181  0.18156923922914436  0.19193198363665451  0.20171926335029416
  0.21125664153103640  0.22074135272397666  0.23058204598551832  0.23988984271890498
  0.24878498930611981  0.25792188482643441  0.26761245060641292  0.27803876696473501
  0.28877839551078821  0.30002105544744906  0.31142707140893972  0.32322040777356831
  0.33506665513406036  0.34640099876319258  0.35832231911197593  0.37030776736445126
  0.38104247066131031  0.39113862364238849  0.40127043767797255  0.41230137714475373
  0.42373445206486238  0.43270159593457996  0.44120506358400430  0.45045993714102500
  0.46123627245686416  0.47170733320789104  0.48156572947020326  0.49224769942985941
  0.50363551709358412  0.51493385564613625  0.52473905687929079  0.53382315528559499
  0.54288451261889537  0.55342239838565166  0.56401405123505510  0.57391342206381724
  0.58342385992021450  0.59359538988245353  0.60458807160255079  0.61594721432004551
  0.62732012925224012  0.63809473907549985  0.64867431038298995  0.65860657524414279
  0.66784947274979367  0.67653864358330118  0.68570551264719248  0.69575709711074307
  0.70529049317665504  0.71456504297263579  0.72391504536770923  0.73455066920860768
  0.74618009289015630  0.75848796880040315  0.76991954650652450  0.78065429772029038
  0.79099163288616747  0.80189288991583951  0.81298166175426989  0.82432098275184518
  0.83522067240723430  0.84561454482496290  0.85556155719905214  0.86482337583928826
  0.87504042589940956  0.88458787773677450  0.89588164917926383  0.90763167415000456
  0.91916060980136138  0.93021156925094350  0.94150287366050112  0.95387767788766176
  0.96603125277611568  0.97748611120826523  0.98898558027898942  1.00000000000000000
 -0.00159308599884710  0.00764307789210699  0.01649331698343057  0.02602628905552333
  0.03625978602384319  0.04708758207954548  0.05899016108049908  0.07111408665366600
  0.08376904632643566  0.09586819153515441  0.10689720881322491  0.11793458910215178
  0.12943006756300260  0.13971282754667197  0.14912195566362632  0.15760587738460127
  0.16698672719424851  0.17627925498244848  0.18510424667807004  0.19356407997782341
  0.20257391589488621  0.21232461867308017  0.22325343504259085  0.23473981962645310
  0.24591317532084384  0.25671085263615900  0.26760745491479393  0.27912134049252108
  0.29035007240285876  0.30064419835813849  0.31112127878884105  0.32180345734809623
  0.33180434116649704  0.34124156138963457  0.35091843119703298  0.36084523440607263
  0.37068509963412033  0.38070703810469664  0.39191533884837493  0.40461188656962810
  0.41723072724294513  0.42863738466614770  0.43964636146936337  0.45083087615330625
  0.46139647587598992  0.47057706412312045  0.47928562177372680  0.48820659862006194
  0.49766755016264591  0.50801454146003411  0.51952990276752986  0.53137482105647160
  0.54150757305836972  0.55146584764024431  0.56176104597361998  0.57306697654167693
  0.58570211364050129  0.59809057751145189  0.60960546232469359  0.62039729623608963
  0.63066241603581297  0.64214221367981905  0.65460490553979600  0.66684556509045212
  0.67706157853993809  0.68627350679598609  0.69502276692878229  0.70417130696219954
  0.71434268879293017  0.72546064806999122  0.73621046267470780  0.74632843914325298
  0.75622108255070963  0.76554312415497749  0.77493994805850352  0.78476692067458798
  0.79433569523568526  0.80381393278130941  0.81301757612919323  0.82227900497825657
  0.83259271925308886  0.84353122466802932  0.85393607208626254  0.86472603539727610
  0.87702674505451717  0.88986077086456172  0.90066229386102103  0.91004763351885309
  0.91936879828627560  0.92977097342141002  0.94163815674252738  0.95401719246552430
  0.96527075270317586  0.97619267336783910  0.98717230236245723  1.00000000000000000
 -0.00232660939498959  0.01125185851760813  0.02191747481240018  0.03230983722459756
  0.04215984390657936  0.05238155837115679  0.06333593045033060  0.07455988347573261
  0.08496943285528009  0.09492682785925476  0.10529902454829845  0.11601412625881964
  0.12650033088222762  0.13632714188017900  0.14659709072189697  0.15630242305028072
  0.16646261926918557  0.17673682311256086  0.18721072075801631  0.19567625074140751
  0.20418998095336335  0.21269275947222718  0.22232246958422380  0.23212827653992071
  0.24303440530521431  0.25548052646678998  0.26701821627791955  0.27799115986430240
  0.28840118121409980  0.29878183687172821  0.30879489448411024  0.31839741555639894
  0.32732161322453573  0.33657789540745114  0.34629897270053761  0.35731996825745654
  0.36897082764862227  0.38097553669866191  0.39272095726135564  0.40404765717415053
  0.41485704587628336  0.42552377021956556  0.43635685778929295  0.44739344654795699
  0.45896605652841815  0.47089816051208738  0.48226270174351415  0.49255067655091478
  0.50247636772871251  0.51283630613623521  0.52388420243976586  0.53509356662664120
  0.54629925978524940  0.55786920302648102  0.56741654392749030  0.57652386588684368
  0.58555970927272349  0.59433621794382541  0.60435383059659731  0.61501200786099874
  0.62607316946536218  0.63713921285568731  0.64800198027100520  0.65970746109915579
  0.67136613380960009  0.68161028332860352  0.69151622027759119  0.70111483340894776
  0.71122742999683075  0.72213649173513572  0.73395981852709824  0.74598978139491590
  0.75849893314538930  0.77091864327587978  0.78247509806117077  0.79320546728109809
  0.80315631010152988  0.81307493174003742  0.82192187095944824  0.83153544493211584
  0.84138643688509029  0.85235557617571900  0.86243420793646675  0.87240317024085900
  0.88258703204126576  0.89295898305339627  0.90275775252689905  0.91280940443713732
  0.92269834836042353  0.93362454796927796  0.94502711953338914  0.95633643359553744
  0.96644048433433960  0.97697563104978613  0.98772534191602146  1.00000000000000000
 -0.00165014413833201  0.00745914003398830  0.01558247154279103  0.02420992603691629
  0.03376847617504695  0.04337252047508973  0.05290513607681494  0.06114958758429339
  0.07096044702884821  0.08053379249959720  0.09047148021480264  0.10028628209221228
  0.10957672757282699  0.11884808502105752  0.12805577332797849  0.13785356358652542
  0.14745342257146671  0.15738161220392424  0.16772273048379863  0.17882679233042620
  0.19055547045034843  0.20235096468843267  0.21423765267355194  0.22571839334432492
  0.23677738462493325  0.24716429917711255  0.25634061924546553  0.26497117328360270
  0.27399069471946935  0.28352406915751238  0.29393047124491262  0.30428489216897969
  0.31514561470798291  0.32713993357245669  0.33955712048088227  0.35193434128159418
  0.36494724367140413  0.37727458302081673  0.38891039741435407  0.40036029506381354
  0.41167118999909985  0.42226563589245802  0.43201393988955006  0.44132167161436942
  0.44999359902621994  0.45922407122852449  0.46900986932092775  0.47920624492737740
  0.48924010587838990  0.49929099171660912  0.50979255390133138  0.52125619787537347
  0.53317856216984583  0.54513798473459585  0.55631467212105756  0.56695389365624471
  0.57686563393952084  0.58653586601258789  0.59647514168754823  0.60701866951256034
  0.61832330174230388  0.62973169108370741  0.64165391043449882  0.65379978525911053
  0.66566386731638028  0.67693518710914369  0.68775286775658928  0.69842201287710393
  0.70889262883944482  0.71894763785056359  0.72767910441893358  0.73625317256176781
  0.74475253677450026  0.75409177937629357  0.76399704807578039  0.77352757780748305
  0.78318331747960135  0.79316627795326156  0.80365562862953921  0.81478383318674485
  0.82581035458555219  0.83694759301284471  0.84766899316200617  0.85795341690168936
  0.86761024024329381  0.87809639748522872  0.88898869284132331  0.90079186291882307
  0.91196912458344093  0.92341214569471919  0.93555261218287689  0.94852990640861756
  0.96180233416640815  0.97524786680503361  0.98773688641031265  1.00000000000000000
 -0.00242597654718714  0.01056902444096369  0.02095256259472963  0.03295359187932327
  0.04432970716243609  0.05600057092060180  0.06640730579387609  0.07684541829017981
  0.08617921515771768  0.09629178354459994  0.10632684761766623  0.11711478474622909
  0.12721577677153717  0.13730809602535415  0.14662465203318958  0.15587987383835247
  0.16461925988897400  0.17307246211542107  0.18247257847428502  0.19298908618721705
  0.20398097146124031  0.21492780918188320  0.22547787428028260  0.23632907673956405
  0.24719097598487300  0.25717432454212263  0.26694440779254341  0.27685635374266876
  0.28748989422861532  0.29767308073759530  0.30734692383381645  0.31682911022475502
  0.32848348090776186  0.33950677498914072  0.35002472365889775  0.35949713844071740
  0.36854546440207336  0.37891061093929806  0.38846871572206348  0.39810080304273315
  0.40779035126955604  0.41762781313798414  0.42804212596714314  0.43931891999985767
  0.45164737172486430  0.46417036210534662  0.47530074787645776  0.48522249000612483
  0.49514480286684875  0.50555889580143942  0.51664999991608063  0.52717179877615283
  0.53832188425789040  0.54849717259029707  0.55941791903214422  0.57070401880544042
  0.58145758548157001  0.59151915358704821  0.60131488341761452  0.61029895188018246
  0.62071470637657289  0.63208657089570619  0.64387619371228522  0.65438874731545449
  0.66389252435639157  0.67339655163439627  0.68417034098649609  0.69582794321726060
  0.70744924801639142  0.71954187981096018  0.73204775445046621  0.74381124559369527
  0.75541935353853595  0.76627619521930457  0.77740607792011596  0.78841792309225311
  0.79850335781309334  0.80812787774268902  0.81741562677362656  0.82660123194939872
  0.83646935718114013  0.84754244554184965  0.85927634552677401  0.86954922631500864
  0.87929082898686739  0.88886471259845989  0.89899287166960495  0.90947105312090204
  0.92007282180427796  0.93093187751319162  0.94188808969604998  0.95293794992118841
  0.96474038567907561  0.97692855048718674  0.98870605611129347  1.00000000000000000
   3.7904549829060964E-011  -1.0000000000000000     
 T T T T T T T T T T T T T T T T T T T T T T T T T T T T T T T T T T T T T T T T T T T T T T T T
