 -0.00468395103410447  0.01643358170782590  0.03035929040592700  0.04270540739460364
  0.05384309392860456  0.06437211250607787  0.07436667363583924  0.08474675555080191
  0.09678186174462067  0.10906121822125987  0.12116668301337324  0.13288862046708000
  0.14448442640258757  0.15614015824586600  0.16740442303908362  0.17883028711542545
  0.19031130711167715  0.20107282074602958  0.21162012327984622  0.22177130517860974
  0.23183808181405033  0.24211815094367523  0.25294464025683489  0.26493705914953802
  0.27762871789897797  0.29019160884941431  0.30293110923062067  0.31484056766171498
  0.32661781403301537  0.33827520726746757  0.34925698714747339  0.35973763337126413
  0.37051944940728576  0.38211687839614178  0.39400642528946334  0.40622389555933874
  0.41846957495573955  0.42975639686916839  0.44004937676217004  0.44967942145786804
  0.46004364319254604  0.47141998366149002  0.48259715427435679  0.49299363266746066
  0.50280128402331214  0.51248898969606127  0.52240206972170233  0.53279168516999986
  0.54436802462047551  0.55635777385536145  0.56821372117910551  0.57989767767230571
  0.59173323711278469  0.60391231867180006  0.61517108875540005  0.62580585880735629
  0.63628671007901461  0.64750221127781260  0.65887373477559896  0.66987902476388461
  0.68034081581214867  0.69046828292721030  0.70113201343068099  0.71172329404355872
  0.72272227446079607  0.73327814414848147  0.74410771040256862  0.75476810459404198
  0.76540624794435241  0.77577484868293634  0.78690865549797262  0.79694397857942645
  0.80400666862202408  0.81036780802509223  0.81721480916167333  0.82558514441729169
  0.83527740344237977  0.84512517533908726  0.85374771797246063  0.86304483377358632
  0.87358794125604855  0.88581440167136571  0.89840406147073870  0.91097678344243205
  0.92244225932336177  0.93327627409465685  0.94350206562702521  0.95298988039841792
  0.96077949394558737  0.96638924022290629  0.97206249179075288  0.97780886431693415
  0.98237654879457781  0.98796205851546515  0.99407236997770043  1.00000000000000000
  0.00000009291280350  0.00000009748121409  0.00000010327408861  0.00000010884913716
  0.00000011380924212  0.00000011859131883  0.00000012357157964  0.00000012870969254
  0.00000013454273199  0.00000014183949550  0.00000015001387061  0.00000015821301461
  0.00000016663093194  0.00000017588706696  0.00000018569969342  0.00000019559496857
  0.00000020637703332  0.00000021795309030  0.00000022967509642  0.00000024233570265
  0.00000025609624842  0.00000027054227906  0.00000028473292407  0.00000030075253216
  0.00000031829439631  0.00000033604799089  0.00000035449925106  0.00000037481297329
  0.00000039748260710  0.00000042199257171  0.00000044892837469  0.00000047704220894
  0.00000050610606263  0.00000054051046316  0.00000057713085810  0.00000061378354340
  0.00000065233464530  0.00000069401133793  0.00000073857840337  0.00000078634992772
  0.00000083688993916  0.00000088942262402  0.00000094528335317  0.00000100616084808
  0.00000106901989230  0.00000113276104090  0.00000120364583064  0.00000127780655793
  0.00000136083612625  0.00000146114171510  0.00000157245674287  0.00000168885614352
  0.00000182624778713  0.00000197132180056  0.00000213012677730  0.00000230380190981
  0.00000249538756523  0.00000270181941336  0.00000292043493450  0.00000314940946495
  0.00000339894240933  0.00000369246787838  0.00000404390936964  0.00000445136457302
  0.00000488651212233  0.00000536371241493  0.00000586814429599  0.00000654845615534
  0.00000729996914497  0.00000814304760718  0.00000909357796442  0.00001014181103165
  0.00001123872518699  0.00001244255032014  0.00001393357976554  0.00001584877264374
  0.00001802421705833  0.00002018913518799  0.00002256011118525  0.00002548175342506
  0.00002896125774635  0.00003289603630943  0.00003939030839078  0.00004542491717105
  0.00005297636566176  0.00006313130529668  0.00007729265880911  0.00010127460393665
  0.00011940019491325  0.00013669843776029  0.00016767582622600  0.00024170095760196
  0.00034507223763728  0.00061288245174007  0.00180640981219133  1.00000000000000000
  0.00000000839542654  0.00000006948080330  0.00000008001680820  0.00000009055281310
  0.00000010045160314  0.00000011003251742  0.00000011984653193  0.00000013010620450
  0.00000014105420242  0.00000017451847498  0.00000021618495634  0.00000026511597573
  0.00000032274205898  0.00000039546136136  0.00000048150316865  0.00000057433083671
  0.00000068396460873  0.00000081171596038  0.00000096575911636  0.00000113888973783
  0.00000134189149273  0.00000157477688433  0.00000184186809993  0.00000213703226179
  0.00000246610273334  0.00000284355058993  0.00000326221924639  0.00000371772431169
  0.00000423188498018  0.00000482603394064  0.00000545326868037  0.00000612295147761
  0.00000684321073592  0.00000758897306208  0.00000833670241215  0.00000913741789725
  0.00000998084561369  0.00001090283268375  0.00001187254118098  0.00001293378821801
  0.00001404674952107  0.00001516708573910  0.00001640126963259  0.00001772649323873
  0.00001922390548766  0.00002066836656169  0.00002209472923177  0.00002364311009594
  0.00002534305314335  0.00002724051985725  0.00002957248090956  0.00003193758972819
  0.00003441602713312  0.00003693442022359  0.00003958440921468  0.00004236586047530
  0.00004536581662871  0.00004840705206764  0.00005154421615445  0.00005426808629236
  0.00005746107291604  0.00006121600112837  0.00006533988047385  0.00007030099172933
  0.00007532148883510  0.00007972207843923  0.00008372693915707  0.00008742739724815
  0.00009189146690989  0.00009659218311807  0.00010313513749713  0.00011187081725473
  0.00011936206592715  0.00012701550715359  0.00013548628358429  0.00014388387988850
  0.00015246101696114  0.00016128253121956  0.00017131325533091  0.00018293061251993
  0.00019669207519602  0.00022200219974392  0.00025112100155961  0.00028511400952260
  0.00032409528872069  0.00038131117602701  0.00043803863740918  0.00048989265394204
  0.00054098372720149  0.00062631129225283  0.00070510609595545  0.00080495364996729
  0.00092770354411329  0.00168801562121317  0.00336851641283088  1.00000000000000000
 -0.00182573011694337  0.00500737921135680  0.01227494336169985  0.01976205751465938
  0.02775238273495388  0.03607516703370430  0.04396069743730043  0.05133431828410919
  0.05858853132403321  0.06636181070458155  0.07395327234764275  0.08334206190317422
  0.09164155966860361  0.10061006105405945  0.11023269725895662  0.12029331038516400
  0.12956028226291424  0.13912559209607919  0.14978752844595619  0.16106138806014184
  0.17213037584423252  0.18308134422234754  0.19461027145977483  0.20635584258846687
  0.21808497501560431  0.22963566331122023  0.24105764083681061  0.25275002800332913
  0.26466334131321267  0.27680551872468595  0.28862534330476614  0.30147106542920804
  0.31533821917318677  0.33002359179866941  0.34448796949909238  0.35817576178282301
  0.37130994427139546  0.38435627257159155  0.39717557815672466  0.40999271895579920
  0.42258006423128225  0.43544317395168630  0.44871491627629106  0.46164113188443728
  0.47421309347758589  0.48660343434889236  0.49739210241384774  0.50700841307511502
  0.51662576791283699  0.52639497202617358  0.53906605627935134  0.55151429776542804
  0.56418642486223225  0.57658934053420674  0.58862072011473332  0.59993495141250175
  0.61050505004091060  0.62025125943796600  0.63033284676426737  0.64124068168922765
  0.65266584221611290  0.66394063528850500  0.67558617330026438  0.68787827832787007
  0.70071046542430937  0.71444179001241837  0.72812037082428827  0.74053191047509404
  0.75190730713719489  0.76300947318361179  0.77397151544783205  0.78497400959197117
  0.79562659461078622  0.80596368508018690  0.81617787648644258  0.82620258372235178
  0.83605438651173858  0.84579194531273849  0.85535119461184783  0.86503239716794600
  0.87470183873150020  0.88478760092630349  0.89510506426429415  0.90527234495768205
  0.91474739481834555  0.92030480247987778  0.92578376701725573  0.93117573242864382
  0.93670852385414005  0.94301897061494389  0.95191779711763758  0.96108927391123611
  0.97015633336153939  0.97919926497137133  0.98951787740552055  1.00000000000000000
 -0.00257650786074578  0.01115054524020350  0.02276760796083448  0.03320964590276110
  0.04448945585431531  0.05566435787327011  0.06684984524931968  0.07799957506458434
  0.08999898400722853  0.10300257521570973  0.11386993107802840  0.12429213502516176
  0.13451142070277847  0.14434864598206798  0.15389676898203011  0.16371403448044639
  0.17450724354325067  0.18510743995051204  0.19539807053067262  0.20565675684953300
  0.21650159553780049  0.22797023433141608  0.23949417341072862  0.25124335321774310
  0.26251343516011066  0.27359096064525018  0.28385975397077756  0.29254211359519866
  0.30173913249236972  0.31047004747955331  0.32068192421676395  0.33275654824406287
  0.34523391646795459  0.35714308531193989  0.36776390544356075  0.37831212134784342
  0.38918932305412685  0.40020485583841953  0.41009230753839471  0.42011760087147004
  0.43021613100612577  0.44104315245814379  0.45198771488461781  0.46338017565254569
  0.47513820306726917  0.48640156347400132  0.49676550029362282  0.50665168680749639
  0.51630656066305247  0.52587478190766157  0.53540572484165083  0.54476365611384903
  0.55376578676965615  0.56206140127398874  0.57043440651032562  0.57839406397211235
  0.58717576118947223  0.59542971243737908  0.60359507433918336  0.61384426778127510
  0.62455488820211236  0.63629721179095533  0.64903071502953325  0.66212309858406826
  0.67428791884349215  0.68622441300249382  0.69679196490439455  0.70768899648301442
  0.71857936512097642  0.72994309324515294  0.74007004101644447  0.74643589164835300
  0.75363283013142623  0.76127627026427191  0.76881458977662664  0.77841208823052033
  0.79113125633930770  0.80299020287748690  0.81401581698072478  0.82499322843534539
  0.83670416973795003  0.84902261547377378  0.86097252290012993  0.87238470474800978
  0.88370355177605930  0.89525668316603979  0.90689771914839978  0.91833176576383413
  0.92921153792813416  0.93956114623134224  0.94997701642715371  0.96046527888953270
  0.97024829655325084  0.97962292087567937  0.98934954897930150  1.00000000000000000
 -0.00271206229263198  0.01584153228969627  0.03119208434548807  0.04449308890775580
  0.05737892679106801  0.07011593652509948  0.08319898085098787  0.09644218960840405
  0.10934319606059342  0.12208137699818788  0.13471420680740476  0.14730431593937282
  0.15910558278107545  0.17145884740186002  0.18393988450465171  0.19651889049120019
  0.20710714262370211  0.21664189401246278  0.22409784341708910  0.23252075461900501
  0.24140381627109181  0.25233646878627169  0.26501961470345714  0.27622949521569029
  0.28599305028785449  0.29584044978619045  0.30580551033706171  0.31641454208832565
  0.32767027066873611  0.33858037887367359  0.34859976050569841  0.35843583766947495
  0.36776706119067692  0.37635812631408672  0.38443675061540289  0.39297710141068576
  0.40361694570594214  0.41355113791664994  0.42294578215556766  0.43237717910326995
  0.44214056960207326  0.45249829594742369  0.46288810779080064  0.47279822458737902
  0.48279864448919285  0.49306101802095947  0.50400435129734023  0.51562215044304827
  0.52722863881759263  0.53830262384896843  0.54892446368738645  0.55892789251820318
  0.56858675740321296  0.57840074675761322  0.58842525913627186  0.59846229814878327
  0.60786695034683191  0.61698102957333878  0.62550521258370895  0.63325512272932605
  0.64117817072232408  0.65015764941433374  0.65896094611231570  0.66698287996661743
  0.67463604738691596  0.68284618542668929  0.69262221602980290  0.70403961389666270
  0.71505226450664816  0.72585371842688484  0.73580569085372804  0.74195149540356009
  0.74811598640154564  0.75430413892406711  0.76031660860827022  0.76647195787839950
  0.77565458197849368  0.78444024111987642  0.79373964747551096  0.80400584422557653
  0.81468599322539070  0.82587246884045473  0.83696756889803436  0.84872236558825087
  0.86124524386415879  0.87457833083019654  0.88847993095954425  0.90150291009759942
  0.91330557083504760  0.92476881514481202  0.93650340310459868  0.94935209935707510
  0.96203992617450307  0.97429755944999241  0.98689334370186421  1.00000000000000000
 -0.00273564110058935  0.01272930117265255  0.02478363194933823  0.03475316569353273
  0.04532902023855923  0.05486589411282974  0.06209301758425326  0.06983150359851434
  0.07811951747689504  0.08854899733841395  0.10090034211541178  0.11264616761271204
  0.12314551797195898  0.13332566375365348  0.14401093175312132  0.15608598305455493
  0.16933792570631673  0.18231235070537266  0.19491779106676696  0.20683454493853640
  0.21888517967035240  0.23089177862343435  0.24241140601072950  0.25408797780044445
  0.26599924039779721  0.27802697865580384  0.29069442200190426  0.30326424146089903
  0.31600619593634655  0.32777135221819598  0.34009170487504908  0.35162108803332337
  0.36282975758559916  0.37370897304485357  0.38481345141387863  0.39587487846113856
  0.40588834434281779  0.41551225110545664  0.42502940906087511  0.43486519480303437
  0.44634383581292997  0.45883148050073269  0.47160609975916956  0.48320257569431385
  0.49368488777991787  0.50520443305033147  0.51697286361142669  0.52738149413074964
  0.53683821495511097  0.54668061370491139  0.55849787471511592  0.57137695103492958
  0.58394714724762520  0.59384469322543421  0.60182884492640032  0.60973859821149645
  0.61765226254010741  0.62699356316022248  0.63699787221971216  0.64676807391376734
  0.65718019077857237  0.66760222464776386  0.67787474184640195  0.68752471567568363
  0.69677970687204693  0.70605884960362719  0.71530516938573130  0.72534526107928787
  0.73610208566183544  0.74719983103300591  0.75833415304647567  0.76812833958438265
  0.77786012872574217  0.78810107122709550  0.79768391904456815  0.80809481148729778
  0.81825803158269861  0.82917473129029018  0.84062997568706499  0.85242720381334991
  0.86463682127172803  0.87674641244655283  0.88779424228580062  0.89848374699811873
  0.90889671882585943  0.91839850742626628  0.92698623805098757  0.93598778145650152
  0.94553933118760869  0.95505663924520989  0.96268125768357005  0.96891605263295377
  0.97515207307864216  0.98188507234372568  0.98904772358195248  1.00000000000000000
 -0.00270824574581321  0.01128414893119831  0.02239929873585959  0.03404185603709441
  0.04481192412328430  0.05533424455341544  0.06246695172204018  0.06967751767810930
  0.07689168381742049  0.08397294518504421  0.09413718347016961  0.10463082079813592
  0.11536273375544406  0.12623953385674830  0.13617904263687389  0.14641311203647134
  0.15672730601569698  0.16733731194797902  0.17754088919069572  0.18724202165345025
  0.19681021564791867  0.20647647993000884  0.21654299154379314  0.22717587869575834
  0.23897012822083200  0.25170702763401143  0.26365950930121301  0.27567653769774564
  0.28708221467301992  0.29784098134113118  0.30840061039166478  0.31883873562409792
  0.32990401269910830  0.34147678271097931  0.35374286708996910  0.36616575747293612
  0.37763903559641004  0.38773965115303344  0.39751194807911239  0.40670547797136331
  0.41622394974425492  0.42654697573044531  0.43735899099888387  0.44929259603718402
  0.46132954299351941  0.47301575623736647  0.48476493821114564  0.49645355937278368
  0.50726976153883863  0.51699073057559963  0.52647065814084404  0.53641716619595681
  0.54619101400471171  0.55573155462174073  0.56533451058182382  0.57483937297890497
  0.58463912555958497  0.59480787928858569  0.60636094392852902  0.61933607122107981
  0.63041596598912442  0.64116725456805224  0.65179251538241723  0.66324259243723127
  0.67484405488718258  0.68628328965404140  0.69694891425413574  0.70706547368025729
  0.71675117538175759  0.72691332506732176  0.73620559045929257  0.74537666006164627
  0.75437554250151118  0.76384665667215845  0.77345232428678845  0.78269029703388238
  0.78982153446786330  0.79675935317501834  0.80449370649361562  0.81238017375966398
  0.82103001752469940  0.83010574780598523  0.84035544669510676  0.85240498982061785
  0.86457987803215963  0.87716559685854933  0.88976118042867391  0.90242664855671639
  0.91453265760152425  0.92584637303705553  0.93737419106500852  0.94853771798729214
  0.96091981527579728  0.97457371537761217  0.98756291023921461  1.00000000000000000
 -0.01141166269820549  0.02743609245519391  0.05896943884383227  0.09248451209161732
  0.14924125244763675  0.20608822483508585  0.25021940485272370  0.28200914540497896
  0.30226150542187363  0.31547785525241101  0.32645011608663455  0.33650663146247700
  0.34564424394458221  0.35359911362864105  0.36005766813127199  0.36578850781196581
  0.37186227093685087  0.37801062132289903  0.38404576251197403  0.39005495370549886
  0.39622642255064033  0.40218018165928254  0.40773876488230898  0.41298437038454722
  0.41796172691082806  0.42256397616457825  0.42732441461127507  0.43202772438057618
  0.43662452721961054  0.44111170773797054  0.44555435848370123  0.44995614430557529
  0.45471823462240851  0.45912989051366720  0.46344080341042782  0.46767965125721200
  0.47210535671879483  0.47668018413970131  0.48150910019972210  0.48669767094212280
  0.49175134472529541  0.49649693044440468  0.50110214003408726  0.50567385125342357
  0.51015663271598488  0.51490370010996211  0.51972904339557913  0.52468024848671191
  0.53006833737327508  0.53538043368802823  0.54064383218411416  0.54613392568744068
  0.55179843634441805  0.55751825439980385  0.56385744491558820  0.57029005980607594
  0.57656897025826270  0.58289019107701345  0.58957951363832828  0.59687935299921080
  0.60473014716825479  0.61270918655341733  0.62041958968488353  0.62736351790713085
  0.63378291194618408  0.64041259089260827  0.64771243363013697  0.65524646985131751
  0.66289324901342705  0.67063578181051720  0.67863668152901502  0.68670111582486804
  0.69526371561766331  0.70418661584103182  0.71337464049532817  0.72257182355170779
  0.73190887615511135  0.74149791219287431  0.75104081839335479  0.75950096384039056
  0.76868981135491821  0.77898365453935781  0.79198195943465644  0.80558194931081062
  0.81883500036145784  0.83149668776186780  0.84389893837212693  0.85563579601812345
  0.86746380142592316  0.88087484428536722  0.89638150856623033  0.91428505884014233
  0.93429045851077641  0.95535568143092486  0.97552828976640782  1.00000000000000000
 -0.01448129586693391  0.08891485751583655  0.12229747912183538  0.14619987802347931
  0.16589386618198645  0.18212087034486665  0.19693981637768238  0.21063584019565981
  0.22327237380090306  0.23342474791780446  0.24243900191635775  0.25108219494639367
  0.25948204460084101  0.26802163085074465  0.27629598889842710  0.28420158470006984
  0.29191422975262155  0.30005413607483761  0.30719318855150574  0.31237992226073324
  0.31773423457419575  0.32316620352616487  0.32851818409029826  0.33458229719057025
  0.34271241417811804  0.35093817404715583  0.35912100581371920  0.36673748964713476
  0.37406360617839945  0.38083698442879566  0.38755525442436650  0.39412316448429863
  0.40089018854711966  0.40780073165551939  0.41455103961799189  0.42116015760654557
  0.42728709060877590  0.43310570127713593  0.43897237946703876  0.44525531867352669
  0.45176324053292083  0.45875656625936151  0.46528867950141634  0.47174090739748609
  0.47791425428568629  0.48357188808398360  0.48874709659702309  0.49367158508710829
  0.49884964538588689  0.50406547233368748  0.50945225376834713  0.51547303806549283
  0.52158475177308927  0.52761889766229275  0.53369689775054263  0.53974357925403182
  0.54591642839677412  0.55197368595888596  0.55783741075327775  0.56353612764871241
  0.56918271473022852  0.57508291999808936  0.58112526408414700  0.58703862304877430
  0.59291431569976083  0.59868971809615701  0.60451296379339936  0.61136928011791503
  0.61848585563542535  0.62526663416245687  0.63192875589497388  0.63846233240242123
  0.64520454809429617  0.65212674739262977  0.65880840406748808  0.66554127715118638
  0.67186373109773811  0.67780264521593914  0.68492862321916392  0.69325146463224041
  0.70151330227155795  0.70977275970300391  0.71801451485507972  0.72665141784263176
  0.73661647087965509  0.74792534615477257  0.76021554614442455  0.77310808197532455
  0.78689335219638301  0.80194372305934769  0.81793601474516553  0.83544311322806031
  0.85487245796223998  0.87819112650719533  0.91453743584766101  1.00000000000000000
   7.7944794099683130E-009  -1.0000000000000000     
 T T T T T T T T T T T T T T T T T T T T T F T T T T F T T T T T T T T T T F T T T T F T T T T T T T T T T T T T T T T T T T T T T T T T T T T T T T T T T T T T T T T T T F T T T T F T T T T T T T T T T F T T T T F T T T T T T T T T T T T T T T T T T T T T
  <DiscreteSampler_grid>
  grouped_processes
  1 # 1 for a reference and 2 for a running grid.
  10 # Attribute 'min_bin_probing_points' of the grid.
  1 # Attribute 'grid_mode' of the grid. 1=='default',2=='initialization'
  0.0000000000000000 # Attribute 'small_contrib_threshold' of the grid.
  0.5000000000000000 # Attribute 'damping_power' of the grid.
 # binID   n_entries weight   weight_sqr   abs_weight
    10   10   5.374106149409310E+000   9.248383433800143E+001   5.374106149409310E+000
    11   10   5.374106149409329E+000   9.248383433800242E+001   5.374106149409329E+000
    16   10   5.374106149407594E+000   9.248383433796424E+001   5.374106149407594E+000
    17   10   5.374106149409329E+000   9.248383433800242E+001   5.374106149409329E+000
    22   10   5.374106149407593E+000   9.248383433796423E+001   5.374106149407593E+000
    23   10   5.374106149409329E+000   9.248383433800242E+001   5.374106149409329E+000
    28   10   5.374106149407593E+000   9.248383433796421E+001   5.374106149407593E+000
    29   10   5.374106149409328E+000   9.248383433800241E+001   5.374106149409328E+000
  </DiscreteSampler_grid>
