 -0.00077237904201044  0.00148820226703138  0.00429711529447607  0.00716179870366816
  0.00986331370806291  0.01283094873169321  0.01604207499740790  0.01976062033015479
  0.02403602542017597  0.02872346329728863  0.03368085817800597  0.03917561630022218
  0.04592189484981413  0.05374636002508511  0.06183102743600966  0.06997845006836181
  0.07825398418083877  0.08671734827453008  0.09548256047700306  0.10457001245607547
  0.11433032414319907  0.12477659838488833  0.13533893996050100  0.14610874883539263
  0.15663819397680423  0.16739744815258878  0.17759723250041509  0.18721378082473111
  0.19648926251025123  0.20541223615791676  0.21453180486500686  0.22395696368057860
  0.23429035580613675  0.24548790997663289  0.25654649972282773  0.26713245745054587
  0.27738041747406900  0.28750550879315323  0.29773682071261276  0.30804165207166401
  0.31858522025564995  0.32896514447521591  0.33925311277740261  0.34956143308369414
  0.36024701324917568  0.37128572885554373  0.38264340135457825  0.39388404923250514
  0.40492173456807928  0.41582401886939735  0.42713288641333153  0.43896079551174927
  0.45055962506590408  0.46139291084644368  0.47178424763378929  0.48225893208076503
  0.49280439542925381  0.50325593072638519  0.51357750348391107  0.52430995021305826
  0.53566909261330520  0.54694054768959854  0.55785174359998235  0.56888224736291604
  0.58031995631232003  0.59224513431172743  0.60410171498928023  0.61608597174775981
  0.62761795242134333  0.63898783860052699  0.65073266744726010  0.66268908018748096
  0.67497763344834083  0.68699441645430936  0.69932187806826940  0.71160527721758049
  0.72472576326223981  0.73794667884927101  0.75148020982121677  0.76402534940890809
  0.77595743994604816  0.78772858475532337  0.79941118833065516  0.81072796366717215
  0.82251885549146941  0.83484025720946042  0.84710953327857641  0.85958864220859044
  0.87248151346013303  0.88553217864646361  0.89973927453367797  0.91558039909500688
  0.93309589846763119  0.95073641742258830  0.97247742103426582  1.00000000000000000
  0.00002743290839799  0.00002786822156893  0.00002795632206015  0.00002805036941524
  0.00002816795246790  0.00002829926894550  0.00002842177606454  0.00002853568363790
  0.00002867232352840  0.00002879810264351  0.00002892997534239  0.00002906293854431
  0.00002926061791625  0.00002948813653412  0.00002965620121479  0.00002978347543662
  0.00002989848781864  0.00003000749222507  0.00003012338738282  0.00003022941607790
  0.00003033475029978  0.00003044383266026  0.00003056762496290  0.00003069654557356
  0.00003084040435055  0.00003096254848667  0.00003110794164246  0.00003124285544973
  0.00003137373096499  0.00003150440845417  0.00003163148975842  0.00003176514140282
  0.00003194056834427  0.00003218477520715  0.00003241342893440  0.00003267165513890
  0.00003290173109993  0.00003319996811071  0.00003343066832670  0.00003365800416131
  0.00003388701897569  0.00003412086198114  0.00003438539656473  0.00003471240617322
  0.00003503612848682  0.00003529421869108  0.00003552179370235  0.00003574069477549
  0.00003595955254089  0.00003617061538387  0.00003638994665817  0.00003660501178512
  0.00003681614334038  0.00003703241210411  0.00003730784702612  0.00003760704610503
  0.00003790479477917  0.00003821713764950  0.00003852279544260  0.00003884732621325
  0.00003925540444098  0.00003973149644553  0.00004020263048885  0.00004067811604078
  0.00004120302321411  0.00004180335049535  0.00004239699657518  0.00004296935881459
  0.00004351917570305  0.00004406128559855  0.00004457933984220  0.00004516027742080
  0.00004575395894008  0.00004632963093505  0.00004690747279243  0.00004764932999843
  0.00004843570891606  0.00004926253240454  0.00005011504551701  0.00005098206338143
  0.00005187236632506  0.00005280621556492  0.00005380596842974  0.00005488985272190
  0.00005602662501284  0.00005766518863522  0.00005974702221184  0.00006216604565243
  0.00006522079154470  0.00007036310995334  0.00007812456329967  0.00008355437127033
  0.00008771342713323  0.00009156374148777  0.00009221915641648  1.00000000000000000
 -0.00224174982379928  0.01027136051186999  0.02114064151341852  0.03238721829979537
  0.04382428425644781  0.05520479254058799  0.06670466485441885  0.07841809190114818
  0.08960222282543889  0.10039193062003485  0.11123711897917667  0.12165657346622019
  0.13229894008587562  0.14282641247724870  0.15309155037921757  0.16315126710525471
  0.17362047147921980  0.18456188990363159  0.19409004044783890  0.20337575094228219
  0.21297109586340809  0.22277311362996310  0.23220527378553976  0.24124123980337195
  0.25034218489828625  0.26033933367624046  0.27069594749711923  0.28175743190620622
  0.29259901292262619  0.30350381049403968  0.31449165818161290  0.32574643071131759
  0.33679779832588624  0.34732960751022895  0.35801785050479479  0.36879562591966025
  0.37990319098305397  0.39126731940537618  0.40230648723290496  0.41298060670485803
  0.42362127039950914  0.43399223491664141  0.44429363858538307  0.45440157104589723
  0.46445725113154412  0.47459137668354456  0.48440278749098964  0.49476347543115395
  0.50536100920724092  0.51676587531756990  0.52810732504066482  0.53890943306220485
  0.54943136047831409  0.55935704152023702  0.56922260397824942  0.57892133943514790
  0.58856209602947529  0.59867938171796642  0.60926035459678929  0.61985311910985241
  0.62998549284971483  0.64011954713762553  0.65006940620245757  0.66003897927319133
  0.66997944973824786  0.68027736469654609  0.69068033971461340  0.70116031644501930
  0.71153876945282946  0.72258346008713659  0.73332327691638211  0.74545036616478577
  0.75734770950065156  0.76896420662100384  0.78017429907509228  0.79104789876689108
  0.80187538216425613  0.81260743196435803  0.82368250564779266  0.83462289225096142
  0.84532353671928084  0.85618962107172303  0.86700926866784367  0.87722766281507714
  0.88675465896851757  0.89666113657448798  0.90718171106948198  0.91804275448111117
  0.92842263950112214  0.93901752285308226  0.94928941826849123  0.95964132489758669
  0.96982622971925514  0.97979873346139867  0.99001711267249126  1.00000000000000000
 -0.00285011438360920  0.01217232127746670  0.02391992698845002  0.03375308866435007
  0.04327319264967081  0.05247689884652411  0.06153787350865814  0.07083239515540191
  0.08052040038536952  0.09195245237113978  0.10491728237975469  0.11777975898601972
  0.12939733328527570  0.13990165542214791  0.15092544344572276  0.16239898954498258
  0.17397592836924428  0.18508406734032321  0.19571989698133643  0.20645439738419608
  0.21671376420849395  0.22681583698448129  0.23656763490504035  0.24617785874777670
  0.25575204773413784  0.26544541865043325  0.27533501449916747  0.28530969219342123
  0.29528583535387459  0.30503888832257903  0.31458034511682709  0.32390478433448838
  0.33338674014946634  0.34371724640870671  0.35435592534170712  0.36518728285859653
  0.37577215325830732  0.38674809404750421  0.39756542360956265  0.40845156417126138
  0.41898732827792551  0.42928399432144049  0.43953107083286386  0.45014916426686097
  0.46095612369891686  0.47185449671593904  0.48239365244076393  0.49270660587568177
  0.50318995358675889  0.51421286022378954  0.52534276996103679  0.53603770853487864
  0.54636581923333660  0.55686263104624523  0.56749593396507081  0.57842307294415507
  0.58946377036906950  0.60052108964431306  0.61105118245558765  0.62158892113277664
  0.63185628360659485  0.64214444787800218  0.65252607161282561  0.66278029277625261
  0.67226146544059262  0.68110663175804897  0.69069906459844743  0.70180507833060923
  0.71375166865729811  0.72540806910476563  0.73688612035316936  0.74858570382897072
  0.76027448717260770  0.77140805346692165  0.78182081753540755  0.79221030017206995
  0.80226263258586772  0.81239775550849513  0.82246097090273329  0.83260054558832330
  0.84316565993573378  0.85352325864363499  0.86395776273962455  0.87443981326919817
  0.88453057078963626  0.89491228454987570  0.90540545279719353  0.91670762604212996
  0.92784175606887587  0.93825116148334309  0.94845035787608400  0.95848553097438660
  0.96884890659191014  0.97896012538907728  0.98934284638084569  1.00000000000000000
 -0.00153493210641696  0.00720990420699907  0.01515181331268193  0.02351844300921601
  0.03227240831562011  0.04094321591770852  0.05095606640721997  0.06127333393515188
  0.07103236166960773  0.08083617899085989  0.09121942356422397  0.10191665981649795
  0.11270485931280780  0.12342437222438896  0.13450737668535911  0.14570091848220182
  0.15670750845138953  0.16754650755822373  0.17814734892843750  0.18912667718886828
  0.20002111051111307  0.21045717915250292  0.22134423601919692  0.23254111440322037
  0.24348037114292215  0.25466663753387236  0.26591862360067997  0.27738675004493407
  0.28844128111348383  0.29895024699176270  0.30972273374179371  0.32036605362638154
  0.33112107421986048  0.34177178091244487  0.35239725105205999  0.36368138132427025
  0.37557603209468993  0.38730152471220064  0.39869706910892383  0.40840308935821829
  0.41854399864723196  0.42873812948137646  0.43942927270933851  0.44977379173415172
  0.46011732239909237  0.47094472310551583  0.48198009950219722  0.49248081797800958
  0.50282915572515774  0.51350715053570017  0.52463437736971652  0.53613918257529747
  0.54760502750641471  0.55892534805191496  0.56970679241329369  0.58082144483316567
  0.59178691140587270  0.60352935416219955  0.61599162407811148  0.62841566192882714
  0.64022582848246290  0.65141461711119297  0.66204817674312721  0.67301566826921611
  0.68408362010469936  0.69635310711931075  0.70851521797049311  0.72034508013133736
  0.73203679531024779  0.74269789758119631  0.75325455488182802  0.76347873071909200
  0.77326395984109020  0.78277878040538662  0.79203531308782282  0.80247067711016584
  0.81265333848854404  0.82201252980975459  0.83109738494090457  0.84094111216930945
  0.85109884536401703  0.86093736159244139  0.87038275315636993  0.88037839719627442
  0.89047939039640123  0.90028888164029186  0.91009685717033184  0.92016327866755288
  0.93177987074719959  0.94212641951085818  0.95216726954816577  0.96218280441642667
  0.97214534027528865  0.98172432700724810  0.99078850482288283  1.00000000000000000
 -0.00252507907603468  0.00925002445536070  0.02043193754005294  0.03177019105581455
  0.04288152968395764  0.05356927026468036  0.06399898652020275  0.07480493061287476
  0.08584469341462340  0.09668306854727961  0.10754771853430481  0.11859005085041190
  0.12965287170705408  0.14037209620920799  0.15119334898417106  0.16214568835841761
  0.17281441561102706  0.18286781139947406  0.19261835307482533  0.20246596245641757
  0.21224202274013970  0.22256409536877231  0.23333600479204067  0.24442546229399556
  0.25563080063644411  0.26693826065913129  0.27800283206541826  0.28869820802952306
  0.29911493505618808  0.30956819082510784  0.32023006602044535  0.33110922305145085
  0.34205604532437256  0.35311683591267357  0.36462746719338346  0.37639239099525079
  0.38816335582557537  0.40006572714852123  0.41185865693338475  0.42349613403727399
  0.43441251702646017  0.44443116364300134  0.45414904624286129  0.46477561391326072
  0.47623814419181343  0.48743513682215300  0.49868414302036235  0.50985422070681674
  0.52103232725052284  0.53161661924358405  0.54195488469267139  0.55206157225401897
  0.56255018930321521  0.57279202110639371  0.58333445058266409  0.59355997902503277
  0.60351716318668258  0.61344797506843030  0.62378703240350053  0.63476083586166865
  0.64565969333441497  0.65572402463035373  0.66573989862139560  0.67585047713300572
  0.68601927721859357  0.69628503180254986  0.70725484373344194  0.71901814325665447
  0.73005680907266357  0.73926229229878115  0.74768118908627090  0.75617584821808814
  0.76509725779082860  0.77422745529712134  0.78295247507126964  0.79029687939142157
  0.79996749858060190  0.80981284731112935  0.82098112844062154  0.83296071847247166
  0.84448246187542775  0.85606461411797641  0.86731472217539773  0.87772101511221168
  0.88738625644299063  0.89693816115877412  0.90691205637448247  0.91720050690477550
  0.92680832699719840  0.93576851855799470  0.94543803598228227  0.95570160487297040
  0.96713316935042937  0.97792995131676475  0.98923993693959944  1.00000000000000000
 -0.00215507881003421  0.00948300792849966  0.01954383698515057  0.02940180386386073
  0.03929530843381533  0.04929387692655486  0.05914300327591911  0.06909167759700721
  0.07936486041822349  0.08995647390943949  0.10059866931290368  0.11134432943800594
  0.12231728419086695  0.13289594479908476  0.14302445486983775  0.15306846531787227
  0.16342495152502445  0.17366386240464651  0.18353149377956218  0.19366643193321342
  0.20427231872285107  0.21550499562149844  0.22711932582151498  0.23878903507633562
  0.25008514075579136  0.26057028381742375  0.27090576375790903  0.28149379135857594
  0.29243728499244642  0.30353253392330543  0.31459435873154007  0.32578573518801585
  0.33679957264532656  0.34747212093493113  0.35832660645445147  0.36931666556086029
  0.38008738262727904  0.39053322725149131  0.40088583522652133  0.41126687748108814
  0.42178791711396491  0.43253003828985437  0.44315363335207597  0.45344509583463111
  0.46400369469101005  0.47545423212140753  0.48721347314322405  0.49878736113636896
  0.51022079426513089  0.52142516374399983  0.53234294599882082  0.54296961113373099
  0.55348344997309973  0.56414110545801921  0.57467462590241614  0.58489931861255440
  0.59516416485572321  0.60598353409904315  0.61753887714542344  0.62917834094942438
  0.63886938028726203  0.64849329626012719  0.65745275348858701  0.66623493755505570
  0.67497605955495610  0.68396700307583436  0.69375138793664415  0.70406907545481556
  0.71436383968465722  0.72525751044713960  0.73657011396612670  0.74782224973590039
  0.75895517727998685  0.77022333359452799  0.78171706158732890  0.79284993802007642
  0.80306973084669209  0.81308580285738319  0.82370414769810896  0.83457185459090233
  0.84512701420171432  0.85503581278325957  0.86573414811326421  0.87700295734749589
  0.88842550812437981  0.89976085068823619  0.91082663333399094  0.92158755212362597
  0.93193234542239467  0.94223965911351348  0.95320935558491926  0.96323469137584272
  0.97285343563057525  0.98208433328240585  0.99099613359410510  1.00000000000000000
 -0.00224836262140445  0.01081275381749513  0.02202223274373545  0.03231288684956505
  0.04309152537737881  0.05357254316674594  0.06427421706906901  0.07467587956785487
  0.08568956304149630  0.09703228753139569  0.10823333912633135  0.11828523518762253
  0.12850450140351605  0.13876894526796946  0.14955803055229375  0.16068144828932185
  0.17162876685065220  0.18232908454434654  0.19276427240535429  0.20302171526235135
  0.21387769403958309  0.22534711819290471  0.23683170309258536  0.24826028391000740
  0.25927175967682126  0.26990863111546498  0.28024744650050465  0.29068036622989996
  0.30160736743633476  0.31278620216408903  0.32444366677970593  0.33555572721274080
  0.34636124123078127  0.35744087590292595  0.36812062301098958  0.37801676973715675
  0.38768924762880308  0.39767488674032048  0.40842460239103479  0.41938807866717798
  0.43072018521912847  0.44220917353081030  0.45374848194834888  0.46494853389573854
  0.47560554922644532  0.48585806608205628  0.49586715309772283  0.50598026474717295
  0.51625085075534660  0.52635861499150915  0.53639291065542760  0.54677386885868562
  0.55731970877269710  0.56773480290413991  0.57794557139548519  0.58721767623220655
  0.59553903585644108  0.60365541567521119  0.61217522729218987  0.62102652163635330
  0.62990204073660516  0.63837671110360994  0.64762470638577341  0.65843131379890518
  0.66910019215893990  0.67943974569109711  0.68998249647919030  0.70083500577663482
  0.71216360457721983  0.72332006618756184  0.73459767300961964  0.74543021368482243
  0.75600659647208501  0.76622377608384651  0.77624703351314273  0.78616105348464227
  0.79629029350157088  0.80681808975705294  0.81709705152666712  0.82733373880701189
  0.83714305816699330  0.84718920274950738  0.85694729049290852  0.86766614969462452
  0.87893692266767098  0.89001941424546749  0.90085333859658612  0.91138009440057688
  0.92183903270255962  0.93195779108919030  0.94196939482211139  0.95195989523973745
  0.96244866502408610  0.97380169289197738  0.98649796358568065  1.00000000000000000
 -0.00259239772616261  0.01037629936265379  0.02127152742786410  0.03309212636876285
  0.04484987351441552  0.05731713757068352  0.06957547787749840  0.08230228442383709
  0.09397609437240319  0.10536899466540366  0.11558515114312633  0.12641329602030307
  0.13732096125589099  0.14804159444772705  0.15833347859814875  0.16813236458360958
  0.17855977348709767  0.18936134108396896  0.19976165520660238  0.21039475941128194
  0.22089705765029025  0.23161019774495342  0.24224038293311689  0.25365214868904906
  0.26537451366682152  0.27625311699192362  0.28648327564580695  0.29693926187928049
  0.30781210163861317  0.31861767668847757  0.32967369509841149  0.34036831065611273
  0.35116537890196042  0.36149525808913674  0.37199596604453433  0.38237585419528719
  0.39217618815496319  0.40184036116401789  0.41249451771408208  0.42335716529649753
  0.43354787748262097  0.44315942257190150  0.45270794615666432  0.46243418942522824
  0.47249819002972443  0.48294657622144299  0.49377190782043889  0.50409538425798439
  0.51433505617434105  0.52451258322525229  0.53460068838525088  0.54408000309240712
  0.55356996063221853  0.56322114463087736  0.57379232579139672  0.58444632389885076
  0.59459696491035896  0.60467750488214711  0.61387203179600425  0.62281328319937446
  0.63185930177475169  0.64147746699137853  0.65143797520096181  0.66245589166927010
  0.67334224837917533  0.68451482973511657  0.69545796224220757  0.70668349839315103
  0.71791787326411927  0.72964985584557362  0.74113320528273074  0.75252265171488719
  0.76280655496135052  0.77320115094084407  0.78297899371772950  0.79293470478394767
  0.80306366116996164  0.81344770508789599  0.82390756565935530  0.83393760247457249
  0.84382348173108701  0.85324177789305999  0.86253105244693951  0.87251622277144969
  0.88306989422407711  0.89353409453539456  0.90385789345317413  0.91458287129793536
  0.92575224216811169  0.93727679533813490  0.94831332777371613  0.95890776273078537
  0.96890171640085310  0.97866938867032915  0.98908084222284387  1.00000000000000000
 -0.01458528487973703  0.08911046575401645  0.12591985602874040  0.14930873102052708
  0.16849355159429816  0.18446321078006167  0.19823782386657429  0.21080585856330938
  0.22251923205056842  0.23376410936353778  0.24463579483442982  0.25509239120230753
  0.26487696323896337  0.27396843479961391  0.28219570083683482  0.29016085086634219
  0.29807562682035682  0.30608353367931695  0.31414418840641839  0.32213519742604008
  0.33036472163317698  0.33843876320391897  0.34579382685922011  0.35281873302832367
  0.35937160117341693  0.36589896497766056  0.37240885314698968  0.37867767115152023
  0.38490433121969081  0.39128815256936222  0.39803755180256356  0.40472870758571433
  0.41135362753370025  0.41767505319739390  0.42382910402869928  0.42998847435268955
  0.43610117130048953  0.44223293873605074  0.44829748017243110  0.45423434477210362
  0.46023074747898451  0.46560035065505956  0.47095545304002068  0.47642759136119656
  0.48206917681053307  0.48784744933306778  0.49352690980946240  0.49887238190169936
  0.50405692140349312  0.50935664547340331  0.51481145576573373  0.52042016278601033
  0.52598762813459121  0.53163002753044097  0.53756166959769258  0.54385815938184767
  0.55043853752066263  0.55684592403935362  0.56307671626585032  0.56925368550109245
  0.57562910419812341  0.58234914066341181  0.58929470526734851  0.59652513894334391
  0.60348394537705941  0.60993613443519035  0.61606024686477245  0.62242296209420422
  0.62880631580585966  0.63542582762436906  0.64178556391846475  0.64784322053629806
  0.65370528503664926  0.65964307704498404  0.66556418280725960  0.67241529705602687
  0.67945047051646301  0.68716776873743068  0.69578950935080275  0.70396848404254753
  0.71224896238133684  0.72066643324031010  0.72965023933199313  0.73947654478195668
  0.74962756786859575  0.75973553834717911  0.77039923130011401  0.78184876857378327
  0.79500273310002778  0.80891733409763034  0.82315205247781464  0.83826863965432663
  0.85566642373257062  0.87722226110432111  0.91335082712167848  1.00000000000000000
   9.9654386132500044E-033  -1.0000000000000000     
 T T T T T F T T T T F T T T T T T F F T F F T F F T F F T F F T T F F T F F T F F T F F T F F T T T T T T F T T T T F T T T T T T T T T T F T T T T F T T T T T T F F T F F T F F T F F T F F T T F F T F F T F F T F F T F F T T T T T T F T T T T F T T T T T
  <DiscreteSampler_grid>
  grouped_processes
  1 # 1 for a reference and 2 for a running grid.
  10 # Attribute 'min_bin_probing_points' of the grid.
  1 # Attribute 'grid_mode' of the grid. 1=='default',2=='initialization'
  0.0000000000000000 # Attribute 'small_contrib_threshold' of the grid.
  0.5000000000000000 # Attribute 'damping_power' of the grid.
 # binID   n_entries weight   weight_sqr   abs_weight
    10   10   7.449847919959717E-013   2.857304664014707E-024   7.449847919959717E-013
    11   10   7.449847919959715E-013   2.857304664014706E-024   7.449847919959715E-013
    16   10   7.194721340980826E-013   2.658525731923005E-024   7.194721340980826E-013
    17   10   7.194721340980826E-013   2.658525731923007E-024   7.194721340980826E-013
    22   10   7.194721340980826E-013   2.658525731923005E-024   7.194721340980826E-013
    23   10   7.194721340980822E-013   2.658525731923005E-024   7.194721340980822E-013
    28   10   7.449847919959717E-013   2.857304664014707E-024   7.449847919959717E-013
    29   10   7.449847919959717E-013   2.857304664014708E-024   7.449847919959717E-013
    34   10   7.449847919959719E-013   2.857304664014708E-024   7.449847919959719E-013
    35   10   7.449847919959719E-013   2.857304664014709E-024   7.449847919959719E-013
    40   10   7.194721340980826E-013   2.658525731923005E-024   7.194721340980826E-013
    41   10   7.194721340980826E-013   2.658525731923007E-024   7.194721340980826E-013
    46   10   7.449847919959715E-013   2.857304664014706E-024   7.449847919959715E-013
    47   10   7.449847919959719E-013   2.857304664014708E-024   7.449847919959719E-013
    52   10   7.194721340980826E-013   2.658525731923005E-024   7.194721340980826E-013
    53   10   7.194721340980827E-013   2.658525731923008E-024   7.194721340980827E-013
  </DiscreteSampler_grid>
