  0.00191637261645871  0.00195046234888180  0.00199226357462050  0.00203192135435668
  0.00207299094573566  0.00211532393316425  0.00215927227402207  0.00220535010626330
  0.00225294617665781  0.00230230007315859  0.00235258791405746  0.00240300226301661
  0.00245513123832148  0.00250744157853960  0.00256166748686152  0.00261942871690729
  0.00267995118095160  0.00273918434552577  0.00280053822836638  0.00286286871806630
  0.00292668914226568  0.00299504786690043  0.00306508422872623  0.00313473697887612
  0.00320556188264415  0.00327889244399418  0.00335470789180236  0.00343419632767047
  0.00351901398004889  0.00360653028884623  0.00369514380328527  0.00378815648878099
  0.00388561946676112  0.00398722378463989  0.00409004812608978  0.00419323531310983
  0.00429734429791449  0.00440492886043616  0.00451313472334037  0.00462539899762928
  0.00474340204565312  0.00486528203204291  0.00499547134510915  0.00513467980525681
  0.00527713233217683  0.00542251017076746  0.00557366270945814  0.00573237941236881
  0.00590162405183651  0.00608668045853513  0.00628080004508620  0.00647992953284044
  0.00668565894701584  0.00689681853944098  0.00711366436702817  0.00734436386658477
  0.00758931541948589  0.00785709955641913  0.00813339597791801  0.00840902784455698
  0.00868964628061305  0.00899131831686235  0.00932351945599382  0.00968082251277529
  0.01006403423912280  0.01048235728619076  0.01093000895697058  0.01139946635354187
  0.01189248836693113  0.01241441319118497  0.01297477023479571  0.01357440189918284
  0.01420990146030185  0.01488425830846494  0.01561183791519364  0.01641086648922048
  0.01729551236327195  0.01827807460248150  0.01937327431941446  0.02057741922090277
  0.02192549725953460  0.02340182526328403  0.02504103214411317  0.02690441479313227
  0.02906709961259179  0.03158187365427996  0.03473080681075990  0.03894210131590557
  0.04395824239843425  0.04959307094263821  0.05651040110119952  0.06653719551214592
  0.08137238889149705  0.10665365247737660  0.17704997899208794  1.00000000000000000
  0.00418884487501038  0.00564227425889483  0.00635965601409234  0.00713035165427440
  0.00788237769935123  0.00866748073862559  0.00944212139472826  0.01021883862804062
  0.01100115173009996  0.01182599613949303  0.01268657683698428  0.01357297296691795
  0.01455140758883833  0.01557680345455999  0.01660080585304626  0.01765150338839722
  0.01875062760239874  0.01989409891875708  0.02104523055512787  0.02223081621671278
  0.02349751008805927  0.02486922159779387  0.02630830869112750  0.02776420260571820
  0.02922511360682264  0.03071547323978842  0.03230693300215341  0.03400275780576328
  0.03576704512538958  0.03760675146578937  0.03943866133801303  0.04138536430697516
  0.04352352263190225  0.04566481289911343  0.04788442879769712  0.05012163975252035
  0.05238960252859900  0.05470245092042970  0.05711445695837589  0.05970119340257244
  0.06243061347253914  0.06527039058262933  0.06833605901594449  0.07132764976884252
  0.07449194343897292  0.07770078179924822  0.08098930015167759  0.08438092841639719
  0.08793381488121942  0.09163893126595118  0.09540275173519772  0.09944386312712850
  0.10365245141243094  0.10815378309094607  0.11293353874044393  0.11782847491616895
  0.12281421593039617  0.12784718944791681  0.13298972833400327  0.13842844060531398
  0.14410209943609173  0.14996505248110353  0.15624990072296849  0.16303048592930106
  0.17015314742638582  0.17733440423330368  0.18475450856106337  0.19260835426870976
  0.20110590718192245  0.20992107478935759  0.21871788868975320  0.22769595916726906
  0.23709297562766418  0.24722971634469093  0.25821306969394775  0.26962694613110827
  0.28127748880759784  0.29394428473568529  0.30737059620382645  0.32198298344772014
  0.33768159074497989  0.35453252531682161  0.37235023341759504  0.39120334345954422
  0.41176597710803531  0.43415740016950238  0.45857395587869287  0.48623703599750745
  0.51646526608550147  0.55128816858267959  0.59120653558413816  0.63614921357618370
  0.68888948871642375  0.75045399830454140  0.84322129192594941  1.00000000000000000
 -0.00197142300868383  0.00812007588490733  0.01745724742947283  0.02825942404224675
  0.03855269620344949  0.04895664355698318  0.05931918959450636  0.07019816604515998
  0.08102222905247793  0.09164612096534375  0.10178711566033684  0.11186788857667668
  0.12211102170330740  0.13277495610179393  0.14322052964797663  0.15343066078367720
  0.16356395096712814  0.17409983056374356  0.18479084816657124  0.19505672910695396
  0.20506906901636004  0.21490000464037304  0.22499568132212103  0.23542854001989760
  0.24591922694155127  0.25650462265452439  0.26721218967698318  0.27760265116201577
  0.28778618884715906  0.29792456109979237  0.30811889056022018  0.31804937272167288
  0.32780562919655082  0.33775494823258889  0.34842071816856734  0.35897990178875394
  0.36959598871645410  0.38013686596099566  0.39076745956421050  0.40136543933900226
  0.41175673814691643  0.42190220324382799  0.43225184300637004  0.44309955087954744
  0.45488076425356466  0.46626345325227109  0.47700518688670601  0.48738374408765450
  0.49772425365964379  0.50805773420796108  0.51874045169445626  0.52976449743510912
  0.54084051468949057  0.55172010835373919  0.56246920727410787  0.57320778959790164
  0.58384858501424330  0.59449560124097178  0.60529686712139263  0.61573928261881627
  0.62613395699984753  0.63661763029479512  0.64761021907565330  0.65846298600429165
  0.66932604869031154  0.67999207346161838  0.69048609850603060  0.70082558800075012
  0.71120970587784482  0.72157263858465526  0.73192043582446409  0.74231590734571706
  0.75304149146452315  0.76419005142175767  0.77526013371648872  0.78608920078790678
  0.79683107207409776  0.80747921545723367  0.81798913367694959  0.82814975941882685
  0.83839649389935389  0.84877226054037735  0.85940590302943221  0.86993759006780547
  0.88063204438489839  0.89095825728851930  0.90160750192206607  0.91243748628459453
  0.92363805899368934  0.93457288962620622  0.94512312116621056  0.95598031155702479
  0.96736552825337974  0.97901300464892405  0.98966402487300742  1.00000000000000000
 -0.00242289214011678  0.00973913503428583  0.01993716907701416  0.03040492707637441
  0.04093617271982748  0.05150313241599092  0.06227534020963992  0.07319293749913795
  0.08387193866668102  0.09458761178609217  0.10531062057410848  0.11581115121150515
  0.12647949202930989  0.13683731313931430  0.14739589830970193  0.15815706293939222
  0.16898644492408277  0.17990438313682336  0.19050592130244023  0.20078534274579923
  0.21068627079659547  0.22053801228815686  0.23003188434567162  0.24010748134630519
  0.25104893981530341  0.26227294751376279  0.27313518338416060  0.28333801524256463
  0.29357764485992127  0.30399698458039276  0.31414001138131875  0.32404093106841170
  0.33392358247812015  0.34402940972107354  0.35417540233794870  0.36457082150926184
  0.37499938041754383  0.38523256166777692  0.39567275107245731  0.40625497976951497
  0.41692845771306003  0.42703487324655448  0.43712218291129901  0.44787741134310394
  0.45853543220240800  0.46879881797631484  0.47881388177610140  0.48883790956195228
  0.49923863335202262  0.50975661748627499  0.52052237807480739  0.53145452333901610
  0.54226603241725790  0.55279710452663144  0.56317615108232899  0.57372785406442084
  0.58440801694075217  0.59480729501518037  0.60533359336104353  0.61629341030266482
  0.62764148362080263  0.63868533495943181  0.64949044900031272  0.66076202307976328
  0.67190902915642281  0.68278947286586156  0.69304905850463749  0.70300168946831310
  0.71324344450118382  0.72402824197424898  0.73518559436945186  0.74676377034179520
  0.75822459168765299  0.76955978749879428  0.78044937808940373  0.79119128313736298
  0.80176073723827279  0.81221361410018933  0.82242272278957107  0.83278870439841302
  0.84325531820941491  0.85366164243269682  0.86399582445327083  0.87386580590109697
  0.88384639581457347  0.89428762318101018  0.90532199016445636  0.91565617458707849
  0.92557861376398498  0.93561360030132878  0.94648384803091401  0.95731668798780689
  0.96822979309071711  0.97882423233014215  0.98963899953008616  1.00000000000000000
 -0.00273130378683227  0.01028113640321948  0.02112388454341111  0.03181866701214520
  0.04260664500825962  0.05340312385989552  0.06409882867900041  0.07476576825104270
  0.08548571628744737  0.09633502725449460  0.10701324533394292  0.11788631924956718
  0.12910900748649357  0.13997419028633479  0.15063282288021745  0.16070417156852010
  0.17084691901499782  0.18106485172512515  0.19140208996926086  0.20180298092526686
  0.21225215625788363  0.22293477225212213  0.23377525212456071  0.24456768648443189
  0.25520656848253137  0.26565771689106932  0.27607511112448929  0.28658092586923140
  0.29712176459152662  0.30772439169732063  0.31851175145191141  0.32930212496704264
  0.34005240501481648  0.35059805254989868  0.36131329428720388  0.37205656646593327
  0.38264346469591526  0.39270491143727826  0.40279340583571371  0.41318144477265956
  0.42357188022137804  0.43406017676171338  0.44470182577727857  0.45545938386887957
  0.46611617851656872  0.47678660625172259  0.48736375311384550  0.49741819763213235
  0.50737578546698237  0.51752155694850965  0.52791478926908486  0.53826248309329927
  0.54843352998475026  0.55862920700242502  0.56872741826073026  0.57900367139080822
  0.58979656619241849  0.60061797943956075  0.61110002997397495  0.62138057442863304
  0.63208197598309257  0.64323074789116541  0.65438118973829917  0.66534461495664954
  0.67593241909908708  0.68645727449628025  0.69705533139659326  0.70773988329370596
  0.71864656872157451  0.72942296592624134  0.73984691442394490  0.75029442325869411
  0.76061071382830747  0.77144034865935995  0.78193053021175751  0.79226502078918271
  0.80264181109005761  0.81329319909818842  0.82427955817504717  0.83519285548608235
  0.84523130519805378  0.85503921609654399  0.86470624723794076  0.87436340322018957
  0.88416053950980822  0.89397847753842352  0.90431460074114667  0.91477871569695424
  0.92519687610014578  0.93546611781649658  0.94619990967493173  0.95696096228904914
  0.96785667726241442  0.97864943849839325  0.98929626169904039  1.00000000000000000
 -0.00256183132576629  0.00996952929754217  0.02007981835538091  0.03100793402865233
  0.04169822193811346  0.05236779891279977  0.06294390680847993  0.07326196901675719
  0.08368045994130582  0.09410672128027961  0.10469815146180182  0.11524019035693611
  0.12563778656765712  0.13581757150178714  0.14583205401288107  0.15572789451590169
  0.16574475697360344  0.17584000282516962  0.18593848438992175  0.19614416270215670
  0.20632142731749292  0.21669748035242256  0.22716296167526190  0.23758389293378490
  0.24803258434707226  0.25875684681961503  0.26958238458987538  0.28009920577371522
  0.29021207589158904  0.30025530015585394  0.31020254461188523  0.32048307198679699
  0.33082109192095233  0.34138903246337721  0.35193486603680751  0.36252510719023906
  0.37311575939469788  0.38332362142503934  0.39320166864576928  0.40345960721506319
  0.41399469745359729  0.42456451085572416  0.43510412241651547  0.44596035138933721
  0.45710177859471712  0.46786519467879517  0.47819730099678553  0.48879025118219427
  0.49968814001302653  0.51079145242446045  0.52173261767707979  0.53260494565641359
  0.54332310237033210  0.55376096596357782  0.56423348953616659  0.57473521739142253
  0.58522209687778637  0.59568810101405356  0.60613493877015234  0.61627911078943587
  0.62649960582816555  0.63686915132090194  0.64754046629315543  0.65800858077799662
  0.66835116049378074  0.67881646940251983  0.68940648011973582  0.69986952278239922
  0.71032247353050937  0.72097106420170964  0.73153958835684196  0.74219123423067068
  0.75316783968847723  0.76446472455226866  0.77586129232059686  0.78662763833288341
  0.79717190865615639  0.80734741104159990  0.81755842554697877  0.82790195785876775
  0.83817678766936310  0.84839205598364009  0.85888804355211967  0.86973481030567390
  0.88086185682641982  0.89172448268629001  0.90248687388053095  0.91305383461277378
  0.92388153554618646  0.93470391738080139  0.94577334796143242  0.95655993117686622
  0.96744341789978461  0.97861176131713568  0.98931620776159490  1.00000000000000000
 -0.00242539354282683  0.00949954374881098  0.01957790265429132  0.03037010082089749
  0.04056710253523928  0.05103250147543886  0.06143576701293317  0.07121364392341650
  0.08117113899430334  0.09122081437757254  0.10145081254598518  0.11159848447998776
  0.12221160718417869  0.13281677395006128  0.14361204226522292  0.15430406690836157
  0.16505365772430536  0.17552799560497365  0.18579395701715193  0.19583718558457436
  0.20584001835899979  0.21592277858124007  0.22629767911232840  0.23666147256397801
  0.24694665375728020  0.25760617218627158  0.26874562330261392  0.28010469502714963
  0.29132971560774518  0.30244238132666168  0.31327128943239524  0.32339828168185702
  0.33346126151432459  0.34371354696197365  0.35448874430583222  0.36523681753064469
  0.37600358084336061  0.38658518027746092  0.39733847605700956  0.40814979555574710
  0.41901275566891605  0.42974038903248812  0.44047287507388588  0.45122071321740254
  0.46211169753052145  0.47279066608039239  0.48337068775374886  0.49383159171654528
  0.50436584028136022  0.51472232204121882  0.52490698937125091  0.53480917397802807
  0.54451405664720987  0.55422016640454363  0.56401878416402218  0.57418536879582116
  0.58467073807708736  0.59522227239472070  0.60577554932225408  0.61625117227876125
  0.62676663144676437  0.63731434935485398  0.64773953638681880  0.65826518291922498
  0.66891982635464176  0.67960044495351357  0.69010749717431996  0.70041631032528717
  0.71077599138382364  0.72117944731282702  0.73179447714758072  0.74234719244746938
  0.75277981241188907  0.76299771510841408  0.77305084505188826  0.78333835616828373
  0.79391349097289221  0.80502362483161638  0.81625754886113577  0.82758755053340260
  0.83849904971553380  0.84956867208138731  0.86018829459021706  0.87126053505667722
  0.88222444747632234  0.89292817194840424  0.90312166974467689  0.91323304474287126
  0.92415066739723295  0.93536497833860122  0.94679185594936355  0.95750341128601124
  0.96818416797063922  0.97860333452083148  0.98924046435975155  1.00000000000000000
 -0.00264182179521514  0.01007513998919996  0.02094531164480322  0.03175520063336015
  0.04246497812788871  0.05306243879563820  0.06377859790894855  0.07431110258445027
  0.08469603855441520  0.09527874533821015  0.10548821698378438  0.11536865250432655
  0.12499161617621173  0.13467664672741045  0.14485127333717729  0.15491282626367583
  0.16511454070957582  0.17542353902955377  0.18631373641406834  0.19738114810884108
  0.20818278075914554  0.21855894747138890  0.22890924696383347  0.23945650379248359
  0.24981013635807031  0.26014911154133868  0.27047669576394512  0.28128731567226178
  0.29233259807633244  0.30343069505297143  0.31434325459147555  0.32496973243970712
  0.33550416645729353  0.34597016394720004  0.35677284760314082  0.36756830347361624
  0.37872027633062061  0.38960786182900226  0.40040141191363249  0.41126198412789705
  0.42211567481484202  0.43289482497160187  0.44360582719744740  0.45465607487628029
  0.46574844332552068  0.47675512115189672  0.48768964348357052  0.49855297504760726
  0.50892840460591282  0.51909853090301206  0.52928542422779212  0.53978037011013491
  0.55037957894736278  0.56095465679188128  0.57191701025249753  0.58262149445419686
  0.59291304858971661  0.60302487913289238  0.61344139650338003  0.62403779161094142
  0.63497716939532933  0.64590765119277915  0.65703606800143943  0.66782086859808976
  0.67840439877212488  0.68881117917891155  0.69887840331393059  0.70903797296530535
  0.71893360242449444  0.72883618854723919  0.73882867065913349  0.74907957300061878
  0.75982279550630383  0.77039573316004450  0.78096582056062314  0.79146197316002109
  0.80201845727169341  0.81245782040259984  0.82280494595785414  0.83289860518977832
  0.84276488773020775  0.85254629785530434  0.86276278273134954  0.87294782682104655
  0.88323901878701172  0.89337764995095570  0.90396502168926407  0.91463709705944984
  0.92505936731130556  0.93533885274302897  0.94569191096313410  0.95648469689848836
  0.96749668420788093  0.97847755894001287  0.98932579689192468  1.00000000000000000
   4.1757312239120458E-012  -1.0000000000000000     
 T T T T T T T T T T T T T T T T T T T T T T T T T T T T T T T T T T T T T T T T T T T T T T T T F F F F F F F F F F F F F F F F F F F F F F F F F F F F F F F F F F F F F F F F F F F F F F F F
  <DiscreteSampler_grid>
  grouped_processes
  1 # 1 for a reference and 2 for a running grid.
  10 # Attribute 'min_bin_probing_points' of the grid.
  1 # Attribute 'grid_mode' of the grid. 1=='default',2=='initialization'
  0.0000000000000000 # Attribute 'small_contrib_threshold' of the grid.
  0.5000000000000000 # Attribute 'damping_power' of the grid.
 # binID   n_entries weight   weight_sqr   abs_weight
    10   10   3.251251639177470E+004   4.068654556858645E+009   3.251251639177470E+004
    16   10   2.285917455599641E+004   2.665378519301305E+009   2.285917455599641E+004
    22   10   2.285917455599641E+004   2.665378519301305E+009   2.285917455599641E+004
    28   10   3.251251639177470E+004   4.068654556858645E+009   3.251251639177470E+004
    34   10   3.251251639177470E+004   4.068654556858644E+009   3.251251639177470E+004
    40   10   2.285917455599643E+004   2.665378519301309E+009   2.285917455599643E+004
    46   10   3.251251639177471E+004   4.068654556858647E+009   3.251251639177471E+004
    52   10   2.285917455599643E+004   2.665378519301308E+009   2.285917455599643E+004
  </DiscreteSampler_grid>
