  0.00191679588740866  0.00194468726458433  0.00198174374450396  0.00202024891385213
  0.00205710542382758  0.00209773099694909  0.00214137543441231  0.00218546378874046
  0.00223143430787164  0.00227871344711556  0.00232676269054662  0.00237572823430526
  0.00242664692141255  0.00247995558361242  0.00253142357435205  0.00258561144626922
  0.00263988163340087  0.00269833270605085  0.00276004105262939  0.00282607176439721
  0.00289551788440871  0.00296639394378640  0.00303760304538616  0.00310867467808120
  0.00318129691353354  0.00325324513888266  0.00332641687405367  0.00340043854075086
  0.00347852529508364  0.00356188566984083  0.00364850085927023  0.00373954782775868
  0.00383453513193103  0.00392812105246540  0.00402314756890888  0.00412238362818555
  0.00422794559666456  0.00434113211020547  0.00445763251382164  0.00457532358350336
  0.00470219940715203  0.00483872097875643  0.00498090862055479  0.00512998058109159
  0.00528511694498803  0.00544643688333514  0.00561349479012615  0.00578370621222113
  0.00596532278037984  0.00614691199426879  0.00634424323135143  0.00654702037262160
  0.00676048661188858  0.00699178412855591  0.00723714643660808  0.00748972966151690
  0.00775744318679343  0.00804292689740542  0.00834049346755147  0.00864892352248669
  0.00896915107797905  0.00930159690629867  0.00965627076247665  0.01004200905766791
  0.01045006620673157  0.01087536007025045  0.01132023374823452  0.01178912107937861
  0.01228622578525984  0.01282520185065588  0.01341949378570805  0.01406613862226931
  0.01475638235215070  0.01548865082805745  0.01627396317633266  0.01712041401998230
  0.01805631627402090  0.01910198992280138  0.02026004253109706  0.02153756454741770
  0.02296324923431822  0.02453872422959936  0.02631584859438287  0.02833536285512638
  0.03066321412855470  0.03335148663168306  0.03645140103364835  0.04018534123055516
  0.04476730423890635  0.05029626933720383  0.05722343219487960  0.06690712668036401
  0.08127638222304756  0.10554879509328570  0.18022536398922057  1.00000000000000000
  0.00197384326376995  0.00349124392710358  0.00453757472298913  0.00547106012894327
  0.00642198518133600  0.00737331867879942  0.00835100059055566  0.00937322833537276
  0.01041126324977553  0.01145624143307305  0.01252408313147315  0.01364523582247380
  0.01481526116937707  0.01599951523091508  0.01723046197450757  0.01850744044415159
  0.01986640841290542  0.02132693952031408  0.02284931304041556  0.02441297003634213
  0.02597836098765120  0.02754128169746455  0.02913571540436853  0.03079737016303831
  0.03259198660971204  0.03451163632436528  0.03656471015308686  0.03866089705475449
  0.04077342697809829  0.04290513084490060  0.04511005791119701  0.04744001026826949
  0.04988564196767224  0.05240768013569731  0.05501215496155559  0.05772435784753303
  0.06053817435639069  0.06344620679396065  0.06645968846857014  0.06961033054817248
  0.07288045251082766  0.07626346703151851  0.07970427191221482  0.08323912790863350
  0.08691629070658434  0.09048776879281502  0.09424957096839054  0.09814485969446067
  0.10232398647221561  0.10675776145661549  0.11116256886691904  0.11578996452607832
  0.12063561336331463  0.12568087712821727  0.13091653382898402  0.13642308868944431
  0.14224601616530891  0.14817757278643950  0.15440828035626292  0.16072930852508960
  0.16712767301825718  0.17376494776428836  0.18064817403594621  0.18775625465471960
  0.19518644497862053  0.20297428799974696  0.21107934145319174  0.21968193822194240
  0.22879912566342894  0.23877124734782862  0.24934536708786592  0.25981848323858631
  0.27029318850851314  0.28099807169485874  0.29210649610736683  0.30376669791330990
  0.31615483531165312  0.32932830836588722  0.34337306355508157  0.35826439142741673
  0.37381614023672677  0.39018208697810186  0.40763678742150489  0.42646287900212221
  0.44697899375982236  0.46894363739211437  0.49253813409651998  0.51760431580067146
  0.54448867877946583  0.57437645343585808  0.60837163935210559  0.64765883989092243
  0.69384415172873071  0.75273324948837184  0.84336964937311920  1.00000000000000000
 -0.00239039541195625  0.00952609780177345  0.01893884142774794  0.02894850776558793
  0.03868652714796020  0.04938852623381009  0.06003484334925758  0.07122172796791872
  0.08197193256951346  0.09226988927946631  0.10252079224622597  0.11275063302115204
  0.12310501284630763  0.13303908580726620  0.14299832818794705  0.15301239627337268
  0.16296623468419133  0.17251625090046505  0.18212952183390552  0.19271050607297552
  0.20368378041048457  0.21436910636070572  0.22525155676589098  0.23641380765283038
  0.24761246841954485  0.25822028237781380  0.26846288565239673  0.27869147893206597
  0.28900902246110605  0.29920669673693101  0.30892570649330553  0.31867181428385288
  0.32856907499220001  0.33878535394207165  0.34915697684636476  0.36013653812216340
  0.37128614801924570  0.38197009665985232  0.39240483060267284  0.40321979805187330
  0.41412697959508099  0.42511960057870707  0.43567019845135629  0.44617428286489996
  0.45670198960093511  0.46770754021588806  0.47916901039525495  0.49055050892244112
  0.50147082612892246  0.51209431338195577  0.52283161042580628  0.53360952558345898
  0.54438876539263070  0.55516870274605967  0.56598812385573483  0.57685983445922517
  0.58763050591963872  0.59825220275080060  0.60864925614795684  0.61889504309216758
  0.62930337592502672  0.63971584975495543  0.65002965722806649  0.66042060905518440
  0.67090939634281144  0.68138872382758786  0.69185785163005054  0.70221058591594010
  0.71229978726184384  0.72202921441545209  0.73204274341835818  0.74250054379776709
  0.75305322320659385  0.76390283619336408  0.77494165514289748  0.78597552418782746
  0.79619429145847942  0.80619006599057952  0.81667489798660486  0.82718246218572444
  0.83774459904812992  0.84788750316113926  0.85848193692945907  0.86955126835333008
  0.88044775600338521  0.89148089389191865  0.90219249022801185  0.91284379324167542
  0.92350159131731113  0.93420137761254674  0.94506806420161293  0.95532593045059466
  0.96585291020731945  0.97671488823303698  0.98815015222399516  1.00000000000000000
 -0.00215412638514266  0.00880798820629624  0.01912745951202165  0.02945268596001934
  0.04022352284436255  0.05102104379748105  0.06193096855057348  0.07245866171392773
  0.08284668815476223  0.09289428714084037  0.10321085458260515  0.11348096022431532
  0.12400171553307908  0.13457116891489512  0.14519760894767633  0.15553567372297994
  0.16578368467845658  0.17571387149091641  0.18593409505887915  0.19644204889418890
  0.20750120944303269  0.21836450468417301  0.22880986907212345  0.23933398975492190
  0.24992436981655372  0.26117542814894112  0.27275934304806210  0.28442903222338678
  0.29570002355267994  0.30656016849759254  0.31714063934472037  0.32779553898302438
  0.33799136888771819  0.34791824667438592  0.35788397956323281  0.36785493464555841
  0.37807256970768199  0.38789466305912984  0.39756285008080056  0.40721046987053405
  0.41691672326991708  0.42690181358848500  0.43695930190946691  0.44712101109592939
  0.45746969953257038  0.46798191548548407  0.47841356482739944  0.48906172638667167
  0.49958861164190144  0.50971424887811134  0.51968033787471501  0.53054574928876030
  0.54122880113342897  0.55158476719379357  0.56149459083948094  0.57149046581055296
  0.58136625889733506  0.59110994964963859  0.60081602458528671  0.61068672243439315
  0.62083419519647909  0.63172774183556157  0.64293227616951720  0.65389584380911037
  0.66477698986672951  0.67547759826637510  0.68637113725071219  0.69731491408326451
  0.70797115574366032  0.71843235058514354  0.72892361208766498  0.74011373522144352
  0.75131359304667156  0.76232426032593714  0.77335773250386775  0.78448226723678749
  0.79553507392109579  0.80627877478959675  0.81712805599551097  0.82773003695941327
  0.83839371654552286  0.84897347361200404  0.85981501044455777  0.87063161535292544
  0.88139519692391899  0.89228602917209421  0.90293629903761297  0.91332044243602706
  0.92414416698134350  0.93540521192048087  0.94668697358251874  0.95766318047362142
  0.96806197407094963  0.97875664025951192  0.98898947537625748  1.00000000000000000
 -0.00242380485701605  0.00915448941170666  0.01943979913769340  0.02998555010848477
  0.04018183175455677  0.05074168338522410  0.06110144502695669  0.07134767037814935
  0.08160857593077217  0.09278507697480745  0.10382572087676376  0.11433168022815636
  0.12454246261212719  0.13509091194416079  0.14561135527193608  0.15683803590966650
  0.16783529349214205  0.17859723460175880  0.18880386105842309  0.19912966133071938
  0.20903865108497302  0.21895150126201579  0.22884078644624123  0.23904949370784012
  0.24947286270455091  0.26045197340648207  0.27161192821514890  0.28245731771949167
  0.29323449830843262  0.30427235881997233  0.31523332859104314  0.32600880036944874
  0.33652134452519172  0.34689487825790771  0.35693909951204561  0.36672579722976806
  0.37653759540683202  0.38645083561347976  0.39633893409138793  0.40639138379774048
  0.41671216196365196  0.42754458055503286  0.43861952491258016  0.44939419574976025
  0.46008176958559976  0.47051796006580160  0.48124791581457610  0.49210988630509211
  0.50299359801341736  0.51377274888769764  0.52464437608530645  0.53560700929247584
  0.54641192535973360  0.55714796855811355  0.56802452129887848  0.57920181440811336
  0.59032910863602528  0.60104253567621324  0.61148501756253093  0.62150577662811546
  0.63171781468105404  0.64183276898410380  0.65200866980344707  0.66222545971005242
  0.67288912928038969  0.68365575523655087  0.69468345358071659  0.70535783301965371
  0.71613862361680991  0.72668138899022972  0.73729064997470883  0.74786669909118375
  0.75846326959647914  0.76906708634550247  0.77964335807936491  0.79038924291269119
  0.80128951415517979  0.81223681945382287  0.82324596134048678  0.83432523105273770
  0.84563608989681727  0.85679577595535505  0.86767311763853705  0.87824799907805273
  0.88868916760086403  0.89905043170733323  0.90920865361860781  0.91921570413259424
  0.92888172342623487  0.93874617572010921  0.94863954438322118  0.95858306503724489
  0.96893646536325029  0.97913434303219216  0.98977247846881167  1.00000000000000000
 -0.00220223918659374  0.00912755971484756  0.01904031797462471  0.02909611529724498
  0.03925618048569521  0.04951451896526369  0.06015678099176215  0.07101696901949778
  0.08174200014734495  0.09205559614294238  0.10209167505470042  0.11226181297837953
  0.12244879221576339  0.13220818531982639  0.14198742637706685  0.15219956203720164
  0.16274613345080940  0.17289163105769753  0.18289563284472787  0.19293035080320001
  0.20323279311019729  0.21388281519187707  0.22471125115444238  0.23541003633259266
  0.24569874959964513  0.25613086279497183  0.26672395071870547  0.27729193913659261
  0.28770804008987477  0.29829186617947523  0.30898851848774300  0.31967291797132857
  0.33049697048899107  0.34133771949731739  0.35210874655379037  0.36285605398355025
  0.37362328218536706  0.38474601835062749  0.39606787628196277  0.40761953988659294
  0.41899472999552351  0.43026546806624177  0.44118014492007429  0.45210330561045509
  0.46295825084627296  0.47409678791952253  0.48549192243745942  0.49701682920098167
  0.50827110764515770  0.51934460102623881  0.53024574430211613  0.54116256097381932
  0.55201550595347315  0.56309678925509066  0.57426615248683921  0.58538722447178271
  0.59652276637686774  0.60764814349421992  0.61850578292521996  0.62870316440209995
  0.63869079512844473  0.64847801634592317  0.65861953629227898  0.66872897172651879
  0.67921535361129748  0.68949186115546757  0.70002449667344369  0.71063336648993847
  0.72145744009079016  0.73203155089069660  0.74245211231710850  0.75295207006962650
  0.76385972556951764  0.77483449293935358  0.78543386743965238  0.79569439568633260
  0.80554223360840493  0.81566603465373144  0.82594663429186088  0.83660481327665581
  0.84749126450276813  0.85799792623816828  0.86817303262035472  0.87808258432384245
  0.88790024320010230  0.89798932100428186  0.90829888226784761  0.91891811999465867
  0.92880657851123016  0.93852406567706514  0.94808184531386719  0.95798352975335299
  0.96790641364691521  0.97824884032111692  0.98892142317269782  1.00000000000000000
 -0.00237652412570413  0.00921945507034230  0.01898944823868987  0.02900026319086028
  0.03874613031514215  0.04880856709300893  0.05973941786966021  0.07053967851562441
  0.08112011175740000  0.09124583260053225  0.10174768830089094  0.11229459919478642
  0.12272136283938970  0.13284773840242037  0.14323081104283791  0.15390714477726911
  0.16489217730235997  0.17573720590465014  0.18648157086794895  0.19721318796647055
  0.20798391435179711  0.21869209067304593  0.22937028716818911  0.24026195747747911
  0.25120523324431154  0.26184370626704834  0.27230259291797893  0.28275993337067312
  0.29358946493773103  0.30422173880770953  0.31439841176930450  0.32434096838306720
  0.33482556218958387  0.34589012427168825  0.35691695577814253  0.36747894393769270
  0.37798152705689514  0.38881737610798078  0.39971392268438161  0.41052393278385746
  0.42133699861717056  0.43220214636273324  0.44284934795966718  0.45356358679985365
  0.46442589916178301  0.47534836416658638  0.48595690998419921  0.49647498698333808
  0.50719378295760464  0.51801218020281847  0.52889364287886154  0.53974890296610323
  0.55050216462470192  0.56085012502264586  0.57114417826497599  0.58130898272215870
  0.59205263793987273  0.60271081486298628  0.61314367785078527  0.62382106737041265
  0.63457063136549041  0.64542913158914017  0.65596563928645457  0.66609484467601376
  0.67624426390838566  0.68614781293237692  0.69620607488990394  0.70648537804491995
  0.71633874102482620  0.72621216569722047  0.73624402126011979  0.74648579941413706
  0.75691430087186096  0.76728091634557927  0.77826135645589622  0.78909137212567093
  0.79989463939430661  0.81022589695155456  0.82074077537010326  0.83118588450715469
  0.84210191584215266  0.85304922018022644  0.86381357140531978  0.87427129059414566
  0.88492608206983425  0.89504576259841573  0.90527193460132260  0.91540533781941458
  0.92557407618350851  0.93606912515952034  0.94670423976907370  0.95743317192954069
  0.96825221648251003  0.97900329950977716  0.98970310100355763  1.00000000000000000
 -0.00217517697754529  0.00865038653853265  0.01881162384590621  0.02933976058171068
  0.04033001826436973  0.05133504777832159  0.06218134678177762  0.07298361812408566
  0.08332788612693512  0.09384139973189695  0.10434373670938552  0.11541828692491736
  0.12672548198959452  0.13778687066968012  0.14848629423342505  0.15882501547722400
  0.16915359187762563  0.17927364052474068  0.18909883320126888  0.19896242132963934
  0.20920752667631909  0.22043480333805196  0.23115727662224808  0.24142023790921263
  0.25151368302136273  0.26181104424026053  0.27197163901455912  0.28152023178150926
  0.29111933936714907  0.30145641956175817  0.31208983178470612  0.32280227475556322
  0.33354323829309240  0.34470365532624569  0.35549040616860067  0.36561538103998859
  0.37565899617008330  0.38563741403086088  0.39566982559570890  0.40552747769779152
  0.41552072356501912  0.42579302383624512  0.43636287559321690  0.44674751756648717
  0.45712632843595324  0.46741243594481124  0.47791145965981369  0.48797643610899166
  0.49803109662631923  0.50784486023024200  0.51763934435699388  0.52748790949358904
  0.53752153690258431  0.54795956232655674  0.55864583727122419  0.56914057566868337
  0.57929244121881385  0.58929508144231268  0.59934968759154295  0.60948210201928377
  0.61966971432759221  0.62994681736737257  0.64035262242009661  0.65082514813441261
  0.66138834598447549  0.67200518251883334  0.68270090128244221  0.69352388778502461
  0.70436026307104294  0.71486056073028692  0.72540451941439044  0.73607385237224787
  0.74687450597718463  0.75717295568084575  0.76750617362261908  0.77811705360121963
  0.78893123810054921  0.79941481050192320  0.80999497349064042  0.82088232420661089
  0.83224859863529654  0.84347656848652863  0.85450034004042519  0.86547671386504699
  0.87635162951848344  0.88762373470850753  0.89867884424129729  0.91027081500501339
  0.92157742430114942  0.93291844437397176  0.94399479290352228  0.95516568059831231
  0.96632992436838716  0.97770749990482764  0.98875002880436758  1.00000000000000000
   4.1560531026266212E-012  -1.0000000000000000     
 T T T T T F F T T F F T T T T T T T T T T F F T T F F T T T T T T T T T T F F T T F F T T T T T F F F F F F F F F F F F F F F F F F F F F F F F F F F F F F F F F F F F F F F F F F F F F F F F
  <DiscreteSampler_grid>
  grouped_processes
  1 # 1 for a reference and 2 for a running grid.
  10 # Attribute 'min_bin_probing_points' of the grid.
  1 # Attribute 'grid_mode' of the grid. 1=='default',2=='initialization'
  0.0000000000000000 # Attribute 'small_contrib_threshold' of the grid.
  0.5000000000000000 # Attribute 'damping_power' of the grid.
 # binID   n_entries weight   weight_sqr   abs_weight
    10   10   6.271780835841572E+005   1.946324098964340E+012   6.271780835841572E+005
    16   10   6.273884283392258E+005   1.947343116952841E+012   6.273884283392258E+005
  </DiscreteSampler_grid>
