  0.00191598558337474  0.00194634863329173  0.00198364837134099  0.00202295675884621
  0.00206265678272115  0.00210464203323543  0.00214909869956578  0.00219382023538398
  0.00224019322679018  0.00228612171705786  0.00233165351204981  0.00237736832684809
  0.00242760606629410  0.00248016051400265  0.00253695889231917  0.00259370510907822
  0.00265039888809262  0.00270804779928390  0.00276734422600628  0.00282877280192447
  0.00289257593594107  0.00295902273385476  0.00302861256253088  0.00310010405306579
  0.00317442576576610  0.00325305152990984  0.00333985145087041  0.00342609022278323
  0.00351286637660155  0.00360006247009459  0.00369023065912569  0.00378365347479131
  0.00387864580231547  0.00397182374818288  0.00406450837877971  0.00416069674411117
  0.00426162984332252  0.00437134932776205  0.00449069859797008  0.00461413572697487
  0.00474128989186333  0.00487298431913100  0.00500864227654881  0.00515068851057858
  0.00529887390066309  0.00545669434409199  0.00562066224145946  0.00578865569177704
  0.00596254520476849  0.00614147057453025  0.00632967727420444  0.00652977819199915
  0.00673980602277718  0.00695659040431208  0.00718210882319178  0.00741862572740552
  0.00766781056208859  0.00792483614017385  0.00819260293653954  0.00848005509838956
  0.00879016206998471  0.00911837453257411  0.00946605322238201  0.00984244750702922
  0.01024966600699939  0.01068138819995646  0.01113460324468689  0.01161130380064106
  0.01212189898591158  0.01266483329905139  0.01323816669359825  0.01385708832742708
  0.01452596982211578  0.01524849504369610  0.01602801476719557  0.01689120935638653
  0.01783355851808422  0.01884478396232412  0.01992731106628157  0.02110831295185451
  0.02239479095442883  0.02379925745098290  0.02538898435888516  0.02724673908296463
  0.02942438482148736  0.03190272266018480  0.03484959420317327  0.03870302396072441
  0.04359172152780474  0.04941659621170667  0.05641531013152062  0.06630154840522037
  0.08098060067292935  0.10586527292290814  0.18164553786767609  1.00000000000000000
  0.00183964742861147  0.00354276031337327  0.00462945945705184  0.00558458184216890
  0.00652135621004576  0.00745414651265865  0.00839816306997187  0.00937811661750590
  0.01041799334315691  0.01147181075986637  0.01252905331076240  0.01360163825823609
  0.01468871124263373  0.01581159352130198  0.01700600209638162  0.01826310517501757
  0.01959557336740608  0.02097803696967877  0.02238622552623292  0.02383391730786012
  0.02533953570233762  0.02693444114927401  0.02858669422336509  0.03024916575149353
  0.03190455840397645  0.03367268167143871  0.03555675993023570  0.03752943637717039
  0.03949636684064188  0.04155654872971545  0.04361211188176752  0.04576187540473221
  0.04810833815302801  0.05061342066189481  0.05312729066475935  0.05563121095045726
  0.05824766187127729  0.06092919955857380  0.06375116091640518  0.06665574593578105
  0.06976030508772967  0.07301530434423846  0.07638789449097845  0.07991721198274573
  0.08349816736027892  0.08716112702981757  0.09100835944122410  0.09496844006446180
  0.09900509129278671  0.10313580627650758  0.10741046074651020  0.11177076608517987
  0.11617067671234901  0.12076108246235226  0.12571751090723990  0.13106857003140246
  0.13673779946959105  0.14256034473436494  0.14840641334898269  0.15435028268071907
  0.16070185497756884  0.16724874146757257  0.17421086741939912  0.18154327658104347
  0.18931257086824710  0.19723288768478031  0.20537761043746020  0.21380393669307957
  0.22261805999546500  0.23202292589300205  0.24186461635368950  0.25225349835276029
  0.26335202577104555  0.27494358083161913  0.28668321863494561  0.29843180436289940
  0.31044269429705279  0.32294211321672228  0.33617276188517775  0.35042106793330036
  0.36584496945607192  0.38319875468789227  0.40114134204413687  0.41995178577595627
  0.43994632084090041  0.46141454878603472  0.48485302574887917  0.51053321787033534
  0.53864875015976388  0.56954435326346442  0.60396216100334177  0.64395398419707028
  0.69154070052970551  0.75211908512304193  0.84462258120330413  1.00000000000000000
 -0.00251882640624879  0.01042042765419846  0.02119302878006828  0.03227700836253151
  0.04323895325836366  0.05365461236844128  0.06411950319638396  0.07459177026686936
  0.08525493246344870  0.09586032510406213  0.10628107830167950  0.11668157805224655
  0.12733574704169570  0.13795955161073237  0.14830266618630550  0.15800229056582477
  0.16781644781552491  0.17773601914819698  0.18799905520442262  0.19865063999849220
  0.20953972773580631  0.22039388195552775  0.23114465292659428  0.24170434169153959
  0.25248385971896359  0.26321435162293266  0.27393622565820902  0.28487041325931794
  0.29536373872668803  0.30574629256078617  0.31603203509304184  0.32624137772828121
  0.33656076998354434  0.34701592447668905  0.35770162734651634  0.36850139095290407
  0.37916006240391664  0.38985440786457071  0.40055847710979636  0.41156192914761081
  0.42269867794326443  0.43353501148638829  0.44390093206615422  0.45432928966756320
  0.46480126592647825  0.47558561411156874  0.48626133073970368  0.49706637789240238
  0.50789579977611155  0.51889118830005843  0.53004048245335611  0.54106451359482344
  0.55193732350506652  0.56292382772089999  0.57371921983066032  0.58424515144131861
  0.59461409440736623  0.60514288000674188  0.61605384605481761  0.62696965405463501
  0.63791362168778754  0.64843675645797560  0.65893055042403736  0.66909684948829218
  0.67886517620183384  0.68864984257535344  0.69828187678861742  0.70796411996617470
  0.71754931139440081  0.72748995219491808  0.73774292368065597  0.74826943278694280
  0.75868031638690192  0.76928020006620446  0.78030722398554841  0.79139119603253705
  0.80245915757312569  0.81326096705182749  0.82375430275717021  0.83410549992248562
  0.84429246030280369  0.85442999440828027  0.86469274236490978  0.87552463462672281
  0.88690913987957920  0.89807772459569690  0.90855609067755949  0.91836019992049900
  0.92810845956310395  0.93750301714086637  0.94727476103993113  0.95663032466197229
  0.96744708610399865  0.97792865989240874  0.98916484927005222  1.00000000000000000
 -0.00254033602157816  0.00961709338516819  0.02015445136008081  0.03055002287965160
  0.04091135556954194  0.05092365666363546  0.06101824053616999  0.07139436228226763
  0.08190754703435769  0.09248394385915853  0.10289984150638160  0.11315011587178994
  0.12335231987151550  0.13333707419757146  0.14378951855068778  0.15427124239438686
  0.16396442370116152  0.17392195833455526  0.18402188386606402  0.19455992052953391
  0.20506214519434682  0.21558944553490089  0.22644215672471063  0.23721847999095802
  0.24809312683071633  0.25892531266184637  0.26926769400592715  0.27941255403879700
  0.28951317496760848  0.30008272950716081  0.31099407769920717  0.32155639710758466
  0.33208313484122881  0.34265818034594303  0.35323377828803759  0.36379478962373613
  0.37419232340430419  0.38455153918334256  0.39489431750900506  0.40491551596879688
  0.41496580053267779  0.42541727253118833  0.43632780239491908  0.44749193052251490
  0.45827615311668329  0.46889221342086845  0.47933423572747408  0.48971310675212493
  0.49980738765808019  0.50998916035160635  0.52016199767395621  0.53063266623984950
  0.54098595426521612  0.55119992400893814  0.56148683840076707  0.57179973511899318
  0.58277536313314882  0.59450638585878324  0.60655890230987397  0.61765120236222282
  0.62822115560951264  0.63885638473782869  0.64996400166358581  0.66061835876988828
  0.67109563984961107  0.68158345233497541  0.69268169502837418  0.70396184557118002
  0.71506363803385531  0.72616882949338402  0.73694606017744613  0.74761918321297438
  0.75817066559451307  0.76884802885431369  0.77936848947231119  0.78994059700323183
  0.80052019841510891  0.81128060634488142  0.82195612059177936  0.83279692344066192
  0.84332543035838869  0.85406106457713782  0.86384519189689990  0.87390070445420442
  0.88381021409663341  0.89430362559336374  0.90495447977878829  0.91539821169505142
  0.92615769291695293  0.93684739083112278  0.94743832226345348  0.95821635415692374
  0.96868173530315849  0.97915736010804655  0.98927557373801445  1.00000000000000000
 -0.00241771789452833  0.00961971629162321  0.02017645780061247  0.03062065192700290
  0.04110150113599718  0.05208385760885162  0.06215490298798738  0.07210091903575666
  0.08193471058420013  0.09221267291079878  0.10262254699082175  0.11292411654850795
  0.12374756062950475  0.13487629505655499  0.14595341541666745  0.15661412854393419
  0.16724619658236101  0.17780376447796090  0.18860711691936921  0.19932871310362849
  0.21024675530493545  0.22104191617088517  0.23173363122264537  0.24247691664147181
  0.25335977873109428  0.26426762791399022  0.27501049941379802  0.28553108864421101
  0.29605150454748236  0.30666810845608145  0.31772622812495110  0.32894039043454149
  0.34013539212931021  0.35106787436007664  0.36164981152672404  0.37199388007641160
  0.38233700338363752  0.39274192200383612  0.40293167000578523  0.41303692830932043
  0.42312280848827688  0.43368060863834096  0.44453318029439792  0.45547197416761737
  0.46627744094922341  0.47696491847999845  0.48753519703778159  0.49801098787508208
  0.50859768903410862  0.51928953723581883  0.52992090926207658  0.54022901828873560
  0.55060316890088457  0.56114830823444539  0.57158476741770370  0.58207810783532443
  0.59252931157499567  0.60294158327724123  0.61334671248192096  0.62346542990409137
  0.63356788487798488  0.64369359934734527  0.65423244551202830  0.66485845325667570
  0.67511896687831230  0.68466870558394166  0.69423348792662398  0.70398176258129852
  0.71450393080626962  0.72488096463847418  0.73568568730860784  0.74673773730848580
  0.75777154266215718  0.76855718919470228  0.77939177802160176  0.79019982532515509
  0.80119000387350603  0.81203203294941362  0.82238926611056173  0.83333607884107186
  0.84402411841135228  0.85491184686684851  0.86488059925305771  0.87525338071544756
  0.88553453604576216  0.89618955684351620  0.90654462246128154  0.91669563413564248
  0.92716061621908574  0.93773325565547216  0.94825730578957645  0.95870100652078771
  0.96863707020357015  0.97895868776058070  0.98923318673526894  1.00000000000000000
 -0.00230241253445192  0.00910892339112196  0.01892348750737085  0.02878696209155195
  0.03878415485951275  0.04936605929028912  0.06000196295471351  0.07050958567340870
  0.08027333443867962  0.09044275840256054  0.10061601683056204  0.11160755631033101
  0.12149990679232413  0.13157559578423236  0.14162673968981579  0.15226407136416775
  0.16295051263523425  0.17363209124282905  0.18422287490621977  0.19527116280306611
  0.20636813946893004  0.21740774558266093  0.22827953825562111  0.23907745022567925
  0.24966312065642968  0.26015914290461767  0.27073418289341622  0.28132376706289741
  0.29170790086983256  0.30197219120682306  0.31262344163544403  0.32374402543419600
  0.33505860076980848  0.34612585202755008  0.35700911632833965  0.36789424741431825
  0.37865365519387584  0.38935602831701993  0.39978462854782665  0.41012267219962628
  0.42058798639842426  0.43150153668505986  0.44259327288248534  0.45363844464791625
  0.46470588223784193  0.47583360185585061  0.48697150730727462  0.49805893492040587
  0.50905493159614879  0.51997459541072277  0.53085001745077698  0.54185553440453726
  0.55323111492425703  0.56482922686411940  0.57639815846640086  0.58765936154952525
  0.59862857159690264  0.60940983266309767  0.62009797902157293  0.63073364554350131
  0.64120270942928204  0.65116985438088526  0.66059359023656394  0.66991156415286057
  0.67955100375101607  0.68972481009559816  0.70000802903990123  0.71048442805736400
  0.72102665263910326  0.73140414187864533  0.74156482931481005  0.75160017508049470
  0.76158429686410356  0.77145760292249121  0.78191331457884772  0.79224526852347699
  0.80229580294412806  0.81248716953590916  0.82293431386617277  0.83361923379090119
  0.84383329889965919  0.85388797764385937  0.86381616942559059  0.87412815484435069
  0.88447330902542720  0.89475450901731812  0.90502443031691160  0.91542546084126331
  0.92591568543722680  0.93649460490519487  0.94697688406166458  0.95735404223692688
  0.96759862869904800  0.97825745357983396  0.98907288047739372  1.00000000000000000
 -0.00264911640142176  0.01034271165886349  0.02061846176155874  0.03105889794961133
  0.04172883312412909  0.05231869852850392  0.06319436929585771  0.07373211597667383
  0.08397232035288607  0.09408043722418290  0.10438331605680826  0.11538640169729598
  0.12630568594368136  0.13661841993301904  0.14659479190119998  0.15664039054367057
  0.16702821655859348  0.17763180729163314  0.18836004496850070  0.19903381841341550
  0.20990590497342412  0.22088042212375095  0.23139899608969686  0.24132212017554144
  0.25125946062623006  0.26153956806272172  0.27207947445580438  0.28217841863815180
  0.29237563683840329  0.30296642344584546  0.31386963052299810  0.32515396236557959
  0.33650684140456621  0.34781357508945221  0.35909493616359783  0.37002614208163503
  0.38092527916804131  0.39179901605855511  0.40261761106648974  0.41347086615191608
  0.42452895948307956  0.43593135415253509  0.44709367881486611  0.45796804137392488
  0.46847713110643052  0.47923612763031620  0.48970406867538507  0.50014592976141758
  0.51044685524045930  0.52081349625005302  0.53132137448870564  0.54171271260288656
  0.55196926747376995  0.56221303588468563  0.57278372128951160  0.58343078173207497
  0.59404686077358659  0.60453287478611151  0.61503640764340850  0.62536031641216427
  0.63532007006939406  0.64512302566664192  0.65489466749173519  0.66491937905376897
  0.67512760012398265  0.68515603800421709  0.69524662314243568  0.70526096728910781
  0.71545408390386922  0.72580746983537647  0.73630330946395517  0.74692064435355465
  0.75726712761252513  0.76746723094654334  0.77798435003687405  0.78897472410967839
  0.80029566035387933  0.81131032603649522  0.82171274069228695  0.83172614858841742
  0.84161046151797758  0.85178385339752016  0.86197411630632381  0.87263781771009630
  0.88337367933544486  0.89434274481419607  0.90462361757640974  0.91476114474801951
  0.92498466399369095  0.93551779461479578  0.94629474828042959  0.95680771670555520
  0.96711910880319707  0.97798545290794536  0.98881485181670659  1.00000000000000000
 -0.00254845345502984  0.00984285162630184  0.02038702922968288  0.03103229849536943
  0.04121537761539863  0.05145298982196815  0.06168743141918587  0.07232387065289626
  0.08312554046506028  0.09363853502584180  0.10419453830067174  0.11455541847672580
  0.12494611992459755  0.13506967173277362  0.14520490170070177  0.15550889223644399
  0.16584752741204245  0.17656251725222283  0.18757229784542856  0.19869296514961546
  0.20975000070628833  0.22065626606795649  0.23157059575863845  0.24239940081629013
  0.25299632185944149  0.26355006292701155  0.27423900778839871  0.28506191525680002
  0.29588970311651036  0.30661835049552283  0.31772379901548742  0.32891344674283857
  0.34011341130023676  0.35130369927994132  0.36255382291236826  0.37383655793484877
  0.38490517289333404  0.39581422735445249  0.40640092423015028  0.41675740094137070
  0.42716718130179171  0.43766971762789453  0.44853351458877666  0.45949892829417016
  0.47041260021396242  0.48116578763753121  0.49176963213455921  0.50252739350836706
  0.51338614082385214  0.52411554137188388  0.53463719659917608  0.54531491204876226
  0.55625384524307142  0.56743049053988304  0.57869047976481258  0.59001243807560455
  0.60132960785127898  0.61209486361725851  0.62241763464616562  0.63241601644536305
  0.64250013704045561  0.65245860174194881  0.66210158314501599  0.67172138663617365
  0.68141847467914274  0.69156203679245298  0.70135018264518256  0.71127882443906754
  0.72131368207793622  0.73136625912955744  0.74170221098592892  0.75216427695172461
  0.76262731868998290  0.77283958522396046  0.78280582450643588  0.79288002203371544
  0.80304034233033761  0.81339069110433715  0.82409908393461628  0.83489827205149614
  0.84560908952420655  0.85634379408792527  0.86746918190204825  0.87847516184098839
  0.88943520860837055  0.90005062416433168  0.91078084889662625  0.92102205142185223
  0.93068907062067641  0.94041098289922309  0.95059859593255525  0.96037475966312857
  0.97021940683688424  0.98019310713506247  0.99020943306827880  1.00000000000000000
   4.1285094482374738E-012  -1.0000000000000000     
 T T T T T T T T T T T T T T T T T T T T T T T T T T T T T T T T T T T T T T T T T T T T T T T T F F F F F F F F F F F F F F F F F F F F F F F F F F F F F F F F F F F F F F F F F F F F F F F F
  <DiscreteSampler_grid>
  grouped_processes
  1 # 1 for a reference and 2 for a running grid.
  10 # Attribute 'min_bin_probing_points' of the grid.
  1 # Attribute 'grid_mode' of the grid. 1=='default',2=='initialization'
  0.0000000000000000 # Attribute 'small_contrib_threshold' of the grid.
  0.5000000000000000 # Attribute 'damping_power' of the grid.
 # binID   n_entries weight   weight_sqr   abs_weight
    10   10   2.085060472839100E+005   2.855404479647513E+011   2.085060472839100E+005
    16   10   2.084341653015966E+005   2.855102713930536E+011   2.084341653015966E+005
  </DiscreteSampler_grid>
