  0.00000005499208814  0.00000037268926691  0.00000069252390795  0.00000097966836058
  0.00000126958660648  0.00000161715007246  0.00000200329648543  0.00000231979658219
  0.00000257106410515  0.00000287874675385  0.00000316257006969  0.00000351087314728
  0.00000393152847359  0.00000449158526178  0.00000525477737106  0.00000592822556823
  0.00000647891154020  0.00000702880138877  0.00000767695085935  0.00000851280283056
  0.00000939711419304  0.00001031833836189  0.00001132894940807  0.00001230981833502
  0.00001294749147083  0.00001366458830128  0.00001433662043927  0.00001488876887462
  0.00001535422355473  0.00001591849955303  0.00001658844160235  0.00001724859352599
  0.00001784433670312  0.00001839197736215  0.00001879771984891  0.00001920862104755
  0.00001965305546998  0.00002016943562642  0.00002061879632375  0.00002099195671336
  0.00002134313019994  0.00002182518013418  0.00002275056479690  0.00002393418871085
  0.00002470380289289  0.00002525911694882  0.00002581864008846  0.00002639493056816
  0.00002692377832571  0.00002718418962150  0.00002741374648909  0.00002794519690190
  0.00002840973697174  0.00002890852662480  0.00002941693439246  0.00002992029603280
  0.00003037974025114  0.00003079353625309  0.00003122700482298  0.00003166322581555
  0.00003203550520406  0.00003252003501281  0.00003301633688089  0.00003347955283232
  0.00003390296563070  0.00003437995820315  0.00003478264408690  0.00003552415733202
  0.00003657401162683  0.00003774547585469  0.00004065284121986  0.00005349364224901
  0.00006157113089444  0.00006334159524573  0.00006492176159123  0.00006638252640891
  0.00006786525694879  0.00006937857462972  0.00007062394590655  0.00007207338703204
  0.00007357514833468  0.00007587541021096  0.00007986587365186  0.00008338437385611
  0.00008737506191895  0.00009246922293034  0.00010008728898310  0.00010792158513887
  0.00011242541259463  0.00012933027065035  0.00017993985055839  0.00023244295718399
  0.00036518404467245  0.00049792513216091  0.00155535305299065  1.00000000000000000
 -0.00000019634334549  0.00000188847151415  0.00000352318794187  0.00000445810731735
  0.00000522704460962  0.00000597042542714  0.00000742080136715  0.00000910123939189
  0.00001113520484144  0.00001387234970150  0.00001681711455973  0.00001875723295667
  0.00002042401893720  0.00002224867905081  0.00002381222588721  0.00002547618026595
  0.00002733493203505  0.00002904547644193  0.00003094546396434  0.00003217442738055
  0.00003341611936109  0.00003451015764775  0.00003521452834026  0.00003627974339875
  0.00003727488811743  0.00003810521712423  0.00003908811264101  0.00004022450118217
  0.00004115164356351  0.00004210195125839  0.00004290215476673  0.00004369111831876
  0.00004461662783821  0.00004548769600828  0.00004616252571694  0.00004712929074115
  0.00004863251793535  0.00005009473996535  0.00005130512031293  0.00005351073305479
  0.00005630442121549  0.00005884625885015  0.00006138716587425  0.00006389118491017
  0.00006735665918265  0.00007133211492885  0.00007562156342196  0.00008058332812093
  0.00008628564023717  0.00009236658966279  0.00009740527613053  0.00010076182015659
  0.00010418247540913  0.00010766391118096  0.00011115460173444  0.00011459001397440
  0.00011775575250672  0.00012319922151755  0.00013035487173707  0.00013792793305292
  0.00014563682437276  0.00015317466459562  0.00016050150755152  0.00016740034827053
  0.00017256838029564  0.00017738013342707  0.00018334274131421  0.00019071053044654
  0.00019785721176180  0.00020383811334193  0.00021002176680180  0.00021674407891014
  0.00022278998796527  0.00022893771737361  0.00023577203094459  0.00024191106433185
  0.00024717668969285  0.00025278932241873  0.00025861459763960  0.00026454874382614
  0.00027050028094728  0.00028089923257981  0.00030434394831824  0.00032778866405668
  0.00035495383420978  0.00038258507445277  0.00042249637384570  0.00047410299713396
  0.00058551226792145  0.00070663000789778  0.00078257488963273  0.00085703738598318
  0.00093282994439315  0.00104215463816918  0.00154827622043345  1.00000000000000000
 -0.00010664052668118  0.00207705168256464  0.00639045931555475  0.01401413486362023
  0.02588441961390628  0.03802477942310641  0.04613005887044763  0.05389669599320657
  0.06176224237993212  0.07072711557495540  0.07781831271322882  0.08486446223335466
  0.08985423764753324  0.09798529478907811  0.10355547346620389  0.11184610006610614
  0.12924429077906105  0.13939456873745293  0.14396236851322575  0.14933606279289421
  0.15550972327545748  0.15940057691093981  0.16468797643163602  0.17229592958625073
  0.17981451336732351  0.18728379235992393  0.19410271855474237  0.20105215184849706
  0.20872984926728944  0.21789094477458107  0.23180834515789991  0.24429538759100777
  0.25672515924523459  0.26936865437898244  0.28203430389431644  0.29456000861597109
  0.30770534730025745  0.32055375691680255  0.33507691249180516  0.34917303985158032
  0.36212742124626046  0.37439676912957864  0.38659411995148590  0.39775240523698019
  0.40870691487508154  0.42023661990527700  0.43141201554519210  0.44182347466367566
  0.45055873757079307  0.45880585298165655  0.46707968172121261  0.47606305722085995
  0.48586460760783728  0.49592720289870357  0.50516238010856385  0.51449798384642609
  0.52525922549139636  0.53486424827661982  0.54081912384353570  0.54609331617519319
  0.55145997596362939  0.55773800589531120  0.56479966235239465  0.57215994716556806
  0.57933532987720626  0.58474873565741914  0.59016425974917208  0.59532536718754936
  0.59958816077498633  0.60363279465952324  0.60945631544699763  0.61654766428224861
  0.61958145711071999  0.62266225109140860  0.62663418459995568  0.63181887945341053
  0.63703924245246579  0.64460232326294264  0.65194330141562729  0.65786352671889003
  0.66259086936906142  0.66667617688660097  0.67065959431241084  0.67591513523199764
  0.68556527243172005  0.69797469047043004  0.71834793869343005  0.73973670915404943
  0.76274943331671619  0.78653356682153364  0.81087753512431415  0.83923460733084687
  0.86940006338809828  0.90731864548073138  0.95020178109620612  1.00000000000000000
 -0.00654468310341417  0.02130913019448889  0.03752345564059887  0.04903623604034458
  0.05838199731022822  0.06754122086692656  0.07796096310166434  0.08993124204401665
  0.10331024303479923  0.11540996421340950  0.12806803969050856  0.14131735715017288
  0.15403173805574721  0.16983553295009857  0.18661769291732636  0.20214133868570761
  0.21691194956253629  0.23289951555247454  0.24926562231820054  0.26477491159481981
  0.27777820181228752  0.28737246312623821  0.29537665386432221  0.30387511551667573
  0.31380467781143950  0.32367084675672564  0.33147910694962479  0.34026112846316925
  0.34812827107640049  0.35703948448143324  0.36795663986441723  0.38027602076840755
  0.39537700126543529  0.40993571592144595  0.42398985786575549  0.43464680436531100
  0.44228678469063254  0.45004893673719765  0.46221996213787681  0.46746577738477901
  0.47416850673714689  0.47764582371613890  0.48115264229854726  0.48720819584243202
  0.49430429872300402  0.50145953899406537  0.50805609713281008  0.51382043629633500
  0.52052139864181146  0.52968706414014111  0.54388121408407952  0.55975584730028172
  0.57404652836553038  0.58692987713109612  0.59700243079558402  0.60686300635079438
  0.61698405439250104  0.62778613276956430  0.63552567442767482  0.64117767628086941
  0.64544378482955667  0.64951549600905578  0.65437914950707388  0.66063807154564891
  0.66745103461032362  0.67837961407662728  0.69147463534319054  0.70661817410650218
  0.72643950072292907  0.73349491284273727  0.74100688226529832  0.74746717453927214
  0.75324302961253853  0.76059583937169761  0.76955683479015558  0.78529101332776430
  0.80925964948901608  0.83084988359286793  0.84788107681515101  0.86000693695346619
  0.86936001300269872  0.87579155585695356  0.88290446602177608  0.89154133733802332
  0.90113294580301095  0.91078220251973296  0.92314256702254416  0.93640406016852307
  0.94810458069665871  0.95600205797184601  0.96168398059608040  0.96760520133039596
  0.97363568971752790  0.98111020922948455  0.98998429926672626  1.00000000000000000
 -0.01098552388715927  0.01873610973659245  0.04586918408945723  0.05800980485978650
  0.06959570051238606  0.07938145721724360  0.08711201929411681  0.09384252652700083
  0.10029109969540921  0.10740306115181496  0.11669738867880548  0.12240375397903605
  0.12847951690250281  0.13411517033053366  0.14158077093724750  0.14584778405350163
  0.14934881717968737  0.15343494398239710  0.15704727631091833  0.16057128681585581
  0.16619078737885418  0.17373723302433627  0.18224747140818176  0.18845782266892014
  0.19666686091173341  0.20511485049201184  0.21220516011145482  0.21948262348155556
  0.22783527172817813  0.23865808257036114  0.24617456421483314  0.24944013767030299
  0.25284792530578382  0.25715092027903103  0.26175148167616613  0.26664283942828315
  0.27116552510213088  0.27422125526599600  0.27783754109141229  0.28686187192972912
  0.29356301717974809  0.29969154460093439  0.30688404859870105  0.31930794524189104
  0.33347858413166853  0.34711130757087727  0.36289657477288850  0.37862556905338729
  0.39487323433041877  0.41155138823913801  0.42813992586386307  0.44547382550517950
  0.46172233835855586  0.47590161657606561  0.49107252651202937  0.50802587352616158
  0.52616147736231678  0.54598580127425400  0.55894638196106183  0.56641588262953102
  0.57391314705552987  0.58070409241677301  0.58813149543799936  0.59775745176439254
  0.61156746857139532  0.62410617652303169  0.63673938142086006  0.64889031425661980
  0.66128361747704822  0.67429817069994380  0.69006428450333901  0.71458587971101928
  0.74054801101898782  0.76720882997491002  0.79084928163899049  0.81008651266623322
  0.82720076270794318  0.84446731313363521  0.85714414600888278  0.86793410413270422
  0.87716941682946137  0.88409516874596950  0.89178357481500337  0.90035101755399793
  0.91014168173750043  0.92394034430520300  0.93813412164018728  0.94893012485379225
  0.95682402591156723  0.96482884840456584  0.97266610167261325  0.98023135483834223
  0.98648836927821471  0.99157900120058462  0.99613324070335840  1.00000000000000000
 -0.00317910846283087  0.00911244775218276  0.02136343084877829  0.03268013349903924
  0.04171986309296783  0.05094261835762558  0.06395403771569015  0.07962657875999440
  0.09582607277615457  0.11275031489910516  0.13031555210474338  0.14506938614210299
  0.15758078994273778  0.16929415308084886  0.18094743052835952  0.19051417049013866
  0.19804476830469833  0.20464110938684668  0.21513549415525246  0.22505860798719332
  0.23571634737620711  0.24785962218717766  0.25559269083147107  0.26247421991701364
  0.27197033408378196  0.28273008007885059  0.29289117763685213  0.30141887155284491
  0.30880921513590009  0.31725433424013749  0.32683014024135243  0.33653206334843089
  0.34476007191721753  0.35288984348662550  0.36379754058418762  0.37610347385777970
  0.38573181075866048  0.39598930452286119  0.40929982844800211  0.42124224200892302
  0.43196963327445043  0.44729352983128429  0.46451834737893705  0.47768310804378655
  0.48874423067405759  0.49947344511766839  0.51126436337283798  0.52698477027414414
  0.53892388884988496  0.54966619458522881  0.55876706681893729  0.56882921508897455
  0.58273896708626183  0.59968184309007244  0.61163284620245129  0.62307221629188003
  0.63430102208214678  0.64546862484075174  0.65702233287604561  0.66611795240179883
  0.67178983693703365  0.67678332114009809  0.68111678716567170  0.68456853691684827
  0.68835297345635327  0.69273173469265026  0.70242948326273713  0.71518211997018388
  0.72756650040326132  0.74344936142329943  0.75369708890774512  0.76149884578326987
  0.76711023797077282  0.77288204858578613  0.77898529831807484  0.78347434245722303
  0.78695094856052583  0.79570626342405704  0.80465439686257711  0.81125800713674245
  0.81873198236352596  0.82715439795630219  0.83564567324782535  0.84418998574562143
  0.85340821632585129  0.86278041721049392  0.87543949262139609  0.89314734905818249
  0.91101233390081049  0.92658189286937831  0.94269259983689058  0.96057088871701091
  0.97830773387546244  0.98601427467301661  0.99303332597207383  1.00000000000000000
 -0.00176473716515004  0.00491485855818797  0.01226707276781277  0.02018374856777875
  0.02717983475465864  0.03474506618601760  0.04202073438872572  0.04755130838578278
  0.05326259154522293  0.05859224052188949  0.06351096385251966  0.06868612281785084
  0.07736094982442968  0.08431554202678959  0.09055095161724108  0.09710588444534538
  0.10477937796658110  0.11333470435753955  0.12305639616044146  0.13592013193489724
  0.15069298756149624  0.16631164138505294  0.17983836481250595  0.19046324195644806
  0.19730748107515758  0.20433287441955489  0.21162314825862136  0.21973684683250969
  0.22983939766153372  0.24720149271489059  0.27085994328209173  0.28704928093090343
  0.29925285045059985  0.31257189205478902  0.32621147691104596  0.34012407406845968
  0.35624522353788923  0.37147635426609421  0.38545564570951613  0.39714017611977565
  0.40743637194967330  0.41796013358212875  0.42758075512221427  0.43555552937414893
  0.44445094871177376  0.45496831258425974  0.47325123102831518  0.49345862493452847
  0.51605187917534867  0.53519798257698148  0.55073886174215980  0.56521587723851807
  0.57835286632314198  0.58774975979279043  0.59638500221318858  0.60298950897142489
  0.61104190042378137  0.62187199395341208  0.63334198491716698  0.64182304870674189
  0.64949804944930523  0.65725787028580840  0.66691788165208843  0.67634022295760243
  0.68586100199032474  0.69390889462789085  0.70317269831198737  0.71630261431294007
  0.73700336589033622  0.75615916021170604  0.77597499967416672  0.79549896918747598
  0.81244617613256953  0.83064664967326962  0.85047694889314551  0.87006011253924087
  0.88516917290055053  0.89569586350322283  0.90317975739897294  0.91204025962297697
  0.92224847945652988  0.93219914280613203  0.94340497799601220  0.95468475459138213
  0.96006301983725650  0.96354216436206064  0.96541641742091189  0.96862778484639944
  0.97237083190035911  0.97801655951150079  0.98397528111101784  0.98797274182054617
  0.99085574677675226  0.99375832951175846  0.99647099907783687  1.00000000000000000
 -0.00165838671382000  0.00867019355998005  0.02079178750361053  0.03284132335292380
  0.04375647990756192  0.05516157437413000  0.06603074286084343  0.07658388198947862
  0.08862426201482548  0.10400052697420310  0.11636088749309256  0.12429782542564069
  0.13199123241808897  0.13981041347357770  0.15012297705115241  0.16034139582843474
  0.16844349780996606  0.17641913109112081  0.18384132513269741  0.19208206898869706
  0.20169085863985128  0.21144402723187125  0.22284128495724925  0.23420715254472957
  0.25611293683132541  0.26932977788064266  0.28159701789022618  0.29239132060351747
  0.30206849737532859  0.31273742756605372  0.32109752350072435  0.32711330202734878
  0.33415304358767323  0.34355767825915184  0.35382436608245027  0.36439011160127377
  0.37783219902014237  0.39449569484049646  0.41048612629591485  0.42126227003544620
  0.42757515451012135  0.43261897210132222  0.43721408748502333  0.44325461071308342
  0.45090066364481718  0.45788846538069383  0.46615857421280504  0.47456820799864957
  0.47925892997483088  0.48509100134848782  0.49215518610421638  0.50295610803725421
  0.51770654015011897  0.53236104419278307  0.54545965565079946  0.55919080657838627
  0.57551977917829789  0.59119863062812295  0.60621146047978447  0.62089697104730424
  0.63647437964629427  0.65076792940821149  0.66340257602866159  0.67333034317289542
  0.68175226720234394  0.69172825459145204  0.70105870703102657  0.70959844612198542
  0.72040805745428071  0.73267885665777188  0.74487179287888172  0.75509356670781780
  0.76551824601251928  0.77556713964454593  0.78905413273019087  0.80207601605847467
  0.81223305354201925  0.82143090705580912  0.82836242341405819  0.83424080439920667
  0.83994917922740231  0.84546788251674121  0.85277877907087585  0.86706138384208808
  0.88416278251763702  0.89702671593634187  0.90723633467004139  0.91784966243183075
  0.92895926102336523  0.93799723373869903  0.94684000489242603  0.95548416821553905
  0.96504110489134542  0.97629395824090270  0.98803269991026521  1.00000000000000000
  0.22263952182150937  0.97256531542729219  0.98133189358722617  0.98455995052007883
  0.98636708661359496  0.98790922131102810  0.98898553626173147  0.98983563806032981
  0.99037527990291119  0.99078969609925172  0.99117977884416586  0.99147603747136015
  0.99177382315243512  0.99206986882489123  0.99247421220270604  0.99505328720067077
  0.99548555862882171  0.99554543096467074  0.99559158099835277  0.99563274857504525
  0.99567285460591126  0.99572997888500214  0.99577602340634941  0.99581401430262739
  0.99584934574910389  0.99588348528704596  0.99591783004793422  0.99595422060921590
  0.99600061069561474  0.99606144050522394  0.99612269152298671  0.99618542053728198
  0.99624492636326767  0.99630636146562002  0.99636834028106847  0.99642158514558177
  0.99647388732748132  0.99652758196614011  0.99657921546541584  0.99662193303619662
  0.99667053536794170  0.99672435993065533  0.99678841305764976  0.99687349166050765
  0.99696258789245396  0.99706643512045656  0.99718465494235842  0.99728083268246981
  0.99736967695898548  0.99745431086796277  0.99753708245348538  0.99762520698886115
  0.99771723798682710  0.99781129437111227  0.99791848996070043  0.99798978070901412
  0.99804917632841628  0.99813187732260200  0.99823252354023428  0.99832656016701027
  0.99839700596094849  0.99846491238857293  0.99854164078765884  0.99862138016671909
  0.99869947446165386  0.99877438107873195  0.99883780682867052  0.99889893860621082
  0.99895302235053429  0.99899855471840371  0.99904054094454797  0.99908589790437685
  0.99913684937942637  0.99919298377360066  0.99925712927275878  0.99932703598031702
  0.99938169762848950  0.99943513947094487  0.99947446301044518  0.99951041280775976
  0.99954087596331231  0.99956151841506946  0.99958621825411031  0.99960967350521468
  0.99963052056753143  0.99964844608219527  0.99966562870465669  0.99968333076080607
  0.99970421447485791  0.99973167456250545  0.99975625066421525  0.99978152765299610
  0.99980714528523151  0.99984431211455527  0.99990750590293709  1.00000000000000000
 -0.02857801549354940  0.12853514143899497  0.15569963387733754  0.17242481795260861
  0.18325113652882505  0.19353596031731152  0.20099563535168133  0.20696613663810556
  0.21333088022065516  0.21817877671164673  0.22809651141931742  0.24037928211012316
  0.25274283618104332  0.26207910615416879  0.27129006099005770  0.28010588496135835
  0.28824846825060763  0.29831996121877741  0.30583726725423421  0.31306993092872010
  0.32128985446277664  0.32782954379778984  0.33258385743257751  0.33740821485101935
  0.34260788625837096  0.34875671509028416  0.35575406702257922  0.36401150559318024
  0.37297801421361437  0.38518272277270060  0.39675513519816175  0.40694239723090347
  0.41554386324936082  0.42239905804893418  0.42762005663015995  0.43207224393119170
  0.43608423429377102  0.43997863624499994  0.44420899468216729  0.44909713583315869
  0.45407609398943749  0.46070823897699603  0.47001799603797700  0.47885623005622069
  0.48591729205247564  0.49181235908945931  0.49708407928116988  0.50129318148898461
  0.50603911016265046  0.51090882914420321  0.51576817734604452  0.52025470647807004
  0.52483299889736168  0.52984248566821524  0.53560521629709312  0.54245886007240596
  0.55005281595756894  0.55808502614332933  0.56575690766773523  0.57153142934693058
  0.57496142225718694  0.57807333449738418  0.58079341544809715  0.58316582531361882
  0.58669431948505801  0.59155138769401039  0.59732639935750731  0.60308538569079218
  0.60905813067322856  0.61576587417965822  0.62386281026986534  0.63427073281374124
  0.64491843792273185  0.65429742016596704  0.66308498935585747  0.67208602107876370
  0.68437394260419526  0.69663446374689197  0.70822742494955948  0.71996519028660277
  0.73013200532401823  0.73988122874926676  0.74947550735197377  0.75569984235561904
  0.76129781274670882  0.77005437873969973  0.77723639201794892  0.78333132161427743
  0.78935859357190474  0.79377085007087445  0.80113810395725338  0.81107473555538923
  0.82612680747180589  0.84764570368661152  0.87775828738783934  1.00000000000000000
   2.2456461607238202E-013  -1.0000000000000000     
 T T T T T F F T T F F T T T T T T T T T T F F T F F F T T T T T T T T T F F F F T F F T T T T T T T T T T F F T T F F T T T T T T T T T T F F T T F F T T T T T T T T T T F F T F F F T T T T T T T T T F F F F T F F T T T T T T T T T T F F T T F F T T T T T
  <DiscreteSampler_grid>
  grouped_processes
  1 # 1 for a reference and 2 for a running grid.
  10 # Attribute 'min_bin_probing_points' of the grid.
  1 # Attribute 'grid_mode' of the grid. 1=='default',2=='initialization'
  0.0000000000000000 # Attribute 'small_contrib_threshold' of the grid.
  0.5000000000000000 # Attribute 'damping_power' of the grid.
 # binID   n_entries weight   weight_sqr   abs_weight
    10   10   4.534144416499628E-007   2.031417123922215E-012   4.534144416499628E-007
    11   10   4.534144416499632E-007   2.031417123922219E-012   4.534144416499632E-007
    16   10   2.165498210633764E-006   4.671348702140028E-011   2.165498210633764E-006
    17   10   2.165498210633762E-006   4.671348702140024E-011   2.165498210633762E-006
  </DiscreteSampler_grid>
