  0.00191281693585108  0.00194841730046957  0.00199276757493938  0.00203186035753921
  0.00207423977708247  0.00211983529442909  0.00216676000782981  0.00221601887031156
  0.00226777009530238  0.00231921855571886  0.00237161341183611  0.00242545964506261
  0.00248203248141934  0.00253789952830898  0.00259837783160512  0.00266112664355061
  0.00272433565171517  0.00279182993462099  0.00286599543532636  0.00294187226631500
  0.00302040320214391  0.00310300914838129  0.00318500833840715  0.00326792882012329
  0.00335160881464480  0.00343656059230128  0.00352504354349733  0.00361539846733661
  0.00370624469764355  0.00380246213114969  0.00390108367620655  0.00400684774382263
  0.00411447406494064  0.00422385236382364  0.00433833633345601  0.00445928837959516
  0.00458678729104455  0.00472154177439881  0.00486081900071303  0.00500671380583889
  0.00515534708125171  0.00530439500341398  0.00545257425293785  0.00560503978041069
  0.00576586237504983  0.00593407038498831  0.00611175715797037  0.00629905613629838
  0.00649443133311797  0.00670484889510328  0.00693872411624892  0.00718020354461101
  0.00743580602022734  0.00769270128360216  0.00796566311964176  0.00824861097870635
  0.00854705549154664  0.00885952984336779  0.00918645196047358  0.00953901275844883
  0.00991094785353035  0.01030807478733903  0.01072974308281303  0.01117140647811466
  0.01164947329210901  0.01217489919099062  0.01273572511017205  0.01331945983072469
  0.01393413355868116  0.01461280302878307  0.01534053935223773  0.01612277320426563
  0.01695422516702566  0.01785178894816363  0.01882139810609312  0.01988760177215901
  0.02107848482182051  0.02238766014821574  0.02381120401808525  0.02539443861750676
  0.02718841210019088  0.02920260556292188  0.03143930972198634  0.03395307804242319
  0.03689353122995741  0.04039431516146474  0.04454471032710448  0.04942939953563942
  0.05537117924109233  0.06324517220998659  0.07326313537901864  0.08719928497194961
  0.10945889821531005  0.15002732315690082  0.25816881250878304  1.00000000000000000
  0.00494624495918057  0.00553603690976116  0.00613599457263432  0.00674259424422922
  0.00736129808137409  0.00797086075198081  0.00856635186218375  0.00917985648397154
  0.00985891704122297  0.01059405819700281  0.01134098557133066  0.01209120678911178
  0.01283877896846813  0.01365829909878527  0.01450606492578953  0.01537884565755054
  0.01628474363451295  0.01724875379909809  0.01827466460667479  0.01936747373778604
  0.02052506343793057  0.02174080857901525  0.02301059350736160  0.02429280699425700
  0.02563758834772942  0.02698220752839340  0.02833466523649514  0.02972354443544467
  0.03118141718902064  0.03275277852987521  0.03441405039484163  0.03618771042345426
  0.03800792638154902  0.03984923955991908  0.04175961921836944  0.04378147542473138
  0.04580726327412375  0.04793721216374558  0.05033272422454427  0.05284586099160608
  0.05529392708155836  0.05781335769764254  0.06046303967554897  0.06322643056377807
  0.06608439265321593  0.06901882893719977  0.07196629890089533  0.07519070958311287
  0.07852789317907066  0.08199842530518202  0.08562150547077345  0.08939913276922712
  0.09332650887227117  0.09736624522738417  0.10164289588841406  0.10622754999842386
  0.11111848768816750  0.11619896557460536  0.12126496819942284  0.12658225603382084
  0.13213645816180994  0.13769873661754320  0.14391344279834964  0.15018168297027376
  0.15655452290364502  0.16323408454718463  0.17040955233377708  0.17782495678243240
  0.18527457484041535  0.19291331169850040  0.20094738605127854  0.20954429230647550
  0.21862034502465422  0.22915462134356113  0.23986267244525095  0.25108222460266794
  0.26294931969752328  0.27537069546045623  0.28889874277567135  0.30379767083396475
  0.31992518314413809  0.33771343764222506  0.35705530799626251  0.37704269495886861
  0.39900788161857298  0.42280783950429329  0.44857970351424442  0.47720983577500081
  0.50890533745929867  0.54566092907776353  0.58629872073012779  0.63498561893041039
  0.69064052355854455  0.75717622170671650  0.85099126325427499  1.00000000000000000
 -0.00223241090479576  0.00765029229307888  0.01685827532492798  0.02713264128244161
  0.03809789360485873  0.04916879939260176  0.06001626941843690  0.07091392601936927
  0.08176940643671789  0.09241932432754150  0.10307202741931801  0.11384830232917577
  0.12435745926864655  0.13485953074250087  0.14501383044271762  0.15524317448473765
  0.16580031750514074  0.17677258017831773  0.18793551565683830  0.19883670491983285
  0.20986872366605522  0.22098022994557806  0.23189228715158000  0.24245195208395917
  0.25267846340818778  0.26298194831134214  0.27325591047818376  0.28367148995894015
  0.29436951103312814  0.30513267644638264  0.31546596862520981  0.32536861963045660
  0.33577296630986952  0.34666624300180271  0.35728517328767634  0.36743530426207127
  0.37791643409061287  0.38893526750680485  0.39987690122189123  0.41034100567144038
  0.42055784324664336  0.43083748979288478  0.44137362500351157  0.45169696773837004
  0.46167810632973488  0.47167132914420934  0.48231423653027544  0.49336106924451606
  0.50438516613973783  0.51449191629660929  0.52455843055807194  0.53468908753342792
  0.54516673263114479  0.55575190770963734  0.56654348470634563  0.57707348431011707
  0.58695642189324815  0.59636907238834569  0.60553386719444879  0.61521632291206441
  0.62519573245862803  0.63559064789129471  0.64635927721037834  0.65700799742155924
  0.66784821699237129  0.67907079690133576  0.69051093275693898  0.70172095031178405
  0.71312328021799276  0.72470368696552168  0.73622949135733973  0.74727405989688489
  0.75840952178380072  0.76947767233961240  0.78029429329911193  0.79077273094910894
  0.80088341198686119  0.81122738042118636  0.82168113824368350  0.83254784987552655
  0.84282006922866526  0.85315768051886942  0.86353270334368426  0.87430738720492907
  0.88470549305978408  0.89516179343879243  0.90596043360362333  0.91709508510967874
  0.92765911483444996  0.93770999262125698  0.94774223327387497  0.95784898372243998
  0.96792828402843034  0.97822625931562535  0.98887853833915274  1.00000000000000000
 -0.00220298397537931  0.00912179345625626  0.01959146574679150  0.02990232469806368
  0.04047204155536381  0.05108464725208763  0.06208318014146253  0.07338129129068227
  0.08448179368424540  0.09562100899425981  0.10649846011712828  0.11689560485726329
  0.12686677240241867  0.13626296905607518  0.14592883589044153  0.15587861496913466
  0.16567029722702353  0.17527848450567646  0.18504185341303386  0.19531795188571102
  0.20569864523769263  0.21609873460285664  0.22659184207032707  0.23740602653582468
  0.24850110513691545  0.25946206922111537  0.27023161410880431  0.28085648429782134
  0.29171930118620426  0.30268183621386557  0.31311854130301436  0.32340754094359203
  0.33384787857643194  0.34442740645914766  0.35512253161200763  0.36588386281897761
  0.37693185373999727  0.38821640368310401  0.39950346158797712  0.41066492650076297
  0.42123770041167641  0.43161826257704916  0.44190859161382162  0.45243826713753438
  0.46332301162903494  0.47450657116906192  0.48568133255510565  0.49662522058383574
  0.50752733333602273  0.51856773050403560  0.52942558823030694  0.54014180113638788
  0.55075358594818502  0.56129113342967851  0.57159917926519233  0.58196643652039715
  0.59266201627155790  0.60279515172444231  0.61288773337691804  0.62289260541586644
  0.63323550606895396  0.64344921989361903  0.65347334739146845  0.66376503768379047
  0.67408894666792929  0.68425600972886691  0.69424161054046274  0.70428948959167159
  0.71468120759161802  0.72495501396342699  0.73539386072700996  0.74530350543191137
  0.75536518527418528  0.76557924775664554  0.77643348262359102  0.78751440500028658
  0.79860074124824965  0.80976859076169738  0.82062076859113919  0.83156221318508905
  0.84231953728591835  0.85326274114558476  0.86367902275511677  0.87377705194926514
  0.88404603321944497  0.89486518276105564  0.90588932107437348  0.91659678657263277
  0.92668776046612644  0.93671522851710265  0.94667502506869194  0.95713364675224821
  0.96788711914976999  0.97860538401155528  0.98943853501758827  1.00000000000000000
 -0.00275270454151478  0.01006331400356089  0.02137697907552067  0.03269542727702048
  0.04385142367806256  0.05465625058737112  0.06551900728586350  0.07617487431569991
  0.08685455060413648  0.09715817467875644  0.10816872215389409  0.11911153364861590
  0.12957005712514821  0.13975178664903981  0.15009767937091176  0.16045979825476217
  0.17061845109143209  0.18069110647506001  0.19114996762974448  0.20180131238805848
  0.21268803055129712  0.22376337105025784  0.23488574433136475  0.24557285706031051
  0.25595537785723471  0.26633571415711516  0.27651251453157494  0.28646770865137922
  0.29635133017185300  0.30625463032133671  0.31612656126695676  0.32587886606049993
  0.33565763694232403  0.34561866486900494  0.35561709512386680  0.36559780405369913
  0.37590932920672621  0.38647980059067427  0.39725218574598264  0.40829867206999682
  0.41935012584514436  0.43012149344224049  0.44078156162076104  0.45153675196188081
  0.46253938337706191  0.47384589227915275  0.48535109824844141  0.49694338871196114
  0.50833691760047539  0.51926883375791189  0.52989210106212059  0.54053525133863789
  0.55151227008590731  0.56277060257011835  0.57396249323047677  0.58517289197768907
  0.59608760349228240  0.60674517796425931  0.61655730446901647  0.62665471058191702
  0.63694005213911142  0.64704957114830153  0.65704652823040477  0.66734795494841970
  0.67853946245622787  0.68990151083011086  0.70098484568179464  0.71159609164692605
  0.72186917805342010  0.73221325373410273  0.74245419418780934  0.75272859558157557
  0.76328594115366433  0.77392784540962789  0.78416047952126211  0.79395717335430982
  0.80351328313236536  0.81335305162332538  0.82338331512459340  0.83328736342816812
  0.84342407412892040  0.85388523130065686  0.86476974789127337  0.87519974420189717
  0.88559183967054389  0.89607165284096302  0.90731237562539391  0.91834090174797300
  0.92902991932145884  0.93958568795149533  0.94953042629624496  0.95921940481400703
  0.96859990624256298  0.97859867204165363  0.98929187721408518  1.00000000000000000
 -0.00235603611978518  0.00967454176510630  0.01893253898925615  0.02883596226241820
  0.03891812180939108  0.04941758974262216  0.06011157457805601  0.07002792740400458
  0.08034391996613634  0.09101404068503496  0.10161221700821944  0.11206794458442776
  0.12242052928124386  0.13281217720411007  0.14342780864193613  0.15351672112678372
  0.16386545740893912  0.17402998638463651  0.18489493929999368  0.19590570312960770
  0.20658429751409335  0.21712591708339357  0.22782902841421993  0.23839188149741300
  0.24830307866016227  0.25857248560117752  0.26895233217528602  0.27957579068737165
  0.29023800967753149  0.30121008661275323  0.31220503331873262  0.32320551720661028
  0.33391207522320543  0.34462059736911649  0.35512810031457553  0.36547848654210668
  0.37564395397938311  0.38583723099057460  0.39675037128520013  0.40828695143454324
  0.41955979381597647  0.43017237417442816  0.44097404718951033  0.45215848855749735
  0.46317029682447247  0.47399332669745164  0.48416412553212335  0.49438932216080633
  0.50424915147026261  0.51454238292733279  0.52491023556786776  0.53518536940490302
  0.54508938509999139  0.55502522401556831  0.56474565284376721  0.57501523432106649
  0.58543808101361139  0.59629163747543212  0.60720751174256338  0.61808940101186893
  0.62864955709825598  0.63861669862332615  0.64886680641860972  0.65925459256536756
  0.67000408930966604  0.68059651067267535  0.69161078474171211  0.70265688624932643
  0.71379938075848670  0.72511275186778057  0.73647331937571481  0.74732433357553685
  0.75769590537182097  0.76806708600739326  0.77870996225229416  0.78908799438346156
  0.79960806866200385  0.81029788242749456  0.82120533829116404  0.83215553793412111
  0.84298003101209074  0.85414669158134904  0.86529757756021297  0.87681928662139019
  0.88816436284210787  0.89914450283814529  0.90957298560111555  0.91983253103059170
  0.92984634733476579  0.93954214331792629  0.94975376157426028  0.95987723003437042
  0.96981291832125371  0.97969653309652049  0.98957663058344236  1.00000000000000000
 -0.00249220472682271  0.00961380176298298  0.01957779677389141  0.02855073470536422
  0.03746361369946541  0.04628712737101126  0.05605197181890689  0.06637337473486457
  0.07691944837368112  0.08737529173823497  0.09839650054545036  0.10865411412417396
  0.11904975906736165  0.12960025213723361  0.14076837857124655  0.15189088891580471
  0.16274628266659524  0.17306774119651044  0.18338610090443022  0.19375702144425755
  0.20418115265451098  0.21442177796476453  0.22466482603775581  0.23506287548235688
  0.24549386185892805  0.25560697224215156  0.26506619906894641  0.27463361969274641
  0.28449745694764345  0.29486661934671277  0.30539659327735891  0.31621648686309006
  0.32737567832078812  0.33822360829985643  0.34853013664840643  0.35871679234599202
  0.36909267486455072  0.37980604550476393  0.39068457859367695  0.40190127934961406
  0.41339697341018883  0.42481812334193025  0.43579666863039829  0.44636620125315835
  0.45679004161550457  0.46725381244629954  0.47767813553068594  0.48796946114994622
  0.49819113190253561  0.50825040832511037  0.51837995171724593  0.52847948551903590
  0.53846868747055454  0.54856573020861044  0.55884529697792018  0.56963975104264530
  0.58103567900683595  0.59268689493424576  0.60413089242549856  0.61507570344480300
  0.62578365303371630  0.63645629916595337  0.64682806399128845  0.65718120911996414
  0.66734457311429485  0.67743961657241258  0.68780960456629558  0.69844314467526014
  0.70911046055262550  0.71934898274100145  0.72935030427457637  0.73968309182762448
  0.75028530586815956  0.76089032819246427  0.77176381286335838  0.78292310749458061
  0.79415260865712511  0.80522554578687300  0.81617105147244973  0.82702283868223481
  0.83767265789838430  0.84821078048567145  0.85898551582755900  0.87011154822749992
  0.88119299733417711  0.89198013920378993  0.90229445985509982  0.91243460005167842
  0.92295502334332047  0.93433851334680018  0.94586976575516679  0.95720654018261297
  0.96818402375758206  0.97891719932076782  0.98952428828086780  1.00000000000000000
 -0.00268716149742071  0.00951019457347907  0.01930835121453658  0.02921049204016577
  0.03936460382125901  0.04988738459791275  0.06043553454420648  0.07117820677388489
  0.08208310780462030  0.09324831314860371  0.10431855251853669  0.11536090112631600
  0.12614381986954545  0.13642758684631445  0.14663668587336726  0.15713076177028451
  0.16796090581007339  0.17877212583953264  0.18994135894686837  0.20127438616163401
  0.21275576204733943  0.22418711217635512  0.23577671216822260  0.24717556902571133
  0.25807960957556314  0.26912891932604455  0.28002328120224002  0.29094158735562936
  0.30143049743412514  0.31182202883856708  0.32212548701963767  0.33220562991902802
  0.34218029144787948  0.35212484671938110  0.36196294035525572  0.37202865940569063
  0.38233157123718908  0.39296433522762875  0.40348113513310979  0.41405312083341494
  0.42460710337603608  0.43525400998522701  0.44629789202719983  0.45734117767176552
  0.46779253586196051  0.47794552151845276  0.48797001457614492  0.49816234956475902
  0.50811108408980810  0.51833218807911230  0.52865625408913763  0.53906296989631086
  0.54927464771690016  0.55946718714882337  0.56969812140791265  0.57982346933480033
  0.59013365042798671  0.60074841098859122  0.61158806475046279  0.62264142069859885
  0.63339168777792254  0.64414399005732781  0.65428601490942773  0.66437128859733174
  0.67454198888989181  0.68528190293416935  0.69621630085908581  0.70689479577385195
  0.71738191512947880  0.72802428886605142  0.73885333310637780  0.74954735035205355
  0.76013756450702907  0.77040624124158663  0.78074955472196295  0.79114958296678972
  0.80171843506126916  0.81251092096842403  0.82316382118637543  0.83364148314134556
  0.84434502780297860  0.85499785762552205  0.86597748397707530  0.87644339472677524
  0.88721534985400818  0.89793776602434094  0.90896627104170402  0.92013528173832593
  0.93108371339316776  0.94123437388712816  0.95062401852411826  0.96057740910964140
  0.97049927122879509  0.98052127963140800  0.99012123153108744  1.00000000000000000
   8.3583850124789475E-012  -1.0000000000000000     
 T T T T T F T T T T F T T T T T T T T T T F T T T T F T T T T T T T T T T F T T T T F T T T T T F F F F F F F F F F F F F F F F F F F F F F F F F F F F F F F F F F F F F F F F F F F F F F F F
  <DiscreteSampler_grid>
  grouped_processes
  1 # 1 for a reference and 2 for a running grid.
  10 # Attribute 'min_bin_probing_points' of the grid.
  1 # Attribute 'grid_mode' of the grid. 1=='default',2=='initialization'
  0.0000000000000000 # Attribute 'small_contrib_threshold' of the grid.
  0.5000000000000000 # Attribute 'damping_power' of the grid.
 # binID   n_entries weight   weight_sqr   abs_weight
    10   10   8.142034196098274E+004   6.543270233660689E+010   8.142034196098274E+004
    16   10   7.354296444392305E+004   5.327966840399314E+010   7.354296444392305E+004
    22   10   7.354296444392306E+004   5.327966840399318E+010   7.354296444392306E+004
    28   10   8.142034196098275E+004   6.543270233660689E+010   8.142034196098275E+004
    34   10   8.142034196098274E+004   6.543270233660689E+010   8.142034196098274E+004
    40   10   7.354296444392308E+004   5.327966840399319E+010   7.354296444392308E+004
    46   10   8.142034196098271E+004   6.543270233660681E+010   8.142034196098271E+004
    52   10   7.354296444392308E+004   5.327966840399319E+010   7.354296444392308E+004
  </DiscreteSampler_grid>
