  0.02499520257537718  0.02698606750206988  0.02964599256513085  0.03299854587651595
  0.03719922270043145  0.04209004101950983  0.04751334895997516  0.05346870649795384
  0.05992149805774079  0.06670387239406560  0.07423294398366465  0.08113452335651127
  0.08792286302690078  0.09474170077897190  0.10168793791630334  0.10864641955400574
  0.11540973186702955  0.12211505420576768  0.12855225157605399  0.13519189108036259
  0.14227670593273276  0.14897949758446993  0.15551466261797980  0.16218754753014575
  0.16900876869577156  0.17588806737440213  0.18255766292337061  0.18928136719252800
  0.19619007183051931  0.20344851059175173  0.21056657179093102  0.21771535050637528
  0.22479841320248467  0.23256108824097671  0.24082770269275774  0.24919379284735926
  0.25717419467288855  0.26483348218756564  0.27314086353940220  0.28179951150937099
  0.29123929528733467  0.30017588638255860  0.30871469451313038  0.31681632363924683
  0.32486096521852670  0.33316814467939770  0.34108401754261369  0.34875896233485165
  0.35659550603380463  0.36510086056467966  0.37482200044562464  0.38541129282842240
  0.39570435879554133  0.40565528417649122  0.41537600000262231  0.42506953135766157
  0.43472248794139945  0.44504560669915882  0.45555836590963106  0.46557647781452588
  0.47547747632682758  0.48561213458843350  0.49641211659353179  0.50743104540852235
  0.51805507987102806  0.52785782707968332  0.53736706905303000  0.54724876289812552
  0.55841990533152308  0.57041910150806885  0.58221455111488829  0.59342415421247852
  0.60516976595644723  0.61811763558619059  0.63089583588479947  0.64333649131849058
  0.65617029644488389  0.66835048622395254  0.67994625846211998  0.69137443203469517
  0.70550361394167160  0.71767680308469095  0.73045595480975911  0.74403779767469247
  0.76010632260168098  0.77589460266233123  0.79039502703985798  0.80313751033745140
  0.81547134161692425  0.82782420801528500  0.84269910798059400  0.86033400472812493
  0.88778091128871428  0.90989686217695553  0.92329586239930450  1.00000000000000000
  0.00003759350584736  0.00003814578531482  0.00003848288102623  0.00003878358491461
  0.00003906960459519  0.00003932634698864  0.00003958695383691  0.00003985884350052
  0.00004012904261886  0.00004038193913383  0.00004062564098961  0.00004087918172455
  0.00004110259627348  0.00004128796574892  0.00004146320699364  0.00004163268108821
  0.00004180980546948  0.00004199375029801  0.00004219906663704  0.00004241466875610
  0.00004262355400209  0.00004284018712814  0.00004305693495251  0.00004326467987803
  0.00004346595349291  0.00004365795533639  0.00004385867328269  0.00004406523572070
  0.00004427459964364  0.00004446904515538  0.00004466642005994  0.00004487104362045
  0.00004508071882796  0.00004530283391428  0.00004551176451727  0.00004572336706493
  0.00004591979295201  0.00004612018839023  0.00004631976835578  0.00004651753058041
  0.00004671146509294  0.00004690142255395  0.00004709658566234  0.00004729797207472
  0.00004752492581476  0.00004778501171501  0.00004805422006063  0.00004830354773631
  0.00004856844511883  0.00004883369451360  0.00004908182939664  0.00004932513836138
  0.00004954274552597  0.00004976658896614  0.00005000660807615  0.00005028345669067
  0.00005057639982670  0.00005087181198533  0.00005113230612263  0.00005138659285378
  0.00005163114754986  0.00005186861952885  0.00005210927433572  0.00005234938863619
  0.00005257717187579  0.00005280420012361  0.00005304675985587  0.00005328935578953
  0.00005352945927332  0.00005378110594930  0.00005403082109069  0.00005426999952963
  0.00005450876802175  0.00005475870757988  0.00005502429705631  0.00005528447500770
  0.00005556316132063  0.00005585250376687  0.00005615421771458  0.00005647224774249
  0.00005680735220770  0.00005715390919319  0.00005750503132555  0.00005785410237205
  0.00005818190530449  0.00005851724307774  0.00005887128873332  0.00005924955794138
  0.00005961351197636  0.00005996491777980  0.00006032813148880  0.00006069264261011
  0.00006119885071962  0.00006177844508835  0.00006199498434582  1.00000000000000000
 -0.00229815916089747  0.01157102477388469  0.02461894321285217  0.03908124798663189
  0.05279999457384781  0.06568570560110475  0.07869712960972809  0.09271190030819426
  0.10717391329177955  0.12182866555495926  0.13617175529539152  0.15047372094839737
  0.16442573194469590  0.17842527809577247  0.19282612748410574  0.20760517856364871
  0.22093907816043648  0.23216897514533924  0.24234202089423273  0.25311641290543868
  0.26601707185990969  0.27892142804956938  0.29074803232488283  0.30262252366837428
  0.31318325190102003  0.32407871928110576  0.33495835037377863  0.34620131026158679
  0.35723231714658538  0.36883516776354391  0.38111074807221507  0.39362628991637094
  0.40605613510263255  0.41752062640770760  0.42873575521925505  0.44034351598520322
  0.45272531722730464  0.46378861421686157  0.47395261703162950  0.48503412149769071
  0.49685035266253863  0.50819119053721362  0.51974749277904075  0.52962191802119152
  0.53894982527823809  0.54751134451343431  0.55629316425431985  0.56616940778324865
  0.57666647373426361  0.58723952285911718  0.59805451952398980  0.60838756497208113
  0.61762667879160160  0.62588698028562428  0.63347177910070429  0.64122051297219873
  0.64974961573771861  0.65903297542203254  0.66892364170363972  0.67880026484559530
  0.68821884184146231  0.69701816625714341  0.70561075242365956  0.71429085861385433
  0.72389274201462694  0.73334382910638951  0.74174563210321787  0.75047561894686921
  0.75899003318710689  0.76870575112997708  0.78001943656708939  0.78917720211274134
  0.79712276069604959  0.80495604527464171  0.81375360736058200  0.82326079111570083
  0.83233919410390278  0.84171503321965657  0.85063446513829222  0.85922930851917267
  0.86805870381785966  0.87639059968810951  0.88519451394224691  0.89415464044272686
  0.90349266361149050  0.91422593415863440  0.92503726901299066  0.93604520828283233
  0.94475516698823647  0.95347930092534305  0.96166310744336991  0.96927987199522936
  0.97729798658291522  0.98496684478082441  0.99231409322981312  1.00000000000000000
 -0.00274609343979664  0.00996869281921467  0.01969437659648601  0.02842577586679816
  0.03714930775261449  0.04638036767143605  0.05683710847189165  0.06807277506967618
  0.07964665244801651  0.09213417504533811  0.10422683508357304  0.11625173412897723
  0.12801991529892751  0.13911722746481034  0.14963563123329415  0.15903319959994336
  0.16745433649471575  0.17621556272915562  0.18524527681054051  0.19564175272695600
  0.20617287332174683  0.21630821714930662  0.22644540613068986  0.23699947341081587
  0.24850529226537382  0.25772670237810835  0.26692579736649841  0.27641335714304471
  0.28693287108101206  0.29866381517943641  0.31092932524552702  0.32282684884005436
  0.33390507064627334  0.34416319099892845  0.35377488303977495  0.36350042809218880
  0.37333979732430733  0.38389623802817152  0.39539701555442963  0.40703721059717685
  0.41831317443184918  0.42851972669971256  0.43872667170585883  0.44996561310401650
  0.46119833593042941  0.47097190320962262  0.47978820572369607  0.48854042136127734
  0.49766170126585751  0.50966195385792978  0.52142267540931753  0.53211259282471757
  0.54262061332858325  0.55281821961414457  0.56269752303947351  0.57223958246119044
  0.58177360808138578  0.59234723592061589  0.60325604275199729  0.61397705962668159
  0.62410242059953147  0.63514979974400065  0.64557888654189455  0.65501513975298586
  0.66360495239144923  0.67293116292508692  0.68389457434166168  0.69411701715846419
  0.70253951788769731  0.71173948387983832  0.72284651041467174  0.73634793283624023
  0.74932373331305180  0.76105142180553653  0.77178542670002603  0.78207679479816028
  0.79303454642583293  0.80505384211630471  0.81706677763883429  0.82811057108923036
  0.83822496305033156  0.84829458251105305  0.85937249172582841  0.87183862712511062
  0.88408058895052921  0.89517128729023265  0.90493191435490061  0.91402898295924195
  0.92325305918711997  0.93292046966861675  0.94324831043678892  0.95401000074568976
  0.96618972139926851  0.97779421976241376  0.98927496884607558  1.00000000000000000
 -0.00268104050444414  0.01204986931648958  0.02500863536682156  0.03739700042173932
  0.04783957107278989  0.05778023208523620  0.06737172810988176  0.07888869345616985
  0.09115895896268712  0.10200829152864188  0.11113773599859313  0.12013368102458383
  0.12895560962110766  0.13876467719294047  0.14852972733212308  0.15735770383758504
  0.16627270138502193  0.17545926484604607  0.18512182499832688  0.19474952641063786
  0.20478432184509313  0.21675598222621140  0.23007519626855236  0.24251439391569873
  0.25505517469597871  0.26609021037646002  0.27583106522814060  0.28499668502070563
  0.29459778971543438  0.30514772404438650  0.31716705470986029  0.33138029812741338
  0.34429028875476481  0.35591381474032546  0.36668280942871406  0.37824531298437464
  0.39114724064239009  0.40419744446129485  0.41652706895664177  0.42787623131015817
  0.43843307598708864  0.44846219997241488  0.45899889154462936  0.46964081815926861
  0.47903232922153233  0.48709866506093075  0.49492271881567423  0.50299177758885572
  0.51261353839577162  0.52306802753702131  0.53275672904838700  0.54188085372429928
  0.55055788148093410  0.55919240981878460  0.56806251730625590  0.57749122890910298
  0.58740665142296788  0.59717106777528151  0.60694699708084698  0.61740300215689048
  0.62876242628173495  0.64027207472632841  0.65125100359197685  0.66227157933041214
  0.67381568681026327  0.68576883645005526  0.69770784772104255  0.70809866701193225
  0.71751313919251625  0.72646493471627682  0.73628835296755601  0.74642894728370868
  0.75665336226392743  0.76686744969050191  0.77779721070387231  0.78974444517682718
  0.80252274329752415  0.81612085311149474  0.82887565878380154  0.84107711636037219
  0.85268440666292544  0.86333784832232718  0.87361701244745826  0.88297596588790428
  0.89359258699173894  0.90449867631673109  0.91614569289052983  0.92825031285513193
  0.93917563293544970  0.94846093623106320  0.95765942790639547  0.96630298036441475
  0.97494460098879765  0.98277115372523793  0.99087824523333123  1.00000000000000000
 -0.00221828401635256  0.01111677305098163  0.02111234380703151  0.03084744940313250
  0.04120914398900458  0.05279146876092789  0.06500195876027615  0.07633124616079796
  0.08667810911036072  0.09662466573472016  0.10680723887884486  0.11837741151790790
  0.13073887145684698  0.14394033657564570  0.15661356761343329  0.16756551241807408
  0.17796710923059264  0.18777590668786892  0.19707066955117017  0.20860164590260019
  0.21846570474317295  0.22862358939786023  0.23795755631151239  0.24810014149679349
  0.25879962696435033  0.26991502559543989  0.27946622884185857  0.28915537096594041
  0.29737614405913471  0.30701415976780061  0.31716326021101243  0.32729214605598700
  0.33711443750352360  0.34678998758451524  0.35666334999013904  0.36713093413133996
  0.37784476624209662  0.38903240757370305  0.40140136466136361  0.41395081486946478
  0.42583870528792594  0.43635301363500750  0.44532801524727411  0.45412973594683181
  0.46395531059536782  0.47499564242214343  0.48498694433195366  0.49424929340963447
  0.50395647706520519  0.51458187625989260  0.52535515821853573  0.53506282474877498
  0.54475302166744766  0.55523639485566478  0.56692157126006648  0.57872243332584350
  0.59000885498258349  0.60106008409977263  0.61245470411076086  0.62334766105092765
  0.63299479579071560  0.64164327108477803  0.65077683866179670  0.66033234981178934
  0.67055882211195561  0.68126061138882488  0.69221690513557443  0.70276767840468590
  0.71258027795500278  0.72218279788195039  0.73211180966551348  0.74298423825302029
  0.75371198319084398  0.76320818556421055  0.77225550791432263  0.78119516907836384
  0.79036441185568962  0.79987669899833125  0.81065798140758238  0.82213560788575146
  0.83380172713341028  0.84370023754624190  0.85348249982760338  0.86328297694112810
  0.87369414679225499  0.88523737549293369  0.89711471656355146  0.90980306939093403
  0.92332125599181192  0.93677885370217417  0.94726849867012008  0.95733105136216379
  0.96608820256483285  0.97610995730386929  0.98769938555330572  1.00000000000000000
 -0.00283960937527559  0.00970193719110745  0.02129801237936821  0.03385564580934274
  0.04516513631788117  0.05439729356703555  0.06417331197883362  0.07381417823210562
  0.08381758626057439  0.09291585528088037  0.10204642582000427  0.11244443542264011
  0.12309318790753780  0.13420101513777644  0.14477318708595510  0.15503713631289023
  0.16482232092637952  0.17463213253293708  0.18554291124757416  0.19652198990204972
  0.20757418916433151  0.22021247648336334  0.23216460068338618  0.24272628066977595
  0.25323132364957163  0.26448734261351825  0.27686905680649432  0.28839433504206863
  0.29889879668075875  0.30851030281713077  0.31705135688911679  0.32592337618615447
  0.33512596446415238  0.34501612043619700  0.35538691079753404  0.36543568290894374
  0.37538723414678959  0.38521718064384147  0.39513664094027845  0.40607128619878363
  0.41678530576349088  0.42703763174427012  0.43661329767375950  0.44546361696821818
  0.45484782454292433  0.46522382964562892  0.47633654518886120  0.48743620880211558
  0.49878270181833961  0.50952682335243527  0.51994498742233852  0.53120651900621674
  0.54148729190187084  0.55388573219508275  0.56665041994293386  0.58040155717632602
  0.59333979530517400  0.60546494679507612  0.61769696014838327  0.62972331803018788
  0.64084124732133174  0.65115007709248340  0.66141420817431762  0.67199820241721209
  0.68215396798824179  0.69161144015534581  0.70096922322006205  0.70994542577590969
  0.71845391907881340  0.72675456083583301  0.73547751834610653  0.74525012588632056
  0.75545641347616377  0.76540324475541377  0.77451511868792833  0.78313990781045084
  0.79189071947266443  0.80021805082770470  0.80891123375368446  0.81928048753216653
  0.83105209172913663  0.84345483750478201  0.85462674228532964  0.86441967142414278
  0.87334813128573940  0.88214631739584282  0.89190449068302580  0.90294381509936594
  0.91565815094059544  0.92905328611121640  0.94190178650930756  0.95356572281356788
  0.96486728747961159  0.97660175259484583  0.98805573259511592  1.00000000000000000
 -0.00277470959512144  0.01180580895868899  0.02155574178687415  0.03109152482294293
  0.04070398404110546  0.05219884058063107  0.06507252608605457  0.07840620072621429
  0.09016762490124383  0.10112486008902945  0.11185727975003087  0.12264104511727285
  0.13270357644529851  0.14317007329433146  0.15368425591150764  0.16409591741945206
  0.17401644236790004  0.18370126368138154  0.19348779048658110  0.20287368322302221
  0.21203806123640320  0.22177643416340298  0.23197794884894790  0.24244018343250551
  0.25294823601538119  0.26360186600701541  0.27452890410862935  0.28406562211367176
  0.29361526383851771  0.30328009646386084  0.31306492093518279  0.32346034099975196
  0.33421996189641312  0.34666577706134682  0.35958117995445882  0.37188495590137782
  0.38342663599777926  0.39483825775150799  0.40543359830420933  0.41636908597201144
  0.42691741307025599  0.43695775901757655  0.44615395310105876  0.45472656495831532
  0.46361216482356155  0.47322257356406983  0.48410575940689998  0.49439978360029552
  0.50455010614599027  0.51521300710798501  0.52647420001302681  0.53881718267105727
  0.55101352785162905  0.56227054965627787  0.57277135178086513  0.58319363505893973
  0.59491886413876272  0.60743394683676688  0.61996897050171074  0.63095068159942802
  0.64063779336284399  0.65082216204619658  0.66185315495779617  0.67180595079449135
  0.68040304062315149  0.68834997170848466  0.69681486216763255  0.70604089688992266
  0.71591596745840136  0.72643745587961894  0.73715872625168410  0.74754340376292683
  0.75748285257963544  0.76772556782810730  0.77722342058658567  0.78661849727034783
  0.79601244035754015  0.80573189081024732  0.81664576000562816  0.82820390352661766
  0.83926471586464846  0.84945093163404040  0.85965673964524114  0.86954011251798846
  0.87950356291296283  0.88877503161266291  0.89932062549300906  0.91111402561600219
  0.92363589676051405  0.93609657885986974  0.94704943792740859  0.95795369681940035
  0.96844902911866926  0.97903456091959840  0.98983781191384990  1.00000000000000000
  0.04597925907310414  0.10892048728210044  0.14800646194150896  0.17522262496683114
  0.19733726266311560  0.21624934205708649  0.23398121462620924  0.25240133136293125
  0.27070889261789710  0.28874117080958939  0.30495200866917016  0.32064148682661003
  0.33644343679855149  0.35319690099750178  0.36805812892045664  0.38143447411738701
  0.39396991083003097  0.40715125786177359  0.42057919894280288  0.43306994284900163
  0.44440943379133541  0.45521840758693682  0.46663658453423434  0.47809976898847978
  0.48833503564195552  0.49749217342345803  0.50638666252731668  0.51577865526364608
  0.52528406759796087  0.53585063112433884  0.54679065385473935  0.55695785533257125
  0.56614411394613728  0.57445177230946098  0.58263308471969177  0.59123611749633520
  0.60027134771503099  0.60908204077386674  0.61782339786021589  0.62691769464286884
  0.63649003889160649  0.64603336813076084  0.65471697005697216  0.66291137880262485
  0.67137856854006961  0.67950387922143929  0.68730964618948542  0.69527113069701685
  0.70354475184648624  0.71293580048054694  0.72146406406115937  0.72867501186375705
  0.73579032300958913  0.74332207578219778  0.75141664917567697  0.75900615333826760
  0.76572673447437045  0.77222759928771667  0.77871823522627936  0.78532725713337082
  0.79138367066169535  0.79717467222324123  0.80272721467255126  0.80835323664514158
  0.81434413233152747  0.82081979094890456  0.82671674055480326  0.83268501142024365
  0.83864091823356490  0.84423279629218717  0.84985488485482585  0.85461448006087071
  0.85946605493083694  0.86491555334558257  0.87142252139782850  0.87761262745127711
  0.88354818715855432  0.88913396530514632  0.89480574796372114  0.90087642610342300
  0.90651471586492194  0.91265124818263210  0.91870985039031017  0.92496743480668453
  0.93175302701697360  0.93856339739403660  0.94468999633875850  0.94996094934979758
  0.95467269640131613  0.95888002565117259  0.96217284115633273  0.96523460142394080
  0.96800356290260836  0.96994343346768663  0.97017188728659831  1.00000000000000000
 -0.01507336489323603  0.08467356353710632  0.12269904417889120  0.14527222521954294
  0.16223320417062012  0.17723650356024040  0.19308990431406847  0.20796307349925508
  0.22045486028673250  0.23165498278762342  0.24196423893671923  0.25264758646240981
  0.26323880064178157  0.27320302755573228  0.28257164762110648  0.29153644299953146
  0.30009321249505955  0.30802776991130232  0.31528590880217122  0.32260137116051713
  0.33063124959549040  0.33841074789056014  0.34548177823903292  0.35195891608598540
  0.35791080783954216  0.36328617763816168  0.36934821162027298  0.37635773845354725
  0.38278727004829277  0.38847367824424084  0.39371493822456222  0.39926185182198565
  0.40509322940781528  0.41062270624658459  0.41580911001622761  0.42097690070389227
  0.42640819055749535  0.43275254489967524  0.43884450962992166  0.44464797482925261
  0.45007682020234224  0.45502530316901030  0.45967356876494736  0.46447141741425535
  0.46946235750805565  0.47441730625538331  0.47983804846257472  0.48605297615971288
  0.49268925251464185  0.49913385460349885  0.50587500590132861  0.51207630296173245
  0.51758504442289255  0.52327443387352446  0.52838658859555143  0.53385125356339380
  0.54001059333661217  0.54651078474783921  0.55308542641771874  0.55993071560898811
  0.56651698668698913  0.57314479430330456  0.57945158886632919  0.58550217010669181
  0.59167337247086238  0.59824581518711983  0.60522474388879111  0.61264593637330789
  0.61981049150522549  0.62683493988113126  0.63416941647882663  0.64135593880928055
  0.64869149007531579  0.65719653461857219  0.66534585153223058  0.67333713941691986
  0.68143357039322006  0.68927261065766066  0.69722185229277189  0.70635352981140431
  0.71566277365107234  0.72484590280667627  0.73385176866720592  0.74319006033837498
  0.75272012146368317  0.76246674622277377  0.77292552277833459  0.78567581093057004
  0.79940920510740399  0.81356257759651529  0.82817041753045317  0.84299774128093297
  0.85937824068711288  0.88030159515215234  0.91455880985120985  1.00000000000000000
   8.0154492648048896E-014  -1.0000000000000000     
 T T T T T T T T T T T T T T T T T F F T F F F F F F F F T F F T T F F T F F F F F F F F T F F T T T T T T T T T T T T T T T T T T T T T T T T T T T T T T T T T T F F T F F F F F F F F T F F T T F F T F F F F F F F F T F F T T T T T T T T T T T T T T T T T
  <DiscreteSampler_grid>
  grouped_processes
  1 # 1 for a reference and 2 for a running grid.
  10 # Attribute 'min_bin_probing_points' of the grid.
  1 # Attribute 'grid_mode' of the grid. 1=='default',2=='initialization'
  0.0000000000000000 # Attribute 'small_contrib_threshold' of the grid.
  0.5000000000000000 # Attribute 'damping_power' of the grid.
 # binID   n_entries weight   weight_sqr   abs_weight
    10   10   5.149719042746892E-003   4.684764250457638E-005   5.149719042746892E-003
    11   10   5.149719042746888E-003   4.684764250457637E-005   5.149719042746888E-003
    16   10   4.605445724020272E-003   3.229371804595506E-005   4.605445724020272E-003
    17   10   4.605445724020427E-003   3.229371804595517E-005   4.605445724020427E-003
  </DiscreteSampler_grid>
