  0.00191194881124358  0.00195467516131523  0.00199962564070194  0.00204430995518009
  0.00209171592076401  0.00214003012628449  0.00218786054457562  0.00223853912524072
  0.00229265815550236  0.00234831866082376  0.00240437340728524  0.00246205672100960
  0.00252019937572366  0.00257945327488481  0.00264283525105567  0.00270863377894040
  0.00277604257551552  0.00284482624432955  0.00291368380296164  0.00298497269035202
  0.00306011386092386  0.00313437947359967  0.00321010346208194  0.00328900188094998
  0.00337039444923123  0.00345531543747205  0.00354334896088270  0.00363283714872049
  0.00372502242135604  0.00382315179491913  0.00392091251527510  0.00402893939559017
  0.00413867313057951  0.00425044789244327  0.00436182364756628  0.00447417033907075
  0.00459021503857055  0.00470997980104198  0.00483555666605698  0.00496458872306112
  0.00510500147858269  0.00524839970773642  0.00540161572763202  0.00556229535256990
  0.00573669553566834  0.00592267416012001  0.00611665003648878  0.00631573867481375
  0.00651615322480701  0.00672615905747505  0.00695533221166302  0.00719312790505591
  0.00743730385515866  0.00769114214387349  0.00795532170366199  0.00822642790230069
  0.00851598715114777  0.00882238544720813  0.00915034482199630  0.00950162927934927
  0.00986872770934651  0.01025606132248788  0.01067245689804859  0.01111442824140910
  0.01157945060354070  0.01207734406893047  0.01261035864714264  0.01317190308853988
  0.01377560009589398  0.01443717216629340  0.01515184688513394  0.01591565839157308
  0.01673042541200740  0.01760484311916497  0.01854605525314150  0.01956460952779495
  0.02068312434493541  0.02192720423100080  0.02330602145464886  0.02484341521950738
  0.02652663408069157  0.02837800855367107  0.03047916034405528  0.03297099080199519
  0.03613725269902425  0.04013186149938924  0.04470428623252708  0.04985516925117166
  0.05618868854164624  0.06428129200304115  0.07444800810274188  0.08815333737657094
  0.10988705371809533  0.14740274442674683  0.24748758493032635  1.00000000000000000
  0.00432777176532779  0.00523782152953922  0.00584370975871473  0.00654853606044310
  0.00719381361036649  0.00780117910621956  0.00843476445086380  0.00911512987756546
  0.00983346497093003  0.01056606459341324  0.01132874318521712  0.01214971694190370
  0.01302441986131262  0.01388683913197180  0.01472674440793705  0.01560406167348434
  0.01655227523604822  0.01755980267808366  0.01857783768787336  0.01963123551674729
  0.02073010413149207  0.02182914081019486  0.02295058647078289  0.02413705775528746
  0.02541555559561554  0.02681701663110165  0.02826568160630398  0.02973378799427035
  0.03121864567128699  0.03270041075873979  0.03429523897013038  0.03591118246335089
  0.03765132145356945  0.03946228223870935  0.04140168503956787  0.04336632617064729
  0.04538696114386860  0.04759149149378790  0.04999038880702109  0.05252223766514409
  0.05509801782691970  0.05768923363871015  0.06027651894930421  0.06279700389116809
  0.06540988565452259  0.06818988769120919  0.07125981907501555  0.07459761505307116
  0.07801197203083796  0.08141322877779882  0.08485749809847590  0.08848957034981111
  0.09237066561437389  0.09652833674861618  0.10096751464599428  0.10553898830742409
  0.11047954240459164  0.11531926329667277  0.12027121916490165  0.12518038728634773
  0.13009133768454609  0.13538503983068248  0.14125668331900515  0.14742837092541178
  0.15407667988884935  0.16091956054228346  0.16800014682721337  0.17548153909167674
  0.18319829294357845  0.19112009233062233  0.19934547278782042  0.20797839457615883
  0.21754827596529888  0.22818783310373933  0.23980575103046975  0.25195796706092605
  0.26451912779411041  0.27745574051679844  0.29128458885899239  0.30626760274218184
  0.32230697145136439  0.33887400361926356  0.35619106260121380  0.37464448053618127
  0.39478648867524557  0.41756285866812859  0.44246830673639281  0.47015331040416042
  0.50202448337854089  0.53815953895080482  0.57937761455758019  0.62656047867448783
  0.68310781351969152  0.75221629309287064  0.84940064645530811  1.00000000000000000
 -0.00256871477095205  0.00949284232516515  0.02005469343551984  0.03106983193395835
  0.04227091534734304  0.05334989571512106  0.06423319313505083  0.07466887234947917
  0.08510013797447377  0.09608787169796228  0.10725771345699248  0.11803771131553085
  0.12845604842168912  0.13889920415959506  0.14886331774888562  0.15801582570868436
  0.16705114125383735  0.17636231143768619  0.18625632865708108  0.19628787916350510
  0.20632066627021708  0.21659684071914287  0.22689348900737927  0.23715111513313081
  0.24728808281891163  0.25769324271751420  0.26843593769457136  0.27945427379809995
  0.29047079269474180  0.30094177207213807  0.31127914816470925  0.32113072113456531
  0.33147011923555630  0.34177129645566567  0.35195550889095240  0.36228674232849051
  0.37277067812287679  0.38340358280857617  0.39357680496147573  0.40362925722680049
  0.41386107629537350  0.42428258242840572  0.43452544280580530  0.44481812788917280
  0.45474929357747962  0.46429272878808642  0.47383644167105915  0.48383328496950007
  0.49443064261837999  0.50499473146719587  0.51550187417368487  0.52605544346767752
  0.53665959383839501  0.54711145787623339  0.55754566912553405  0.56782355529603523
  0.57792687855153047  0.58796330278909781  0.59790506498329132  0.60801795181723306
  0.61851797308886314  0.62915356404779377  0.63941501657056499  0.64987591750656792
  0.66031476404221634  0.67045195981440286  0.68015272892894996  0.68990662824036830
  0.70040434489461501  0.71152628381426819  0.72281618421082017  0.73387334858220354
  0.74457292230292338  0.75527930310603686  0.76599130210739630  0.77690272269503169
  0.78780994250266012  0.79895747273849671  0.81053922887221885  0.82179275916540939
  0.83286681944564245  0.84374106729538978  0.85473304889129542  0.86586109330415373
  0.87693937639121666  0.88838501944696913  0.89989681285385836  0.91154305287879167
  0.92324043507147302  0.93409624255529644  0.94484632019398063  0.95507578674737348
  0.96582628926220515  0.97700108546512443  0.98839613358200240  1.00000000000000000
 -0.00285339295565065  0.01014769535861194  0.02077403079007443  0.03197612752602200
  0.04338390579058966  0.05477674926884116  0.06617195379096985  0.07752240388940571
  0.08855637505916683  0.09938259817035648  0.10973683945295389  0.12006599649022004
  0.13049748763203201  0.14136737836915081  0.15210886492151962  0.16269042920062693
  0.17259748249437160  0.18259351064919829  0.19221545883665211  0.20218385207986384
  0.21231156447160957  0.22328670904220349  0.23394734907624889  0.24447674908239841
  0.25482885806482769  0.26501167894206984  0.27523949455773877  0.28505336509089790
  0.29485198197737911  0.30490866335603084  0.31486077711347754  0.32510656365710083
  0.33558920119049818  0.34633996530126643  0.35669000843496557  0.36677640265835171
  0.37736169142749976  0.38836483902524643  0.39910859581597680  0.40961069733141625
  0.41997129562278968  0.43020080217217610  0.44022472220121212  0.45068042249384554
  0.46124963360372095  0.47191460571084054  0.48252936932045343  0.49364303618791461
  0.50506828302862949  0.51598102559392378  0.52636278428085592  0.53675380993006283
  0.54743862611422933  0.55810212496428036  0.56829821283865356  0.57820970784798353
  0.58836503357221526  0.59896035756945909  0.60942386891828693  0.61924808137942178
  0.62897112976467517  0.63897394183446576  0.64910471757930444  0.65958202712027214
  0.67018054549900918  0.68092892166079499  0.69161654630315994  0.70233615003638783
  0.71316500664117377  0.72397613739850486  0.73449070585660770  0.74468528715619042
  0.75480948442604134  0.76486356994626692  0.77455291120715175  0.78422406596532890
  0.79428634121131014  0.80538869926508239  0.81673319041567172  0.82837149623535955
  0.84009806666829112  0.85170134412473752  0.86274617130273090  0.87324591685099895
  0.88365460681524044  0.89431783125978237  0.90525596428529453  0.91678009565416785
  0.92745042691180746  0.93835235306179987  0.94841856250633638  0.95845198403980481
  0.96805725827731182  0.97800794084994291  0.98890129784468050  1.00000000000000000
 -0.00256447579780755  0.00927474696539900  0.01916851954196780  0.02941485420924139
  0.03965114523402833  0.05074046171358714  0.06143927175024625  0.07182045771366574
  0.08176175578804787  0.09217519789532269  0.10288500020590224  0.11342392198911601
  0.12405127777097821  0.13456186084037811  0.14503771333192589  0.15532998901288839
  0.16537447944735231  0.17533216098416746  0.18527729367586115  0.19540443779138034
  0.20575779563065022  0.21618662230743615  0.22652938197735129  0.23651740433697022
  0.24650743322791160  0.25675795095192372  0.26763214155666887  0.27840301965477265
  0.28884629489433722  0.29912059109167244  0.30958597408246091  0.31998379993748582
  0.33032762295203899  0.34069258426781152  0.35075414726978416  0.36069639565852601
  0.37079068795387621  0.38126345227884650  0.39186764002707164  0.40249621454642592
  0.41320050760390187  0.42402089297615386  0.43503420701305012  0.44627160097866037
  0.45762174633450314  0.46907855731894604  0.48071568983051216  0.49241075583115074
  0.50363290257675475  0.51479224152214920  0.52626266462448434  0.53795680633591914
  0.54936488725152333  0.56017152620209920  0.57064501958422964  0.58098927952364998
  0.59091329734353726  0.60046917727457827  0.61014307689699077  0.62020073474736570
  0.63080263397557090  0.64171876830318098  0.65247018036353621  0.66307957763588687
  0.67291854469883039  0.68277429024548386  0.69282082760453800  0.70336585806480301
  0.71376536702390925  0.72428880298107146  0.73490949189634203  0.74572889904264916
  0.75632873173295923  0.76640397305970209  0.77669967333605272  0.78731227044578933
  0.79866246063822310  0.81024967420116356  0.82187510091775240  0.83317975914524600
  0.84437553195907289  0.85551936532181838  0.86654936510730274  0.87737878335642228
  0.88812454817953301  0.89924450406707479  0.91017091087314539  0.92106595018054849
  0.93193398199994770  0.94236759115741331  0.95206745941304305  0.96174591684859811
  0.97126921720051163  0.98080429645635658  0.99032308088258880  1.00000000000000000
 -0.00251045646291312  0.00937221322841265  0.01971955867743340  0.02971496627772517
  0.04025125656517293  0.05117313286714580  0.06173614595651979  0.07191807917927996
  0.08196313647565755  0.09266833239090166  0.10353202382685633  0.11415238640739987
  0.12463083392576077  0.13521701577783585  0.14593484677768745  0.15650111815534856
  0.16684781338443658  0.17701356266745277  0.18719201488723142  0.19749489018503860
  0.20816779182086767  0.21907041501050367  0.23024489715620722  0.24128713736427623
  0.25258150167799431  0.26395278849147358  0.27513068088198689  0.28630094020732783
  0.29728463082477913  0.30814330227259884  0.31900402312359244  0.32970861913372251
  0.34022289820825319  0.35047101948338266  0.36054015098922076  0.37046009120898016
  0.38071497182851816  0.39165319463401221  0.40325913992223622  0.41504398422915517
  0.42594348552609945  0.43596262366226751  0.44561076102547686  0.45518794821671432
  0.46496072582376330  0.47490930641629842  0.48508407107894724  0.49521167037883929
  0.50512394932247140  0.51498821799771299  0.52508184894023624  0.53543342055491849
  0.54580203639222136  0.55616666250503999  0.56646583065295864  0.57694666227824121
  0.58735595475357816  0.59782565139339450  0.60839028476031209  0.61924651039802636
  0.63013106891231130  0.64073810066155934  0.65108516381616310  0.66136164290094046
  0.67209071329163750  0.68276721986606526  0.69323685867206764  0.70364962753575178
  0.71474083910380226  0.72585522475743025  0.73628411064457100  0.74629930831856317
  0.75698033746274462  0.76811641788294249  0.77914886859501598  0.79011824261918906
  0.80137007541873173  0.81264984149338060  0.82312127669812951  0.83367296398628632
  0.84419138921891601  0.85500154287933527  0.86547904073981141  0.87605069900073584
  0.88723507635644772  0.89780663067001187  0.90760552257487759  0.91775253755742836
  0.92827699696545174  0.93875634768722049  0.94859640931017208  0.95835264851193658
  0.96849953893152307  0.97890914430306641  0.98935194162133189  1.00000000000000000
 -0.00216956285566181  0.00829029764460723  0.01695008404979546  0.02689029580764856
  0.03697326283802752  0.04751703154700206  0.05813227899013763  0.06842682614450241
  0.07871284958020511  0.08897807292580899  0.09893367050203777  0.10916199900610381
  0.11966141564718370  0.13058871250453424  0.14145869272661341  0.15187321729258832
  0.16215149258408015  0.17239216747648517  0.18280181551370475  0.19334931404653022
  0.20407472124735590  0.21516432280117487  0.22636236335053325  0.23752263374967619
  0.24890629685246241  0.26050151273376293  0.27183279637728014  0.28299729196110018
  0.29416354198321987  0.30518108024151386  0.31583774196986136  0.32629865793016122
  0.33646933630689507  0.34650322274933498  0.35653051553046267  0.36661927035987601
  0.37680147857081697  0.38701755019911482  0.39733415645803671  0.40773289481308095
  0.41801470532367918  0.42808838080564021  0.43823869950186584  0.44857329248858607
  0.45891043142112298  0.46914944548976112  0.47938396154705948  0.48995682585983480
  0.50100194192640857  0.51250098741959915  0.52409980668544009  0.53547967250178308
  0.54664596445643865  0.55754682458264915  0.56829173546761935  0.57908199400568749
  0.59008030262501654  0.60123263089398393  0.61233567694374513  0.62347178800316838
  0.63389610673536423  0.64377243344936952  0.65372654313482814  0.66405212225530996
  0.67441742534098426  0.68456135689452824  0.69482905972591347  0.70515536744397522
  0.71523394921853245  0.72477720384450872  0.73462394143996912  0.74506526987791888
  0.75585162934320860  0.76702219068685540  0.77798766439118039  0.78926151032062453
  0.80013979052079642  0.81091993776490767  0.82180543438649611  0.83231980096236324
  0.84266261037601620  0.85321917137622372  0.86435913910628082  0.87519923130796384
  0.88538086074833611  0.89575387263295603  0.90687248469008164  0.91842085168789189
  0.93006087021780859  0.94099730769283219  0.95116493552763570  0.96111465945349295
  0.97105849590716720  0.98105681704088721  0.99066465166185713  1.00000000000000000
 -0.00230245763042982  0.00869014465513666  0.01831388311565992  0.02859475417043545
  0.03891326511705499  0.04984951141512604  0.06026400892239479  0.07077163757357925
  0.08127933667076405  0.09184224577784518  0.10208025989731111  0.11233811141684169
  0.12295571974838501  0.13342517420468306  0.14362017563470991  0.15376605844717148
  0.16433001962354313  0.17528108313037255  0.18620905452742531  0.19707308640278876
  0.20760455515603826  0.21809455771921663  0.22869762390353068  0.23965305751082386
  0.25038155234688042  0.26088578989558509  0.27167693984871027  0.28295614468551222
  0.29409141369126307  0.30446371938860034  0.31474989892808147  0.32494066098565516
  0.33545116047682882  0.34645979667104554  0.35795063292193929  0.36971720244698197
  0.38146573504472370  0.39283994456106164  0.40344673472223497  0.41365551670481115
  0.42378358751004741  0.43400465885899320  0.44423990523327778  0.45478441610402409
  0.46542065679258648  0.47580323682546455  0.48585221587768190  0.49577995671626279
  0.50586721211172692  0.51603775132203511  0.52618552211416825  0.53640979480917139
  0.54682088693414643  0.55780554241559266  0.56873831394493546  0.57915999082916436
  0.58933998944875421  0.59916520678209995  0.60914498133591632  0.61887419099582774
  0.62948063056519288  0.64082744223362009  0.65220924767943511  0.66363186051582046
  0.67459980487146387  0.68550616040079126  0.69657916655360175  0.70788767472686531
  0.71908940823653078  0.73041961713537384  0.74184087754191785  0.75346003258465866
  0.76443031651124549  0.77530069190385109  0.78625877791961685  0.79687026979841658
  0.80703044113271782  0.81717194055594411  0.82781226369355687  0.83857101709127624
  0.84904647072921025  0.85937112361769297  0.86971333324338207  0.88009628707347742
  0.89007627513185306  0.90035066767100991  0.91083526630441092  0.92098779166393785
  0.93069274848008932  0.94064627094625719  0.95063540976067806  0.96073113428277679
  0.97025055471011012  0.97951191565413409  0.98977205781783262  1.00000000000000000
   8.2948393942162787E-012  -1.0000000000000000     
 T T T T T T T T T T T T T T T T T T T T T T T T T T T T T T T T T T T T T T T T T T T T T T T T F F F F F F F F F F F F F F F F F F F F F F F F F F F F F F F F F F F F F F F F F F F F F F F F
  <DiscreteSampler_grid>
  grouped_processes
  1 # 1 for a reference and 2 for a running grid.
  10 # Attribute 'min_bin_probing_points' of the grid.
  1 # Attribute 'grid_mode' of the grid. 1=='default',2=='initialization'
  0.0000000000000000 # Attribute 'small_contrib_threshold' of the grid.
  0.5000000000000000 # Attribute 'damping_power' of the grid.
 # binID   n_entries weight   weight_sqr   abs_weight
    10   10   2.502441643509537E+004   1.781982293421697E+009   2.502441643509537E+004
    16   10   1.811335309519925E+004   1.106378891653501E+009   1.811335309519925E+004
    22   10   1.811335309519927E+004   1.106378891653502E+009   1.811335309519927E+004
    28   10   2.502441643509536E+004   1.781982293421696E+009   2.502441643509536E+004
    34   10   2.502441643509536E+004   1.781982293421697E+009   2.502441643509536E+004
    40   10   1.811335309519927E+004   1.106378891653502E+009   1.811335309519927E+004
    46   10   2.502441643509536E+004   1.781982293421696E+009   2.502441643509536E+004
    52   10   1.811335309519926E+004   1.106378891653502E+009   1.811335309519926E+004
  </DiscreteSampler_grid>
