  0.00191308892725648  0.00194788395335704  0.00199204627385679  0.00203231365969561
  0.00207717939961668  0.00212651764892817  0.00217643024665094  0.00222646679380104
  0.00227756608820451  0.00233015952206017  0.00238466287297613  0.00244254297522189
  0.00250256302826678  0.00256529832009014  0.00263122835758361  0.00269913825394080
  0.00276744017068111  0.00283701935193846  0.00290580107606436  0.00297841731554086
  0.00305211664012220  0.00312637374671920  0.00320213296659069  0.00328130655800870
  0.00336326537287099  0.00344636413034917  0.00353380767200483  0.00362000523365809
  0.00370753686055222  0.00380077458438988  0.00389859143070203  0.00400142756085924
  0.00410782781145735  0.00421724650523262  0.00433084440892462  0.00444869680945418
  0.00456996915361303  0.00469694980827836  0.00482974743396482  0.00497458889051450
  0.00512892413006461  0.00528606963930561  0.00544778428939071  0.00561343886984087
  0.00578393998138928  0.00596088269643286  0.00614311197682889  0.00632850944655429
  0.00652414351498605  0.00673328835708785  0.00694562205049554  0.00717752654726772
  0.00742459864069958  0.00768374349365757  0.00796220037981871  0.00824979459106111
  0.00855124460497883  0.00886728167180200  0.00919228392576359  0.00952817235978141
  0.00988409161872667  0.01026055015151255  0.01065624146841334  0.01109265091711727
  0.01157560622768041  0.01208015065477705  0.01260787349970786  0.01315968822319296
  0.01374520726222731  0.01437415019711364  0.01505912216996142  0.01580506522312211
  0.01661657517747854  0.01749121994346717  0.01843829159712241  0.01944616680014769
  0.02053951282056762  0.02173690979557837  0.02306047648031229  0.02454420539476650
  0.02619628824492702  0.02806654540953905  0.03022206014670626  0.03276563086736550
  0.03600275289952307  0.04000301646579967  0.04450217538136492  0.04943489101624246
  0.05523986054514114  0.06290903752289881  0.07324414334333804  0.08703119590529129
  0.10923969848206999  0.14723278648981733  0.24583136400767355  1.00000000000000000
  0.00492599755579353  0.00544699800889886  0.00596586852398009  0.00654714084580234
  0.00715527574949584  0.00776232889605824  0.00836247009765153  0.00897938259652887
  0.00962156721293926  0.01026792440510770  0.01093837708103131  0.01164803565534353
  0.01239970278874141  0.01318506505793217  0.01399826171598141  0.01484040358319423
  0.01570317640868913  0.01661705862596768  0.01759992112837026  0.01860865258086996
  0.01964940967860855  0.02076240704967173  0.02197661245250645  0.02323267631998295
  0.02450828212238010  0.02586639890500807  0.02726644521073665  0.02872016958625685
  0.03021714120185559  0.03185687444864142  0.03362861007051401  0.03547492304503212
  0.03728725208098763  0.03911366234351299  0.04104772314824792  0.04302608878614079
  0.04520168663216752  0.04754071817970579  0.05000067055982490  0.05245499523898144
  0.05497032148943565  0.05764535738339754  0.06046371972141563  0.06331557404930485
  0.06622440814597613  0.06904607912942340  0.07185112520180562  0.07486306471067546
  0.07811233694940256  0.08151840328576773  0.08500606156166596  0.08857260450190570
  0.09227951585194105  0.09617661238072649  0.10036048728787403  0.10497816049310159
  0.10982330506042172  0.11464287329591935  0.11967180666106123  0.12482125663207426
  0.13013408979603736  0.13552434535012750  0.14119697370803838  0.14736010996016921
  0.15397992111713071  0.16090934100486123  0.16831379393754731  0.17616810974207753
  0.18432825935187783  0.19275774941143711  0.20155894176138528  0.21074487102539863
  0.22040147922098893  0.23032338304549627  0.24089386523903589  0.25243245643144102
  0.26473316471699893  0.27759515047800459  0.29121639567160051  0.30579994686367751
  0.32130245655565676  0.33765638258442998  0.35558845410635931  0.37555771947873989
  0.39737020979060289  0.42129282102938059  0.44728681287433147  0.47594973066401375
  0.50827299670929660  0.54328525232045111  0.58263519915139816  0.62879243226404491
  0.68453267683386732  0.75141779094768335  0.84443366583403245  1.00000000000000000
 -0.00215917960728359  0.00854402040353031  0.01789999898294415  0.02800282078022759
  0.03851767106509312  0.04938264326162920  0.06001827889068565  0.07055643185976299
  0.08035290804085787  0.09027201248139767  0.10044644381175939  0.11157925105344781
  0.12223081190763756  0.13258673654970565  0.14311473547873288  0.15445761516238837
  0.16612320975448422  0.17774723008135021  0.18883846121409339  0.19916799905244503
  0.20952234340167966  0.22013296865742180  0.23109438120478518  0.24167238858504414
  0.25216314255163158  0.26300255278303075  0.27398256789566400  0.28497525470152696
  0.29588207406441808  0.30635587479726312  0.31714834395002450  0.32776285772166475
  0.33850882918265229  0.34907612267745675  0.35997802909538890  0.37066690438299532
  0.38128945567235317  0.39177435212756040  0.40236875087008656  0.41275159340677980
  0.42341983251280163  0.43414677397259144  0.44468865137279090  0.45483774774448948
  0.46511522544746803  0.47534606959375836  0.48562776442076838  0.49628903846585759
  0.50714428065309602  0.51852322831635334  0.52957813984224489  0.54100274963924577
  0.55187909896376686  0.56258389092054706  0.57300077954709461  0.58371683828660403
  0.59413062585722365  0.60447951164507674  0.61462508698866802  0.62530165453417696
  0.63570818038591137  0.64634224832355214  0.65704386289270422  0.66759273609942271
  0.67825127698631493  0.68865654663463305  0.69895241012662102  0.70923545566124224
  0.71960793777706489  0.73078630306621561  0.74095283797511713  0.75119520047316934
  0.76143425764428407  0.77195607936824651  0.78212566459835020  0.79202475657788518
  0.80201582991669329  0.81170004786948402  0.82154122439439359  0.83146036295557157
  0.84214732698677119  0.85292211734232259  0.86301842947601493  0.87298254475078496
  0.88331133530083905  0.89421053831500263  0.90518300467465773  0.91571699019884700
  0.92628455828769130  0.93722080487656811  0.94814521506685101  0.95844387853139246
  0.96871292546464127  0.97871235962419545  0.98933055253219926  1.00000000000000000
 -0.00278274087540966  0.01030523881449428  0.02077156650833526  0.03124617101930375
  0.04205877383281631  0.05349780139274453  0.06463543473529348  0.07532517592275623
  0.08588546839952853  0.09678200021201872  0.10759964455022761  0.11827237605769980
  0.12864471404445524  0.13866881869565503  0.14876296892398269  0.15857694853611545
  0.16888519485803266  0.17918503489558071  0.18954718290687864  0.20036935819837290
  0.21116054814536198  0.22178466996202359  0.23219362857602519  0.24226295894649028
  0.25249615214808163  0.26330105309728635  0.27463006147616836  0.28607525580066123
  0.29664219156692928  0.30714766950251282  0.31714487620051596  0.32730519398168312
  0.33762564344907076  0.34865635655153621  0.36027291100248432  0.37197007427317136
  0.38280133268744765  0.39338959680330726  0.40332470171073992  0.41395388421738410
  0.42454181043901906  0.43521181613244392  0.44601947677875947  0.45707211485867844
  0.46801196313594517  0.47926012470243318  0.49068002246782277  0.50165900976645306
  0.51214612756584332  0.52258900504378247  0.53347695465700373  0.54458447706772561
  0.55539330194190939  0.56619525688438932  0.57658524515527598  0.58687877597137927
  0.59715493740713588  0.60777574426637671  0.61891885865457574  0.63006579739569812
  0.64116467772506225  0.65186320963234845  0.66205450362970164  0.67202276846341291
  0.68192788609739330  0.69212369159733445  0.70275833262133935  0.71374593096144590
  0.72480379150897578  0.73519319511212344  0.74557566779588325  0.75591863368067791
  0.76605492472736747  0.77569511701034211  0.78497884373514859  0.79451843699655356
  0.80456068754657306  0.81486543318619531  0.82531446880380832  0.83595854090071042
  0.84633732566928332  0.85683135716135561  0.86655062300218855  0.87650392207344052
  0.88653056164925637  0.89671331976768864  0.90689200548606608  0.91693880288017171
  0.92718055472242644  0.93763691768379542  0.94737034746369542  0.95779048549877321
  0.96819117702373536  0.97906450146750357  0.98959392269518087  1.00000000000000000
 -0.00260595547659992  0.00913806536885347  0.01980771097553952  0.03058183604691505
  0.04135316935359440  0.05209147348442891  0.06257971800340786  0.07298757962978845
  0.08330943007101825  0.09370825609698397  0.10443906992120429  0.11553988403431831
  0.12709778929002016  0.13868341175842283  0.14996105933712947  0.16069946152893000
  0.17113779922215863  0.18142735196911078  0.19194501911071091  0.20270885253686607
  0.21358106473291805  0.22412013220754914  0.23471363179060897  0.24535264932451065
  0.25593879582868856  0.26649447461832798  0.27691480052330281  0.28688406434640945
  0.29682296147239068  0.30650461257880912  0.31644262820983221  0.32590243924812567
  0.33558305884626199  0.34566573062805678  0.35600107860254654  0.36646255501941488
  0.37684132091368178  0.38709297131333409  0.39741739622281663  0.40793613290138203
  0.41907612381844944  0.43014978710892748  0.44092761905961753  0.45136847206088082
  0.46174312766764941  0.47214615420762218  0.48258438280841975  0.49327806705563115
  0.50417051620997966  0.51485133965965890  0.52543166803525765  0.53617441300751612
  0.54744238661299394  0.55841414907283382  0.56902484796004671  0.57924275507326961
  0.58962068473560247  0.59977155170843510  0.60987626996893063  0.62024823639558213
  0.63042541119476891  0.64050638196608101  0.65017574864870187  0.65996404419787236
  0.66973301675873753  0.67926869730263106  0.68874507324955880  0.69875673161868168
  0.70917180964260373  0.71990736777950981  0.73073996400173569  0.74119372186577692
  0.75163941475696816  0.76170916130249255  0.77218019615511779  0.78282267432879815
  0.79356717323620063  0.80388807132698681  0.81421916637270353  0.82446027793424159
  0.83521305503515830  0.84623601820605443  0.85748211332061697  0.86899181827286476
  0.88058006985143678  0.89184116214802212  0.90262819877868983  0.91348630875641268
  0.92397815989443344  0.93436264502233590  0.94487972040512946  0.95550384102244001
  0.96629236812564112  0.97719489756538636  0.98856550976072932  1.00000000000000000
 -0.00239570887363230  0.00982632398219694  0.01956111067003699  0.03035946587202356
  0.04091003831643494  0.05207614413902348  0.06278260060322083  0.07399101650087583
  0.08491652694030331  0.09513609562561126  0.10535915327028704  0.11539882624336695
  0.12578401290269123  0.13625145493302768  0.14640114951929331  0.15668071206979420
  0.16716675009760693  0.17807460443834372  0.18921254582477079  0.20032298895156048
  0.21115902775334541  0.22193859640657349  0.23289734622852237  0.24366728722890540
  0.25443422212051586  0.26505902986212720  0.27590169564956507  0.28670664994970585
  0.29764115315837936  0.30863429723265068  0.31936554954054641  0.32967082089501831
  0.33983875248986711  0.34992206697757672  0.36012476368995949  0.37062773797131776
  0.38116587177128508  0.39230859424888370  0.40333263908674383  0.41410579397968195
  0.42523781141341727  0.43694187029405501  0.44771013653844571  0.45803620331548461
  0.46768709116787005  0.47823431812157680  0.48864242758021514  0.49897276395809087
  0.50942949284479744  0.51990436888196612  0.53067208182906545  0.54141404241313196
  0.55246909708034397  0.56346489093661511  0.57411566271226466  0.58460656159208180
  0.59513191067045834  0.60588836641926502  0.61646163326410996  0.62692964632547732
  0.63724332903283443  0.64777068147243078  0.65880679014144095  0.66985414197672410
  0.68069723354738965  0.69115721839836575  0.70176149839538815  0.71256254577951328
  0.72311969112378194  0.73373841982315380  0.74454052997542830  0.75543844405433980
  0.76643839173528272  0.77698534842598577  0.78748213841639780  0.79774067251531655
  0.80765809345473494  0.81755296644630859  0.82784408798746156  0.83861633486746856
  0.84908480066988801  0.85920095464389601  0.86934747065980844  0.87942211057967323
  0.88937425742305920  0.89900808418022882  0.90847241652852506  0.91827679660654205
  0.92852186048798802  0.93869727149778703  0.94848207214148439  0.95821101848832835
  0.96850568536747816  0.97879219439829857  0.98945400320148824  1.00000000000000000
 -0.00252921170157599  0.00924877633572454  0.01976771115123112  0.03105085194824418
  0.04277872594676883  0.05448132929307375  0.06555851559253896  0.07600836330024040
  0.08655390208711862  0.09739589679776198  0.10872598816872081  0.11969247843810461
  0.13037404045552486  0.14102310063225226  0.15152824086627614  0.16210935554844064
  0.17261433838095830  0.18308773615320698  0.19383253523465144  0.20468529109049569
  0.21567945467008154  0.22637505264094790  0.23746961433657818  0.24855678773225537
  0.25871910031943612  0.26875174504689925  0.27873953149675484  0.28903691809276477
  0.29900809000796819  0.30918266884118101  0.31932115913628889  0.32936148274956212
  0.33907606262824092  0.34869041733163442  0.35864704005904724  0.36864499437150439
  0.37923289137930016  0.38990227554887147  0.40038434134879625  0.41035598358129149
  0.42012495659285409  0.42997893117614583  0.44015531636131366  0.45034529102629395
  0.46061442994612795  0.47126592871252287  0.48185846001507848  0.49323270777661615
  0.50465823693738820  0.51604798965829646  0.52685240231027586  0.53735664978713582
  0.54789124612969708  0.55827110955136361  0.56848884661548893  0.57842886389586756
  0.58862750096426519  0.59883007437661850  0.60924167235600801  0.61975412477778458
  0.63024307406897462  0.64098979301042436  0.65164686487593548  0.66229219404464879
  0.67279453562602465  0.68353383312273197  0.69419119033458088  0.70489805710203535
  0.71540832842641999  0.72600884622929185  0.73689224417870114  0.74769703730632131
  0.75870733985430594  0.76935264121505431  0.78012895771396218  0.79115379269534225
  0.80243956933658733  0.81395618252972213  0.82463268526992373  0.83493604901910701
  0.84517623293976885  0.85543306887487403  0.86592541642628262  0.87612271404045550
  0.88644948831801695  0.89638638518900793  0.90639658310777560  0.91676476789080352
  0.92761640377855359  0.93823653410577812  0.94859411515073910  0.95911143793092479
  0.96949561184631461  0.98013421085204233  0.99007628850590712  1.00000000000000000
 -0.00227928364801852  0.00825015703723288  0.01802247723977845  0.02832437576841835
  0.03917156120974036  0.05013949386234430  0.06101742529722429  0.07192081220862702
  0.08289287457605710  0.09341292198112390  0.10334555921211723  0.11309823778884572
  0.12307427839326510  0.13357235603024981  0.14431576835458457  0.15530969309843312
  0.16661927245546382  0.17801030111744151  0.18930438826421486  0.20057823035381442
  0.21176330753259873  0.22252839149993833  0.23326769213360679  0.24386907959711232
  0.25453364561813080  0.26531180978414959  0.27584863469167514  0.28605920998885820
  0.29577497436520439  0.30563701017487349  0.31540399771283090  0.32540911466814149
  0.33571421868537349  0.34613438600801211  0.35640728400862720  0.36668222518897253
  0.37698802766794598  0.38739643308771965  0.39755594176833686  0.40806008785906056
  0.41802828488964139  0.42818175564196276  0.43823663418508157  0.44849969736579098
  0.45849384734870458  0.46834187839530655  0.47832826416370489  0.48862324178591782
  0.49893918321167535  0.50942734075253193  0.51973938420777577  0.53005195825951046
  0.54060216427243091  0.55150025941398195  0.56231772554953874  0.57347652624976198
  0.58471076921807053  0.59572640131803711  0.60648246012830498  0.61685016110361013
  0.62703527435585316  0.63666625962054080  0.64627163323091263  0.65617062750025335
  0.66611842681543143  0.67656759639419961  0.68665849189391481  0.69732122707162736
  0.70766125013953296  0.71853038348414122  0.72979085259083976  0.74168735174169187
  0.75329224304026587  0.76473829668630189  0.77581476545464356  0.78684910283383069
  0.79742791329039564  0.80760271730614264  0.81791716303103867  0.82883063222506048
  0.84026860627714917  0.85149128456705603  0.86195449315575456  0.87222533616092890
  0.88281712241677557  0.89385165642417708  0.90484655118063473  0.91539977366488434
  0.92588871996535815  0.93683488250921654  0.94739648736937832  0.95812438207129080
  0.96853974546456256  0.97908957698099719  0.98956000216659101  1.00000000000000000
   8.1712041110761468E-012  -1.0000000000000000     
 T T T T T T T T T T T T T T T T T T T T T T T T T T T T T T T T T T T T T T T T T T T T T T T T F F F F F F F F F F F F F F F F F F F F F F F F F F F F F F F F F F F F F F F F F F F F F F F F
  <DiscreteSampler_grid>
  grouped_processes
  1 # 1 for a reference and 2 for a running grid.
  10 # Attribute 'min_bin_probing_points' of the grid.
  1 # Attribute 'grid_mode' of the grid. 1=='default',2=='initialization'
  0.0000000000000000 # Attribute 'small_contrib_threshold' of the grid.
  0.5000000000000000 # Attribute 'damping_power' of the grid.
 # binID   n_entries weight   weight_sqr   abs_weight
    10   10   3.395228124487530E+005   4.528705816725378E+011   3.395228124487530E+005
    16   10   3.220144166549569E+005   3.606507676556917E+011   3.220144166549569E+005
    22   10   3.220144166549568E+005   3.606507676556917E+011   3.220144166549568E+005
    28   10   3.395228124487528E+005   4.528705816725375E+011   3.395228124487528E+005
    34   10   3.395228124487530E+005   4.528705816725378E+011   3.395228124487530E+005
    40   10   3.220144166549569E+005   3.606507676556919E+011   3.220144166549569E+005
    46   10   3.395228124487529E+005   4.528705816725376E+011   3.395228124487529E+005
    52   10   3.220144166549569E+005   3.606507676556920E+011   3.220144166549569E+005
  </DiscreteSampler_grid>
