  0.05151910710995056  0.05171912131802560  0.05195084921493746  0.05220298631561972
  0.05246280635388730  0.05272191340972933  0.05298331617413757  0.05324420887384493
  0.05350955883320103  0.05378060367684178  0.05405710728935094  0.05433628601681600
  0.05461312261740718  0.05488970815829043  0.05516927227718948  0.05544932785874371
  0.05573093759851725  0.05601733365099650  0.05631220620314484  0.05661219256865233
  0.05691872236483728  0.05723821501547108  0.05756503563693994  0.05789207546945783
  0.05821583025896945  0.05853651826986219  0.05885927986921596  0.05919011354857280
  0.05952833720056019  0.05987303090188435  0.06023669576498105  0.06060744429014518
  0.06098110203294086  0.06135785552147335  0.06172965434148383  0.06209875452827385
  0.06250611577895029  0.06293793761604892  0.06345205741728772  0.06396313871668322
  0.06447199294960569  0.06498524550679129  0.06550427096279679  0.06603174508823674
  0.06658661374286531  0.06717109020453974  0.06777921881544936  0.06839006583559407
  0.06900682929744778  0.06962452150536939  0.07024382618754527  0.07087197756863316
  0.07151064931210280  0.07215827568465652  0.07282057475593361  0.07350537403261370
  0.07421779357097254  0.07495676462274346  0.07571074963777590  0.07648436389576939
  0.07726525227436105  0.07805950570023304  0.07885412361038967  0.07966003991707239
  0.08048268888192299  0.08133861928474358  0.08221674897051010  0.08317743565988643
  0.08431386785053976  0.08558366976022834  0.08690292504332936  0.08825498096678037
  0.08964189208162048  0.09105246416495662  0.09250264498307738  0.09400501503697103
  0.09559906777181185  0.09725898376416492  0.09898691360075000  0.10079520478214818
  0.10263023686200705  0.10473072327217338  0.10720702422434281  0.10990808179050630
  0.11281186788044836  0.11593570234832902  0.11928120988264754  0.12287813250300321
  0.12723780906843246  0.13258647338037291  0.13852726702161700  0.14574235006438252
  0.15533717396876179  0.16867269173551183  0.18117461072663540  1.00000000000000000
  0.00187308964103694  0.00225722795928403  0.00256981353763070  0.00285772121920730
  0.00313573432543893  0.00339956788359034  0.00365184908872580  0.00389273190738367
  0.00412503493013036  0.00434827255626676  0.00456454246990412  0.00477716570957835
  0.00498636869675402  0.00518920425681548  0.00538723942245077  0.00558687713943772
  0.00578504390180590  0.00597777189442094  0.00616582097589342  0.00635305429638580
  0.00653621590283705  0.00671713220947288  0.00689275993708686  0.00706635495454199
  0.00723583920371091  0.00740519025595203  0.00757076781638725  0.00773942755340115
  0.00791025319914251  0.00808189871723902  0.00825143670304318  0.00841724149291545
  0.00857913100734810  0.00873734693374537  0.00889475773766623  0.00905384308746431
  0.00921183174076208  0.00936443463262519  0.00951708480501242  0.00966946226852618
  0.00982291982537216  0.00997411435137813  0.01012365809769673  0.01027216492824651
  0.01041862621462238  0.01056271542762462  0.01070413122770793  0.01084312115089779
  0.01098149790449865  0.01112192616560001  0.01126480021663525  0.01140659316837076
  0.01154788224200783  0.01168879348304650  0.01182638132658760  0.01196610697018956
  0.01210461833745880  0.01224452889690231  0.01238672756638620  0.01252865567498635
  0.01267378535442570  0.01282284172447909  0.01297122237961570  0.01311700778107569
  0.01325958079299825  0.01339959644849478  0.01353722054863640  0.01367647691494000
  0.01381514910974980  0.01395270521321255  0.01409237792550929  0.01423320307592453
  0.01437222864739818  0.01451182031484370  0.01465478514764517  0.01480165198869849
  0.01495389343030419  0.01510303356610361  0.01525037652645192  0.01539638821978945
  0.01554444827311828  0.01569024796860175  0.01583329082576777  0.01598741274962692
  0.01614195987256169  0.01629649319870185  0.01645480033595309  0.01661483466356702
  0.01677841092638217  0.01696336720498749  0.01715056008751439  0.01737610706162681
  0.01758943377965015  0.01778815481205031  0.01789600128423768  1.00000000000000000
 -0.00222121267266410  0.00899059003512495  0.01864717986028652  0.02843403802415754
  0.03844728056842020  0.04870859362405543  0.05888960448065812  0.06854089490763290
  0.07828105859766771  0.08851882263821978  0.09892227826002697  0.10936753521894092
  0.12016417575946638  0.13118061491090904  0.14254543494076524  0.15398446192962434
  0.16535182793913300  0.17612907577073800  0.18677896143822728  0.19731321205682795
  0.20754176912661224  0.21795744798870950  0.22828091594340327  0.23859882234357699
  0.24917299175999069  0.26019267850977462  0.27182136710970040  0.28281712313425139
  0.29415926922351443  0.30515148840186845  0.31580071286059080  0.32673297803700213
  0.33755395231751967  0.34840394801657920  0.35841702125296759  0.36802849581423980
  0.37782527290065465  0.38763443932102015  0.39792140126812636  0.40829813091437750
  0.41894442684774319  0.42976446523921352  0.44028996395333753  0.45064750516631685
  0.46100896773562472  0.47170332795433800  0.48195746117176369  0.49165561816570519
  0.50126527043534874  0.51101749779518435  0.52069756496537434  0.53024937591075594
  0.54032826593360028  0.55143908542763476  0.56290082055542601  0.57393619451481392
  0.58452870509114885  0.59489663200045062  0.60526261809378545  0.61572926618378376
  0.62573926363929333  0.63516592358624990  0.64449286521818661  0.65431250582210831
  0.66431050235519229  0.67422697529215536  0.68413632640436250  0.69427880825815180
  0.70465558565750808  0.71545560040843637  0.72684812733691462  0.73859319150075964
  0.75049358353186402  0.76231902456994427  0.77384869490104735  0.78506043444158768
  0.79644416606319690  0.80808894365745476  0.81912605269049810  0.82965898775370361
  0.84072247655347798  0.85191817193540120  0.86335281829657373  0.87412905723714018
  0.88538049184958101  0.89621264548791546  0.90677068943558548  0.91719211456551153
  0.92738931706641703  0.93744388863672856  0.94790464409037078  0.95842949024383828
  0.96900165617482314  0.97920590559399845  0.98956207826663078  1.00000000000000000
 -0.00248311592627415  0.00927625855484165  0.02007697931160676  0.03039437049204082
  0.04067635930067042  0.05061596191865260  0.06042364425263899  0.07013870035726275
  0.07947089911748814  0.08929545934310940  0.09903748393334272  0.10910575356719407
  0.11909355232926992  0.12922614199268900  0.13993958050909952  0.15145317494796132
  0.16313573476916876  0.17414731165531733  0.18484061027423210  0.19578703541448583
  0.20702072173988045  0.21843174876977001  0.22975649303722939  0.24052333106072252
  0.25067245306383590  0.26052078461081224  0.27027105054952572  0.28029599406206845
  0.29069375177479634  0.30190120386576452  0.31343052452630210  0.32471721370126611
  0.33588596552439354  0.34708010240155929  0.35798465160150189  0.36863214698402474
  0.37948668725409507  0.39061927625097548  0.40161184030483704  0.41243815267451622
  0.42340286668120425  0.43428473468822326  0.44465863379429510  0.45499177141960184
  0.46569511934155117  0.47663481812343145  0.48725362123599986  0.49764796227498015
  0.50783805923840819  0.51796408647427916  0.52796007276770096  0.53798992529120471
  0.54793724164204682  0.55779136080861025  0.56769042657205504  0.57737682737131280
  0.58707972448887169  0.59691818182437562  0.60715467804888990  0.61775202482735669
  0.62820692613133888  0.63860293656982958  0.64880394171825961  0.65871092524046937
  0.66855864530578646  0.67869102995027675  0.68954455797336545  0.70090807336252869
  0.71171966461262237  0.72226330221851442  0.73232668234383713  0.74243164020692931
  0.75252709974160847  0.76287860381986028  0.77328483177401763  0.78392813043191967
  0.79483311521676236  0.80531077845422472  0.81562805609932065  0.82606459052154135
  0.83647795415728776  0.84696343367632343  0.85751341701305839  0.86834651985088018
  0.87938960552690137  0.89087695681186374  0.90191544725289197  0.91272986722898442
  0.92357284048822508  0.93446805859538007  0.94541819938165783  0.95594795931023124
  0.96700784491062775  0.97815349680725616  0.98895519610728921  1.00000000000000000
 -0.00230631941426388  0.00995281127572561  0.02010184804329715  0.03027638227789314
  0.04044833723860069  0.05096068187245831  0.06100548416459126  0.07097847871717188
  0.08073759114665496  0.09095362600976757  0.10130238935514373  0.11147861516484311
  0.12157335072697134  0.13179084247284611  0.14194325038290434  0.15244631421228444
  0.16310267451529564  0.17352790591550990  0.18368889676725991  0.19342442643295946
  0.20338458156970793  0.21298325425792686  0.22273019123756033  0.23254640193686801
  0.24343238842793610  0.25422044170560820  0.26492643939769361  0.27577145008184833
  0.28686114932385082  0.29775098122735016  0.30879626299467888  0.31957059110456382
  0.32988850633175737  0.33985865176129809  0.34995371397167430  0.36030739542879031
  0.37110678268382008  0.38262997216278988  0.39445837335353762  0.40550478088048886
  0.41582853550904753  0.42588957441812414  0.43573109239808544  0.44544381880246831
  0.45519310616161873  0.46556687850915124  0.47637800995331980  0.48717890872331399
  0.49798844625183297  0.50900637770671375  0.52037070792685258  0.53170772061251492
  0.54268500699250855  0.55299444560281308  0.56299766495119985  0.57290363475384032
  0.58324071536261035  0.59371726739616304  0.60396147270566269  0.61402831035544803
  0.62451862763323862  0.63530494633830148  0.64719381832060452  0.65958868926865710
  0.67132307531194058  0.68183459478418151  0.69218563174064851  0.70309116409952521
  0.71306433887474807  0.72269808401982916  0.73292340028762615  0.74412380090093277
  0.75501355333589293  0.76555987377424528  0.77620145849952860  0.78735997181274031
  0.79859575859701071  0.81019335491704603  0.82161413985210174  0.83295571789966161
  0.84422735740850807  0.85548033187350181  0.86624579259687917  0.87666537112538367
  0.88709151063927449  0.89801867056913898  0.90956676847414286  0.92077922276746438
  0.93128481803628549  0.94133332242588152  0.95120756200063517  0.96090828376058979
  0.97079694980718290  0.98086503275930648  0.99067049997607359  1.00000000000000000
 -0.00213451254634080  0.00897764369016206  0.01870990277646923  0.02894965329443793
  0.03977225175412925  0.05041652089266952  0.06089168040932706  0.07058980962541894
  0.08018716172260841  0.08995703001548329  0.09984306260643226  0.11035151055989910
  0.12040549337537569  0.13051316597114709  0.14067571662327102  0.15122079345777506
  0.16255640462957052  0.17352795244892133  0.18410338523610198  0.19440769718724893
  0.20444075337675618  0.21438945787791353  0.22391341952514221  0.23360598369086955
  0.24407225836812313  0.25489146620418968  0.26629925889227596  0.27764190366551789
  0.28900772851153922  0.29999494011405581  0.31096642097374255  0.32160247401934450
  0.33221291506004086  0.34285838876589203  0.35372176066601541  0.36463413408394446
  0.37527937511751142  0.38541357891357286  0.39529232491573324  0.40534511835471465
  0.41558623511280168  0.42591316163380588  0.43634826027550844  0.44725210209046506
  0.45843539977393888  0.46942624303436842  0.48049532068523099  0.49179794157396339
  0.50309745460914790  0.51446995909569304  0.52626025974392288  0.53848999395064567
  0.55080737560489623  0.56298156385247045  0.57488621723446764  0.58612699199383300
  0.59675318021956503  0.60748966394710657  0.61851869502946033  0.62941629907204377
  0.63993095340156991  0.65028084422019738  0.66094039233704660  0.67202798750175674
  0.68317784931994496  0.69400353877471788  0.70444894563935878  0.71481033032134944
  0.72523477764893229  0.73570978849441959  0.74601322261661673  0.75618941302830811
  0.76624274474233722  0.77637817651822005  0.78658250302966526  0.79651760678053440
  0.80610633422920219  0.81559357863052862  0.82482823168780250  0.83401003064174140
  0.84347867871780202  0.85320584524478138  0.86295220105420978  0.87249809010863100
  0.88174182841305859  0.89084616695011776  0.90038803616907181  0.91017205071474372
  0.92022864309005514  0.93065738566456879  0.94146752259715127  0.95339212220027969
  0.96529010530494808  0.97717084524447972  0.98873629138600028  1.00000000000000000
 -0.00252940738063674  0.01002115201336813  0.02081276126301907  0.03206868778169433
  0.04337409465104447  0.05466488075550678  0.06621264913973698  0.07767742513623993
  0.08864955092904085  0.09912256586530044  0.10920880128428585  0.11934613369701488
  0.12948236743273023  0.13939466692211136  0.14876720374914951  0.15792300279015861
  0.16711219486965082  0.17684934488325943  0.18689389220197364  0.19750034604045308
  0.20831529430775791  0.21872412801586164  0.22926800203809705  0.23968528696172928
  0.25015689455756251  0.26079865095759081  0.27183678439367365  0.28290870422336928
  0.29382403737251667  0.30460915330049471  0.31545027697787192  0.32591586854374455
  0.33620399026065412  0.34646686532466692  0.35733020247237340  0.36884654911382420
  0.38013375984792130  0.39086701210051367  0.40159905501694387  0.41222838681197588
  0.42271465913258538  0.43311250341873819  0.44351312958648037  0.45380610076540728
  0.46398304487693698  0.47376603890674496  0.48377529911874928  0.49388768843081243
  0.50459948983615421  0.51493794873522203  0.52524700672374702  0.53547010375816884
  0.54573426592846630  0.55597787464541126  0.56674826366119191  0.57754859252919100
  0.58802536126218341  0.59800826720248434  0.60861850535940887  0.61940546276844088
  0.63040765582008296  0.64121935826401399  0.65188838454408371  0.66231094751151309
  0.67282081406117544  0.68369958962187638  0.69467385853969299  0.70525146287369711
  0.71521915840137273  0.72483797344080603  0.73478559478992922  0.74508624994817785
  0.75540858386003829  0.76554235965775430  0.77598312922656099  0.78684918116308800
  0.79786415491576690  0.80911418623563980  0.82067297312537590  0.83190624735289209
  0.84341681137552549  0.85454717276186620  0.86546909446745413  0.87571207021261366
  0.88584430446219586  0.89597948222954016  0.90621824192673084  0.91695309466430408
  0.92774767428416494  0.93838755405198171  0.94844809608508118  0.95842232913347591
  0.96869832642854492  0.97926139755110708  0.98967731840510864  1.00000000000000000
 -0.00204768252634617  0.00911018208584765  0.01823351386732979  0.02801113175999812
  0.03711999095211047  0.04675898301099717  0.05707168302852357  0.06739724160874007
  0.07803226441869687  0.08894805798717442  0.10053953143801214  0.11068040920318094
  0.12051474992499760  0.13039147802070930  0.14069065909186362  0.15098590255497515
  0.16103445793756105  0.17129935431650323  0.18228510754940264  0.19377611307354517
  0.20548705887525884  0.21697175195081178  0.22832073381922632  0.23957053101099862
  0.25047595792497968  0.26130594376941818  0.27208308356391986  0.28273804166412120
  0.29357378485722219  0.30426466843912903  0.31469140229445847  0.32497980440774982
  0.33555761343803903  0.34674367165791520  0.35745687847110685  0.36733991675591082
  0.37693470978920540  0.38638516481429680  0.39580873966460461  0.40562608558253205
  0.41580814780992259  0.42620067736312939  0.43665939257388264  0.44699403258340026
  0.45745739432829247  0.46788038613892768  0.47809724849127361  0.48842653456485791
  0.49900421723985261  0.50962408728531483  0.52035267839254595  0.53115374206519372
  0.54169334009801917  0.55205233521555641  0.56231041150886829  0.57274862626634993
  0.58324401020615169  0.59454232849648314  0.60630468807958571  0.61788259145887092
  0.62905964657980751  0.63986370620854183  0.65035651553345897  0.66058192610949085
  0.67078474361474516  0.68124012686148328  0.69166340781879587  0.70206243132670509
  0.71206896285049726  0.72171173567861879  0.73147496561200975  0.74141727624006015
  0.75138492371920151  0.76126752290894717  0.77109932365906475  0.78148461231163047
  0.79235230602964801  0.80319160925097199  0.81414820221929096  0.82539358022741138
  0.83690857879452563  0.84849707996160839  0.85959421803631697  0.87031751659564138
  0.88087361934027741  0.89174115860758285  0.90253509185036540  0.91382415994768684
  0.92572257514692213  0.93739025954274358  0.94837366114142452  0.95917275365153620
  0.96981136097757181  0.98039169355254296  0.99023194495207789  1.00000000000000000
   1.0367086396468504E-022  -1.0000000000000000     
 T T T T F F F F F F F F T T T T T T T T F F F F F F F F T T T T T T T T F F F F F F F F T T T T F F F F F F F F F F F F F F F F F F F F F F F F F F F F F F F F F F F F F F F F F F F F F F F F
  <DiscreteSampler_grid>
  grouped_processes
  1 # 1 for a reference and 2 for a running grid.
  10 # Attribute 'min_bin_probing_points' of the grid.
  1 # Attribute 'grid_mode' of the grid. 1=='default',2=='initialization'
  0.0000000000000000 # Attribute 'small_contrib_threshold' of the grid.
  0.5000000000000000 # Attribute 'damping_power' of the grid.
 # binID   n_entries weight   weight_sqr   abs_weight
    10   10   2.324534674940964E-005   8.040586616557050E-010   2.324534674940964E-005
  </DiscreteSampler_grid>
