 -0.00471301944662170  0.02285927001158268  0.04022976467864001  0.05421276319530454
  0.06598148353158217  0.07628238064334436  0.08676086565130868  0.09779204971057065
  0.10787284056533099  0.11707703054778329  0.12622903797944499  0.13615124933601380
  0.14654127855952526  0.15698156993691692  0.16797845117196683  0.17953060305699664
  0.19093166651996696  0.20210578917630265  0.21332531128445331  0.22504670795724566
  0.23653416483367143  0.24752180300346757  0.25808455329797697  0.26877585827476330
  0.27951829009175172  0.29004676649184913  0.30061052640103320  0.31143622732386472
  0.32269895610079036  0.33417922410744189  0.34581379248082145  0.35576121776111558
  0.36440594007706073  0.37249896991132869  0.38084539456420402  0.38975756876538420
  0.39926981077657930  0.40915180464852186  0.41936740403761102  0.43052717135793761
  0.44177298692942846  0.45263119063995222  0.46319174486940157  0.47380448948423776
  0.48407100406794379  0.49350516038076336  0.50197464705638595  0.51035186087341100
  0.51949620470093549  0.52939500905165837  0.53941725481850433  0.54930615036833941
  0.55916718768353124  0.56901593136977024  0.57899701024273942  0.58931600541165674
  0.60021450855039260  0.61169651267027825  0.62342365811606326  0.63421749637278468
  0.64410998116768281  0.65386315599399991  0.66431650788380736  0.67576447426385244
  0.68761164536210295  0.69968975272516121  0.71149928762336734  0.72304149025121678
  0.73434439687294006  0.74526972488113219  0.75606428128343139  0.76691315481443612
  0.77818305072980143  0.78857471931009360  0.79841976776130619  0.80827612284064054
  0.81773724095825595  0.82654566384109318  0.83720817634651912  0.84777528888650078
  0.85969365881831827  0.87119980415135112  0.88363632554787919  0.89607132452026306
  0.90755363651727650  0.91768497898905776  0.92680266437420011  0.93575450496421453
  0.94476050320694316  0.95375106156308442  0.96196686820809962  0.96934755377128412
  0.97633656497078103  0.98368483920835237  0.99152234216120527  1.00000000000000000
  0.00000009294031545  0.00000009836576671  0.00000010494374729  0.00000011086868979
  0.00000011761755996  0.00000012477810030  0.00000013222386457  0.00000014036338709
  0.00000014895856487  0.00000015791668709  0.00000016725304061  0.00000017758945590
  0.00000018871844214  0.00000020010302112  0.00000021248650216  0.00000022570449310
  0.00000023937838731  0.00000025448442915  0.00000027062240458  0.00000028804796863
  0.00000030674056285  0.00000032773202799  0.00000034805061855  0.00000037295267536
  0.00000039792167818  0.00000042436945564  0.00000045178807545  0.00000048044219070
  0.00000050991973335  0.00000054320527085  0.00000057868660350  0.00000061414152727
  0.00000065418836650  0.00000069713656101  0.00000074317173622  0.00000080059041629
  0.00000086061811061  0.00000092364127099  0.00000098896115545  0.00000105684433586
  0.00000112903952784  0.00000120490429737  0.00000128710104610  0.00000137360925661
  0.00000146251554746  0.00000155472918477  0.00000165702366168  0.00000177274994976
  0.00000190360209520  0.00000207743144456  0.00000226701142827  0.00000245468612870
  0.00000264970141621  0.00000285820844093  0.00000308931975295  0.00000331944235399
  0.00000355457153037  0.00000378822060688  0.00000404034390246  0.00000434019512157
  0.00000468682067378  0.00000507421464384  0.00000552808980920  0.00000607421847141
  0.00000668665231412  0.00000735230107280  0.00000804683691606  0.00000875828639345
  0.00000956233463420  0.00001043105561987  0.00001141646565705  0.00001257646890820
  0.00001395150376756  0.00001538154203402  0.00001674291875689  0.00001830800206582
  0.00002025315295631  0.00002308333291498  0.00002595808381554  0.00002955311430237
  0.00003350656829283  0.00003828111768358  0.00004449999522788  0.00005244871807835
  0.00006211281377949  0.00007418703643984  0.00008801270058901  0.00010173536799935
  0.00011177810600058  0.00012241986074860  0.00013586872082811  0.00016641136543514
  0.00026337920259136  0.00039192564446876  0.00235333899395950  1.00000000000000000
  0.00000000024117773  0.00000005396656315  0.00000008670870679  0.00000011775854822
  0.00000014884662093  0.00000018141593876  0.00000021840437638  0.00000026476534842
  0.00000032195863468  0.00000039310722167  0.00000047177705943  0.00000055621042523
  0.00000065109698471  0.00000076158121089  0.00000089653983244  0.00000105003842185
  0.00000121934080792  0.00000140714784090  0.00000161928296809  0.00000186501052973
  0.00000214569755786  0.00000246459402967  0.00000282263510179  0.00000323435307208
  0.00000368677312946  0.00000418923629237  0.00000474822387703  0.00000534251700557
  0.00000597462022061  0.00000663224363203  0.00000732804820419  0.00000811452738803
  0.00000894226869638  0.00000987725801529  0.00001092154993129  0.00001201078008769
  0.00001309628273413  0.00001418598081968  0.00001537475507997  0.00001665392776095
  0.00001802518853593  0.00001946389911145  0.00002092285290038  0.00002246987346888
  0.00002415642447919  0.00002597676520004  0.00002801714441815  0.00003042871973982
  0.00003315207702777  0.00003635480666209  0.00003964834082096  0.00004279224781644
  0.00004591570601209  0.00004937749587657  0.00005338702271212  0.00005836355642058
  0.00006424169872864  0.00007071946476320  0.00007778349017407  0.00008574243146476
  0.00009480444103155  0.00010402663341962  0.00011274574394771  0.00012213562023350
  0.00013338623600487  0.00014744194294563  0.00016161325904861  0.00017838273674121
  0.00019715085662256  0.00021048284847694  0.00022325347562822  0.00023584878783249
  0.00024947283717413  0.00026463738618692  0.00028216686087757  0.00030254770351997
  0.00032618102626441  0.00035655190604851  0.00039592809013088  0.00042634051322003
  0.00044543953891700  0.00048045449519385  0.00051987403996225  0.00055356526351536
  0.00058495977977560  0.00061994342679771  0.00069895584041977  0.00079015085144640
  0.00085038171262747  0.00093432080882859  0.00105878065185539  0.00119024387912209
  0.00136108761467088  0.00153193135021967  0.00909949892405578  1.00000000000000000
 -0.00179786950158666  0.00593709611278176  0.01387402118872367  0.02267603134032873
  0.03225117130564555  0.04169549088742586  0.05107369004826612  0.06032299140817521
  0.06956314815113081  0.07896954321854621  0.08842648503185974  0.09725803130704119
  0.10611340445162765  0.11454807423116060  0.12346771380123013  0.13250307838241579
  0.14243703748058559  0.15251426138479587  0.16282687533994836  0.17367525243951953
  0.18530016898820387  0.19688849621070692  0.20822396162889781  0.21946450549710061
  0.23084753919058745  0.24186863225813635  0.25322408272098351  0.26518125962732236
  0.27832364281557748  0.29107632942132605  0.30281487112863736  0.31383871253010304
  0.32423679881525963  0.33525200530284260  0.34626567741270436  0.35817386258123396
  0.37010521753228937  0.38264846867656310  0.39536709530619252  0.40844588885276756
  0.42208251160343968  0.43543392870920722  0.44759307543783405  0.45874243211206650
  0.47077635730615852  0.48271635373398952  0.49498271918240333  0.50785293344209326
  0.52144069095780576  0.53431944720262181  0.54610989207932181  0.55751554559031202
  0.56947084799198411  0.58188901358578948  0.59394553444984022  0.60579801244743225
  0.61785891770334167  0.62970994041179884  0.64064675605844223  0.65093376087171928
  0.66144197889454426  0.67276714213674760  0.68402697921368227  0.69497344544281570
  0.70537911299364331  0.71535702581612315  0.72498739857081840  0.73443072609750659
  0.74487842809187677  0.75632348207492484  0.76731306777485231  0.77781921818878896
  0.78776197089470745  0.79850811518325104  0.80973019371370769  0.82126520386731838
  0.83171015577421081  0.84217168407191223  0.85148502039213825  0.86080981468457063
  0.86990929149992213  0.87969541643187221  0.89019315245652764  0.90035042284851108
  0.90996576495962467  0.91931980617621589  0.92838142364500198  0.93709324929240556
  0.94552834022412624  0.95338910277919287  0.96106937951043314  0.96897766896860349
  0.97698876507222454  0.98497727776066935  0.99265973466501867  1.00000000000000000
 -0.00180026648778808  0.00834487911937300  0.01830015857678115  0.02857072438836522
  0.03983619644932337  0.05153416632514338  0.06331037939480078  0.07536671349166352
  0.08756420742852977  0.09989955964307176  0.11171921052350840  0.12319556446328747
  0.13438796199261241  0.14528063180085740  0.15636840679285036  0.16741823826488719
  0.17872203280410487  0.19030076241016156  0.20246979891859496  0.21427510928555862
  0.22584777041606396  0.23767134152466207  0.24908496418498388  0.25999736157538972
  0.27022811502692745  0.28041410645265807  0.29119276795515742  0.30256708923189307
  0.31381205079253155  0.32496915189227993  0.33626705175003307  0.34717792451061869
  0.35742191395406464  0.36738362348836662  0.37791791704658162  0.38908714996013977
  0.40092349507338759  0.41220430946691550  0.42259756285450223  0.43271450511926440
  0.44292067369086169  0.45328281081792549  0.46332401005729362  0.47324095066696725
  0.48333474964972512  0.49310054920718716  0.50198362970250143  0.50991026891047297
  0.51831631181325466  0.52689641587397762  0.53619462313427646  0.54569594208412264
  0.55619217553464695  0.56707052017316784  0.57862602593225188  0.58954882307612133
  0.59931853076803743  0.60884538178777947  0.61863076938982420  0.62921087597389547
  0.63997059678297141  0.65083161736920203  0.66169664720760546  0.67293787048979403
  0.68392473675303311  0.69440381626290404  0.70420656809792215  0.71411495960653337
  0.72407313581603205  0.73377648119523076  0.74333744654771339  0.75296612752006031
  0.76329912726814197  0.77400819333438042  0.78471839427072920  0.79499471650346509
  0.80498273235762419  0.81502359443346029  0.82527628023616051  0.83570193148640548
  0.84557292392342864  0.85554098027663117  0.86583128780128504  0.87654013009766607
  0.88814865746171567  0.89992513641643335  0.91195721199019808  0.92372304880251788
  0.93515975269583462  0.94555660234287509  0.95441713952361584  0.96279851100101455
  0.97089360580721340  0.98053695255436935  0.99010482702795599  1.00000000000000000
 -0.00363542281223949  0.01760966691726430  0.03387845660069740  0.04852865968560789
  0.06271496777307171  0.07672770251835823  0.09106857427855657  0.10518699398646927
  0.11816711057828626  0.12980058546078968  0.14024670717712706  0.15077515624574245
  0.16222230125066223  0.17405071174304285  0.18620310273033291  0.19894867610582478
  0.21136339212058755  0.22325030761027789  0.23407153116886215  0.24331380482830331
  0.25267134649943246  0.26137721212434978  0.27020880492690230  0.27819405297937050
  0.28646608937740303  0.29514412693825831  0.30559632102382861  0.31578954454244940
  0.32607469001843237  0.33724183587400702  0.34918778546914991  0.35998720654221356
  0.36954181648282408  0.37855148508511927  0.38717203077063439  0.39625890360928379
  0.40475737441470405  0.41350501293172193  0.42169706537452356  0.42873663300048298
  0.43520358818990462  0.44155111613035786  0.44834815132535555  0.45631222295389073
  0.46583552982165133  0.47466441439391854  0.48357777133930852  0.49174223811047263
  0.50044013602793125  0.50903531505743482  0.51797743722368461  0.52687795821967776
  0.53503987560022481  0.54300612334231546  0.55095735066593088  0.55936897361220517
  0.56863851108369290  0.57852950804171077  0.58885223937131048  0.59906440537982319
  0.60917038457214567  0.61920685959684418  0.62904907849343838  0.63838119966100970
  0.64753629603170726  0.65693162177408315  0.66703093925249224  0.67766699035460887
  0.68863680330686194  0.69947273906794272  0.70995696912471307  0.71993610614022963
  0.72980743729496200  0.74017399679225282  0.75066336122877131  0.76111026061587184
  0.77146519830871363  0.78201571209903564  0.79285573109426066  0.80404709671523322
  0.81551250644219497  0.82684271121182540  0.83808942417032750  0.84954202310379701
  0.86108531666627397  0.87280816867858702  0.88456410186528878  0.89657053650677110
  0.90901376617385055  0.92136081405163317  0.93351378712584054  0.94523584824579077
  0.95723519918587618  0.96987222671861628  0.98403639925421837  1.00000000000000000
 -0.00220542028971779  0.00978814462030777  0.02030309642734528  0.03113172059051635
  0.04170615588602068  0.05209563499028255  0.06287594043613999  0.07404706746823002
  0.08593864967366834  0.09714659222631737  0.10733667170869304  0.11672584791249280
  0.12644955452712658  0.13665816920973028  0.14661091287524358  0.15646980216487796
  0.16621017328108001  0.17715240955373604  0.18808892998282367  0.19909515288373958
  0.21087033355858784  0.22351371938287712  0.23724716861496023  0.25046350454747690
  0.26293729921606313  0.27437573626320938  0.28466510885238827  0.29429125113155319
  0.30378400405907180  0.31355559474587247  0.32391003200128116  0.33455370690377234
  0.34535116244905245  0.35711199243212510  0.36913663535292124  0.38059143743427759
  0.39150600528998586  0.40294036065183847  0.41493704839084844  0.42668112962131310
  0.43798038609928375  0.44885632929286590  0.45898974831608275  0.46884760455859203
  0.47875496954617708  0.48820810416649801  0.49837879254842593  0.50883703015083293
  0.51963075221841515  0.53101561236400086  0.54230821709478283  0.55304259412925494
  0.56291938010159270  0.57238655284919937  0.58223292349491595  0.59249773904624736
  0.60236637622840183  0.61227792591335028  0.62199763546333176  0.63286103918999059
  0.64412789306653506  0.65576553357486389  0.66653587886475274  0.67668785837243073
  0.68708003601067547  0.69818078241108461  0.70962442237646828  0.72095179756172612
  0.73216892748299089  0.74305602421923078  0.75402568838011208  0.76434917047840589
  0.77381538332594146  0.78316197377956787  0.79301701897559451  0.80346791703192055
  0.81458600270277470  0.82632766721095074  0.83748303447149164  0.84755287682173297
  0.85695717843001162  0.86676518988471862  0.87691023025323656  0.88729986425436658
  0.89776763028693063  0.90754229591356006  0.91673850069321783  0.92540278931622322
  0.93402341541074307  0.94276755682333202  0.95202952329837631  0.96188928703235455
  0.97172743945616846  0.98098750008843882  0.99032835057757240  1.00000000000000000
 -0.00200356342003416  0.00824352419147818  0.01728087595060436  0.02674588540626234
  0.03577266207228633  0.04504378546736443  0.05507195290720616  0.06577235717576808
  0.07625124953445092  0.08727078417779262  0.09892522959281905  0.11033030835678369
  0.12130011228149244  0.13190679887740814  0.14287024016508898  0.15377269660613105
  0.16444943477637750  0.17427628938747763  0.18366357525146271  0.19215742418334636
  0.20070451216301105  0.20925714833683404  0.21958791989938808  0.22915946871726256
  0.23919085203787244  0.24943119739793451  0.26045598075800291  0.27280519137922260
  0.28489961399119007  0.29639857143776521  0.30762090798165515  0.31861054891256707
  0.33006239784393249  0.34200407298965474  0.35470776272385723  0.36739140905193524
  0.37924092624080541  0.38977374267660164  0.40005960954634412  0.41011392392799179
  0.42009236207507200  0.42961962226825057  0.43992050055202397  0.45065423542828520
  0.46108819905602505  0.47059794229803403  0.48074392310184672  0.49157454921346588
  0.50393244470948806  0.51529086732534690  0.52603465415419592  0.53593125465754177
  0.54608648463452492  0.55664757925936126  0.56663314823299227  0.57630169825717736
  0.58638158835237864  0.59593534553346028  0.60522900007862002  0.61440875820602603
  0.62415406649920191  0.63369015278290453  0.64353545357565090  0.65364881285572674
  0.66441530429183338  0.67563245263358052  0.68720817722178917  0.69818319744608437
  0.70895111872633121  0.71995451411519418  0.73219973313027398  0.74561069824778170
  0.75774966621439110  0.76911913552471556  0.77961321726747368  0.79014234029619712
  0.80060941767611016  0.81083729225209444  0.82054092776721088  0.82994629363589134
  0.83904967530483932  0.84839897917762763  0.85799564354676938  0.86730480276485644
  0.87704016641284543  0.88762709522756345  0.89846302174645343  0.90919207092861531
  0.92048917597410262  0.93160101928851657  0.94239305745314028  0.95305190536210338
  0.96427884660570473  0.97566441333941678  0.98758443699357523  1.00000000000000000
 -0.01010141992583738  0.08553023964253102  0.15588977214742547  0.20883846649840820
  0.24075097371683912  0.26416831157159010  0.27943155840781209  0.29110244522637485
  0.30094267918768736  0.31093599491246215  0.32065815800860742  0.32758393601344915
  0.33224443693099609  0.33865652031379906  0.34572273100876150  0.35345463580030312
  0.36287949231470712  0.37128126949633783  0.37864500582621263  0.38409471456620570
  0.39035382774788785  0.39633245151605290  0.40210877147072216  0.40783625238318216
  0.41350389997958498  0.41895223985942676  0.42414627016928896  0.42914059148345712
  0.43393760259739678  0.43864104730082426  0.44352717357316185  0.44867123799928388
  0.45382643813269508  0.45934830629211881  0.46444433593370871  0.46959985409657673
  0.47485024562757699  0.48017290514609701  0.48574537098134246  0.49106334709005467
  0.49606032605699169  0.50102788825969813  0.50568902000796356  0.51039583255245280
  0.51535389535437015  0.52018462017749312  0.52495527287869614  0.52958831750195334
  0.53427559545337011  0.53958521202561527  0.54521439478989697  0.55115648996414024
  0.55633926270538114  0.56152595094073632  0.56708645617477682  0.57280295560611683
  0.57896362626851738  0.58532409042431877  0.59195899269468422  0.59897281289614634
  0.60633705976139474  0.61423295388693466  0.62217038672322234  0.62949890702854960
  0.63663065979680400  0.64401700047860932  0.65156124744772648  0.65928398840448932
  0.66698331996947990  0.67472656207827519  0.68269221725007534  0.69087852008218043
  0.69944941912319980  0.70826971824670626  0.71740527070766702  0.72673402223646144
  0.73643214341363283  0.74634969530737594  0.75626502066298362  0.76622456369318304
  0.77665100022975619  0.78781618357667871  0.79944070558808278  0.81092545708549901
  0.82250323636471079  0.83414033916417152  0.84623765253321837  0.85870945495872342
  0.87246403225038516  0.88563439153422407  0.90024587536740563  0.91570051920295670
  0.93265086928632668  0.94960384914336304  0.97053621051234584  1.00000000000000000
 -0.01744530092549231  0.10216068022353976  0.13306097065080821  0.15450305801505443
  0.17239341039266670  0.18822105365159647  0.20136356220226673  0.21297607846807118
  0.22320494448371953  0.23356614163396439  0.24331708606135799  0.25152594576110621
  0.25916263907430220  0.26637795881827320  0.27494814796876516  0.28447048564817551
  0.29277786909890996  0.30120199732794767  0.30896208688661897  0.31644639205961528
  0.32373828780454639  0.33099915768533605  0.33837329213096556  0.34603862986403783
  0.35381746822650789  0.36077860740329754  0.36711442016557649  0.37335642036908157
  0.37980231570014023  0.38636868226876014  0.39254829407775027  0.39830095783619690
  0.40398424913775827  0.40967697126162517  0.41569721075375060  0.42153024861352700
  0.42740955574332296  0.43356287393395510  0.43966882636703558  0.44587397553155078
  0.45197383671441810  0.45780883583532145  0.46335335370476782  0.46866430105137974
  0.47380781455033993  0.47918196011042308  0.48515299445176818  0.49161616794394702
  0.49842864761276917  0.50536516363678929  0.51217515309806672  0.51871337894118807
  0.52487356849470457  0.53081695340203128  0.53698046990113746  0.54312178408886724
  0.54935441117224670  0.55546547313899719  0.56143147138990690  0.56728335213592940
  0.57293143947806857  0.57860327389371891  0.58459557447977606  0.59069372900032224
  0.59669156677803925  0.60274579682372731  0.60911628313480426  0.61626489038179788
  0.62363111455283582  0.63099082854476252  0.63851354795388693  0.64526291196006147
  0.65189349130011431  0.65847778587377259  0.66534207978567883  0.67293579824381888
  0.68088874524894238  0.68862076747126755  0.69591453346863796  0.70323804733453354
  0.71113586899115344  0.71977621795176705  0.72845283714180753  0.73762878352481975
  0.74608869855625770  0.75461803419120455  0.76365991930613852  0.77481605761062122
  0.78662899165220712  0.79737755974323843  0.80901982266852968  0.82323705030581085
  0.84135384839407956  0.86301471028968268  0.89834752220196723  1.00000000000000000
   1.6358692081173069E-008  -1.0000000000000000     
 T T T T T T T T T T T T T T T T T T T T F T T T F T T F T T T T T T T T F T T F T T T T T T T T T T T T T T T T T T T T T T T T T T T T T T T T T T T T T T T T T T T T F T T F F T T F T T T T T T T T F T T F F T T T T T T T T T T T T T T T T T T T T T T T
  <DiscreteSampler_grid>
  grouped_processes
  1 # 1 for a reference and 2 for a running grid.
  10 # Attribute 'min_bin_probing_points' of the grid.
  1 # Attribute 'grid_mode' of the grid. 1=='default',2=='initialization'
  0.0000000000000000 # Attribute 'small_contrib_threshold' of the grid.
  0.5000000000000000 # Attribute 'damping_power' of the grid.
 # binID   n_entries weight   weight_sqr   abs_weight
    10   10   3.235871438298467E+002   4.910592888884361E+005   3.235871438298467E+002
    11   10   3.235871438298449E+002   4.910592888884301E+005   3.235871438298449E+002
  </DiscreteSampler_grid>
