  0.00191840379457737  0.00194366932053705  0.00198103890993283  0.00201547335331840
  0.00205076785769564  0.00208942189596870  0.00213094437043701  0.00217360821594066
  0.00221698899164870  0.00226221002448438  0.00230967268913895  0.00235841370165325
  0.00240850299974667  0.00246052928316387  0.00251242009078144  0.00256470622599288
  0.00261916230430169  0.00267431395075216  0.00273073234277421  0.00279410193311803
  0.00285919391335145  0.00292684631886681  0.00299730681600403  0.00307101399452867
  0.00314697254217115  0.00322551734025930  0.00330562241789182  0.00338676258941339
  0.00346958927198965  0.00355343042010458  0.00363754770415006  0.00372591337859611
  0.00381580188738701  0.00390938769667466  0.00400473387020868  0.00410389998636391
  0.00420724029131282  0.00431777769550306  0.00443226124030215  0.00455120061280910
  0.00467995961445287  0.00481793825193531  0.00496148553838572  0.00510829490457767
  0.00526118103824485  0.00542120120067843  0.00558675195357690  0.00575711753237969
  0.00593345574738280  0.00611984052169501  0.00631367393795440  0.00651304252677154
  0.00672127148340999  0.00694422609919169  0.00717477246047164  0.00742162456596772
  0.00767643750886153  0.00793972967302421  0.00820496049979988  0.00849450168779790
  0.00880863769694965  0.00914154471074974  0.00949591016783835  0.00986923473440885
  0.01027038177224730  0.01070127480197629  0.01115626301357203  0.01163316261752709
  0.01213586706735869  0.01268284668802347  0.01326792835888865  0.01391879321953974
  0.01461482919200893  0.01535361819383134  0.01614118791270822  0.01699403511442594
  0.01790932225067400  0.01893326113517065  0.02007709691060397  0.02138127194559497
  0.02283105687381617  0.02443793706512968  0.02621494793233920  0.02820102578408203
  0.03047952316653746  0.03316316966582747  0.03622625024235689  0.03975817565511903
  0.04402126397013526  0.04928874693870203  0.05614015788121277  0.06596564539341625
  0.08024866925914065  0.10452929714886550  0.18161920374605720  1.00000000000000000
  0.00198427995964141  0.00352222366502136  0.00457376309269228  0.00561961912021420
  0.00661660743583600  0.00759137876136145  0.00859753362503410  0.00959410129819141
  0.01059000831206224  0.01164965857704540  0.01272626591775534  0.01382264824205495
  0.01493970142314148  0.01611590938493705  0.01736793776574084  0.01870114234535769
  0.02007196288590471  0.02147811413848252  0.02292690846590998  0.02443516131947599
  0.02598212000321017  0.02756062713169594  0.02919141419565873  0.03085309024732255
  0.03256253847006556  0.03435569923856549  0.03627948430434114  0.03831105520373550
  0.04040428670830688  0.04257739966493970  0.04483939124529931  0.04718866626780579
  0.04963560143990673  0.05219518324710436  0.05485371476379222  0.05757872395819998
  0.06040999888922866  0.06336741006297093  0.06648786168796277  0.06976557465714743
  0.07317545369953950  0.07664957604424477  0.08011961794645316  0.08374558857046993
  0.08752250885474019  0.09136054577241766  0.09531053661541365  0.09931726959350232
  0.10338970107864154  0.10761252313186696  0.11205503561501036  0.11666783889497592
  0.12144832305261935  0.12631779390836137  0.13129629730057504  0.13651417941153546
  0.14194970719654704  0.14774109496165375  0.15364779312066629  0.15971665609150401
  0.16593957035072035  0.17271165579411360  0.17978422458311799  0.18715953705003027
  0.19501000402304322  0.20303652769019156  0.21106768003496862  0.21935730005376686
  0.22812445089403818  0.23725021740601696  0.24643548396859363  0.25606256837315788
  0.26578085995046880  0.27609780190216948  0.28728300035571619  0.29910371999443525
  0.31179629338127102  0.32527295088377589  0.33933144845088709  0.35396281907851990
  0.36955316213754480  0.38593163817691190  0.40306367944972149  0.42079227999743246
  0.43959398827985524  0.46056297715748545  0.48400071127344652  0.51010595518967694
  0.53886673530793328  0.57027534154755910  0.60623135786325455  0.64641772887497662
  0.69482324940351281  0.75331811746606892  0.84103598128102985  1.00000000000000000
 -0.00237656886403963  0.00967594625677265  0.01974834283387465  0.03082274461842446
  0.04101500272036961  0.05215601328820667  0.06275700894668980  0.07352546769856048
  0.08438110214866446  0.09566677527953668  0.10687867807325016  0.11776728544556553
  0.12854532106040653  0.13926672310690366  0.14956639917106393  0.15989853375602203
  0.17009418796081940  0.18080476241576313  0.19202671109371883  0.20331091441518104
  0.21431130016424607  0.22433116760309116  0.23426081439304247  0.24419429704630768
  0.25397383044081656  0.26366742731111231  0.27357056778951977  0.28383554775441583
  0.29414937423462950  0.30461521405744291  0.31508783534336837  0.32560682356180204
  0.33620687963732798  0.34696988010223884  0.35785052865950606  0.36867952663662262
  0.37968849447739378  0.39097296311786334  0.40178035244534577  0.41266079103651454
  0.42366660982928928  0.43463315392295643  0.44512448726846449  0.45565104937538570
  0.46664589950622082  0.47783468541309909  0.48866476627019406  0.49934060520352247
  0.51019867363382954  0.52138674123764772  0.53256273281130717  0.54339180417613731
  0.55360489855863804  0.56385562743857065  0.57429648507421016  0.58518080043071252
  0.59612571537174064  0.60690306541144190  0.61744332389336531  0.62780430898427131
  0.63804417885129705  0.64847384811416653  0.65887026789795766  0.66925856024534902
  0.67965160225422205  0.69022939928272042  0.70088371177240338  0.71183393442822918
  0.72275611383705451  0.73317743301626181  0.74271847943147651  0.75242210787738706
  0.76260720683497651  0.77340538298758743  0.78426318557548147  0.79451015736329411
  0.80455966128753220  0.81436983599114965  0.82452069767649172  0.83489438358091972
  0.84512336522721943  0.85527341254294942  0.86552058509956908  0.87579394622995876
  0.88617707050370975  0.89659274776636422  0.90688453426364646  0.91709420699591693
  0.92753677296834858  0.93817623405995287  0.94896152422312385  0.95901104814965132
  0.96920332528740594  0.97924818108088418  0.98987550906513821  1.00000000000000000
 -0.00238578524636822  0.00949049230483217  0.02015412867983537  0.03060550562727219
  0.04132458788831630  0.05179987869937831  0.06239157024002989  0.07294135676807983
  0.08339990499813277  0.09355756707509796  0.10397709710670422  0.11467399797873734
  0.12518930082333457  0.13523482535876433  0.14521089067344287  0.15574843305803041
  0.16638071946724983  0.17655219939003672  0.18637401157632053  0.19574855403631841
  0.20511716803025173  0.21465313416831333  0.22492323787647278  0.23566990956968464
  0.24653483826060354  0.25718282352649513  0.26763577009823558  0.27797099182684043
  0.28844944160870867  0.29940217238598332  0.31073851534152014  0.32195062441955685
  0.33287005498932043  0.34368399144007317  0.35460493334377075  0.36565922581910065
  0.37675582631492821  0.38787114976988396  0.39891062808411581  0.40982961272332252
  0.42053199016178455  0.43105896347278316  0.44160470398912854  0.45207187388798009
  0.46230000569053376  0.47222614093708937  0.48211012642885415  0.49243021251063690
  0.50296416825777623  0.51350036667968513  0.52397255894424088  0.53470042708108712
  0.54588510999249518  0.55680880153344736  0.56775577500153040  0.57845427051553633
  0.58883681566927337  0.59888535843702961  0.60904930125081969  0.61953868767321152
  0.62990167471019298  0.64033915439446976  0.65089540830476911  0.66132543424101586
  0.67153542480931161  0.68182324072733547  0.69226504171191616  0.70275507120125824
  0.71310572477868150  0.72331112236573003  0.73352263343559898  0.74404886575030316
  0.75504459627290321  0.76589834555851555  0.77637484296798343  0.78698193885892631
  0.79778394856060619  0.80890417530261360  0.82006092854932477  0.83100539256235217
  0.84143553454852105  0.85181339888442698  0.86254606456609428  0.87330106291023368
  0.88393943103776573  0.89451096491910809  0.90549236382560383  0.91632710953375396
  0.92712680575916895  0.93763962194408867  0.94795475728381062  0.95767171602119217
  0.96782887243249260  0.97814092482969461  0.98911359504467111  1.00000000000000000
 -0.00231657165284092  0.00848982010835171  0.01830002337777061  0.02847684284952348
  0.03877344789015345  0.04923833144514598  0.05977461549653657  0.07073525560147063
  0.08201952251373765  0.09298673312095757  0.10362044260365780  0.11391311959346329
  0.12415230121256202  0.13432735928533493  0.14470110188152097  0.15533500036157455
  0.16629244902418555  0.17724193623323781  0.18832774452267134  0.19939066185045676
  0.21040681646789475  0.22108267277563584  0.23173277766006745  0.24233761208132829
  0.25291536110410151  0.26311039297612765  0.27312621510306234  0.28322301334400929
  0.29350120087794923  0.30386241142043069  0.31435708436650489  0.32519637712434740
  0.33630843805432808  0.34716489243338788  0.35754319535002088  0.36756816076484033
  0.37754467567837252  0.38772367329600099  0.39804790879869262  0.40866116114671197
  0.41960113850507619  0.43077363939710672  0.44199652054301020  0.45305251656364254
  0.46384272455260650  0.47473162541878272  0.48548920727935546  0.49612902142212523
  0.50660547980786785  0.51694555160600641  0.52749331404812094  0.53804403295672576
  0.54887100875747608  0.55980478008928136  0.57089151342469735  0.58205576306128626
  0.59328712124747796  0.60448942428057506  0.61565552580331062  0.62642773769367921
  0.63669609414207107  0.64673499488361441  0.65694749587269230  0.66765967593830844
  0.67878425967943690  0.68959914387771593  0.69982908012327860  0.70997846226211825
  0.72018267934118629  0.73019617201142317  0.73990607389946927  0.74943911597867030
  0.75956930684990953  0.77002080610291812  0.78028048462497024  0.79054571112390981
  0.80100118454058811  0.81172839008428399  0.82206476951272334  0.83192549509617164
  0.84210815930562521  0.85256525960624119  0.86298742345058022  0.87282491555220543
  0.88256235795167592  0.89251864751713761  0.90337789848353445  0.91432127942629882
  0.92493185563643721  0.93527881303216509  0.94590910604025857  0.95686076626044969
  0.96798732516228203  0.97899147340673975  0.98962694631452974  1.00000000000000000
 -0.00244030173258708  0.00910236431429015  0.01905223805986577  0.02938141748675506
  0.03958452255886060  0.04916887480071828  0.05906259330753165  0.06960909869689284
  0.08039552846630310  0.09090126286181698  0.10112128143699146  0.11126385923927432
  0.12150981089308094  0.13205695192027142  0.14269392235510053  0.15318446173500153
  0.16341208057240345  0.17365001069800320  0.18376886805944717  0.19417483721830103
  0.20466243284143909  0.21559932043145583  0.22605996259086070  0.23674244461497429
  0.24722010821264651  0.25800945155202037  0.26890301275629458  0.27968005602640938
  0.29068143921266881  0.30175901081295298  0.31324429320323821  0.32400093378813433
  0.33435710555825660  0.34447065429114276  0.35506813021602196  0.36579140660062542
  0.37640167349869891  0.38653257458142543  0.39711408239089774  0.40796917809402983
  0.41917651162115110  0.43021416108119159  0.44139896518363392  0.45240542346645113
  0.46303152848757351  0.47358411370263559  0.48469987769742068  0.49611817209578618
  0.50738102907711502  0.51821239423706988  0.52880441189784200  0.53935530484875194
  0.55001823451473431  0.56075147967048644  0.57158916136332638  0.58242883187033423
  0.59289527636645256  0.60312627288867360  0.61313770937911138  0.62324223437860649
  0.63328528096828873  0.64333051235462824  0.65392359118170373  0.66449545554019840
  0.67524882176182521  0.68571563452310980  0.69642898867069680  0.70681012699602463
  0.71700881524897764  0.72702754380540657  0.73719939739616969  0.74787906246929936
  0.75859725069412731  0.76957001734278996  0.78029618479051144  0.79083736799464788
  0.80127629969837544  0.81203062612014976  0.82302063778769197  0.83407720132534768
  0.84508144813076036  0.85587309895049990  0.86654096700721972  0.87652560346371200
  0.88607423464638824  0.89556524493097678  0.90603191721497123  0.91687170285578268
  0.92728003068130826  0.93747503806749344  0.94757176922212472  0.95813339384659868
  0.96844428783661207  0.97884145396124433  0.98926449125578952  1.00000000000000000
 -0.00224973032181406  0.00910396741162385  0.01894987050922813  0.02945982799365410
  0.04010229648832694  0.05082971257810726  0.06096043638470462  0.07175717509264866
  0.08188930008337200  0.09165772983320525  0.10126033495346637  0.11131806897546778
  0.12226123954364053  0.13290035050053101  0.14361813460453582  0.15439680000471559
  0.16506863720808740  0.17527301125203337  0.18557157220194279  0.19559721311192624
  0.20548588217198163  0.21508215486149623  0.22488941206001065  0.23511700059533308
  0.24576960872005463  0.25659264650337549  0.26702983992384538  0.27703899582848784
  0.28713217357036347  0.29769464564173137  0.30852117433018861  0.31946580466471280
  0.33033411173987925  0.34127572748661444  0.35246684122333188  0.36366477307733375
  0.37481242534630921  0.38582414975175711  0.39702447173779631  0.40865773832231639
  0.42003523044022834  0.43086813563818249  0.44133794702270673  0.45143308525085207
  0.46141271644475429  0.47139358538548731  0.48204515013843585  0.49246394639805907
  0.50288707362792207  0.51289607932858350  0.52322293907987560  0.53349988624087130
  0.54406430125430560  0.55531157418877874  0.56699003339027065  0.57873341119505439
  0.58935838746048219  0.60001540333873826  0.61055715711603709  0.62184914829635041
  0.63258896862731584  0.64327322131686604  0.65392447245062202  0.66462998353660252
  0.67559671911615959  0.68695370180415349  0.69851212845635258  0.70941479321969603
  0.71982348037715105  0.73017136812518424  0.73999354422017882  0.74975425378213689
  0.75930299874591012  0.76913168722791581  0.77911346544097160  0.78930069084769716
  0.80010584728537448  0.81100169495741248  0.82186806152628333  0.83227686486138019
  0.84291076292293943  0.85347568914787908  0.86392910651688115  0.87370406524728650
  0.88388077986683811  0.89420214813824428  0.90513625610140924  0.91589859346718117
  0.92668410177330574  0.93730450966671630  0.94804775394955132  0.95872221418502024
  0.96919919754519845  0.97954167321178154  0.98961941172984536  1.00000000000000000
 -0.00228753008877646  0.00892273552559393  0.01875398690753133  0.02988189527673010
  0.04110515995146043  0.05221940388772965  0.06318789780616269  0.07352462231873176
  0.08390549904184945  0.09437389027212199  0.10515258615771346  0.11571114260947331
  0.12621814710549720  0.13688748131127632  0.14771652180426240  0.15806991432595932
  0.16840376479211117  0.17902713516432811  0.18952235603149803  0.19997792731926056
  0.21059383514774510  0.22117722004134255  0.23146277737082169  0.24135828143541069
  0.25133390393053945  0.26156271868906222  0.27248296398633787  0.28324947178575638
  0.29406435839342626  0.30430686232417403  0.31459612965876071  0.32481525323526095
  0.33528394802894468  0.34567258113454485  0.35605909642509515  0.36648102483377731
  0.37706267619727485  0.38800101912357499  0.39878856928721590  0.40991589540758966
  0.42056862264680150  0.43073951311834019  0.44048895326121817  0.45008390029476092
  0.45983582336233902  0.46989899384735634  0.47962793792638669  0.48991523128988163
  0.50057626461561633  0.51172491265035580  0.52284644211515752  0.53316881815656902
  0.54339328167078704  0.55343690184140049  0.56351426700112106  0.57363107966873150
  0.58367361016179053  0.59393019537749203  0.60419978115675554  0.61466588294855418
  0.62534956446976053  0.63666884761050835  0.64786528212973116  0.65869263231055575
  0.66913264374775550  0.67933486802105014  0.68944684819882096  0.69969871173037002
  0.71034372624134157  0.72148331637099372  0.73287316562966098  0.74408525275096127
  0.75511631846913296  0.76586856852105900  0.77657841676012562  0.78750305556310185
  0.79836093585117685  0.80936659819478340  0.82005413481681355  0.83053797004913799
  0.84016317284562736  0.84939061618304967  0.85894952752767173  0.86919437792806997
  0.88012722311991032  0.89126217470586666  0.90240653992481046  0.91293376217895505
  0.92352965552792687  0.93374514259658248  0.94453359276411442  0.95512689824726860
  0.96641168376670661  0.97787155363105971  0.98877875675111981  1.00000000000000000
   4.1616991650495918E-012  -1.0000000000000000     
 T T T T T F F T T F F T T T T T T T T T T F F T T F F T T T T T T T T T T F F T T F F T T T T T F F F F F F F F F F F F F F F F F F F F F F F F F F F F F F F F F F F F F F F F F F F F F F F F
  <DiscreteSampler_grid>
  grouped_processes
  1 # 1 for a reference and 2 for a running grid.
  10 # Attribute 'min_bin_probing_points' of the grid.
  1 # Attribute 'grid_mode' of the grid. 1=='default',2=='initialization'
  0.0000000000000000 # Attribute 'small_contrib_threshold' of the grid.
  0.5000000000000000 # Attribute 'damping_power' of the grid.
 # binID   n_entries weight   weight_sqr   abs_weight
    10   10   5.655108440983740E+004   2.351478812937383E+010   5.655108440983740E+004
    16   10   5.661684723566924E+004   2.351028340323728E+010   5.661684723566924E+004
  </DiscreteSampler_grid>
