  0.00191046155586724  0.00194939530288049  0.00199491838929986  0.00204178932209922
  0.00208683751454940  0.00213527809620953  0.00218445281360443  0.00223405619234760
  0.00228146807985411  0.00232865589661618  0.00237664388083515  0.00242587778478210
  0.00247535494307955  0.00252446697275726  0.00257550201913593  0.00263311453242726
  0.00269485944249102  0.00276069877712505  0.00282696216559440  0.00289479630784651
  0.00296391248977914  0.00303525692710799  0.00310887346652182  0.00318311613468045
  0.00326227657733492  0.00334619457155659  0.00343289402529751  0.00352362629865910
  0.00361819241201834  0.00371637422082952  0.00381939915700948  0.00392818204880280
  0.00404011075326931  0.00415232107360173  0.00427111232486249  0.00439912423744583
  0.00452770468047992  0.00466050861316922  0.00479533389271802  0.00493442282167926
  0.00507893917929518  0.00522735908692127  0.00538313358720949  0.00555804022072429
  0.00574005719899788  0.00593867040763674  0.00614098155542598  0.00634438821663123
  0.00655324170874587  0.00677723959637849  0.00701659617350534  0.00727343520979206
  0.00754353424322558  0.00781564957722356  0.00809105464871432  0.00838410707313546
  0.00869979670278302  0.00903012553714080  0.00936796341115925  0.00972573707243767
  0.01011963993640835  0.01053065694482585  0.01099111377817400  0.01147672131103570
  0.01198573984984017  0.01251258509460605  0.01308848338546698  0.01368146960370242
  0.01433176320667161  0.01502893977987192  0.01578712409580582  0.01659782541417684
  0.01748138369295266  0.01840858619618401  0.01938274161316159  0.02044635407028260
  0.02164025979312974  0.02297451873883424  0.02445363197408928  0.02606931626124351
  0.02781456557404013  0.02975091139069456  0.03195257349529850  0.03447884791459219
  0.03752026762173864  0.04124843038590879  0.04553590416943508  0.05052817262269176
  0.05649443293109658  0.06414421411385600  0.07452155210343339  0.08869217317890331
  0.11084537070714050  0.15215169707763720  0.26633260641689122  1.00000000000000000
  0.00227694688448244  0.00331301991577012  0.00406766155733657  0.00480855472263671
  0.00556528014547137  0.00633759718119909  0.00709821270347866  0.00788078181546700
  0.00866932580522274  0.00950315713411020  0.01036043823670784  0.01124072042646102
  0.01215163920287759  0.01312027894810562  0.01415753869661726  0.01526167855096719
  0.01641831532654325  0.01758925958018794  0.01880611336830611  0.02008081271568860
  0.02141429777201687  0.02278322165553781  0.02416623474556002  0.02557038454300141
  0.02702627448407677  0.02855138748237826  0.03017409062556571  0.03190486767824633
  0.03372464452001746  0.03559490631771324  0.03752473620839156  0.03951418351366144
  0.04157076200926615  0.04375801673414399  0.04609365056990852  0.04855753792000475
  0.05105051938006658  0.05355662157330452  0.05606962538389948  0.05868843428128466
  0.06149100306888253  0.06451585051132273  0.06771892989654234  0.07100147262601643
  0.07433263732235013  0.07772232087543526  0.08120083331308570  0.08476229049348137
  0.08843134844216820  0.09218695999846450  0.09617500078093208  0.10033173082627782
  0.10486371642172145  0.10957871438120843  0.11439653787052598  0.11927269049536908
  0.12423120248957276  0.12943015325431625  0.13500415353519982  0.14083808606516934
  0.14682161089054871  0.15278010654713012  0.15897331172947110  0.16532126733562802
  0.17188761342414066  0.17882119393224352  0.18621836892245547  0.19421424634229667
  0.20259481744507693  0.21107722883728999  0.22008425427924863  0.22974241786379951
  0.24012471626947968  0.25114820000408106  0.26266844535920092  0.27509077291324718
  0.28826767978761048  0.30215845322290708  0.31633724274131347  0.33018844311647899
  0.34525775359824706  0.36159070806588189  0.37924475080807896  0.39960099027375368
  0.42216579164693191  0.44610936402706758  0.47132900467204564  0.49822391443193559
  0.52729615542763209  0.55918944446327690  0.59543028082366511  0.63890946423171802
  0.69141633752344001  0.75654019154076924  0.84792143500563943  1.00000000000000000
 -0.00243082244385190  0.00958493970300470  0.01951464995178582  0.02960220602175504
  0.03983337952466588  0.05076917744345288  0.06198829758463927  0.07307117172413297
  0.08372931952043282  0.09377841216060538  0.10322470581706626  0.11269384436681282
  0.12229863244539409  0.13223221969818943  0.14236986183746372  0.15254678301105995
  0.16310261664743841  0.17379578996251679  0.18474820502488995  0.19606081450127114
  0.20680755819714852  0.21757994845810960  0.22833965774339973  0.23925344644284391
  0.24972411397079300  0.25974197869846338  0.26975470520899270  0.28015589751923037
  0.29077013943388336  0.30174118242317333  0.31251597791330016  0.32324518672608465
  0.33390534030235985  0.34464106074833561  0.35547791905232740  0.36614023390013850
  0.37693858709163358  0.38743746567083209  0.39759177700861592  0.40728975012841090
  0.41717558441156871  0.42722514306806525  0.43812052583137162  0.44938518633853303
  0.46078539279342368  0.47197056313871144  0.48291160349491646  0.49366270786079502
  0.50424600244125384  0.51556003456522614  0.52649874257185236  0.53709981816128327
  0.54763614872912492  0.55822524007828078  0.56891024982907645  0.57930896103695373
  0.59016701044955799  0.60102717741548939  0.61176272084885452  0.62207717912256977
  0.63168385918791292  0.64117282343051163  0.65134055233790944  0.66208830731903523
  0.67275907018528724  0.68306346919481176  0.69349371400736770  0.70438749899025221
  0.71545182663272877  0.72663211886207746  0.73779585413806970  0.74886748480824195
  0.75951105080618242  0.77027288999623811  0.78087403103517938  0.79125248344626264
  0.80154933642947124  0.81197154154582107  0.82258391873580927  0.83312328594880503
  0.84363891465552499  0.85452499728919429  0.86568657659794679  0.87671134855453514
  0.88761102885302323  0.89832300743209703  0.90859995923999615  0.91870845822816949
  0.92828032131303551  0.93766631854807381  0.94725249581255822  0.95707393446437716
  0.96798510812882754  0.97887229164792233  0.98956403270672155  1.00000000000000000
 -0.00256099538867592  0.00979172032156601  0.02075451307085183  0.03137142104475473
  0.04217777721302628  0.05289988588764651  0.06344863459432019  0.07413759406566045
  0.08504604745675835  0.09612423852292003  0.10654545625544683  0.11617201936215331
  0.12566002734546400  0.13555956139197256  0.14609387152695369  0.15640826380902634
  0.16667660899370071  0.17706084356459417  0.18727982493186110  0.19691452040948954
  0.20620189563964739  0.21623002799913163  0.22709655312008903  0.23819107491267283
  0.24908316548326934  0.25938930374867064  0.26931929608422778  0.27874702619312558
  0.28863194843759027  0.29928923395854984  0.31046225684770412  0.32140187260381381
  0.33213034448270917  0.34298817438166612  0.35421174403869110  0.36528543490640764
  0.37665509185204787  0.38717499507683378  0.39799280184611885  0.40818709134116815
  0.41826164303219543  0.42768975908492052  0.43740078451190878  0.44741067795588069
  0.45737134603626955  0.46725158219018631  0.47766848947973095  0.48817812556419549
  0.49871590694086082  0.50891177937531573  0.51924434471506775  0.52951298530213031
  0.53967673022652518  0.54982405737965967  0.55979183707994606  0.56985402559532328
  0.57974681584784504  0.59023185408623169  0.60120846835619268  0.61238939858127550
  0.62364369122585783  0.63466807509919354  0.64604042737908951  0.65726896271108848
  0.66844104357779521  0.67879045146036576  0.68916896670087957  0.69923321805611072
  0.71002456100331957  0.72058864149131052  0.73057181261495319  0.74053435302696702
  0.75034500441057650  0.76082070330443541  0.77128485630986610  0.78217878133375229
  0.79385685420371133  0.80587088566285370  0.81754630003844031  0.82876504993785693
  0.83969454449434944  0.85084295195264825  0.86174268753721761  0.87212180188846489
  0.88226617329533974  0.89243282406172841  0.90270813781027215  0.91320626765464918
  0.92410974429980397  0.93566194700290084  0.94643347179514237  0.95740700290202652
  0.96832271216986443  0.97918529340141602  0.98966454513033697  1.00000000000000000
 -0.00290106366511560  0.01135787153322466  0.02259855408402822  0.03381028259521116
  0.04471321046190648  0.05594975233810157  0.06633867212001635  0.07661334619511490
  0.08663463822311077  0.09696993002484010  0.10720533115481395  0.11756415720617899
  0.12776689448477102  0.13823042752385850  0.14859644880400966  0.15917192116583878
  0.16982010896869021  0.18074571890543042  0.19182477001105111  0.20262694261299147
  0.21331546133044654  0.22387207035872181  0.23437960800715635  0.24472430950364757
  0.25469422582957635  0.26445587569887624  0.27419128721383118  0.28411935916066189
  0.29433604781336525  0.30455155365226277  0.31435538442129035  0.32402883407402666
  0.33384580968792960  0.34384345571517666  0.35399715251939057  0.36420893695100170
  0.37492664832922185  0.38617004206637784  0.39707591458260888  0.40682888805129419
  0.41647943257687559  0.42619473605832048  0.43575134658913911  0.44526622960849499
  0.45498298717276625  0.46516208468316145  0.47599909835314674  0.48679722239544831
  0.49783022966533791  0.50886587610489609  0.51978074057913370  0.53104463168397142
  0.54244349686082716  0.55352379907945481  0.56431609542126004  0.57502288417941350
  0.58532795217265721  0.59514578198361467  0.60487029307721585  0.61441305213798159
  0.62392004730962214  0.63364081504846592  0.64384190128655949  0.65463290911966843
  0.66514948195877976  0.67543355191573429  0.68572223711396518  0.69657706228105687
  0.70812035068979617  0.71996050428377489  0.73101424540326365  0.74102790852238731
  0.75046502212552502  0.75994740062588706  0.76981505653487592  0.78026906709049260
  0.79119254279511897  0.80238577750539841  0.81333370682724004  0.82386471502462089
  0.83413075573162854  0.84437024528123183  0.85479926696774200  0.86515207407634620
  0.87553263543251258  0.88604968600922696  0.89671888850676507  0.90733328979325578
  0.91784026584645584  0.92819533944965182  0.93932591305574176  0.95176208612525748
  0.96440567812204259  0.97634939475529192  0.98806498120311881  1.00000000000000000
 -0.00266092903239181  0.00971008392348624  0.02017253025175526  0.03077401911792400
  0.04130647816345828  0.05212817435782221  0.06327991883418277  0.07438972305301071
  0.08558466952123588  0.09619034086205301  0.10686154558947063  0.11719391050113037
  0.12725760176904105  0.13759880144509706  0.14796082543399391  0.15907089071448671
  0.17030015030488188  0.18107321594311054  0.19091624900930707  0.20010105198237460
  0.20940392003864017  0.21981201332043479  0.23050766936678352  0.24157613283036852
  0.25251627792126952  0.26371870175132628  0.27478595726858601  0.28575727876664375
  0.29653663831972377  0.30738526495612112  0.31812676980951571  0.32876555650562617
  0.33957737145490502  0.35057579904707814  0.36219730433138475  0.37346951749200585
  0.38369961367299121  0.39351987298068786  0.40304237817691962  0.41301659183426115
  0.42362377695213044  0.43468387925600721  0.44565513625191899  0.45633374144173067
  0.46663577472035667  0.47656172067560293  0.48606963448233542  0.49570750381218259
  0.50549683292432701  0.51564226283187586  0.52634093712507035  0.53728513068645634
  0.54831809368419526  0.55901923710252421  0.56961022128233019  0.58015884268461393
  0.59061192022205211  0.60115257293778290  0.61169431465216928  0.62185378911818001
  0.63230766830702967  0.64333316840473564  0.65505678362538688  0.66672507177471407
  0.67738291770864700  0.68764869349503444  0.69808398214962919  0.70860682633112204
  0.71920299235391283  0.72952368272452106  0.74017877613778682  0.75097215269825979
  0.76209771457904485  0.77306351119709271  0.78360081492155231  0.79395835795151715
  0.80438804959471921  0.81465365944403179  0.82471124215233438  0.83548347167317949
  0.84667122383973348  0.85785164578509676  0.86858318655572331  0.87901963427331886
  0.88939253566046117  0.89974408208326973  0.91010305441716588  0.92053449243486651
  0.93102857475638545  0.94158242411838655  0.95247019115252918  0.96251722974546794
  0.97220640808342806  0.98166678905281490  0.99085525305068145  1.00000000000000000
 -0.00262975925969432  0.00985587338872863  0.02065805481629394  0.03119169485075750
  0.04171376203366201  0.05220514001180269  0.06305651416085974  0.07370213356119137
  0.08459052722042010  0.09556541534553530  0.10697063318194869  0.11816860123593793
  0.12857510337023426  0.13845590514745285  0.14819701119418313  0.15827770569263139
  0.16898580929027535  0.17926594453083214  0.18979502963591108  0.20044718430945480
  0.21135813465316586  0.22202584218780533  0.23261816485285761  0.24312975152910588
  0.25386698375351413  0.26477054319328569  0.27582254476200940  0.28711684976242136
  0.29839158011181033  0.30951563120951597  0.32019737693582950  0.33057716155144773
  0.34124372065413322  0.35217026747660563  0.36312774698754513  0.37386170797049290
  0.38390855595888962  0.39358384562075432  0.40320617695096267  0.41310238116386117
  0.42328872306139209  0.43362787865458685  0.44407218512702262  0.45473814366189907
  0.46530483242759041  0.47599426050393256  0.48665302863378723  0.49737297741734160
  0.50800478491901868  0.51827684199358903  0.52792721917005503  0.53745049315095461
  0.54722577586594945  0.55668114966666982  0.56630772972037746  0.57655294748287877
  0.58751521249448224  0.59808906862617361  0.60851073491149887  0.61861880485063026
  0.62865186514135374  0.63835678708304255  0.64802001102781726  0.65906393426301435
  0.66982230425867206  0.68043573087692699  0.69084667145378331  0.70129391191864277
  0.71139925299472906  0.72161597695933100  0.73196474092284003  0.74232256628066373
  0.75233107586765513  0.76262880118740028  0.77313638506241578  0.78418527339043520
  0.79484526896988184  0.80575065570416315  0.81658465960025628  0.82759782456146980
  0.83796637363760718  0.84829570763487783  0.85861792106664769  0.86949460329888284
  0.88047133678920653  0.89147764069966684  0.90219627864642926  0.91301185359270853
  0.92370822734956504  0.93422043224293472  0.94480700295746167  0.95565512097923300
  0.96643378615230979  0.97713181683271733  0.98832790924462877  1.00000000000000000
 -0.00275948396982052  0.01005323891249520  0.02069330318692576  0.03096865943563434
  0.04149594531590864  0.05215297765436951  0.06281805884897304  0.07316791127319310
  0.08359497915492249  0.09357128672862863  0.10339906619242853  0.11341281306452600
  0.12377468426317298  0.13434381020022299  0.14506443834419452  0.15610722724267637
  0.16717258617820649  0.17793547415718577  0.18908567335147267  0.20006217162870688
  0.21037689788960073  0.21998822580710339  0.22927464887978938  0.23877666070919709
  0.24842412166419534  0.25832429510826566  0.26844169722530198  0.27916137078020520
  0.29029352333956526  0.30120700683350143  0.31223760769489528  0.32335743012979362
  0.33442206522614754  0.34535879320788626  0.35661061308578840  0.36836688526039202
  0.37955010059758354  0.39026816421845273  0.40064546709200727  0.41122920956070713
  0.42168648766448369  0.43160110707675842  0.44193901451134343  0.45258729244152979
  0.46360601655701639  0.47444204639632648  0.48454691316198023  0.49453403039669763
  0.50437697098478540  0.51413809990539772  0.52402855133086979  0.53411749362352945
  0.54380260768188637  0.55391672892201294  0.56386955087911783  0.57449137429247332
  0.58486465324622283  0.59532460891912531  0.60574472440918836  0.61680197477746646
  0.62772874123272260  0.63897039190796945  0.65000783612773427  0.66085440768629011
  0.67158569530619039  0.68225474198868541  0.69279267635039288  0.70307672369708363
  0.71390649384821192  0.72476149620428587  0.73556505199417221  0.74627169832362483
  0.75714490792219169  0.76776745825406190  0.77878040388504510  0.78992390356906739
  0.80053487849833427  0.81088187891098917  0.82175379357211087  0.83257592340687758
  0.84306764704501613  0.85358350288999552  0.86452682683403170  0.87520365935637723
  0.88539739077300084  0.89496536624532630  0.90473138585299029  0.91471724498705453
  0.92513372528692817  0.93590923649733737  0.94704734810716407  0.95752160869541969
  0.96766922578303916  0.97764620587438378  0.98878508895499762  1.00000000000000000
   4.1195453385916311E-012  -1.0000000000000000     
 T T T T T T T T T T T T T T T T T T T T T T T T T T T T T T T T T T T T T T T T T T T T T T T T
