  0.00000009370909850  0.00000009495155299  0.00000009708394807  0.00000009980822413
  0.00000010179176504  0.00000010443897162  0.00000010708426955  0.00000010962136359
  0.00000011205251450  0.00000011442685801  0.00000011695212122  0.00000011943726134
  0.00000012201775739  0.00000012480942697  0.00000012809170735  0.00000013194721817
  0.00000013604641510  0.00000014007499653  0.00000014393894090  0.00000014771261805
  0.00000015128377761  0.00000015488251803  0.00000015874602845  0.00000016292980351
  0.00000016672610493  0.00000017019935356  0.00000017340052535  0.00000017646271136
  0.00000018007967922  0.00000018375420998  0.00000018727525640  0.00000019120814427
  0.00000019499199017  0.00000019874291508  0.00000020369456854  0.00000020902681218
  0.00000021430679058  0.00000021979807431  0.00000022557681478  0.00000023182883646
  0.00000023817134664  0.00000024536365185  0.00000025337782107  0.00000026163413256
  0.00000026964132464  0.00000027796746711  0.00000028605289185  0.00000029445817596
  0.00000030376815395  0.00000031325468565  0.00000032283854558  0.00000033243059797
  0.00000034279247194  0.00000035480753025  0.00000036849722547  0.00000038196114665
  0.00000039539888555  0.00000040938117318  0.00000042513181044  0.00000044428014882
  0.00000046434594579  0.00000048490110847  0.00000050625068534  0.00000053037818336
  0.00000055767513856  0.00000058538579737  0.00000061597098422  0.00000065211137484
  0.00000069089524683  0.00000072647640161  0.00000076479359489  0.00000080455953749
  0.00000084701437501  0.00000089354920229  0.00000094382313401  0.00000099832740599
  0.00000105782510908  0.00000112733401924  0.00000120975801561  0.00000129902625282
  0.00000139508391754  0.00000149627105145  0.00000160625905942  0.00000174864386827
  0.00000190886554859  0.00000210799208352  0.00000234830123236  0.00000264278115314
  0.00000301445951091  0.00000351614071158  0.00000416993857869  0.00000528181489296
  0.00000756331369396  0.00001333249722943  0.00005339447248190  1.00000000000000000
  0.00000020929134495  0.00000031254572973  0.00000034148483209  0.00000037092749819
  0.00000040018815182  0.00000042976637502  0.00000045957587250  0.00000048942492840
  0.00000052359974454  0.00000056838519429  0.00000061734572556  0.00000065987539155
  0.00000070173801688  0.00000074470418450  0.00000079854800643  0.00000084857106382
  0.00000089718816034  0.00000094738485868  0.00000100212989243  0.00000105927384844
  0.00000111242963570  0.00000116999623588  0.00000122343603470  0.00000128099142379
  0.00000134422498242  0.00000141445427294  0.00000148447351981  0.00000155205725040
  0.00000162095987146  0.00000169435737211  0.00000177215407802  0.00000185612245388
  0.00000194418366306  0.00000203291013278  0.00000212387236226  0.00000221996715230
  0.00000233163688764  0.00000246032184678  0.00000258706896382  0.00000271235708740
  0.00000285002531094  0.00000300798705798  0.00000318320833235  0.00000336195777424
  0.00000354428373039  0.00000373206752952  0.00000389775246270  0.00000405241060778
  0.00000422443897226  0.00000440174329531  0.00000458953029246  0.00000481097189490
  0.00000503046849480  0.00000523238718063  0.00000543103730856  0.00000563698332848
  0.00000584626224715  0.00000608253426373  0.00000634942450524  0.00000661634424430
  0.00000688935153568  0.00000718069599136  0.00000749507085700  0.00000781524837879
  0.00000813044989049  0.00000846208918646  0.00000882232399715  0.00000925287512908
  0.00000971773609018  0.00001019581228167  0.00001072007777535  0.00001125371013933
  0.00001178604730069  0.00001233798690027  0.00001289658969298  0.00001361649347846
  0.00001433981761934  0.00001518052663536  0.00001608047803569  0.00001699761010798
  0.00001795972484369  0.00001897002137451  0.00002006865702254  0.00002114473685447
  0.00002226004401064  0.00002355413463195  0.00002501400087283  0.00002677351689265
  0.00002907873795065  0.00003153643885813  0.00003456486293759  0.00003870774099591
  0.00004485188511451  0.00005428814001287  0.00132702864219647  1.00000000000000000
 -0.00258997707441567  0.01093605951658059  0.02267643869150193  0.03564381663978544
  0.04792722893031866  0.05789361319215537  0.06735382123829972  0.07585142805909162
  0.08538852981643398  0.09493040159190677  0.10500450954412871  0.11465514926856439
  0.12389113630028706  0.13327394515598040  0.14340068263477362  0.15299396139916388
  0.16208854674962037  0.17110159841250491  0.18048313637647684  0.19062720967286331
  0.20147675152690656  0.21293913083257812  0.22484264535122486  0.23671638376002907
  0.24817241495808018  0.25945920348624962  0.27128180619216330  0.28304539186367245
  0.29488519289666809  0.30718582210657264  0.32037755055022976  0.33354568323633355
  0.34712771314212371  0.36014989754610699  0.37131547170155371  0.38055110263521214
  0.38887463249662357  0.39754585074086762  0.40717268719421740  0.41758096003987438
  0.42772933699315663  0.43675623901681776  0.44548045608092074  0.45442849652307765
  0.46359628334849967  0.47301753316230333  0.48289393456420510  0.49391812823052794
  0.50510668948635840  0.51568398399344351  0.52598763315072405  0.53633089711338366
  0.54712757866762707  0.55839093922054739  0.56907672780045115  0.57709523443819766
  0.58421121667539211  0.59155486951139047  0.59907703307275140  0.60947922415304701
  0.62015469682657187  0.63074951315309002  0.64139550616037455  0.65190201053902763
  0.66187767990288737  0.67172491146420854  0.68175964996522032  0.69198560586965674
  0.70187170305534652  0.71188017196420028  0.72267711245148303  0.73364087501813058
  0.74492572196722096  0.75622998782395578  0.76791006999031219  0.77951490199003548
  0.79089777315703846  0.80141453374345206  0.81222931816928345  0.82247552176214178
  0.83211409932065306  0.84176650764946037  0.85144000212875570  0.86041566425045868
  0.86942761026825033  0.87875240743720306  0.88885268734962875  0.90116002653228044
  0.91371647740472950  0.92642270372622815  0.93855051138320900  0.94993330207517124
  0.96096861557888613  0.97311801085132821  0.98569268395719656  1.00000000000000000
 -0.00234968818616277  0.00748581296674933  0.01648552449842179  0.02587454316442622
  0.03567316919250114  0.04509612279297216  0.05417322303273891  0.06364296825352246
  0.07316655813246374  0.08207421725879589  0.09051997107431616  0.09975920967087289
  0.11048867916622250  0.12218122971759823  0.13335127180712203  0.14424722380751948
  0.15541439341039892  0.16663895874732212  0.17748453501123057  0.18927138129714532
  0.20084143112089550  0.21190839084804544  0.22240005823694994  0.23371118494751639
  0.24582723714024873  0.25715960608835486  0.26772484260542873  0.27789365461200155
  0.28783404266488533  0.29880772041931930  0.30981871631607161  0.31894947892745146
  0.32819304131012972  0.33802155908521070  0.35011094088107236  0.36267289406965186
  0.37505052158513846  0.38726735577663907  0.39920873549832064  0.41030724675619090
  0.42062449069964974  0.43105196643814370  0.44147662751349676  0.45249947218845965
  0.46436825646099245  0.47616936118739550  0.48845549198358734  0.49992299927152700
  0.51264884802404975  0.52598973740003574  0.53995887250801022  0.55145831567407633
  0.56162135270298297  0.57014210726933989  0.57842592212896182  0.58657292560858687
  0.59422979488240357  0.60204062710458517  0.61035199824992770  0.61803143456812915
  0.62713209635928702  0.63772060809922126  0.65034629502492358  0.66260583509329918
  0.67487202957398396  0.68668571703526826  0.69839065780788279  0.71009117354252616
  0.72193862486040439  0.73403056076228423  0.74655806060572327  0.75539941437064151
  0.76412266876497870  0.77362704586037534  0.78409827726884318  0.79511966174765747
  0.80329027725724178  0.81196281538778980  0.82069630644404068  0.82955446167297497
  0.83932598843030626  0.84944921425974851  0.85940848516647150  0.86936928425380988
  0.87982644813012401  0.89155523395207270  0.90423680775978843  0.91635887540084771
  0.92724309905487579  0.93737103281722889  0.94740817958223300  0.95766565350772004
  0.96867029905376645  0.97961386805002904  0.99005876297090156  1.00000000000000000
 -0.00288695603115738  0.01134470168884104  0.02261842249525619  0.03378375452439679
  0.04463919962708764  0.05576852011160279  0.06791579070947783  0.07865835706971373
  0.08845011208218725  0.09777589567437542  0.10656467881210982  0.11543827222360213
  0.12533407702836688  0.13587010929540760  0.14649042541151902  0.15722664843086898
  0.16850717142067603  0.18067855741259925  0.19356712231938455  0.20674792185040811
  0.21884072013512906  0.22921065359336329  0.23950765037608326  0.24959851655906931
  0.25941506078020127  0.26979952802786999  0.28277607507302749  0.29687953791600807
  0.30907275370012122  0.31941686340626252  0.32861900745204370  0.33799469367075258
  0.34767961882386822  0.35821828470059763  0.36920625623014808  0.38032436897197924
  0.39191938990819486  0.40365527759280700  0.41493451623609556  0.42531908027575516
  0.43510341270377445  0.44542649104926968  0.45630875405482640  0.46701450889347346
  0.47772512070892076  0.48909842522937869  0.50071048824579334  0.51156212038397919
  0.52297349444611185  0.53645687301353051  0.54887444805239238  0.56003364737974370
  0.57066283906051030  0.58165237657182878  0.59297246457279262  0.60433040807005289
  0.61336840930044068  0.62219237985125209  0.63038540279958599  0.63790836077603930
  0.64578969453074220  0.65362502546686307  0.66229822891516166  0.67220405349591317
  0.68230883528204767  0.69223629135800480  0.70255316382566757  0.71324891850856487
  0.72448192338585105  0.73663672689784987  0.74892781401092590  0.76074948897306272
  0.77241304924185217  0.78359433888825192  0.79407595386750307  0.80387788621053724
  0.81399186515048227  0.82482708112397196  0.83738235875352041  0.84990875026748802
  0.86090310722150487  0.87116100308508460  0.88154555022419401  0.89241499900231702
  0.90341982878398153  0.91369809250220813  0.92300231625008511  0.93173423898140117
  0.94039760549781748  0.94871091812977015  0.95669880631766779  0.96518348662900577
  0.97358407198419727  0.98165861330337567  0.99121680469963058  1.00000000000000000
 -0.00257780076617220  0.00981418538227191  0.02060133733584924  0.03124113253409811
  0.04201885724912979  0.05338511084113048  0.06457954193944039  0.07601356410033411
  0.08687835595212834  0.09694786737467426  0.10650722804106144  0.11600794480451057
  0.12624845205157401  0.13674281809352923  0.14885523687940597  0.16098102686888294
  0.17260207338100814  0.18307543248146604  0.19252619383991906  0.20329224716036912
  0.21419174855159401  0.22678384762794768  0.23975543483995518  0.25197824250620543
  0.26287383455647073  0.27404840186977247  0.28555409142892635  0.29670248840480307
  0.30746614492300828  0.31789339733851624  0.32971413727613708  0.34087088679427763
  0.35219086327383997  0.36292906900662486  0.37308453294911464  0.38423888236506853
  0.39590330437397625  0.40865385511548880  0.41813302965521981  0.42633492018695202
  0.43408689512876497  0.44211522334205944  0.45203731138541597  0.46196936022685303
  0.47341444404970723  0.48523829868117296  0.49764108975340710  0.50928426047729147
  0.52010522495285649  0.53188824909557975  0.54404824504064475  0.55597927549647341
  0.56507387441210932  0.57419387173541403  0.58303719632526652  0.59220735309123218
  0.60407122011460868  0.61593222787915769  0.62711220513764077  0.63862378043149570
  0.64977501158783257  0.66023570491895833  0.67036056086502027  0.67975107057773843
  0.68860760532694809  0.69744250745885861  0.70603657412435417  0.71467666999618795
  0.72393229025599903  0.73353570218736197  0.74362095122103933  0.75346498319576583
  0.76361174660814435  0.77422230064153830  0.78500300744932594  0.79450989768762992
  0.80343812553185656  0.81278682036049010  0.82285908774673033  0.83373582660354950
  0.84440621318834985  0.85467384400439250  0.86671425002035118  0.87810696048801373
  0.88822900539122274  0.89773728331587610  0.90776992409616020  0.91798717946335073
  0.92788746476760664  0.93798432358438699  0.94882338660445098  0.95997741220599775
  0.97055162549320573  0.98079943591681218  0.99055687922376867  1.00000000000000000
 -0.00167469648789756  0.00664886430612111  0.01448773894457156  0.02292978625309209
  0.03217630427497571  0.04142807643774993  0.04960820153578543  0.05721753979732327
  0.06453853870685855  0.07242330031698171  0.08055570836377500  0.08870983729310000
  0.09672966710344173  0.10559545401094035  0.11611301781212245  0.12716219278047725
  0.13712389829367311  0.14739921868971495  0.15909612079811755  0.17177482761765700
  0.18355013369484932  0.19407321121970672  0.20399383150267131  0.21436627405181799
  0.22566107661653562  0.23698021490709575  0.24778246940719764  0.25811340535091792
  0.26827303223124038  0.27865842151991177  0.28945865503623130  0.30061510413801401
  0.31122800868132428  0.32228422596765383  0.33374300801049211  0.34397098705624268
  0.35354128735658158  0.36315827351241775  0.37481761886753295  0.38745468170469283
  0.39705574776181096  0.40549994608302292  0.41402029386294376  0.42249220283045785
  0.43424547172241501  0.44795645198347978  0.46176592920258286  0.47512823353255651
  0.48962621739459417  0.50438035670894243  0.51926259772450012  0.53358478328667935
  0.54806316761746021  0.56273285239240411  0.57562446095881792  0.58790891916936538
  0.59918869732571522  0.60984497879542443  0.62046574465635695  0.63212691730386361
  0.64446417930025957  0.65629585742035446  0.66731241250705098  0.67839015462858809
  0.68894993200521826  0.69931301901552134  0.70873868751344415  0.71734361677730785
  0.72592103958181564  0.73640128306817898  0.74652740368675141  0.75565610584448095
  0.76556750726479250  0.77619042400624649  0.78769197599125007  0.79865417961214880
  0.80826524757298568  0.81773742210960187  0.82807445717480477  0.83852320310456530
  0.84884385278544827  0.85866335587554854  0.86885018101748102  0.87898634886797944
  0.88905471572389694  0.89866487980962317  0.90803601664601652  0.91740596397736940
  0.92716342378220951  0.93792015095070425  0.94927975830997535  0.96020191469288874
  0.97068191347375954  0.98111166394929361  0.99060044206514242  1.00000000000000000
 -0.00280858737782844  0.00989030496257064  0.02125632257663400  0.03299235494515025
  0.04484903905578245  0.05658223974599048  0.06734279816531781  0.07812030512917381
  0.08865424312133484  0.09861029202084902  0.11214037653291427  0.12641963285464541
  0.14012001907505717  0.15337866511518361  0.16528594961894297  0.17457190159425420
  0.18312888754047169  0.19170658156214052  0.20045585128118856  0.20961918736408675
  0.21851276781531828  0.22684011707584695  0.23584038128037671  0.24507089132754711
  0.25406579900734000  0.26251349227596521  0.27120009138494255  0.28033506236954125
  0.29009453786407152  0.29998145678257815  0.30929662952512582  0.31877604578332058
  0.32880327703525719  0.33913141154475640  0.34928541763255666  0.35895019303118147
  0.36826889319307410  0.37770891639053639  0.38670097421090371  0.39570540823392436
  0.40512722535529100  0.41518096939347482  0.42559300971572156  0.43636929584594930
  0.44659648119676915  0.45646418913925102  0.46654240196205632  0.47704838922612164
  0.48905455454818386  0.50180052658798613  0.51368564670963679  0.52503562902071099
  0.53527043491922599  0.54536979635751481  0.55500263551113771  0.56470275737041664
  0.57473157622461402  0.58581246017218169  0.59694977860464127  0.60753471114138413
  0.61845700252392477  0.62942075400663600  0.64122674174818928  0.65246803757324745
  0.66402592636412583  0.67523015176636192  0.68628803839784069  0.69777158649768367
  0.70994745390656200  0.72186915816631236  0.73283834308440121  0.74375033650751710
  0.75404513227226855  0.76389938807832480  0.77317098594591893  0.78198346749600223
  0.79083770077742654  0.80056432560378010  0.81083900315063451  0.82278627496591550
  0.83543480244517299  0.84711837367609855  0.85736008893593951  0.86755431540153505
  0.87778617638071377  0.88839025910810210  0.90000067841014508  0.91107330257902874
  0.92132080129848348  0.93134054633727692  0.94088467970320599  0.95337156745125906
  0.96427435770454994  0.97622983207981762  0.98779703252415296  1.00000000000000000
 -0.00293727993010339  0.01202520001343374  0.02311428213228144  0.03357165774867315
  0.04353416864689713  0.05380198616073603  0.06333420770960985  0.07196574754073071
  0.08126372659133492  0.09105043112147565  0.10001960060931080  0.10870973213597654
  0.11690127183087469  0.12664935331092753  0.14065489378663412  0.15627241480575416
  0.17022742592069276  0.18110681706880907  0.19194138979309736  0.20324807787538582
  0.21491146957069679  0.22588622397179400  0.23636794398431385  0.24715461154266077
  0.25856169437177717  0.27048409543916374  0.28207049542231244  0.29348174571911495
  0.30464846028189702  0.31535053185798889  0.32485759093045607  0.33448295528659155
  0.34391020706564057  0.35360944747953460  0.36469809519528507  0.37471281059442713
  0.38423499925649435  0.39410657318091880  0.40614202754489437  0.41829756951408886
  0.42965289976711879  0.44136515749208838  0.45308933175650606  0.46386914511624749
  0.47307456151728272  0.48217673988186788  0.49097727110957634  0.50005834655610126
  0.50957915231534179  0.51937529142239780  0.52925845077397649  0.53875322526307834
  0.54823590918577303  0.55832335177831349  0.56923602718902955  0.57997292872687123
  0.58949168468546354  0.59819361030115070  0.60674437438076756  0.61538552323761286
  0.62337161625660020  0.63394291375901701  0.64328973464910111  0.65359993697360119
  0.66437477667493006  0.67598103501639606  0.68605073529076011  0.69606101922360653
  0.70588177308723532  0.71592466724153081  0.72621245617394981  0.73673262204019418
  0.74791330387234756  0.75917961509080667  0.76968524541319394  0.77951437118663569
  0.78910963131852141  0.79882222823952409  0.80958067631123654  0.82177694170712157
  0.83469075647377855  0.84430230917530469  0.85241767815985681  0.86040707790591964
  0.86822370777551761  0.87811456468257387  0.88866822528533751  0.89853773693475525
  0.91031697545206525  0.92249544150962515  0.93530255071411805  0.94743715293858111
  0.95983060153453559  0.97238154673697730  0.98584882742874835  1.00000000000000000
 -0.01545865520873018  0.08688587255265821  0.12509211940773771  0.14341718435237422
  0.15930519869447199  0.17350864150804221  0.18682407120687433  0.19957605547459875
  0.21209368082129956  0.22370060166777506  0.23528310901018046  0.24606274519696880
  0.25659820577372627  0.26641272492551626  0.27568094896883633  0.28455935035184826
  0.29331755370567764  0.30122543157122394  0.30882671160652714  0.31662861363681610
  0.32486108115886370  0.33314027445642480  0.34093353451665653  0.34853771159623770
  0.35567561168971717  0.36188067018950038  0.36722768789335614  0.37219482853977354
  0.37668391121623640  0.38156191282124846  0.38666358358807423  0.39202655606344511
  0.39801621907693496  0.40434849382131549  0.41063402110152925  0.41711276772547690
  0.42378676957544803  0.43063180666661621  0.43741687196012602  0.44403598835236829
  0.45061254843984089  0.45715553684499488  0.46399389752822978  0.47111612273590364
  0.47714090759263578  0.48310578883324584  0.48923083885500385  0.49516938410293143
  0.50172227769500433  0.50864085613302878  0.51526628190975876  0.52140136015492122
  0.52737755101225847  0.53358881198977715  0.54032553599569144  0.54733389143697209
  0.55290602479401596  0.55844322089415832  0.56390610390242468  0.56832339428673684
  0.57313490748199292  0.57876804580479313  0.58451736703421209  0.59054760907901660
  0.59732426511156944  0.60392068072352600  0.61035081773917366  0.61652898672356760
  0.62261540509602975  0.62958128810176572  0.63713346505905488  0.64519103975372827
  0.65181108619637862  0.65886838243717849  0.66532627067457328  0.67245239064155271
  0.67999959109117880  0.68818533285524008  0.69661877531681626  0.70465020989384608
  0.71308341691636101  0.72215919723195798  0.73081498234693842  0.73918144011506881
  0.74755788631457976  0.75662391511991645  0.76599828272241810  0.77569780190655746
  0.78575987514382395  0.79964423405858842  0.81614477760066739  0.83404425091210277
  0.85285132882279258  0.87671571466635745  0.91194070433664143  1.00000000000000000
   1.2514981942844574E-007  -1.0000000000000000     
 T T T T T F T T T T F T T T T T T F F T F F T F F T F F T F F T T F F T F F T F F T F F T F F T T T T T T F T T T T F T T T T T T T T T T F T T T T F T T T T T T F F T F F T F F T F F T F F T T F F T F F T F F T F F T F F T T T T T T F T T T T F T T T T T
  <DiscreteSampler_grid>
  grouped_processes
  1 # 1 for a reference and 2 for a running grid.
  10 # Attribute 'min_bin_probing_points' of the grid.
  1 # Attribute 'grid_mode' of the grid. 1=='default',2=='initialization'
  0.0000000000000000 # Attribute 'small_contrib_threshold' of the grid.
  0.5000000000000000 # Attribute 'damping_power' of the grid.
 # binID   n_entries weight   weight_sqr   abs_weight
    10   10   1.652370826803019E+001   1.537703050239348E+003   1.652370826803019E+001
    11   10   1.652370826803017E+001   1.537703050239342E+003   1.652370826803017E+001
    16   10   2.963371056782076E+001   7.449378727766253E+003   2.963371056782076E+001
    17   10   2.963371056782075E+001   7.449378727766246E+003   2.963371056782075E+001
    22   10   2.963371056782076E+001   7.449378727766253E+003   2.963371056782076E+001
    23   10   2.963371056782075E+001   7.449378727766244E+003   2.963371056782075E+001
    28   10   1.652370826803018E+001   1.537703050239347E+003   1.652370826803018E+001
    29   10   1.652370826803016E+001   1.537703050239342E+003   1.652370826803016E+001
    34   10   1.652370826803019E+001   1.537703050239348E+003   1.652370826803019E+001
    35   10   1.652370826803016E+001   1.537703050239342E+003   1.652370826803016E+001
    40   10   2.963371056782076E+001   7.449378727766253E+003   2.963371056782076E+001
    41   10   2.963371056782076E+001   7.449378727766253E+003   2.963371056782076E+001
    46   10   1.652370826803019E+001   1.537703050239348E+003   1.652370826803019E+001
    47   10   1.652370826803016E+001   1.537703050239342E+003   1.652370826803016E+001
    52   10   2.963371056781941E+001   7.449378727765516E+003   2.963371056781941E+001
    53   10   2.963371056782075E+001   7.449378727766246E+003   2.963371056782075E+001
  </DiscreteSampler_grid>
