  0.00191512468496372  0.00195250344011283  0.00199413494642585  0.00203560372008049
  0.00207706332792374  0.00211931405811017  0.00216210566873458  0.00220489572169359
  0.00224789675474613  0.00229154905110878  0.00233641496712067  0.00238307741788888
  0.00243257462187749  0.00248544439460279  0.00254117257632988  0.00259822114993546
  0.00265669366923493  0.00271629474332427  0.00277854363024133  0.00284487503888643
  0.00291291758646641  0.00297975290162540  0.00304775617854249  0.00311782350685175
  0.00319030701940655  0.00326655127945189  0.00334921241571358  0.00343504827397369
  0.00352392032668907  0.00361462862425290  0.00370644528296119  0.00379896204122429
  0.00389389870112647  0.00399319945140930  0.00409626967453424  0.00420331377787818
  0.00431325572895477  0.00442227104325926  0.00453879771585712  0.00465315743340322
  0.00477971715801758  0.00490939337867686  0.00504453230608841  0.00518524478085908
  0.00533138838413056  0.00548613687564484  0.00565032241179299  0.00582494286267510
  0.00600570104036153  0.00619315470740217  0.00638768484512723  0.00658822627233764
  0.00679718777570808  0.00702150337415800  0.00726286161416662  0.00752080435075502
  0.00779284554863555  0.00807770036238663  0.00837879515369197  0.00869109837230377
  0.00901147985242169  0.00934496352917913  0.00969710603151713  0.01006747205107046
  0.01045713251023240  0.01087278356947516  0.01132855796912521  0.01183240448945766
  0.01237434267529382  0.01295070415943279  0.01357138261784773  0.01422223713888748
  0.01491475244636245  0.01567521537689021  0.01651009982864158  0.01741373171801571
  0.01837798831115815  0.01943027816481691  0.02058247246980847  0.02185248495435187
  0.02324510971398799  0.02480606170959233  0.02656274776157349  0.02855690594621937
  0.03086253666035596  0.03350487632638965  0.03657044848236572  0.04020495985921103
  0.04455930280030980  0.04980697156039983  0.05661737235344969  0.06643140347974308
  0.08092239435702506  0.10616825245507094  0.18416028137680504  1.00000000000000000
  0.00185143845377863  0.00346087176233531  0.00454444585259343  0.00543604092067693
  0.00631351300754559  0.00723268847084708  0.00821442020456725  0.00920284070110104
  0.01021074493609383  0.01125496238924698  0.01235686647582336  0.01345650482720223
  0.01453734759469534  0.01568630845766813  0.01694416379069735  0.01825360265613218
  0.01958472942740545  0.02094942546892267  0.02234367538102271  0.02381945454172377
  0.02538899734217405  0.02704464825222842  0.02877950529011620  0.03057765708591624
  0.03243037296492682  0.03433539674736665  0.03630690376933945  0.03831671858492104
  0.04038101674787953  0.04251043136396219  0.04476040284639710  0.04713937719497462
  0.04964593924568381  0.05230457064360617  0.05503673593258797  0.05781398222802424
  0.06062561141469568  0.06353171116673843  0.06655038432985531  0.06967186733419357
  0.07288290362887406  0.07614193015958619  0.07942980031672298  0.08274006837583409
  0.08619579568496959  0.08978440003520638  0.09352783772502073  0.09756379854540981
  0.10181322324310874  0.10621226270686547  0.11072875297916047  0.11528036303034057
  0.11992512251167183  0.12480947516791711  0.12999586714234784  0.13551595636866251
  0.14136827401869320  0.14743346276001895  0.15343396216832986  0.15949982485630876
  0.16554224110450350  0.17158114035970445  0.17819106859294878  0.18518046213297187
  0.19237885587802545  0.19969746829008178  0.20714471260780851  0.21477908994595457
  0.22276810575759923  0.23128136397882468  0.24018578808776248  0.24937763751441369
  0.25946462208697851  0.26986379945019501  0.28115329510647247  0.29299300381194926
  0.30560032460844783  0.31894300050682006  0.33286982147936400  0.34737918104660226
  0.36292180208315328  0.38020355202442901  0.39857109364119858  0.41875086909851739
  0.43914181421233883  0.46013614109257645  0.48258934821809246  0.50708968142296140
  0.53408119179444924  0.56431446843122957  0.59846444601995485  0.63791774247157973
  0.68579531431439189  0.74569408105507828  0.83894445616577029  1.00000000000000000
 -0.00233204106244015  0.00921563285280013  0.01959206940963226  0.02968671688784333
  0.04012664754191446  0.05052579937233062  0.06143073674530013  0.07222475181734253
  0.08260919646882756  0.09304324141218932  0.10370612693713348  0.11500876032521397
  0.12594742008333359  0.13687497515798713  0.14763558225097145  0.15810286270765081
  0.16830975856068675  0.17819629059556466  0.18823359246138233  0.19829064852567743
  0.20812981088979274  0.21847713658392648  0.22911549869549205  0.23987257456129985
  0.25076181200771031  0.26111799319867640  0.27130800567939389  0.28168619896986330
  0.29245500724393170  0.30364417807492838  0.31480255233897408  0.32576339430401974
  0.33663621350047440  0.34738186104964702  0.35782372033118720  0.36815185655203658
  0.37863339251495537  0.38924892018421214  0.39999214245945724  0.41061472120128972
  0.42163373346741695  0.43271234362016364  0.44374272952325583  0.45455238368619916
  0.46531781109805209  0.47624311774615208  0.48707933022847816  0.49850342200159270
  0.50967390236519849  0.52061213534264528  0.53140381734564945  0.54204126560798593
  0.55224518088667018  0.56264812405670250  0.57306762076243911  0.58397246745879450
  0.59490406777203997  0.60577058057571809  0.61691829462557690  0.62790208064368636
  0.63885558749688587  0.64949340667833633  0.65970249983193252  0.66975605077114653
  0.67975464782887352  0.68971252712177544  0.70013348254993779  0.71082343642109103
  0.72206273740589422  0.73306221737126132  0.74377337917899067  0.75444874630520331
  0.76539123999797776  0.77637158451736943  0.78676902042423225  0.79658904533886088
  0.80596664583427080  0.81573050879013986  0.82568916374666057  0.83590778082873496
  0.84629081967329034  0.85706323545888397  0.86791421877486719  0.87821882337184776
  0.88799655670965694  0.89781624430394658  0.90776745380330859  0.91811353526004980
  0.92862190957700919  0.93948859242344385  0.94982918618497414  0.95993453848849797
  0.96955358766550126  0.97936940566706054  0.98957066298949270  1.00000000000000000
 -0.00256285747481629  0.00948210443955666  0.01992732564799383  0.03078048846954342
  0.04118251347721714  0.05155828748640082  0.06162444797180441  0.07201281058865264
  0.08239636486008457  0.09323228167043338  0.10403165091035210  0.11484245078493924
  0.12549685863166890  0.13599037993578339  0.14648767253721309  0.15724203281917418
  0.16821924474568353  0.17921067049827483  0.18990848405777436  0.20058966901449718
  0.21146368584540898  0.22231965541208212  0.23289931234431080  0.24336484705772163
  0.25392846426775806  0.26460879524405040  0.27510389651722439  0.28546028191526901
  0.29600162279032177  0.30670111317163523  0.31797414936143747  0.32922658667398313
  0.34005697798288309  0.35059289288468332  0.36034704305057236  0.37005951786730634
  0.37998076187970892  0.38989293285645732  0.39984282917744896  0.40969079814736531
  0.41943715614061772  0.42933988701092873  0.43931830318572085  0.44960196509756650
  0.45993979354319303  0.47042651642892858  0.48076494758437383  0.49116617255340905
  0.50142309853785527  0.51174603923243933  0.52170702445218631  0.53144485519182971
  0.54102773533988724  0.55102894965549165  0.56134198814624858  0.57182256051033487
  0.58208826643499967  0.59269446713946683  0.60364555514428997  0.61450389000150496
  0.62501665187239852  0.63528656999674449  0.64547077969229905  0.65567444295507604
  0.66581269007234378  0.67600456009673926  0.68634675731197703  0.69704658241919371
  0.70804422043203108  0.71900268671485079  0.72986038541825371  0.74061821431394903
  0.75153892315568038  0.76256013050318061  0.77371657313650710  0.78485633461063453
  0.79585659801949038  0.80665792455044039  0.81722290451305202  0.82774432354007832
  0.83846716809284805  0.84936599130821233  0.86013934150767257  0.87084611499942310
  0.88143686895481355  0.89230791530068709  0.90309649890693866  0.91380897700714281
  0.92435264142589790  0.93508513478301059  0.94603500763967907  0.95717132035307917
  0.96778781070812003  0.97835248291017718  0.98904733065447259  1.00000000000000000
 -0.00242582501124756  0.00932780935546058  0.01964851331213485  0.02982889349372519
  0.04036649520178727  0.05054599353115586  0.06087988659686435  0.07109030511270890
  0.08116960935747049  0.09145249903890029  0.10198922576555490  0.11297168627268529
  0.12383337306859139  0.13435503396076964  0.14479538711099194  0.15558004355092472
  0.16631827434515711  0.17727708559355454  0.18787617132936021  0.19845505077423936
  0.20923270499159130  0.22014443431972724  0.23091474339497253  0.24102429221182894
  0.25109674892240358  0.26140412098141608  0.27165742820589273  0.28175832414533197
  0.29162930581497465  0.30182852530220589  0.31226534719393617  0.32302193608194035
  0.33337561362764095  0.34368395847880229  0.35398563559615787  0.36452705645020084
  0.37539800496819115  0.38592796674307900  0.39637512031124583  0.40666480331311100
  0.41670402265433659  0.42717492857747580  0.43744359450896625  0.44832070507327137
  0.45899051337897490  0.46945615058512752  0.47995883457117960  0.49039984583930102
  0.50101593174775072  0.51154157448270776  0.52232094659147976  0.53346158361669649
  0.54524283995590539  0.55657874933357587  0.56742507667163544  0.57796709067939678
  0.58870389713046278  0.59936072672972251  0.60998988803001752  0.62079228282506316
  0.63223085408201674  0.64372104615783943  0.65502357266580680  0.66606517988515590
  0.67700648868324054  0.68796225434433433  0.69831254035527512  0.70833883199980396
  0.71787602178063448  0.72799551166742682  0.73844637296116922  0.74873597410427040
  0.75899850033062266  0.76950798465219705  0.77991804496692818  0.79054039638968965
  0.80073399888287844  0.81185124259808283  0.82326014698866268  0.83461407049050451
  0.84541350318140518  0.85610085995969487  0.86675997047658981  0.87730285300772559
  0.88774759749647814  0.89840797720873389  0.90914957869327262  0.91968182873568394
  0.92994584998209429  0.94013037315990777  0.95025549746550586  0.96031670524219304
  0.97048362485660455  0.98021635936081375  0.99029980815541907  1.00000000000000000
 -0.00220527499879496  0.00913515442776656  0.01896248608410912  0.03002742096261877
  0.04057414290685567  0.05133980559435318  0.06223171099638806  0.07325796246468221
  0.08415795659063204  0.09500825932444695  0.10553418707722949  0.11606533813801798
  0.12687512927612518  0.13775561021382404  0.14871738867049361  0.15943347868215429
  0.17022963390166598  0.18041812664413312  0.19091415541165987  0.20137940507170768
  0.21179140140618088  0.22200377324071574  0.23226173426258234  0.24267933130842032
  0.25327232300212066  0.26416956545276010  0.27510181753375673  0.28579385490462267
  0.29635541359833367  0.30660919613368981  0.31683996939137110  0.32701459022815482
  0.33730174094461457  0.34738946102785262  0.35747806576398927  0.36776436596121015
  0.37841407197958554  0.38896523456720428  0.39939708870370838  0.40969114966994830
  0.42021341234659110  0.43077169250659214  0.44160413814788585  0.45236454902529599
  0.46302053783871522  0.47350633355481769  0.48431061166662187  0.49538876469918236
  0.50669756794720466  0.51796478641680299  0.52902604894099980  0.53996346047746435
  0.55079238866804170  0.56166060817447649  0.57178524717466916  0.58210673453758810
  0.59196387584072085  0.60181529793417654  0.61159784383010285  0.62094270145092434
  0.63051555444221807  0.64004826539194903  0.65096678757371196  0.66184656113287599
  0.67253118565077574  0.68285364189870967  0.69330812864924873  0.70438007837907834
  0.71516754393665471  0.72579006365761689  0.73632721053385286  0.74677814048705082
  0.75672819212184572  0.76683908254165090  0.77737086988117132  0.78844915530805570
  0.79946429358976412  0.81031324894511647  0.82114689148270081  0.83193196737801534
  0.84288838041525116  0.85380435573515623  0.86447903765224032  0.87490888872369710
  0.88522995534146487  0.89550070345774602  0.90564491370185585  0.91607812532475252
  0.92640321207703058  0.93681449122410754  0.94677971122205928  0.95715012671910127
  0.96774972814778415  0.97860717485032456  0.98932136661876613  1.00000000000000000
 -0.00216180589525476  0.00841657149629841  0.01779633077501821  0.02827743791230959
  0.03895209551722473  0.05025005652084402  0.06108202632294554  0.07227153596964017
  0.08298057137914579  0.09366780536108861  0.10454133465447457  0.11522763086639032
  0.12567163846968485  0.13575048207199797  0.14614420535762279  0.15701613450204496
  0.16780181545800629  0.17806542647004389  0.18798858323640094  0.19793259038759417
  0.20802236055871079  0.21779147869263077  0.22744151030169382  0.23705859718571526
  0.24700047670044806  0.25697052940299714  0.26692746917561311  0.27714185556913146
  0.28794113980768260  0.29932564634488873  0.31095825459827170  0.32217629234965572
  0.33282227388385355  0.34309360643541642  0.35362557906709280  0.36484582807709165
  0.37619885260216274  0.38723404945015666  0.39773201090324639  0.40805744971671093
  0.41850118203963305  0.42934307108134107  0.44041001822086112  0.45144720804592803
  0.46223549251772644  0.47322532458555178  0.48430250564240451  0.49560034870192615
  0.50659854001035176  0.51751971161108556  0.52872268751724139  0.53989091962621372
  0.55042377353314864  0.56040968562998827  0.57032404021237659  0.58048820751633889
  0.59052818575040211  0.60030750610154970  0.61017004699553179  0.62024110364106555
  0.63065462447157583  0.64125706407454997  0.65193472554617860  0.66248118667323208
  0.67303051604041464  0.68384005973185891  0.69473151374161723  0.70559745615158331
  0.71643656241435205  0.72743063058078583  0.73822828018463404  0.74864945325432053
  0.75858845993152912  0.76878492077797445  0.77961340616786146  0.79070640897270650
  0.80163965101752266  0.81246108984518539  0.82322664872656237  0.83390168709701740
  0.84459251896177823  0.85539676433165635  0.86634363080262178  0.87729606177407238
  0.88811936057773433  0.89902413367274725  0.90992370615377427  0.92065717252836432
  0.93058526153152765  0.94047364576810166  0.95023235851234444  0.95988449803907583
  0.96966281112072461  0.97910291217393763  0.98983640100404857  1.00000000000000000
 -0.00230265316561600  0.00945547462119806  0.01904259087807487  0.02956897298283125
  0.04020848086989783  0.05137736239912290  0.06280072959673176  0.07400686065475974
  0.08529498936338362  0.09650915500093386  0.10768182164163140  0.11848582474430100
  0.12931453982283400  0.13974072577468771  0.15023599211286809  0.16047521069023840
  0.17069318193430572  0.18069394947049813  0.19096926249079479  0.20117039664778491
  0.21156320865861830  0.22218578685057139  0.23316566408421893  0.24403297173734675
  0.25418932894034157  0.26367467829592739  0.27326783653631237  0.28324236099954575
  0.29348769605617775  0.30374984897754703  0.31422345384297234  0.32501472139476972
  0.33566679055948562  0.34599962534319734  0.35630670704454753  0.36654044662037394
  0.37660017741774637  0.38632569428167879  0.39610192923323789  0.40605021761259358
  0.41645228405096824  0.42727694315435671  0.43807815047367388  0.44849927818479202
  0.45883830811304471  0.46947850061394447  0.48052909064896177  0.49146943740364896
  0.50216303119113148  0.51270929441451640  0.52363962873648429  0.53477186129564058
  0.54593440303260998  0.55661468603823272  0.56677197630531118  0.57691553379020799
  0.58710077094195079  0.59756961016697752  0.60781315880716835  0.61795311545611076
  0.62791216528593063  0.63811065189040794  0.64850000222125859  0.65924294686193796
  0.67013161003207400  0.68102675063954454  0.69147398826293927  0.70171605545892546
  0.71193122248158236  0.72218549109020969  0.73265542570824049  0.74326896424444133
  0.75435215095061892  0.76575919642647139  0.77689707659593521  0.78768622122432252
  0.79839728443029723  0.80906473903554210  0.81964621923412917  0.82990034171074123
  0.84022777730544507  0.85036876015277840  0.86077869186899181  0.87103447982972881
  0.88125893288632884  0.89135472863611254  0.90155157862689816  0.91219014492547046
  0.92293024314388872  0.93387183216916103  0.94516505629042136  0.95638543182138003
  0.96765373651946696  0.97850591128503950  0.98945694485846614  1.00000000000000000
   4.1822815751640717E-012  -1.0000000000000000     
 T T T T T F F T T F F T T T T T T T T T T F F T T F F T T T T T T T T T T F F T T F F T T T T T F F F F F F F F F F F F F F F F F F F F F F F F F F F F F F F F F F F F F F F F F F F F F F F F
  <DiscreteSampler_grid>
  grouped_processes
  1 # 1 for a reference and 2 for a running grid.
  10 # Attribute 'min_bin_probing_points' of the grid.
  1 # Attribute 'grid_mode' of the grid. 1=='default',2=='initialization'
  0.0000000000000000 # Attribute 'small_contrib_threshold' of the grid.
  0.5000000000000000 # Attribute 'damping_power' of the grid.
 # binID   n_entries weight   weight_sqr   abs_weight
    10   10   5.515447528350003E+005   2.795053032039302E+012   5.515447528350003E+005
    16   10   5.517646277570196E+005   2.797034201103511E+012   5.517646277570196E+005
  </DiscreteSampler_grid>
