  0.00191609182470280  0.00195143416710267  0.00200102632475711  0.00204600518284330
  0.00209200212305028  0.00213998962593629  0.00218884870166254  0.00223796158228374
  0.00228763040447009  0.00233738708869799  0.00238747072252070  0.00243990845428944
  0.00249606357603073  0.00255367401594861  0.00261252544969771  0.00267432694439924
  0.00273874324613268  0.00280371760138356  0.00287138717785594  0.00293751042708632
  0.00300513738471036  0.00307500888652511  0.00314574467462505  0.00321906049455010
  0.00329461968268176  0.00337209233328401  0.00345169287035047  0.00353433702104037
  0.00361905057898502  0.00370857061133121  0.00380441243755143  0.00390544859935041
  0.00401092749422295  0.00411790642187766  0.00422764394579083  0.00434019532276863
  0.00445609956189047  0.00457098187643079  0.00469045105397106  0.00481763735970810
  0.00495144269271687  0.00509354495070716  0.00523999918005532  0.00539208497370788
  0.00555151078370530  0.00571599266765756  0.00588874173731975  0.00606466921603365
  0.00624248517012088  0.00642193702377925  0.00660909342592922  0.00680963505225813
  0.00702019125152442  0.00724035669468689  0.00747024263907333  0.00771263735560048
  0.00797133494290388  0.00824382442842390  0.00853803604209416  0.00884608619714620
  0.00917038977013408  0.00950597552350234  0.00985076817446371  0.01020737962951003
  0.01058281829566449  0.01098586426961637  0.01140234872743910  0.01184337409302847
  0.01232390138831388  0.01283835048817164  0.01340677046725795  0.01401217287363984
  0.01466000985520714  0.01534188988534631  0.01609167452504057  0.01693037758806410
  0.01785196589401343  0.01887342360532240  0.01999877554520332  0.02123642668073797
  0.02260571453030679  0.02413800895315543  0.02587189399436085  0.02780916613408248
  0.02998152286167937  0.03245674505357866  0.03536080683425356  0.03887731544371386
  0.04329404533684132  0.04883667465531837  0.05585865453342309  0.06588782001125325
  0.08027955481580505  0.10481446440109202  0.17683843130928617  1.00000000000000000
  0.00468047595162446  0.00553223199474033  0.00649091574575124  0.00734311740762728
  0.00812306299088081  0.00894481780428649  0.00978707230705408  0.01063810547518823
  0.01148689580135742  0.01232679230976624  0.01317679992666243  0.01407050364404018
  0.01503743613854083  0.01603720671967036  0.01711485973904547  0.01819075219894611
  0.01926260472270761  0.02034808802800086  0.02152520570856330  0.02277687830876781
  0.02409105122101652  0.02544588779696698  0.02686659085675176  0.02838051160273736
  0.02992414298849246  0.03153194291121855  0.03321884521380307  0.03495735816824960
  0.03670876225460066  0.03849590255279279  0.04037437749864641  0.04236352020984343
  0.04452494602391884  0.04680371789787055  0.04910939206978262  0.05148540607594961
  0.05392212343361787  0.05640370420501334  0.05895860465767645  0.06161380485111419
  0.06440589824208333  0.06738873863038047  0.07044797107493658  0.07368878751417256
  0.07708862885015888  0.08054941586919789  0.08403959812616409  0.08763586503593493
  0.09130343473634309  0.09513134524608138  0.09917637945075791  0.10346771046148956
  0.10803078450529045  0.11274175956425345  0.11748062374448516  0.12235370099813951
  0.12745381671466674  0.13265351696632438  0.13785090516837728  0.14315877734278482
  0.14875059209354513  0.15474474461437460  0.16116041797962360  0.16807401757603743
  0.17543607379700579  0.18282799727936649  0.19018166529550257  0.19778162507696825
  0.20553119364301042  0.21362830667499252  0.22237400828032688  0.23178106103962365
  0.24183139083427957  0.25257476810333812  0.26395708768630072  0.27597139861749120
  0.28825461891413967  0.30199265116677881  0.31622431975272358  0.33090394512218901
  0.34624593234173351  0.36224644059152644  0.37915318208984411  0.39731503908183380
  0.41744454727957486  0.43996490933433524  0.46518409972843172  0.49355956955724922
  0.52514828316058149  0.55950221442298453  0.59949693408948201  0.64402056648366401
  0.69499746753162150  0.75615226847625416  0.84637672192130775  1.00000000000000000
 -0.00257690221441720  0.00991196534261907  0.02055654879809260  0.03123602401978521
  0.04188426784749062  0.05255981588179279  0.06344288719558265  0.07426483629364587
  0.08487509072673603  0.09532786588566976  0.10584111060606732  0.11655625020834708
  0.12771353012092057  0.13893734927130982  0.14980758140691736  0.16044871091828025
  0.17074471695492430  0.18102945729703707  0.19123789842791358  0.20164924678098126
  0.21199193589392823  0.22231306681078211  0.23286607840927398  0.24379115546356439
  0.25466284091748403  0.26575048030842158  0.27618312336147077  0.28681566880689457
  0.29725353735384663  0.30809191752735443  0.31892054564342309  0.32979228503073565
  0.34039353971181235  0.35093480223120066  0.36117884358475100  0.37180234809255702
  0.38221479263872193  0.39293879333762866  0.40337860420535088  0.41395733029541321
  0.42465361631456633  0.43557723159533113  0.44636255237088246  0.45734648474697115
  0.46785459272862878  0.47815066211368823  0.48805435034140171  0.49808511252599058
  0.50806952520880810  0.51839640786716035  0.52905162318350230  0.53976894186634794
  0.55005747413075223  0.56006922972377748  0.57006409415824544  0.58035554271928869
  0.59049827809138911  0.60076889332465200  0.61106127969513124  0.62148560421938959
  0.63164560850296092  0.64163640072122063  0.65177478412719969  0.66221372232796794
  0.67280422081976432  0.68329002416821427  0.69390356741498782  0.70456204020712021
  0.71507843553008943  0.72543847182056809  0.73586445224385111  0.74654433843919277
  0.75704312516260486  0.76731673585586568  0.77729387792630555  0.78701189090026047
  0.79683964040020794  0.80694535091630959  0.81736246861614159  0.82794425012238770
  0.83856033761800519  0.84918420541621242  0.85987052409949694  0.87049247269112051
  0.88138958599762107  0.89219299109032113  0.90285785436836241  0.91341809921345429
  0.92436023628100694  0.93513223258586620  0.94591602635777583  0.95663432911498825
  0.96783109378069299  0.97868845418163997  0.98953994234221043  1.00000000000000000
 -0.00239804688890149  0.00904951811016855  0.01891480245259618  0.02897389355506056
  0.03952306167245218  0.05039391259896617  0.06100827681825537  0.07148323815369048
  0.08175043209838069  0.09251516374887400  0.10285437126099201  0.11353833203174730
  0.12451899136527814  0.13508971223716038  0.14540028781279601  0.15564333537417427
  0.16611294283447317  0.17666625459536836  0.18718651073361542  0.19797845462101066
  0.20896814572070041  0.22003751161752635  0.23093075017482076  0.24142587599912427
  0.25173215117667458  0.26205674724715650  0.27248382336396104  0.28277809263291381
  0.29339194436795180  0.30414351361016428  0.31516660104491584  0.32594116341351681
  0.33659064089363933  0.34743389524769036  0.35860469929853556  0.37009753888016755
  0.38180024929694933  0.39285984452254780  0.40365430818396425  0.41388781256087392
  0.42380248710866042  0.43356516525447647  0.44332398927782685  0.45358213268825365
  0.46391115037864866  0.47413075751268979  0.48436976444395402  0.49475527598660479
  0.50535005256186227  0.51599106815094653  0.52640128207022752  0.53693104512677892
  0.54739726852983339  0.55772992156097312  0.56767811573415816  0.57732098852901503
  0.58736760013784961  0.59794951860154744  0.60858708541403783  0.61907473852252404
  0.62945682733531316  0.64013374502930076  0.65067718556098419  0.66122287282306780
  0.67179387887623443  0.68244071078964352  0.69279832981121914  0.70255813061966221
  0.71243697117025917  0.72226338653651345  0.73247986697376477  0.74287115545162397
  0.75340467479678708  0.76384932973136266  0.77418919128324326  0.78472552558329745
  0.79541638488999622  0.80631707053055268  0.81708844777666612  0.82767339688725772
  0.83850139629988940  0.84953631975916599  0.86010973012190839  0.87042174077658241
  0.88067956037158590  0.89107560626628135  0.90138794586569482  0.91186781587555710
  0.92272359193463893  0.93361152875656817  0.94452501463784744  0.95537369780327119
  0.96657951573754219  0.97778039460993904  0.98895416563188876  1.00000000000000000
 -0.00253704156378453  0.00945191663359285  0.01989240350375051  0.03063705990568311
  0.04108023072358396  0.05134074055699995  0.06184973285326544  0.07246521285105938
  0.08322586234661532  0.09345191401137887  0.10364945842660150  0.11339722160732071
  0.12336191987453189  0.13371267173831938  0.14415745206302921  0.15435417577264651
  0.16433830238339769  0.17445488018600561  0.18490008020928639  0.19500696258647324
  0.20509045473432611  0.21492338969484437  0.22479721219297316  0.23477365589641785
  0.24523719869476091  0.25571958486473401  0.26609827748617432  0.27635289034506727
  0.28698489357580170  0.29791746568833399  0.30860357133260463  0.31896445062699108
  0.32923930235492271  0.33956045386982164  0.35000632492113937  0.36082779941574050
  0.37181985141579171  0.38255485314625942  0.39305719136016493  0.40376267625112594
  0.41462444777436980  0.42535072575770816  0.43563223427495035  0.44574624458781692
  0.45591755294790776  0.46606736232822993  0.47619492775508365  0.48579957100576704
  0.49538988302119119  0.50572071530953944  0.51619614697809513  0.52692367072761459
  0.53733953864907724  0.54789538519989067  0.55856175045393119  0.56903296170027529
  0.57979270593798249  0.59047702334736063  0.60118842480472756  0.61166409553635182
  0.62217861843140043  0.63252575211740636  0.64280303774889969  0.65352960942261318
  0.66449944844950415  0.67603313993744663  0.68693281031373887  0.69803141184198658
  0.70903358657110227  0.72012740444612422  0.73124299828256378  0.74216935257431371
  0.75308810594659548  0.76369226771169008  0.77416090336340126  0.78507601890734091
  0.79606560833192341  0.80715879655432743  0.81811194922470198  0.82930975298221743
  0.84082917264807921  0.85236709067430849  0.86334389095924535  0.87377741282507448
  0.88412517870475693  0.89448940394518894  0.90516481443973595  0.91574312008538195
  0.92646925069780917  0.93705764860885798  0.94779158298167743  0.95815657139258492
  0.96830034246391694  0.97884342233719801  0.98934877325618231  1.00000000000000000
 -0.00239274924831645  0.00930508801821510  0.01938516890071899  0.03056484735514634
  0.04158666425149817  0.05226221093538889  0.06299310345299658  0.07344727906110611
  0.08422942133190607  0.09477950731039955  0.10564922297709717  0.11631036775081656
  0.12668671307021842  0.13666570092097532  0.14671146266655169  0.15699301702198692
  0.16705729848883571  0.17756411380778589  0.18847479643935502  0.19959285937694915
  0.21055253178007780  0.22112429918190266  0.23203210016888084  0.24321539990049504
  0.25433201502839548  0.26525465122389097  0.27609446050452352  0.28687053103214233
  0.29750896784538605  0.30772094631250535  0.31797131203202289  0.32816281693109078
  0.33851657683694941  0.34900227689035124  0.35980408038606371  0.37079971847604737
  0.38173684108212830  0.39285496273929749  0.40394435675149637  0.41505533600167516
  0.42611056399778063  0.43686589899811651  0.44744643475692586  0.45803708358513762
  0.46871839552246886  0.47929926917877269  0.48975078026809488  0.50035714310608881
  0.51102936501545748  0.52129335692336232  0.53115010162883214  0.54112459328362061
  0.55123037685730802  0.56141494614360621  0.57140535088295130  0.58183908642851556
  0.59267313945881805  0.60333493660714310  0.61332256682120079  0.62299049019259800
  0.63280529376239625  0.64307164570649411  0.65356088269622636  0.66412491804860263
  0.67494030924522497  0.68588379301021052  0.69725641480468403  0.70794570308561033
  0.71875438532575098  0.72924830071532210  0.74004883923219522  0.75090730580202414
  0.76193336537067080  0.77315729647326015  0.78375715107184118  0.79413675907786463
  0.80451012649530185  0.81515386416326341  0.82570874277166817  0.83615004162676954
  0.84658794469056586  0.85716150648663869  0.86745207823710868  0.87733750680527955
  0.88697811159366480  0.89705088968246560  0.90783978137029464  0.91859109308859366
  0.92872925325325695  0.93867339226850433  0.94852905588773950  0.95870418368413168
  0.96890055604410052  0.97925135837947397  0.98948569090592120  1.00000000000000000
 -0.00256684410783443  0.00979927218177612  0.02058331693834959  0.03176774965389553
  0.04253950339375780  0.05348512297842241  0.06451334828649430  0.07630135473144024
  0.08727595856218105  0.09780158743274607  0.10822486110796674  0.11902066216748930
  0.12972999767060320  0.14007226301236406  0.15061262170184980  0.16179649491832201
  0.17294334680037715  0.18439147948405005  0.19511506604824369  0.20562375787898304
  0.21594605544651257  0.22643176519499614  0.23690080689919685  0.24711075438716090
  0.25730542736389217  0.26760299307372987  0.27794715669005932  0.28841706635687059
  0.29900412316075686  0.30971224582753570  0.32021805368640871  0.33041455217683574
  0.34075538279048329  0.35123965013660258  0.36234149515082364  0.37360770561814488
  0.38468227806057925  0.39545646148416819  0.40598070213027798  0.41658467364299268
  0.42680355968011929  0.43698626693955339  0.44725126579924807  0.45794681384236902
  0.46872364812962708  0.47948241353570548  0.49014832933359848  0.50060466397927816
  0.51096051229088646  0.52136926786938609  0.53177912242769099  0.54232065386224892
  0.55236375512163260  0.56231288494151177  0.57272901143236743  0.58353349361756768
  0.59392165682087628  0.60437066047912680  0.61508690287051504  0.62568328315965871
  0.63559747888156048  0.64536675440832547  0.65548349109254067  0.66619780612086321
  0.67701741026414153  0.68792093597813830  0.69866154600252517  0.70934879413933394
  0.71984248617327362  0.73022780030463275  0.74061679902159161  0.75119317968144195
  0.76158301408863616  0.77189209305761031  0.78207388669759015  0.79257560757233192
  0.80327481169409898  0.81363187398593906  0.82390184077415440  0.83407156255970760
  0.84447367340788793  0.85496840898758519  0.86494790301444835  0.87522921226275807
  0.88554463151018936  0.89561565751725536  0.90528265780414563  0.91453915706319211
  0.92457214925631204  0.93486415103424991  0.94553326767351031  0.95634046469161949
  0.96739867290392478  0.97833520396176399  0.98934809904429943  1.00000000000000000
 -0.00227359992012837  0.00888557266099797  0.01861339588132150  0.02818913070601744
  0.03816277470876507  0.04816939024771273  0.05869989183471342  0.06910935631511475
  0.07932285413439767  0.08950856542642999  0.09953554644922420  0.11004792827848490
  0.12084055594588528  0.13181261208552314  0.14222502644508489  0.15253898677249431
  0.16254991007081099  0.17298653832590261  0.18300741037455420  0.19370125340964997
  0.20421203435686019  0.21518018053907220  0.22589513558003751  0.23673111356175378
  0.24795346693815820  0.25900416769603701  0.27026874370148629  0.28103597747978776
  0.29189155060797178  0.30252481000521869  0.31329380570182008  0.32411390166212778
  0.33511627825906753  0.34607255521989655  0.35692910766546138  0.36756788144280444
  0.37788907938077071  0.38791998013919532  0.39752529094118266  0.40713685037591724
  0.41703040210031034  0.42727861348157348  0.43743675057955511  0.44711711911234686
  0.45668582789974554  0.46641675281653294  0.47684885579518210  0.48746032646063492
  0.49831327208060061  0.50965402558765471  0.52130184136450175  0.53271038375076096
  0.54363964632193817  0.55457253536969287  0.56532955375315974  0.57596043269646091
  0.58650626785990756  0.59696451228662084  0.60702555035505701  0.61687829347366985
  0.62692320811927471  0.63748028265603940  0.64809085632282071  0.65927925956437272
  0.67043470064833599  0.68133145302852616  0.69171107717650004  0.70187683484491636
  0.71216973848193810  0.72239370804484182  0.73298931575641357  0.74359475366068228
  0.75417584283978156  0.76480306109945972  0.77553135776920867  0.78611078274106250
  0.79700209624620089  0.80751671719484641  0.81835898189722256  0.82866196272398218
  0.83928038068515542  0.84976821811509351  0.86050826705353711  0.87159498879803787
  0.88274661932725529  0.89390070865260984  0.90460078612296246  0.91531238601751230
  0.92587984643911969  0.93668509503645048  0.94743107238032098  0.95857329185064166
  0.96880172886153293  0.97918127456068060  0.98924576405627207  1.00000000000000000
   4.1948854005382109E-012  -1.0000000000000000     
 T T T T T F T T T T F T T T T T T T T T T F T T T T F T T T T T T T T T T F T T T T F T T T T T F F F F F F F F F F F F F F F F F F F F F F F F F F F F F F F F F F F F F F F F F F F F F F F F
  <DiscreteSampler_grid>
  grouped_processes
  1 # 1 for a reference and 2 for a running grid.
  10 # Attribute 'min_bin_probing_points' of the grid.
  1 # Attribute 'grid_mode' of the grid. 1=='default',2=='initialization'
  0.0000000000000000 # Attribute 'small_contrib_threshold' of the grid.
  0.5000000000000000 # Attribute 'damping_power' of the grid.
 # binID   n_entries weight   weight_sqr   abs_weight
    10   10   4.428264069720453E+003   4.161726355831993E+007   4.428264069720453E+003
    16   10   2.022780011651392E+003   7.793859387244801E+006   2.022780011651392E+003
    22   10   2.022780011651392E+003   7.793859387244803E+006   2.022780011651392E+003
    28   10   4.428264069720452E+003   4.161726355831992E+007   4.428264069720452E+003
    34   10   4.428264069720453E+003   4.161726355831993E+007   4.428264069720453E+003
    40   10   2.022780011651392E+003   7.793859387244806E+006   2.022780011651392E+003
    46   10   4.428264069720453E+003   4.161726355831993E+007   4.428264069720453E+003
    52   10   2.022780011651392E+003   7.793859387244808E+006   2.022780011651392E+003
  </DiscreteSampler_grid>
