  0.00000008368636956  0.00000017954154935  0.00000029021488371  0.00000039851163534
  0.00000049247272048  0.00000059126635110  0.00000069283703650  0.00000079646107316
  0.00000090079918402  0.00000100875704351  0.00000112129220941  0.00000123192266729
  0.00000134972382378  0.00000147015053890  0.00000158307731413  0.00000169464546822
  0.00000180209947804  0.00000190795153407  0.00000202239529193  0.00000214096875568
  0.00000225769373681  0.00000238221802100  0.00000251093267345  0.00000263202862628
  0.00000275192830376  0.00000287932749740  0.00000301409406589  0.00000314689754646
  0.00000328024118280  0.00000341865517799  0.00000356853916141  0.00000372854027010
  0.00000389589548762  0.00000407936490684  0.00000427397453401  0.00000447116425805
  0.00000467245164006  0.00000488558432661  0.00000512186712271  0.00000537912218472
  0.00000563683263804  0.00000589026241663  0.00000616368704631  0.00000644162084564
  0.00000672282753335  0.00000703262108019  0.00000738936940359  0.00000776595453428
  0.00000813924180210  0.00000852128957350  0.00000898490988570  0.00000948746103176
  0.00000995813604166  0.00001041296298745  0.00001085834007588  0.00001133077618148
  0.00001179348159820  0.00001225408230301  0.00001271519114183  0.00001321404593113
  0.00001371643495682  0.00001421375495558  0.00001472516382056  0.00001520592694161
  0.00001568845390172  0.00001616136195726  0.00001664646226918  0.00001713613964496
  0.00001762863607143  0.00001813587663182  0.00001865117102982  0.00001919776654806
  0.00001973985436168  0.00002030381383996  0.00002086776717175  0.00002146176961974
  0.00002204732752303  0.00002262160974783  0.00002318432101129  0.00002374511487836
  0.00002431350389827  0.00002491856279201  0.00002557627919101  0.00002626679354333
  0.00002700103678709  0.00002775136476772  0.00002853727755132  0.00002936309015555
  0.00003024579852316  0.00003117989375223  0.00003218238026426  0.00003340438744090
  0.00003480194830296  0.00003613710161118  0.00003690616772062  1.00000000000000000
  0.00000007884074372  0.00000026196940085  0.00000042162394740  0.00000055029587750
  0.00000068434974344  0.00000082060485878  0.00000094988165724  0.00000107569856274
  0.00000119408901087  0.00000131013878419  0.00000143613217616  0.00000155507717425
  0.00000167464299646  0.00000180138323954  0.00000193875040958  0.00000208134528185
  0.00000220931086620  0.00000233242269775  0.00000246080191868  0.00000259998281932
  0.00000274022831215  0.00000288285905036  0.00000302279794931  0.00000316333983118
  0.00000330868029545  0.00000346452820972  0.00000362912226322  0.00000379879348346
  0.00000396658106837  0.00000413413535425  0.00000430344106977  0.00000446990780068
  0.00000463487546726  0.00000480425031897  0.00000499024588293  0.00000519845198160
  0.00000541002104021  0.00000562040545898  0.00000583764681434  0.00000607370930299
  0.00000633478931218  0.00000660815141468  0.00000688124650107  0.00000716891420509
  0.00000749497415740  0.00000785419919961  0.00000823476939909  0.00000861288673786
  0.00000905813305736  0.00000950901496094  0.00000993511656014  0.00001034525890704
  0.00001076383286004  0.00001121018439963  0.00001168230376518  0.00001216606163089
  0.00001264739827655  0.00001313113665379  0.00001363243891538  0.00001414305018306
  0.00001463201242850  0.00001510926446349  0.00001558248337047  0.00001605125293088
  0.00001652541862357  0.00001698817075237  0.00001744961002718  0.00001794051275904
  0.00001843616218561  0.00001896644833192  0.00001949449212509  0.00002002375635884
  0.00002055091818795  0.00002106771389995  0.00002157471059767  0.00002209365789606
  0.00002272640276070  0.00002337399072831  0.00002401209207985  0.00002463579150470
  0.00002526390666390  0.00002591489492918  0.00002659784927524  0.00002744533819483
  0.00002835541639688  0.00002934480148877  0.00003037881161329  0.00003142742289135
  0.00003248042509736  0.00003387248645775  0.00003537087780289  0.00003695754513169
  0.00003905063659297  0.00004300666815882  0.00005084311564149  1.00000000000000000
 -0.00257368794544041  0.00817420546312252  0.01750619797912702  0.02607877094149940
  0.03466163854782980  0.04400943247702550  0.05402518323935437  0.06457435636951930
  0.07498737622950619  0.08536303165245279  0.09626205209459338  0.10738639143532813
  0.11824514279069989  0.12901053054326581  0.13975594659541224  0.15119268464032801
  0.16405509164908727  0.17722789716627735  0.19003097620698448  0.20159633656990258
  0.21277477349653390  0.22369010489584451  0.23543414152252348  0.24783166218957869
  0.26003113139656397  0.27135333402322637  0.28234108840829958  0.29305672908027430
  0.30349145661071519  0.31380786165420343  0.32437956305861099  0.33520691980973344
  0.34675166703622434  0.35934317429631019  0.37211406924986601  0.38443197664129675
  0.39637505836303727  0.40894291181951742  0.42130825135444383  0.43319134137538245
  0.44477769735065853  0.45590024215326264  0.46666513865907594  0.47737313281154475
  0.48891377995765334  0.50155198094779685  0.51562131380266851  0.53087475982361165
  0.54552775653209462  0.56043753133473995  0.57456165618048538  0.58824723149062552
  0.60121188274219128  0.61418422546891560  0.62741602231469107  0.63972307659714456
  0.65240688122558044  0.66556029738904732  0.67832733203915352  0.69008083415140498
  0.70102511739543594  0.71204613799297034  0.72316984555790098  0.73369487739708394
  0.74354966541986534  0.75341788840726520  0.76378753493415086  0.77431041696579184
  0.78468753331826413  0.79465066004258011  0.80400511105319294  0.81293667080854604
  0.82108764892024799  0.82900889700922964  0.83699715025484722  0.84569682925630030
  0.85417556384855264  0.86202570153490854  0.86966330608021414  0.87777613477934402
  0.88606123478807464  0.89417879250109678  0.90107120705319743  0.90840912044454392
  0.91582260195400200  0.92364231127944929  0.93161158274195499  0.93939782950462702
  0.94722526364621729  0.95496212059212471  0.96248712066629027  0.96992730891987922
  0.97750401536899723  0.98532634271719910  0.99297105593296253  1.00000000000000000
 -0.00210725896462462  0.01095899092369422  0.02196265173913031  0.03179435577234199
  0.04229756287321774  0.05249865612220580  0.06219463670828459  0.07117756217973040
  0.07979050584608388  0.08903833971079426  0.09859197757027488  0.10897998995839724
  0.12024442213337190  0.13099258105906955  0.14142524828396122  0.15190264312260937
  0.16250635677813330  0.17310602400907449  0.18315363638863635  0.19301870475213809
  0.20289874997373095  0.21272992638670554  0.22309933740561899  0.23320550306422572
  0.24353590012440293  0.25439090087490429  0.26591029601571209  0.27664231972104503
  0.28665326792933538  0.29680648124275438  0.30699246827829157  0.31860196213652581
  0.32949811101437770  0.34200288719787258  0.35537192081978719  0.36721587709603387
  0.37814979768345652  0.38817692072859739  0.39825967173481419  0.40886470609529502
  0.41904276314703853  0.42833964218617904  0.43737471059027616  0.44660630973263848
  0.45619756618722734  0.46604850155646116  0.47551213358574890  0.48587420173191964
  0.49553217948656725  0.50549223964443124  0.51546551800405860  0.52554203171648661
  0.53560739298190008  0.54601386322805667  0.55783124084588176  0.57107926127636066
  0.58421149356366298  0.59683586804841082  0.60834403902260026  0.61923034480482053
  0.63044141845563328  0.64130340679819120  0.65162460037707792  0.66201814212635413
  0.67357772722690978  0.68479216153362477  0.69620540230744132  0.70714352807634351
  0.71776220269047697  0.72877010213675197  0.74041562541188222  0.75163839732017135
  0.76219008256997289  0.77252210849745506  0.78309798287566890  0.79399701141174861
  0.80472488091533001  0.81513322227498808  0.82509886052875481  0.83515108658371018
  0.84582372825796004  0.85645368569743796  0.86679405329364800  0.87721527277116285
  0.88804415050356889  0.89925949599648425  0.91019001296802005  0.92056016767738946
  0.93038018378264198  0.93992354369616748  0.94917144157752409  0.95924098422339710
  0.96992544522535074  0.98027320668006002  0.99031056225803615  1.00000000000000000
 -0.00256225523079796  0.01009563974578324  0.02059465976761711  0.03135355876212981
  0.04280899416422600  0.05343557214781267  0.06471770758113334  0.07589695094382104
  0.08714358493825496  0.09826175918706052  0.10939551113965855  0.12056102808839166
  0.13101864529743512  0.14076781560798904  0.15056491516252751  0.16042327409452214
  0.17019340381784870  0.18024554370340545  0.19148855106977025  0.20392060656190936
  0.21611550650603267  0.22761968702049873  0.23831026968208566  0.24809309027016357
  0.25790868542815265  0.26865017768864191  0.28103339067178440  0.29340598320076500
  0.30505826039929029  0.31602637518096377  0.32605588968969124  0.33627134845520601
  0.34747312710514339  0.35964566213918858  0.37050849999507102  0.38076061708811548
  0.39123907016643666  0.40250746752690175  0.41378961969327938  0.42524258591932584
  0.43723267116374948  0.45265818429210491  0.46720333390737540  0.47942813837567277
  0.49038000311021440  0.50051113308432260  0.51019054879713610  0.51956915748074850
  0.52837462427175896  0.53724613915739694  0.54655646818879056  0.55619255300569126
  0.56578564081980620  0.57482899442161117  0.58354356882486136  0.59280051767778885
  0.60194691360892028  0.61091189844575111  0.61997419587070157  0.62980715141036936
  0.64054344135873897  0.65106727767294170  0.66113526020564573  0.67136965001907667
  0.68172468933905250  0.69229111894897011  0.70302478652113221  0.71366874830926008
  0.72461062080177852  0.73498158589550711  0.74545162570717283  0.75601813422597408
  0.76675258273404012  0.77821077143277861  0.78816933034662706  0.79762926008808899
  0.80623324710502176  0.81599215599189112  0.82578041614453024  0.83526997512690526
  0.84493066907224379  0.85509320479565865  0.86572356908598813  0.87718297443275473
  0.88889389625203141  0.90029146417504646  0.90984219424197055  0.91915881337089855
  0.92880074621750031  0.93799952662541464  0.94751717880824826  0.95795073340737602
  0.96906417281361079  0.98031510432862590  0.99015945400279060  1.00000000000000000
 -0.00232156463725023  0.00903853905283430  0.01926427454959770  0.03035372242962589
  0.04152775524490586  0.05393204786171527  0.06581685868676927  0.07865195604290003
  0.09058506730949493  0.10163050602664658  0.11204707295770167  0.12233730388566472
  0.13292535294469837  0.14366917822013789  0.15413489868440045  0.16475649393555999
  0.17625586725122941  0.18762329684224377  0.19836205121118100  0.20861029455787458
  0.21854197828396785  0.22874156867687243  0.23818143854386675  0.24766412828066056
  0.25656656149781520  0.26545400174885408  0.27418102059862226  0.28355827817341889
  0.29394166867631327  0.30554480174591070  0.31703346098501545  0.32807690834551401
  0.33869769682556494  0.34954208010375032  0.36023624328136195  0.37064533784269654
  0.38118115769171579  0.39205212371749537  0.40368129923849189  0.41618034155499734
  0.42821065951910331  0.43943487896717243  0.44984675549218245  0.45951601545032972
  0.46928055773814548  0.47952513337606678  0.48948557439787155  0.49994585936800529
  0.51086081171970854  0.52223246823257519  0.53265943100345392  0.54243146007390231
  0.55294683148126300  0.56405771304652796  0.57534711081243750  0.58584008324588133
  0.59510012963347125  0.60542593638811393  0.61557381162702185  0.62638121277452807
  0.63691631944809124  0.64773920695533849  0.65857758850135972  0.66876336269137793
  0.67842020204141640  0.68852857858463723  0.69929258668884642  0.71069182966008237
  0.72059351095332647  0.73040094637478792  0.74003228422229450  0.75005346637362513
  0.75999607030420990  0.76959932527921526  0.77943974240281577  0.78931188310145572
  0.79905933283385111  0.80893858572027477  0.81957608455682929  0.83063584208232133
  0.84152896236652752  0.85138993330349733  0.86182024944856128  0.87263906051612805
  0.88422717999186995  0.89484567378004221  0.90471079591216941  0.91405039298457291
  0.92351091423327503  0.93310912815984037  0.94325030282081967  0.95399074287401064
  0.96471707570743825  0.97573401591425546  0.98720539743530855  1.00000000000000000
 -0.00242493709171550  0.01154067427823590  0.02275069790467731  0.03422092415914293
  0.04559573042879539  0.05588169216259302  0.06566263143473086  0.07578475969372327
  0.08671721902915486  0.09861917166905525  0.11092633576563925  0.12522760528361085
  0.13762266243112381  0.14954840592373930  0.16090592687585858  0.17143044432551638
  0.18284563574094390  0.19386191517220969  0.20561436229948579  0.21725884457501393
  0.23007193693970826  0.24106755414384823  0.25269236096403053  0.26367743142522632
  0.27424491109336380  0.28358136494813807  0.29440532187697266  0.30629565593717695
  0.31834684543629443  0.33008426437187177  0.34133541110900079  0.35149616428829628
  0.36167669222399812  0.37193931091855870  0.38268134763857126  0.39352115646778024
  0.40356042418548838  0.41330833171030235  0.42368773121820902  0.43478162632161482
  0.44592312338846068  0.45687377554850644  0.46833776207243161  0.47999885043467272
  0.49110109199221363  0.50188227603552393  0.51274061873976629  0.52356170160795434
  0.53386266336902521  0.54405770014482346  0.55431806785247517  0.56424680902117819
  0.57357739746525715  0.58297762944446052  0.59274181046042840  0.60308088697681617
  0.61343733097958164  0.62441341577010057  0.63384555017738875  0.64455628889823968
  0.65520187092515458  0.66654467254193861  0.67512481139389968  0.68409126712166235
  0.69350353999501424  0.70333831875136343  0.71350849025110796  0.72364960899732755
  0.73316520146429753  0.74241592642677456  0.75172583501037238  0.76122797725333635
  0.77060713831914862  0.77991786210729230  0.78884394229460630  0.79791471376011924
  0.80713655824738983  0.81683060936638674  0.82707353920808346  0.83796538912607132
  0.84911761153463905  0.85987275034382071  0.87029735780423212  0.88031882743190137
  0.88967424550394747  0.89866091948857019  0.90785339868170545  0.91723887022939177
  0.92685902844218848  0.93696651950426024  0.94754658980566908  0.95776291122406654
  0.96787368454129541  0.97717661742895867  0.98861429805750511  1.00000000000000000
 -0.00267026123388340  0.01051142436561332  0.02121529247665343  0.03215006281640627
  0.04286623007022161  0.05396704538267307  0.06438345758609018  0.07421521397584779
  0.08463506565449888  0.09609095398271039  0.10704563406483464  0.11735858351687480
  0.12778332073425319  0.13907539772074637  0.15110269368932558  0.16351206724347134
  0.17492198637797432  0.18523372450891112  0.19537234396324857  0.20527758154430131
  0.21508502955202355  0.22450296781755852  0.23419229095040545  0.24426758090374298
  0.25488106244199110  0.26594799796988433  0.27817651485476341  0.29103067898557605
  0.30280487067364820  0.31370115157738560  0.32387331591960167  0.33399712614082655
  0.34405477811725721  0.35431586624301931  0.36497357042522482  0.37542500263730549
  0.38481290288146258  0.39419099707509020  0.40359372926540876  0.41320328646321863
  0.42286415109532172  0.43337705699527412  0.44407344013337480  0.45490836048459321
  0.46552764223584808  0.47516012550098780  0.48445273183623300  0.49324301125972486
  0.50290559092275189  0.51289851621708427  0.52323150020955567  0.53268018659089567
  0.54253700965222318  0.55299501677517038  0.56378807790290075  0.57505614417709627
  0.58649104612043068  0.59932448775137626  0.61165219941690097  0.62269885003507330
  0.63344876609312639  0.64452361267607627  0.65674951648028357  0.66920901681888734
  0.68129768535480606  0.69201481786181174  0.70185376251971021  0.71183838793920906
  0.72223856919678431  0.73322264567000595  0.74419271270749054  0.75506686588114780
  0.76556174506120778  0.77493886166027337  0.78390675727993775  0.79325886890688224
  0.80506555256819490  0.81630098962734077  0.82648841351887836  0.83645019947056354
  0.84665438776204338  0.85635251779742982  0.86566874990395148  0.87493678825970289
  0.88375585257365430  0.89186354927754230  0.90008757495922886  0.90905997639850822
  0.91933340078073378  0.93112546499071713  0.94268700655811988  0.95520758907050640
  0.96776823194260442  0.97996177284004826  0.99035602326373373  1.00000000000000000
  0.02376018324297338  0.03725268296854495  0.05164978226059341  0.06451830463337326
  0.07642927939110025  0.08787508625050143  0.09924162189529798  0.11018808642932164
  0.12086684812133305  0.13104560507473842  0.14096920179954420  0.15067794204714977
  0.16111963495403223  0.17199977099542124  0.18355224678623197  0.19505665117179488
  0.20672028973355297  0.21762795156373196  0.22814299724032458  0.23975136090978819
  0.25152694953847082  0.26396844308601253  0.27710042921792882  0.29054178925060326
  0.30367651179854660  0.31573102095422645  0.32741298049464812  0.33778473787318836
  0.34761819356872309  0.35778385819804259  0.36830905770952038  0.37786540172913574
  0.38700153917041497  0.39609073936723216  0.40522712659554916  0.41427078322776351
  0.42372858588223111  0.43345141587339581  0.44293699756658378  0.45289376829795752
  0.46454362548351563  0.47649103179950403  0.48738567371675823  0.49749392464686898
  0.50718197380971541  0.51674944498301267  0.52604954215155042  0.53504961712699528
  0.54392796988429903  0.55323924371422439  0.56283186763124959  0.57262949022848519
  0.58298482617802094  0.59346534226817271  0.60496828223672239  0.61610680716040866
  0.62657767362839178  0.63639054569612774  0.64612777293381163  0.65648400007980545
  0.66755893942140587  0.67867489218841237  0.68981303976704278  0.69945417429075341
  0.70912513642019481  0.71808713849463501  0.72655163359268515  0.73495279633868404
  0.74360229603166672  0.75303194020851860  0.76271791361450836  0.77235319438272532
  0.78172962058790563  0.79041510728081088  0.79870754451243908  0.80706510479933891
  0.81632628895772341  0.82620782299584206  0.83597204402702419  0.84573257821260650
  0.85551429379069099  0.86519151207998979  0.87504221606378296  0.88500754108980262
  0.89504437214175792  0.90505781807464414  0.91405405438242227  0.92240857510929319
  0.93035243194022810  0.93839060101481797  0.94682260409193497  0.95487852528191586
  0.96157745303821074  0.96750202720587186  0.97069560882639294  1.00000000000000000
 -0.01833372125783885  0.10138964342225051  0.13362555492578612  0.15519640685046926
  0.17180119215780790  0.18611479340670187  0.19887018780685609  0.21043712497324932
  0.22155099709942216  0.23196153812008405  0.24189058385939533  0.25101241396139673
  0.26011189289715031  0.26979310590501310  0.27923907813577281  0.28812763982334427
  0.29658448179478025  0.30578075114985648  0.31446127945591945  0.32181482861352317
  0.32889057943250227  0.33591216698350579  0.34287298928746002  0.34974005228475630
  0.35634887740750776  0.36269805202009231  0.36898083749257776  0.37536486659438145
  0.38195578921156087  0.38901970817968529  0.39592899866417619  0.40230773394189001
  0.40858129037577062  0.41448945089373446  0.42053751484600571  0.42689968887904695
  0.43292642516232377  0.43885270945677940  0.44538290975497097  0.45200505603673685
  0.45850139211769397  0.46461382275335472  0.47058277076093025  0.47657615884400073
  0.48229793003325616  0.48766181331966818  0.49296485555964314  0.49824440272072462
  0.50366008668831674  0.50931699264409269  0.51482958090997732  0.52051928729209129
  0.52739426203569839  0.53476702814844701  0.54188062121625524  0.54868525765838116
  0.55544351891769039  0.56215605293977111  0.56861751591650089  0.57547164641843040
  0.58201951621778214  0.58799411331036333  0.59356709085922432  0.59905245456481460
  0.60474966261808638  0.61095802414807010  0.61776277933233081  0.62470222045251966
  0.63159840073854390  0.63859915908515952  0.64534193434779097  0.65141512369102683
  0.65802124425546582  0.66490417508568933  0.67157454288810792  0.67859763501078318
  0.68581956094475827  0.69284320200135696  0.69982474007393303  0.70675929182151576
  0.71420161472199295  0.72252405755588056  0.73114031440564586  0.73996262486903619
  0.74869759563543647  0.75846662984569102  0.76897000263471327  0.77916359207252550
  0.78956709748485809  0.80208319175969633  0.81648739847446050  0.83170976673023644
  0.84996678596108965  0.87273417368491191  0.90395540124243468  1.00000000000000000
   8.0589995670802889E-018  -1.0000000000000000     
 T T T T T T T T T T T T T T T T T T T T T T T T T T T T T T T T T T T T T T T T T T T T T T T T T T T T T T T T T T T T T T T T T T T T T T T T T T T T T T T T T T T T T T T T T T T T T T T T T T T T T T T T T T T T T T T T T T T T T T T T T T T T T T T T
  <DiscreteSampler_grid>
  grouped_processes
  1 # 1 for a reference and 2 for a running grid.
  10 # Attribute 'min_bin_probing_points' of the grid.
  1 # Attribute 'grid_mode' of the grid. 1=='default',2=='initialization'
  0.0000000000000000 # Attribute 'small_contrib_threshold' of the grid.
  0.5000000000000000 # Attribute 'damping_power' of the grid.
 # binID   n_entries weight   weight_sqr   abs_weight
    10   10   2.957897888167773E-010   2.739776806388643E-019   2.957897888167773E-010
    11   10   2.957897888167772E-010   2.739776806388641E-019   2.957897888167772E-010
    16   10   2.957897888167772E-010   2.739776806388639E-019   2.957897888167772E-010
    17   10   2.957897888167773E-010   2.739776806388643E-019   2.957897888167773E-010
    22   10   2.957897888167773E-010   2.739776806388643E-019   2.957897888167773E-010
    23   10   2.957897888167773E-010   2.739776806388643E-019   2.957897888167773E-010
    28   10   2.957897888167773E-010   2.739776806388640E-019   2.957897888167773E-010
    29   10   2.957897888167773E-010   2.739776806388643E-019   2.957897888167773E-010
  </DiscreteSampler_grid>
