  0.00000008188771388  0.00000019226866949  0.00000034417664839  0.00000057100274549
  0.00000071083257884  0.00000081179471359  0.00000093371931693  0.00000108527536481
  0.00000132814514621  0.00000169901524734  0.00000216378517863  0.00000252322090552
  0.00000276986432463  0.00000301534860336  0.00000331720105953  0.00000374131497423
  0.00000434456727950  0.00000487603617621  0.00000533985631716  0.00000570365208689
  0.00000598891111351  0.00000623154714221  0.00000649627302837  0.00000680734932757
  0.00000712858419128  0.00000749088396222  0.00000787256887588  0.00000827930856728
  0.00000860752574368  0.00000880777931294  0.00000894855530723  0.00000909307654771
  0.00000924031091721  0.00000942825796510  0.00000964040204788  0.00000979210660587
  0.00000990559733873  0.00001002013658434  0.00001013154252105  0.00001027188940199
  0.00001042498563872  0.00001062083102612  0.00001082243966441  0.00001104110180158
  0.00001132578118691  0.00001156644314198  0.00001176337684665  0.00001194082080981
  0.00001211792150923  0.00001229499070695  0.00001250315628658  0.00001283956190523
  0.00001309829331646  0.00001330639502670  0.00001350506010114  0.00001367725261079
  0.00001386938562540  0.00001409509209990  0.00001439420895160  0.00001450797614185
  0.00001459378742632  0.00001466408170485  0.00001473432558781  0.00001481442879506
  0.00001489565164894  0.00001502555974111  0.00001511397532880  0.00001523186143169
  0.00001573366876547  0.00001618192032403  0.00001639771105361  0.00001666281921214
  0.00001707278877937  0.00001746225438025  0.00001785914914147  0.00001824479693280
  0.00001867598396060  0.00001914097058176  0.00001960714614251  0.00002007645015408
  0.00002057766359553  0.00002120311928551  0.00002177172384389  0.00002228068500432
  0.00002304389202003  0.00002399862589633  0.00002498669816709  0.00002599640954339
  0.00002739279781957  0.00002906933242611  0.00003222281535196  0.00003634103505960
  0.00005209987936115  0.00019013156146860  0.00043058485130147  1.00000000000000000
  0.00000013788295655  0.00000116770322556  0.00000212843700487  0.00000344565166979
  0.00000538481213585  0.00000730368447689  0.00000857430229082  0.00000966340022077
  0.00001096364899311  0.00001210382516098  0.00001383287046693  0.00001637097429113
  0.00001862209411793  0.00002114382378445  0.00002355713601264  0.00002566284926358
  0.00002759297509189  0.00002939357471677  0.00003127058255438  0.00003243593630373
  0.00003294154346033  0.00003343231463008  0.00003391373604403  0.00003437182851483
  0.00003472965414344  0.00003505317212495  0.00003535764663186  0.00003559660089541
  0.00003579066075755  0.00003609676550935  0.00003643850333711  0.00003671204421400
  0.00003699536522037  0.00003740309811184  0.00003782718816893  0.00003823671347519
  0.00003862507309825  0.00003907314990006  0.00003949442963722  0.00003994558054723
  0.00004043076643478  0.00004085546862526  0.00004125616794933  0.00004156530131202
  0.00004178082779123  0.00004196275707813  0.00004215793771586  0.00004238210160192
  0.00004272852680150  0.00004304670990711  0.00004340614901845  0.00004424611882543
  0.00004506893446116  0.00004571406272704  0.00004640261450500  0.00004724667501093
  0.00004813721838597  0.00004881002734754  0.00004942017215506  0.00005003939997751
  0.00005073388085856  0.00005156628004090  0.00005228359955443  0.00005278905037439
  0.00005324679997917  0.00005374892815326  0.00005432716770414  0.00005535114141929
  0.00005631514731917  0.00005691519921811  0.00005740722921735  0.00005787045925661
  0.00005835192794204  0.00005886275481059  0.00005936745070074  0.00005991487098077
  0.00006055838037344  0.00006138273385837  0.00006213010289899  0.00006307720062549
  0.00006509524547100  0.00006750477997650  0.00007218423378186  0.00007649708025981
  0.00008092493605410  0.00008627876596044  0.00009483747301624  0.00010432535764904
  0.00011530821735372  0.00012763924784375  0.00014847365505495  0.00019310506526761
  0.00040231007888365  0.00052705463589133  0.00062264764960889  1.00000000000000000
 -0.00000022853569466  0.00002897650087255  0.00026138734102721  0.00065460303665781
  0.00112129161014225  0.00229990171819800  0.00373664282238714  0.00564735685159217
  0.00821934732174819  0.01212035188311400  0.01637065616652998  0.02109993837358716
  0.02861831289019240  0.03176250792506419  0.03508121682172808  0.03855267343450849
  0.04461220744256032  0.05006725779077373  0.06066343265831937  0.06892869226416964
  0.07644377579069588  0.08415585634970846  0.09294716351813032  0.10353339692251941
  0.11410898645966391  0.12531332539823295  0.13678957926739571  0.14813330832850816
  0.16484270747048443  0.18667874921315525  0.20286600710691516  0.22280168286986432
  0.24258348913957281  0.25807143869080701  0.27083300146830819  0.28225711975606538
  0.29392111082796840  0.30586589112629570  0.31884790536503671  0.33537970088789265
  0.35416015030384479  0.37093671545524898  0.38935833664798347  0.40882852241524370
  0.42997447312553289  0.44819822982192831  0.46517582303739075  0.47790439627584247
  0.48434426759744970  0.48981606249470189  0.49513949642186256  0.50152365926741327
  0.50821951505474094  0.51615173581794604  0.52740899652186424  0.53521516919700018
  0.54299893593203752  0.55172124226585906  0.56416379404258399  0.57393210154576901
  0.58259302443223904  0.59093942586895321  0.59945239462725208  0.60864841555926996
  0.61895294640893561  0.63136499542703062  0.64600311091404283  0.65967530989490830
  0.67195283215784263  0.68385029728266777  0.69729706361967903  0.71110352548784861
  0.72763594891661509  0.74267140731772208  0.75547855977895340  0.76708844677739729
  0.77810456721572785  0.78921987538029592  0.80115383008764773  0.81162196228674188
  0.82039542868927939  0.82960368803254503  0.83777839668686449  0.84655185828419188
  0.85609236315878101  0.86640582732442450  0.87680009243774659  0.88692850724492811
  0.89878767100365820  0.91502366432193483  0.92707094435868209  0.93936957342212113
  0.95421606371904910  0.96919325946632906  0.98459662973316431  1.00000000000000000
 -0.00541723154742255  0.02426270267428883  0.03215634813953486  0.03861386940424883
  0.04474662368261541  0.05234868261878382  0.06469512919367398  0.08055602297879356
  0.09691073164485645  0.10770876382411666  0.11671518768198076  0.12539850554050566
  0.13512499210569195  0.14526308875651567  0.15367034467248139  0.16202725901113665
  0.17187502041797656  0.18258397293285855  0.18844149663524490  0.19394863505117432
  0.19937030140075462  0.20880297775039255  0.21993454059448958  0.23502011688899008
  0.25059956037980508  0.25981510070211367  0.26756203949939777  0.27350274084702858
  0.27894724264930332  0.28316490096616198  0.28808822890601782  0.29218843529670974
  0.29633597866904016  0.30154607938497258  0.30802351408408929  0.31468156968633626
  0.32274282307202479  0.33202749718419516  0.34151523518083649  0.35198986049762987
  0.36090279292040134  0.37436212321880075  0.39688621607444763  0.42312370733575966
  0.44255858004659798  0.45735013895154958  0.46855007234044072  0.47756898643182050
  0.48797554799781878  0.49849946785453136  0.50920516902517787  0.52195403454505263
  0.53781956118326046  0.55349583937209901  0.56665352028066729  0.57861788638135403
  0.58894429660808356  0.59802619815293567  0.60704917167510686  0.61682261112835457
  0.63118961717446709  0.64943186413275922  0.66910002843584060  0.68882170844896462
  0.70693324200362051  0.72417772551919679  0.74062047339076920  0.75620661659977373
  0.77065991623823493  0.78410090873164640  0.79674612295607916  0.81553636245294625
  0.83672003314280041  0.85230631207228247  0.85873519135277909  0.86297080539967796
  0.86867182199988746  0.87316696021110085  0.87705734043819095  0.88122453161951275
  0.88665478436089040  0.89203474549379769  0.89742396464894036  0.90260218563240646
  0.90942354748933496  0.91461893723789944  0.92755606155506209  0.94216513015087910
  0.94895149667968315  0.95433592836510361  0.95989207343131400  0.96663464199873983
  0.97420017148673654  0.98200880726830586  0.99035355849626094  1.00000000000000000
 -0.00216523251433094  0.00956326889380536  0.01980071154227257  0.03016145536189131
  0.04293197533462635  0.05908183122191643  0.08003112753754320  0.10660783722960163
  0.12431581174554523  0.13800121680349542  0.14686871082632003  0.15379688235534750
  0.16087576987457172  0.16827105186195609  0.17625585231051280  0.18470952791409229
  0.20351949767375943  0.22066200155264823  0.23480653631259624  0.24915893388806240
  0.26184879987527776  0.27266716574350353  0.28811864293122513  0.30428010262934008
  0.31573033251006311  0.32107976890904283  0.32651979902482897  0.33133122055060849
  0.33605668071055805  0.34134421284731647  0.34817072179707187  0.35369101263787134
  0.35807098198048354  0.36249868122098949  0.36751003951401640  0.37257752473571187
  0.38524069358953378  0.40451148973150264  0.41943162328972833  0.43309552098694720
  0.44587522339821972  0.46043291116090912  0.47966355338113781  0.50394673375046606
  0.52680589138012501  0.53874688336781507  0.54724640558184345  0.55215638258215982
  0.55806417545340470  0.56420165743566453  0.57078453856759515  0.57924321777624532
  0.58595968069434035  0.59274674562489493  0.60128386465513473  0.61410952746338310
  0.62785508338050544  0.64034686041261535  0.64822211497668014  0.65641769539140482
  0.66550329863425939  0.67273687326525811  0.68103057307852299  0.68935369797781287
  0.69629080288462974  0.70142245506665579  0.71021089799341952  0.72129228579050220
  0.73011994284058068  0.73833368454973458  0.74704352726617940  0.76343675821429535
  0.78594989749908317  0.81107171537270828  0.82976460499773630  0.83877895629142729
  0.84304232354891928  0.84839568388738573  0.85622127556874539  0.86095246687639482
  0.86365290291721264  0.86667333798850688  0.87020783683083913  0.87484021860448580
  0.88279809520721386  0.89049261702744886  0.90129914445120529  0.91759333708341939
  0.93399822966119261  0.94799108613994598  0.95920528208055467  0.96794531354842250
  0.97409099686338185  0.98027198754989531  0.98748253463664171  1.00000000000000000
 -0.00421163437060079  0.01099573238425262  0.02503632739269514  0.03803297425819014
  0.05183551882554491  0.07190951635353532  0.09328806264610012  0.11810888471326755
  0.13269061011738173  0.14499777732602545  0.15280851988822172  0.15859754942987322
  0.16495873729985130  0.17343933388146751  0.18227988145523569  0.19064817135765555
  0.19706758568394797  0.20265838744591111  0.21010434956939819  0.21921657955865401
  0.22901713296982432  0.23857426118017494  0.24671838421149939  0.25421635326752312
  0.26113778908330260  0.27045937074234166  0.28470989080870018  0.29846473285161473
  0.31118559179470995  0.32643649545179554  0.34375321809272869  0.36157530713726133
  0.37802374220741974  0.38746414097078863  0.39809618332005292  0.40965711700094837
  0.42223800557506808  0.43551556274584446  0.45508805797829932  0.46281861688099757
  0.46684888159889576  0.46990499981230144  0.47275820568622517  0.47604153446351349
  0.47973810125574751  0.48437520241466087  0.48876688427101561  0.49359316053502045
  0.49812097054791532  0.50188053247803455  0.50526265748076415  0.50896600383876023
  0.51264826535609620  0.51677618889718391  0.52537310816460892  0.53693954551387024
  0.54741442626883974  0.55881942603904955  0.57338121081213866  0.58984037159905378
  0.59663940433407192  0.60470519994012462  0.61355026227059295  0.62182937747440836
  0.62999573382698404  0.63727339599076349  0.64735881406234841  0.66595881154069647
  0.68361647909370371  0.69842167932201193  0.71101961861850760  0.72626754229825896
  0.74231179986037921  0.75381804512509276  0.75980967157636137  0.76518686528454849
  0.77034013757316022  0.77525449446537642  0.77976912916470220  0.78496706415303608
  0.79079003394734071  0.79772442460302573  0.80633382787433538  0.81429156946572245
  0.82286818831959452  0.83388288050030002  0.84555752946342466  0.85891713562497374
  0.87408310995720595  0.89752754525754630  0.91860818009105982  0.93657321566480267
  0.95342204439221645  0.96883978012749439  0.98428935860917499  1.00000000000000000
 -0.00291914661622901  0.01109331973441236  0.02064031710341348  0.02538852576151126
  0.03064732746986736  0.03469833228145257  0.03887421966736249  0.04269135433932469
  0.04509400357378630  0.04698130238906816  0.04940841304511696  0.05306407640987997
  0.05719461140357799  0.06077639285451279  0.06509243823131035  0.06909598203726454
  0.07285034986934281  0.07640382956217828  0.07933671054445113  0.08323972324971346
  0.09340555117264954  0.10783322119873037  0.12482723562532347  0.14523420943746629
  0.16114663527282591  0.17541422864730477  0.18713802845027447  0.19549874381232732
  0.20325701887946893  0.21200965788631862  0.22223568859216128  0.23300132626640024
  0.24370171538380347  0.25058067624403885  0.25704915779375898  0.26333598471626973
  0.26869600873141619  0.27422712844885899  0.28101425226898985  0.29368272240616777
  0.31182726227008378  0.33455199968097143  0.35778864120071641  0.37946169944064789
  0.39976908201325195  0.41679407692189291  0.43032073823051020  0.44489947450889822
  0.46007919006862175  0.47569898327904375  0.49136157848933842  0.50583389503474718
  0.51906747984497648  0.53373240992943261  0.53900669005455248  0.54311623077148263
  0.54762722428354504  0.55200758712376219  0.55601820299144500  0.55938560431890672
  0.56397481544596850  0.57070347437192515  0.57839643555622522  0.58996020352953327
  0.60535782538019922  0.62469278626311997  0.64106423799577539  0.66133271698506990
  0.68657610892411580  0.70970022781747300  0.72654742554630325  0.73600163179080957
  0.74571076346815324  0.75215290281749347  0.75790822659405432  0.76356291685684974
  0.77025959653098552  0.77738907389359369  0.78553233082173135  0.78990877766350853
  0.79973312220378534  0.81186103000815191  0.82321360937098176  0.84267488966326642
  0.85889980933906784  0.87149234459161407  0.88245496563530768  0.89030602821227556
  0.90016593233548192  0.90920318475836415  0.92211461166582653  0.94509156739151701
  0.96180690056482565  0.97724771319954606  0.98862385659977292  1.00000000000000000
 -0.00426456131260509  0.01838241198049130  0.02305461659492880  0.02631035790792741
  0.03166575294746533  0.03630556535087561  0.04096107163835021  0.04608120938404448
  0.05055594541881187  0.05528082648048493  0.05868428215368492  0.06210864957158230
  0.06637397141610576  0.06928393405941215  0.07173990791947985  0.07445833338630085
  0.07790963711910730  0.08085679643324613  0.08737494778915923  0.10142235115780487
  0.12391961323905430  0.14413658618652650  0.16015104754378373  0.17189316908231209
  0.17959184514364770  0.18465694032127844  0.19036754390582039  0.19622058995215430
  0.20256153876578251  0.20982307200448899  0.21739713069418781  0.22506784915865313
  0.23858656558043359  0.25505467859052933  0.26974980350771943  0.28843305911511441
  0.30808656690965641  0.32809702737253355  0.34925469524740288  0.36931954647661186
  0.37955663442473164  0.38358105777017393  0.38769420290869450  0.39236982992870151
  0.39743931026960500  0.40406913269284878  0.41418201585339770  0.42323740121739362
  0.43016073991701970  0.43890983887863150  0.45219727469746845  0.46607355915806264
  0.48144240328520971  0.49881917881253757  0.51952619669210420  0.53215662854607293
  0.54271920136788343  0.55233305619719497  0.55986456318805256  0.56366061458793248
  0.56792127523417690  0.57244996270428061  0.57744610204408031  0.58254082439157573
  0.59301274791824976  0.60091882169495392  0.60752583243110825  0.61431835844131855
  0.62278787410249781  0.63467856047010540  0.64729370876216319  0.66008496171354147
  0.67261039278906598  0.68527480983224787  0.69796607894434637  0.70986827227287985
  0.71810362650871984  0.72690834499071588  0.73756013386164887  0.74854623924444552
  0.76421096819854084  0.78639926756318079  0.81370588614850403  0.84041585161380961
  0.86319302241579954  0.87932746719566790  0.89342427717055595  0.90649907739782987
  0.91631366939536052  0.92727362333775309  0.93789289228185191  0.94698382052941243
  0.95751560140719405  0.97105893309659086  0.98594013059787167  1.00000000000000000
  0.37497627565273739  0.88152653548659599  0.94157307082931962  0.95915616055976505
  0.96199535478042242  0.96534473898272444  0.96836342989497792  0.97125850832614757
  0.97371816596685890  0.97533786793501964  0.97715706487104148  0.97896469096113792
  0.98047258806841242  0.98162364078320474  0.98265258668677824  0.98373689412516774
  0.98478981761679674  0.98568718386270415  0.98630633292292913  0.98688779562811757
  0.98750085526055642  0.98815244188968510  0.98867179221302282  0.98909236772928655
  0.98949509162293214  0.98992158042353540  0.99033119358133226  0.99062773582328056
  0.99085302905946726  0.99103469336989436  0.99118155941928598  0.99134126752245699
  0.99150063832095481  0.99166594217710258  0.99182466565529870  0.99196940070952233
  0.99212455920882392  0.99228390448307080  0.99250237457478030  0.99529524496001665
  0.99543258700984094  0.99550588992499056  0.99556974738457804  0.99563150209958362
  0.99569043964209247  0.99575443547996478  0.99582101546532709  0.99588218966449771
  0.99593962266691849  0.99599100795227424  0.99604091929242089  0.99608825552545477
  0.99613595404538546  0.99618538167336479  0.99623669014423100  0.99631115227879563
  0.99638862753701729  0.99647465323803541  0.99656570904959041  0.99665997505364690
  0.99675443822869181  0.99687966428096253  0.99702817878870942  0.99716724347776842
  0.99729016539695525  0.99738965887259012  0.99746592254817035  0.99753954604102901
  0.99761483262873452  0.99768626756939227  0.99775601038553563  0.99782391429973760
  0.99788897536329446  0.99794650105738358  0.99800415631670236  0.99806215260926523
  0.99812036007726468  0.99817907727041666  0.99824134472543768  0.99831066337765106
  0.99838328123202769  0.99845791008878537  0.99853642777604779  0.99860782428782902
  0.99867413200165678  0.99874031662585994  0.99880646797751593  0.99885657987388166
  0.99890647961431633  0.99899203911941448  0.99910133581764149  0.99921272671324279
  0.99932704751105339  0.99947996267604944  0.99972190616260792  1.00000000000000000
 -0.01795558607653306  0.10654102912390621  0.14667486392988216  0.16916512021059638
  0.19168267969610114  0.20285856035359473  0.21372732705818148  0.22214792272468387
  0.23017380091218365  0.24155189447024131  0.25444620248709343  0.26710809037847388
  0.27888573910283582  0.28828119358435833  0.29757831678095181  0.30668128166441494
  0.31571149583987845  0.32468142087099289  0.33354109834821871  0.34325629301970401
  0.35247468923641578  0.36048968713996155  0.36848193323923967  0.37526941141693060
  0.38366862407642927  0.39252896583908969  0.40100494015291682  0.40597121093135446
  0.41175289552898764  0.42069135841446764  0.42844388698619279  0.43382968861798826
  0.44017751470816319  0.44714281035768294  0.45252615405399715  0.45700603818433616
  0.46280227960247056  0.46821832624256848  0.47313439645816341  0.47619547384167576
  0.47867050430736557  0.48159518277865793  0.48372021718066710  0.48628455520272523
  0.48917945526235213  0.49407199528693974  0.50131684630837714  0.50702541470515872
  0.51080732651844196  0.51424886653626489  0.51860868878079180  0.52358396448119904
  0.53100477085744802  0.53746589333844219  0.54322256355968890  0.55114058970315494
  0.55670156552994454  0.56200330730725989  0.56903217017796082  0.57475882601027317
  0.57879024809239588  0.58246307349457238  0.58478298209572188  0.58566303495625549
  0.58718318124180036  0.59064394363813266  0.59414670896425914  0.59814077571213431
  0.60239966186306715  0.60686812854250505  0.61223370115992559  0.61529664575675980
  0.61789824630789858  0.62109851651562031  0.62457295635050947  0.62802829867169474
  0.63133484573835541  0.63462862245224005  0.63859388413727736  0.64234560131437546
  0.64502274084120370  0.65954894924461571  0.67636920983710069  0.69169404358002895
  0.70244950762339631  0.71195764891281654  0.72135018752276847  0.72888802568361866
  0.73708601193306922  0.74869941748999058  0.76782733873666331  0.79440182915355806
  0.82263007618587480  0.84729399795265037  0.88228089891009853  1.00000000000000000
   3.2045783911154816E-013  -1.0000000000000000     
 T T T T T T T T T T T T T T T T T T F T T T T T F T T F T T F T T F T T F T T F T T T T T F T T T T T T T T T T T T T T T T T T T T T T T T T T T T T T T T T T T T F T T T T T F T T F T T F T T F T T F T T F T T T T T F T T T T T T T T T T T T T T T T T T
  <DiscreteSampler_grid>
  grouped_processes
  1 # 1 for a reference and 2 for a running grid.
  10 # Attribute 'min_bin_probing_points' of the grid.
  1 # Attribute 'grid_mode' of the grid. 1=='default',2=='initialization'
  0.0000000000000000 # Attribute 'small_contrib_threshold' of the grid.
  0.5000000000000000 # Attribute 'damping_power' of the grid.
 # binID   n_entries weight   weight_sqr   abs_weight
    10   10   4.248970084372784E-009   1.211110198055302E-016   4.248970084372784E-009
    11   10   4.248970084372779E-009   1.211110198055299E-016   4.248970084372779E-009
    16   10   5.095789058530478E-009   1.940514291512882E-016   5.095789058530478E-009
    17   10   5.095789058530470E-009   1.940514291512875E-016   5.095789058530470E-009
    22   10   5.095789058530478E-009   1.940514291512882E-016   5.095789058530478E-009
    23   10   5.095789058530470E-009   1.940514291512875E-016   5.095789058530470E-009
    28   10   4.248970084372786E-009   1.211110198055302E-016   4.248970084372786E-009
    29   10   4.248970084372780E-009   1.211110198055299E-016   4.248970084372780E-009
    34   10   4.248970084372783E-009   1.211110198055301E-016   4.248970084372783E-009
    35   10   4.248970084372782E-009   1.211110198055300E-016   4.248970084372782E-009
    40   10   5.095789058530480E-009   1.940514291512884E-016   5.095789058530480E-009
    41   10   5.095789058530473E-009   1.940514291512878E-016   5.095789058530473E-009
    46   10   4.248970084372784E-009   1.211110198055301E-016   4.248970084372784E-009
    47   10   4.248970084372781E-009   1.211110198055300E-016   4.248970084372781E-009
    52   10   5.095789058530477E-009   1.940514291512882E-016   5.095789058530477E-009
    53   10   5.095789058530469E-009   1.940514291512875E-016   5.095789058530469E-009
  </DiscreteSampler_grid>
