  0.00191347754682128  0.00194454221001741  0.00198740304334949  0.00202514947175697
  0.00206538913209300  0.00211216663037265  0.00216125041447600  0.00220801115766746
  0.00225668912286309  0.00230624260549600  0.00235832616017934  0.00241312319955485
  0.00247089062981546  0.00253015098901133  0.00258973206996445  0.00265058715959122
  0.00271359348697213  0.00277658518532904  0.00284093738215151  0.00290679141236621
  0.00297608388233959  0.00305082002154950  0.00313149375750458  0.00321710251735572
  0.00330747571340266  0.00339937003924992  0.00349552784517992  0.00359348887227934
  0.00369281165245455  0.00379281357793534  0.00389306457721788  0.00399530703941633
  0.00410160307433551  0.00420931438332836  0.00431694219438843  0.00443460482898778
  0.00455552748716585  0.00468585572867871  0.00482839096070613  0.00497682096599984
  0.00513384579815788  0.00529709074529228  0.00546359835305304  0.00563370219419304
  0.00581179477315304  0.00600105917843577  0.00619826231224658  0.00640708401026909
  0.00662006372749025  0.00683714102756272  0.00706593297319307  0.00730038275848965
  0.00753600877742636  0.00779287779674224  0.00806195467335023  0.00835449513853058
  0.00867089366754024  0.00900172999206659  0.00935139516373584  0.00971835024526362
  0.01009771662617764  0.01049928596606205  0.01093894742771397  0.01141987722714500
  0.01194762397090129  0.01250120929652302  0.01307297219925228  0.01365672160458933
  0.01428262959867826  0.01496100670479804  0.01570885626597423  0.01653054702224605
  0.01741479817967867  0.01835269696328182  0.01935691114532388  0.02045659543473429
  0.02166462288226320  0.02300824111488331  0.02452577740543361  0.02621636071144191
  0.02805365881505282  0.03008384115587447  0.03240567766915550  0.03508106728288974
  0.03814962354292085  0.04181914284466543  0.04607691565101794  0.05097996764053920
  0.05690431051884885  0.06457752326624869  0.07463226593707925  0.08808509264632783
  0.11033328682665999  0.15148857533927759  0.26517387509195955  1.00000000000000000
  0.00199804350544317  0.00317754727546326  0.00402990268253331  0.00480757711162630
  0.00559280454587612  0.00632389136580708  0.00705064229168185  0.00781529039775926
  0.00861106717598265  0.00945660329315275  0.01033567876559997  0.01127731037424830
  0.01226611234839115  0.01327531699733606  0.01429936434090791  0.01534740256999031
  0.01646006273043850  0.01761205119003649  0.01881467987412219  0.02005874122852101
  0.02133830918312619  0.02260555919375304  0.02391858874981454  0.02532963971413948
  0.02687488156000792  0.02853365431367886  0.03021568035224572  0.03192162469950627
  0.03366482016467280  0.03545765006138790  0.03735058687523233  0.03937194793634500
  0.04151082791298667  0.04373285834696736  0.04602459226572928  0.04837781574145431
  0.05083862581650837  0.05344223125667868  0.05613268307728877  0.05885980380699857
  0.06166767503771405  0.06457047973609012  0.06755467651679392  0.07064871103418861
  0.07390087381529287  0.07734220520511173  0.08086556574202811  0.08440114037526858
  0.08804685983405536  0.09181452176496661  0.09575379804626158  0.09983664892748773
  0.10417032570890015  0.10873900353572899  0.11341563997640640  0.11854360915858557
  0.12394899180220097  0.12974093635224701  0.13576461449868543  0.14191212417317337
  0.14806974810753190  0.15427978193446171  0.16092065453122412  0.16791125786772709
  0.17489328872858040  0.18190174298541029  0.18907945053266320  0.19650853848142963
  0.20433124537950445  0.21261291474873897  0.22134116778678084  0.23060804669952786
  0.24073380076235798  0.25142944603819800  0.26324721542191160  0.27543231235668847
  0.28830237299857614  0.30187579733525333  0.31581472175647396  0.32989470138524118
  0.34509315504653865  0.36170670314387798  0.37991127740833869  0.39947414046370583
  0.42058272648629513  0.44330582251767708  0.46823229709502806  0.49526516348092237
  0.52390113127011806  0.55696611086145786  0.59398613198199468  0.63804056138292686
  0.69144738319510424  0.75629042976489602  0.85052403127209975  1.00000000000000000
 -0.00262699145633460  0.01095624352113672  0.02162259430058675  0.03234153914325966
  0.04268974916737087  0.05289217467051199  0.06292443679836930  0.07380874704128511
  0.08420221895627247  0.09490957359019561  0.10555146897316262  0.11662129710408133
  0.12752615454260352  0.13861573270122998  0.14996246982712022  0.16145911848814218
  0.17235102420759887  0.18269032916385317  0.19283523405125491  0.20305339240433823
  0.21360311260529491  0.22421921990189128  0.23484924369726154  0.24522113281317467
  0.25544241261220751  0.26557210961052385  0.27591881513240907  0.28657424341836113
  0.29748190350102671  0.30819941765689512  0.31848642457118820  0.32897140086260873
  0.33941929695774781  0.35042856086840468  0.36128831384913207  0.37182706712687735
  0.38195885527705398  0.39170406753398118  0.40155157385012863  0.41126992770422688
  0.42128836733079528  0.43149374614049257  0.44201623057012029  0.45317893516551594
  0.46454439375493894  0.47648657340262124  0.48816330442211953  0.49981816348525143
  0.51163441315786939  0.52297690897474225  0.53388444003171931  0.54458601379690452
  0.55541304667029456  0.56622111653099916  0.57715065217397332  0.58833532068043326
  0.59951207775995141  0.60966993592973306  0.61970183842439441  0.62969122144575052
  0.63986687306508838  0.65007335930980203  0.66037208966441296  0.67079927561003683
  0.68144523582422800  0.69170176505707570  0.70235974268550094  0.71302059689327568
  0.72349207815976246  0.73381605247115878  0.74372187113228150  0.75398560702727135
  0.76421350510923247  0.77500013727037120  0.78562421777464542  0.79678128580298646
  0.80756336592533884  0.81833039904795657  0.82869664234098150  0.83924179018789613
  0.84979511588130896  0.86006717302422220  0.86997736051379027  0.88015592326746150
  0.89064068301718624  0.90153948970378739  0.91252432446473020  0.92280700285610406
  0.93285807151898759  0.94286577078247191  0.95240724643753860  0.96166819648135793
  0.97099314457782959  0.98052117059424293  0.99050461702305026  1.00000000000000000
 -0.00275969315736864  0.01053141284934941  0.02097113109701668  0.03130170873132838
  0.04134826842268827  0.05148224338040647  0.06218832773631561  0.07326802234190670
  0.08403872882226932  0.09525431061417443  0.10623615902986329  0.11743442837584769
  0.12837164933532064  0.13938624097914959  0.15047300671499220  0.16146493230332309
  0.17242915166976441  0.18322430943014664  0.19364518154738564  0.20359044349483935
  0.21330575605562785  0.22280637503718875  0.23206019407415013  0.24167245974678797
  0.25159487746140879  0.26234952037413123  0.27344355157927963  0.28439014648136390
  0.29489770147295141  0.30491141355304729  0.31494258213720822  0.32504652230283559
  0.33531223634287466  0.34560272494038707  0.35583438213863883  0.36615441716727759
  0.37634199006347591  0.38650881874834925  0.39674466331343133  0.40738299676675488
  0.41808032980740584  0.42825949023932292  0.43824982613773694  0.44933930572850794
  0.46014030476588846  0.47049379207505321  0.48089603448536461  0.49106205972868527
  0.50111548198954292  0.51074415744898760  0.52061232070703356  0.53071833245994715
  0.54119269890233346  0.55178163626019561  0.56226285775845941  0.57276245247413027
  0.58350229820226596  0.59428406661145150  0.60505961926124852  0.61564067941822809
  0.62597723408928119  0.63556664540462238  0.64574104197293847  0.65645215885781516
  0.66741408745865261  0.67766620863437987  0.68779444235328935  0.69808676398276071
  0.70855282221599847  0.71918710803161889  0.73010153665773569  0.74128386770126609
  0.75222563814018872  0.76299811928763139  0.77405865345846958  0.78561188374293234
  0.79742292757911737  0.80899714867996908  0.82071009209447754  0.83274449275850626
  0.84450603963632831  0.85593814136391377  0.86670742397882916  0.87695823186277022
  0.88706040662810171  0.89736845278048072  0.90839025960011266  0.91977085917838142
  0.93048132592896837  0.94123138936468942  0.95208082580856679  0.96282450084460180
  0.97314192622281304  0.98256742782329465  0.99159527997724128  1.00000000000000000
 -0.00255972595930893  0.01074493489636750  0.02104927305817864  0.03177417842967950
  0.04228815080459224  0.05288707925605554  0.06266723871329999  0.07317472155041142
  0.08375870007614766  0.09564602738645475  0.10624892522361937  0.11672162437792816
  0.12679153188789602  0.13737720940267698  0.14793859265326675  0.15841807943000175
  0.16870472448696922  0.17878698276503988  0.18896995797067503  0.19943564726572380
  0.21005724549869614  0.22043330464570532  0.23104895226621872  0.24168622819096222
  0.25225691999835093  0.26253073073139099  0.27278341404072487  0.28322377445358599
  0.29356302474545648  0.30420358977512052  0.31470971178580753  0.32535387292925677
  0.33591701884964004  0.34681345313874623  0.35768154261818536  0.36856937804907680
  0.37914153439242071  0.38985397453102105  0.40025023876297988  0.41030577443616717
  0.42047569024823184  0.43106484496416647  0.44124979587095264  0.45099561107373831
  0.46086822087486745  0.47127962639582188  0.48185688752870115  0.49265474068411613
  0.50355020905905856  0.51415095505541020  0.52441363089227111  0.53483654388744450
  0.54521476648017597  0.55535197871111308  0.56529779037973416  0.57593745475060321
  0.58690922637980203  0.59775275808061801  0.60839630953974955  0.61888741974530670
  0.62895216959085765  0.63896038947740541  0.64895003873874657  0.65952367439066062
  0.66999353670326656  0.68070673797216619  0.69168499102749526  0.70305391358664404
  0.71458605379977169  0.72557953941518050  0.73590552795153030  0.74557814322181637
  0.75559163971887344  0.76566182615640610  0.77595442937933778  0.78642405775961255
  0.79718235337871668  0.80776499167581095  0.81806219825853843  0.82827429231977656
  0.83924570323852599  0.85045340770875100  0.86207026205674608  0.87351749804229062
  0.88512321648270265  0.89676557999183959  0.90756945746226603  0.91841270246833118
  0.92920655048786149  0.93967240774284944  0.95003918991957548  0.96040573900628612
  0.97066793419168695  0.98082348096973226  0.99037503510304115  1.00000000000000000
 -0.00255081164681285  0.00960955507888761  0.01989292016609558  0.03050207759532225
  0.04080656638853216  0.05160924063470240  0.06248768310602326  0.07331106026165916
  0.08403798060523375  0.09454238727553667  0.10562431045783630  0.11630452684574431
  0.12687220342541802  0.13707749021005461  0.14757940402028591  0.15822115724651406
  0.16888412281844151  0.17877776193148978  0.18883182985305028  0.19862943202411443
  0.20932098075959304  0.22028844043462301  0.23116652807889787  0.24166416765122464
  0.25196720753429203  0.26238693846090910  0.27312887035986461  0.28347790173344928
  0.29396725208236046  0.30463191691325314  0.31532926632591812  0.32557149569511273
  0.33614842560035124  0.34678648932399475  0.35735427756428040  0.36768576141273468
  0.37822029825197351  0.38904332683266635  0.39951510731225803  0.40980043737219540
  0.42005106173347467  0.43047845863947953  0.44100897394893435  0.45153484257549026
  0.46215482210338632  0.47288634726106976  0.48357760472829636  0.49432478003156632
  0.50531227209222895  0.51587686085826268  0.52622980131052255  0.53646426584665396
  0.54733429034987857  0.55832551260148811  0.56909860253557465  0.57999655568487685
  0.59028589709795309  0.60061994676335706  0.61076601808479181  0.62078930637931617
  0.63080443962639943  0.64081170697923029  0.65094386661585579  0.66154792386665273
  0.67210258960536984  0.68319955011916478  0.69452398259726678  0.70584395142147938
  0.71668403764341315  0.72743965079910755  0.73838143079909424  0.74948479998392936
  0.76064080417939062  0.77155639584176405  0.78252301985744810  0.79346297439644065
  0.80465527055720287  0.81561082646472294  0.82620618213011299  0.83661646088369468
  0.84734077130438223  0.85766782433797406  0.86787469066667022  0.87771698052903135
  0.88777397706295780  0.89791166721150850  0.90729640327564864  0.91688187634581209
  0.92676024478023411  0.93718771821475810  0.94761703195300639  0.95783770756093234
  0.96855680624636631  0.97950976506673271  0.98957274524080141  1.00000000000000000
 -0.00252688826078852  0.00915896198495384  0.01947863976668175  0.02987598759448395
  0.04046220113992195  0.05039369820316970  0.06004453592793829  0.07051767978345722
  0.08082472885048249  0.09107859843621102  0.10102431600400263  0.11177281637116743
  0.12273264808968126  0.13405493421230885  0.14512061275464000  0.15590598431384620
  0.16642645319360105  0.17709317087510570  0.18800482884205408  0.19878962108709200
  0.20951719730966087  0.22043115066849830  0.23143864960642221  0.24238418779256127
  0.25348552093411209  0.26443272537312068  0.27524579659897380  0.28622312803193800
  0.29779673995041445  0.30904115948485339  0.31985121327888011  0.33023220827433936
  0.34062443065139386  0.35112638603328655  0.36182881008830514  0.37282891512179389
  0.38379559749972519  0.39431100418082521  0.40411981430767063  0.41384770853932867
  0.42403569438952027  0.43408714560976625  0.44421739843273722  0.45446429260814608
  0.46458506404038891  0.47460468884108487  0.48432622881119952  0.49442817721761301
  0.50492273145229560  0.51548859567185823  0.52616863207256970  0.53675481820415660
  0.54719251722238504  0.55744295250942666  0.56754038456595757  0.57805388498078247
  0.58859962454499504  0.59860560462781109  0.60832050373479041  0.61800762351883842
  0.62805753059225922  0.63861874298172627  0.64950566576198887  0.66117567843790770
  0.67247330995982024  0.68411427221290322  0.69529188469903469  0.70632876907966569
  0.71701669181943428  0.72747372524327270  0.73762132739042241  0.74769855084739634
  0.75777226982639201  0.76792768515325049  0.77785312294422615  0.78759420749187581
  0.79744087420487419  0.80767688532193982  0.81842338679601800  0.82941335558659102
  0.84026668335294175  0.85071949163686178  0.86085713197848623  0.87098842384901687
  0.88141532035110248  0.89192452697050328  0.90230743929804025  0.91264698708321623
  0.92311790735450783  0.93456762093044832  0.94558012966397154  0.95642002953031280
  0.96714535986646433  0.97813121593223595  0.98909999397358195  1.00000000000000000
 -0.00232194430018512  0.00879763357605890  0.01916967352522798  0.02910428029545834
  0.03975578224404466  0.05076101801210500  0.06209446651028469  0.07311694614383296
  0.08381553554712573  0.09407836659599218  0.10424824402727226  0.11424504957580303
  0.12452032660054826  0.13498263723123827  0.14546211713444959  0.15570142902003806
  0.16602827812015794  0.17637486030154612  0.18719941588711747  0.19820929324314240
  0.20959391140659284  0.22045548394249509  0.23122954446654989  0.24207314787428180
  0.25285494905381400  0.26344115671505380  0.27377925365083683  0.28439211765212241
  0.29538766157270024  0.30667270737621244  0.31767040424061410  0.32813771498784733
  0.33851353842279691  0.34875533900549471  0.35880659940492243  0.36877724688267022
  0.37905696737378719  0.39018163062219607  0.40152166884575352  0.41211667023918425
  0.42241838756770933  0.43265423946654530  0.44341642930886205  0.45402102645021558
  0.46423853393042402  0.47441613783483261  0.48446001054925369  0.49420594254400796
  0.50364026956581398  0.51377417838691330  0.52461295966070354  0.53558335028178428
  0.54641044191633903  0.55711796642044409  0.56787723158384396  0.57890379059939578
  0.58991835319642760  0.60118240063763784  0.61145670310362998  0.62135557548186326
  0.63118322789342407  0.64121971562555113  0.65139042958601123  0.66170521505600843
  0.67255841428900742  0.68359770764307271  0.69372146650051403  0.70381380015601991
  0.71402808880831103  0.72477095315463635  0.73575344009607357  0.74681820506047336
  0.75823022825372022  0.76965723185017698  0.78078769980191687  0.79216347663143638
  0.80350343323732731  0.81536413722301160  0.82585065399477797  0.83638823594175482
  0.84667794677668795  0.85700386776987858  0.86678484765248798  0.87659687212667647
  0.88711704835995708  0.89809259508330985  0.90922476415362907  0.91965779092243116
  0.92965375179213161  0.93938991189295973  0.94886022797972447  0.95845132980913661
  0.96789212120399271  0.97787064500834064  0.98853632543955672  1.00000000000000000
   4.1422795393532458E-012  -1.0000000000000000     
 T T T T T T T T T T T T T T T T T T T T T T T T T T T T T T T T T T T T T T T T T T T T T T T T
