  0.00174629528807102  0.00367659600137637  0.00579180057612444  0.00789787928940085
  0.00996227999544196  0.01203127751996081  0.01415725647065721  0.01628829350801672
  0.01846064223180048  0.02058604533763833  0.02263256110781638  0.02463597614492758
  0.02671284322844760  0.02888810194909264  0.03104710372338297  0.03324810918832509
  0.03553471109861974  0.03791238497970936  0.04034986963632423  0.04282804885004339
  0.04533014361248737  0.04781436720166847  0.05029424133479869  0.05274791122250300
  0.05522430705829638  0.05781555320453793  0.06053613894914223  0.06335872564009018
  0.06635147894955540  0.06921928995792807  0.07203997765005989  0.07490962716553119
  0.07785793920259428  0.08091919182655230  0.08406609216050004  0.08739414321923825
  0.09079997310399873  0.09421864557946516  0.09774654637052939  0.10143335983175181
  0.10522609718209106  0.10896878030757381  0.11267430653755495  0.11676734525727538
  0.12099655264316540  0.12529112379246710  0.12972214913562180  0.13428851493914307
  0.13911631660351817  0.14415202593413404  0.14948297082644316  0.15513962632722650
  0.16096513821105496  0.16684759996824242  0.17281874976449460  0.17894986301208693
  0.18527463665774052  0.19245053183155236  0.19966660732301145  0.20704202666997276
  0.21461012027937371  0.22240510792122464  0.23044254145330492  0.23852375966465386
  0.24609553239838208  0.25341469460812549  0.26075634402695497  0.26828463846603079
  0.27603260537161201  0.28403623279599932  0.29248186315189956  0.30123211636899561
  0.30973616793808545  0.31808529957323617  0.32628028847721879  0.33436850571322840
  0.34320911782246072  0.35251129550933408  0.36202774772029567  0.37190123992981350
  0.38233559242859955  0.39364766158184383  0.40546990629380608  0.41785378072955898
  0.43095803966135338  0.44529511606448796  0.46143698161391039  0.47940778230209347
  0.49888566266222539  0.52004724305604422  0.54351749745431033  0.57067355070611026
  0.60518059811881897  0.65375327939952210  0.74073248671668090  1.00000000000000000
  0.00249954120035691  0.00630629825621270  0.00915762234378714  0.01263419555339600
  0.01576740252592006  0.01876771580179938  0.02202495697272081  0.02519404159654234
  0.02824691394263407  0.03175059895111004  0.03557124528207269  0.03911069413197379
  0.04279311381093338  0.04665176044896535  0.05088014337012345  0.05535907958022535
  0.06001611437274028  0.06444623855707857  0.06874613594950692  0.07317848656560237
  0.07784781816876493  0.08255935408189290  0.08710001952396193  0.09173521853521270
  0.09669967536003135  0.10176309393240603  0.10685305535751516  0.11209308598170202
  0.11787845936571768  0.12403213942527337  0.13008354667065700  0.13600267505115432
  0.14172226566218568  0.14742524503029064  0.15310625498425998  0.15884772717472267
  0.16486536461861134  0.17105118258496740  0.17762289607000295  0.18465876184669794
  0.19145956327786820  0.19790766217021405  0.20443011800481714  0.21086974869442951
  0.21756014872274332  0.22422716741332874  0.23103975769479393  0.23811563288113960
  0.24522580172971306  0.25252407698297663  0.25994968641717331  0.26751462187784192
  0.27547740110335267  0.28383031515726642  0.29256849497790260  0.30128303878080392
  0.31019521401382272  0.31868189529548768  0.32729492954260053  0.33613661064354716
  0.34523631713510355  0.35461169772935597  0.36406691824084791  0.37408329119813583
  0.38354576403801244  0.39316629170949025  0.40306782443028943  0.41316707752664067
  0.42359725379505420  0.43451307485681917  0.44568820581053531  0.45728347795968027
  0.46904426306153607  0.48073834412433819  0.49294327477719180  0.50487525067697459
  0.51734086385323674  0.53028732184390048  0.54369373137612509  0.55756072781801769
  0.57205578768644172  0.58703428427012783  0.60218215554943266  0.61870112241049680
  0.63490894856587776  0.65192323642086880  0.66956137394645387  0.68818246453408327
  0.70787502619253917  0.72922199611149618  0.75257004203705702  0.77819402551701977
  0.80879276819448509  0.84783685813535725  0.90570626109624186  1.00000000000000000
 -0.00213723837132423  0.00802759450950999  0.01769378001476315  0.02695673767294035
  0.03691217750733466  0.04778158600345172  0.05843930652106849  0.06878732195035120
  0.07907756072086471  0.08932751309180367  0.09995965164765247  0.11096880950581188
  0.12194671914217954  0.13311006867798469  0.14429453975372036  0.15588606081880962
  0.16752211581279619  0.17901492737237348  0.19084523278456689  0.20246331186865588
  0.21353067061828268  0.22364587363334390  0.23376968261954215  0.24388869030761728
  0.25459999893135499  0.26524967705592489  0.27613310115505468  0.28680780749351376
  0.29714255315555899  0.30713868691342533  0.31719245056800227  0.32727077182623293
  0.33764754486719278  0.34835621584958970  0.35918840712584393  0.37000758156749775
  0.38071772568954287  0.39157500941601198  0.40269609908714876  0.41417007264032552
  0.42541747662360696  0.43642984830146236  0.44767241172975003  0.45866636144168171
  0.46868793727293734  0.47880910941363264  0.48902657265627802  0.49931807552690111
  0.50928899575011477  0.51976647738337356  0.53080427014436160  0.54220149663962713
  0.55341868256302718  0.56461630517313877  0.57550365360141509  0.58657113583186848
  0.59768655025543382  0.60866399072125221  0.61892099790544031  0.62884784208487476
  0.63887792076122407  0.64917439917070041  0.65938909906359688  0.66970596101958657
  0.68000034497070272  0.69057609091236083  0.70134896849719264  0.71201767888388712
  0.72278529933476721  0.73341611839943888  0.74391701783558528  0.75419951615635095
  0.76454286377011071  0.77471018472258746  0.78530018113524869  0.79573422709407848
  0.80657518144743690  0.81734050415154869  0.82812302903292212  0.83809032589591126
  0.84756450925508675  0.85719003047999598  0.86736245562025260  0.87818620265715319
  0.88938183892845346  0.90003978928026440  0.91027169223777538  0.92023304728655075
  0.93024390654778377  0.94036767426542789  0.95060430873019053  0.96072412782542738
  0.97079018097752501  0.98033398749113254  0.99015023019956772  1.00000000000000000
 -0.00232155577951622  0.00950465477222383  0.01939970641225126  0.02973774214213436
  0.04028785746404143  0.05108448764434915  0.06141223249791175  0.07204073226670200
  0.08249826306499015  0.09252204460028970  0.10261640126945211  0.11260577554246123
  0.12301450026022387  0.13290999484032129  0.14302971132725131  0.15427493370534298
  0.16584366574711615  0.17730001425074310  0.18828651060621379  0.19841024654425762
  0.20862758504852028  0.21890548450368755  0.22896274609841194  0.23839384310990341
  0.24785096602864579  0.25800533388673119  0.26853261311159543  0.27896262408259498
  0.28947657604636245  0.30063517906832127  0.31195149158847379  0.32352345183672360
  0.33479548787701335  0.34535581803574100  0.35545171753256949  0.36521055557937548
  0.37519339019901610  0.38469319640098854  0.39424515986295106  0.40407768324114335
  0.41466345703068030  0.42528874002854455  0.43560793819814536  0.44600803143891493
  0.45674294789932851  0.46774231237393443  0.47835543230260752  0.48838527395705739
  0.49864839552280094  0.50904563728454255  0.51981228419183012  0.52982087364487895
  0.53933217144444023  0.54884033523142328  0.55890143981910756  0.56949700879740195
  0.57975818830207604  0.58957178388062137  0.59954526615147008  0.61051130614847382
  0.62246517703274362  0.63414606229165149  0.64585490129972745  0.65637008658949825
  0.66721917071351833  0.67751814198286808  0.68802360877530433  0.69797447594835305
  0.70837347250809635  0.71887759357609926  0.72948963453396842  0.73981204543930945
  0.75038129863423175  0.76114350350543736  0.77191631606998412  0.78353584751646155
  0.79503066950135448  0.80614538425622795  0.81685006444960995  0.82784703125229320
  0.83902665605940741  0.84998476838389148  0.86105071196753169  0.87238466151589222
  0.88309731244863421  0.89384475466737012  0.90477375410762106  0.91618142482322751
  0.92732576633956088  0.93805899806368709  0.94830580317433955  0.95832931156655099
  0.96864798176636868  0.97873185012006914  0.98933617716873812  1.00000000000000000
 -0.00221854962884288  0.01068256169571258  0.02075656461732113  0.03091213299409078
  0.04098151900404604  0.05169827899028875  0.06247632154204798  0.07286151223626242
  0.08346700082965924  0.09440798617736394  0.10573641815061648  0.11668728881437913
  0.12744596476641717  0.13847801660491232  0.14935093433741603  0.15967991724297725
  0.17030650356538524  0.18058416698506818  0.19066874064341041  0.20007733482874621
  0.20983637332062735  0.21982864575968164  0.22992099984287848  0.24009827997886662
  0.25060000685605421  0.26188397610069442  0.27339285126981588  0.28482840164738443
  0.29576752980163667  0.30661688287602706  0.31750750029525876  0.32844076319247673
  0.33964750426727552  0.35071938904404237  0.36198227425572255  0.37313617439835939
  0.38422803358128399  0.39562665249978540  0.40673388622708573  0.41711535644548131
  0.42724824560452729  0.43750986538055830  0.44818400052579538  0.45903878927851316
  0.47003235119655945  0.48112006302941868  0.49204065242918210  0.50233747829504960
  0.51260613411127809  0.52311589404237901  0.53430938261682004  0.54497407042143042
  0.55506100075707876  0.56516403976282970  0.57538215129135684  0.58590591714776596
  0.59661092290728501  0.60720683340112114  0.61779293809275682  0.62851552907043651
  0.63969529603645980  0.65065190771914794  0.66098747574777317  0.67083124188963361
  0.68126131183597338  0.69135126598864738  0.70192906654764364  0.71203665988325160
  0.72229847380829704  0.73230894205213315  0.74233127893958228  0.75281870316621236
  0.76343059084633558  0.77387240615754438  0.78398272942400737  0.79373162151817267
  0.80323471928583423  0.81273724683797899  0.82264855640733292  0.83281742459245955
  0.84314468508319473  0.85356424885214610  0.86421040037713182  0.87524130928328925
  0.88617405776980485  0.89705790707699884  0.90704031647762806  0.91701924642403909
  0.92713955344237686  0.93786579542181581  0.94900249916924850  0.95974096929854502
  0.96980682187370593  0.97983106284069099  0.99021612676390136  1.00000000000000000
 -0.00233453320914775  0.00952671871705229  0.01986471926181043  0.03041788510022020
  0.04079981910923621  0.05109480142089791  0.06153340605801269  0.07240199545005711
  0.08353139251036790  0.09446327615114734  0.10513886620574667  0.11579382434821221
  0.12636046951505819  0.13638968811541627  0.14632597574935940  0.15590253215571584
  0.16609999138795123  0.17664813243372893  0.18708087884675095  0.19724035988408786
  0.20747683621819943  0.21795681334723754  0.22816513407725539  0.23798567240971197
  0.24779467425762319  0.25801016740823851  0.26831650610230795  0.27877614307101589
  0.28952504320499761  0.30064806605701061  0.31156344267016256  0.32170445234110745
  0.33194083254848400  0.34201875889544486  0.35192390437402810  0.36156072408436690
  0.37125020573989087  0.38136091308478626  0.39207118184842199  0.40301165959085489
  0.41441782273420824  0.42560816200072077  0.43659955796446809  0.44715828874769675
  0.45747213621701394  0.46803531670523263  0.47892436152485501  0.48971368288462813
  0.50023817946611637  0.51109926284425433  0.52248237363209182  0.53379432509339997
  0.54503383065763544  0.55628622931703919  0.56764221637301404  0.57897583963603405
  0.59040657837807908  0.60199117498750288  0.61332872161802010  0.62388563955393528
  0.63412424565104364  0.64417700070720263  0.65392069862153868  0.66347340319736303
  0.67327289670432156  0.68299935863641181  0.69263611046691509  0.70174356049122144
  0.71098784901469514  0.72072234779074418  0.73096366935330637  0.74191596252400893
  0.75314813767785693  0.76428221601751967  0.77516655730124373  0.78581911666304161
  0.79642588490200861  0.80678040909032855  0.81719803759238163  0.82739194909706126
  0.83754958517136435  0.84804595697364493  0.85878035784692608  0.86972407160672704
  0.88047355072158651  0.89093909404189076  0.90123288803121637  0.91185140184748226
  0.92250830203736867  0.93383127440746716  0.94533974604639692  0.95722548064278212
  0.96858510827707367  0.97930238913025580  0.98966092639369063  1.00000000000000000
 -0.00229915242354309  0.01033248309575133  0.02104832633000270  0.03167943110420350
  0.04247312883687777  0.05369800398890038  0.06498222634345883  0.07607260272810792
  0.08694251106732792  0.09744395748529960  0.10792761286748602  0.11813471990562896
  0.12825029515793740  0.13829807015191475  0.14824393583997997  0.15845058307839355
  0.16960573977626467  0.18055999553923432  0.19178702831162042  0.20174963713338157
  0.21240822094750331  0.22287124116468182  0.23360903561982860  0.24439016223834717
  0.25497801357521271  0.26557035532267892  0.27597066507994211  0.28601780409913025
  0.29604379857553603  0.30637089680619989  0.31721644904463575  0.32803732863171514
  0.33876214024285028  0.34964341841370294  0.36017733385648570  0.37019330068911255
  0.38010166729674605  0.39003385265863144  0.39998152861100073  0.40961949221238303
  0.41949467700731868  0.42941717461069839  0.43951538676189694  0.44924315744215770
  0.45916414663913224  0.46956944178181803  0.48072523984098275  0.49209997971223013
  0.50305930552976907  0.51415217576031791  0.52508671741669011  0.53620331942606592
  0.54731570679941399  0.55801632963219383  0.56892929826358885  0.57942388969859948
  0.59002164340155216  0.60094954986685145  0.61163441731728352  0.62247102053710024
  0.63312971348540181  0.64361687124139622  0.65407918095824324  0.66401169901052126
  0.67419791836056553  0.68454707301486362  0.69519991319018049  0.70622161638679948
  0.71698181195371380  0.72741675293408103  0.73734762572472745  0.74700360134661792
  0.75662525671031733  0.76669223350748250  0.77712940998185143  0.78807869949608100
  0.79900542135268227  0.81042330063562151  0.82158766208071277  0.83218056998120071
  0.84292673821452413  0.85382348310553102  0.86510935729776706  0.87627284599366440
  0.88661698709887304  0.89683732527792415  0.90685245306031714  0.91647708678796092
  0.92650388041236353  0.93608348848914325  0.94667994186757409  0.95717936461727515
  0.96801653332493987  0.97887981525056977  0.98943151893872605  1.00000000000000000
 -0.00230181112089104  0.01070927420106244  0.02193056982308311  0.03226403700021362
  0.04229056867822819  0.05182940118373458  0.06201060834581518  0.07153168601938058
  0.08151967873698175  0.09163104576869370  0.10195541709751449  0.11201371203327716
  0.12204827565938302  0.13292523336882850  0.14416997899149245  0.15585228789484026
  0.16687399729002794  0.17724570222921332  0.18736994144878366  0.19751382819606811
  0.20777776401506687  0.21812510949257338  0.22899844237264380  0.24043733589706157
  0.25152809121805364  0.26228514967804267  0.27356993120583417  0.28540229501770215
  0.29633315158453993  0.30606229347848668  0.31575297750591974  0.32575065785990820
  0.33625648598147606  0.34699193846854948  0.35730939857792027  0.36709287596012402
  0.37681655783046808  0.38694994706465324  0.39743873965315102  0.40782214925633442
  0.41811614428659905  0.42911624021291384  0.43993033211185772  0.45066830110904266
  0.46170545113360734  0.47314336390302475  0.48426561385519706  0.49476261963456769
  0.50510299936697234  0.51527319147717665  0.52535089943941160  0.53550023159309479
  0.54577368642399449  0.55521374915493005  0.56448068686044561  0.57420376052134225
  0.58444493952271892  0.59472479729127092  0.60463335266029439  0.61560000895255862
  0.62626080668419770  0.63635091042943337  0.64592729291977602  0.65551814170070688
  0.66488171375036642  0.67482710452565819  0.68468486340750068  0.69535804511176036
  0.70613988338299594  0.71680567114946148  0.72752978885766995  0.73778825743724019
  0.74844973412393800  0.75897271259940657  0.76999148101309667  0.78103616039679302
  0.79220672296674544  0.80337477165345939  0.81476070544303036  0.82635412985799561
  0.83837873336145652  0.85012123437157305  0.86090668518834224  0.87120023557144954
  0.88142969166633511  0.89165335939613954  0.90160440132422326  0.91146677309446289
  0.92125384844562042  0.93118915081424058  0.94190937036238598  0.95305475897746750
  0.96428191471445779  0.97509259877451526  0.98697872688999222  1.00000000000000000
   1.0383739805905353E-031  -1.0000000000000000     
 T T T T T T T T T T T T T T T T T T T T T T T T T T T T T T T T T T T T T T T T T T T T T T T T
