  0.00191589637845943  0.00194940405028641  0.00199233027964056  0.00203607134684396
  0.00208070462846972  0.00212723843312150  0.00217401955817385  0.00222130850170752
  0.00226849418993248  0.00231542532389455  0.00236297184529566  0.00241204322827669
  0.00246308421486220  0.00251600084239301  0.00257057433462965  0.00262604418649063
  0.00268281869192670  0.00274227080361706  0.00280582053842031  0.00287154946348295
  0.00293902258637457  0.00300542599837772  0.00307289231040506  0.00314176468411386
  0.00321161280193108  0.00328392055525094  0.00335811108219466  0.00343494265019407
  0.00351577133706396  0.00360031576787812  0.00368873910143088  0.00378173307153038
  0.00387869379684805  0.00397919327315411  0.00408307417476376  0.00418920686677478
  0.00429841680211828  0.00441122238386415  0.00452737821299329  0.00465101344098575
  0.00478066226976849  0.00491407384471568  0.00505022698567079  0.00518674683126813
  0.00532587836727917  0.00547480599989005  0.00563499799761284  0.00580171986039361
  0.00597519712425891  0.00615551621460154  0.00634628874845849  0.00654873480045279
  0.00675912527300131  0.00697001039567807  0.00719396398468121  0.00742788294709458
  0.00767721839795619  0.00793483018132723  0.00820292755227668  0.00848789307655643
  0.00878437254641582  0.00910055534120638  0.00943520551943851  0.00978047105569633
  0.01014605777816965  0.01053718448313564  0.01094263306307566  0.01137426660848898
  0.01184085044850592  0.01234531757509528  0.01289478344419110  0.01348718398491965
  0.01412060700290056  0.01482448720909367  0.01560038095853150  0.01642005521776916
  0.01729405536784574  0.01824216651687838  0.01928011574411937  0.02039289528009166
  0.02160856473389913  0.02297900843850395  0.02454839992376643  0.02638422754530272
  0.02854913417751912  0.03109318573422375  0.03424877800518258  0.03842457239750149
  0.04350129164530463  0.04915863032082764  0.05609179017410396  0.06622054905802027
  0.08071914654487934  0.10545220453831071  0.17320688886855506  1.00000000000000000
  0.00458231531782412  0.00535920437410575  0.00619525225959505  0.00701794053953915
  0.00777259732226937  0.00849570724133315  0.00925076290107460  0.01002795885876719
  0.01084722942565569  0.01165806300311189  0.01248083686811636  0.01337055668349811
  0.01433956733789787  0.01536091716863380  0.01641501962244430  0.01752670020711538
  0.01866990021538530  0.01981225563876394  0.02098743597052495  0.02223021973175456
  0.02351947934297633  0.02484914517022674  0.02623937514624175  0.02773173177019190
  0.02928523665058584  0.03090833191007280  0.03259289842884496  0.03439961212378049
  0.03625159937754550  0.03815287226727491  0.04008957306393118  0.04207132374366313
  0.04410916749415104  0.04624931939602165  0.04845510761842067  0.05078696132570975
  0.05309581108227648  0.05545361419619803  0.05794236165800519  0.06053869906895727
  0.06325527638886566  0.06611685224336070  0.06913503308956274  0.07220513018796448
  0.07533513698809886  0.07862384172093950  0.08205167160380472  0.08554342995093188
  0.08913213972496017  0.09281680225081505  0.09653691367469792  0.10038657027006130
  0.10442879659407087  0.10870873570468099  0.11310550585075430  0.11770712899322958
  0.12242094418887435  0.12726121421038208  0.13235568076266091  0.13770716725044987
  0.14328398856545807  0.14926656795789303  0.15555979457327609  0.16217206498084230
  0.16901602124852072  0.17583810177220291  0.18310838059112222  0.19049430868483253
  0.19832502849743811  0.20649318401230035  0.21537873776208763  0.22493919690399136
  0.23487159462034421  0.24494450315377628  0.25550040627519627  0.26664430401919065
  0.27863928941562527  0.29154243888056613  0.30535529090059998  0.32059065577413975
  0.33720785151817934  0.35513162129441461  0.37391252124607122  0.39392100933926877
  0.41589099487240389  0.43961607224234600  0.46512645100603522  0.49286213081093899
  0.52308045755647137  0.55674825342656353  0.59349191423648806  0.63626727908484415
  0.68591791118100631  0.74950255226435325  0.84702956135941643  1.00000000000000000
 -0.00264891591954500  0.00945032361031781  0.02019838429020030  0.03143068802923375
  0.04265888127289606  0.05391365594470868  0.06489358549620068  0.07563887245661537
  0.08637058103843077  0.09715178905839328  0.10790282030985418  0.11857854218638637
  0.12862793145017928  0.13857975208475548  0.14871558074894836  0.15918476741616003
  0.16972954284963260  0.18021988573688325  0.19086283235314644  0.20155023552636486
  0.21213098345389356  0.22289218309273068  0.23386728300110340  0.24509636468051790
  0.25629755717231745  0.26721714952770914  0.27794364777481528  0.28862991692382839
  0.29941201242435189  0.31014865520356633  0.32083237113206597  0.33158679439869826
  0.34234226614438235  0.35302073938784650  0.36368137096626935  0.37431193126760554
  0.38488297570024071  0.39514690810462960  0.40507421842256097  0.41515410993608837
  0.42597488952801726  0.43723025012042488  0.44812814805863754  0.45860225332621701
  0.46905227822020029  0.47946237427124228  0.48963178494016718  0.49957125798747642
  0.50974900956690705  0.52025379176909270  0.53098579848901628  0.54171622556475230
  0.55249144982470044  0.56346639707252488  0.57454392371717722  0.58553611448599285
  0.59637178667005142  0.60715028929752191  0.61790474947765894  0.62845200388507105
  0.63861185967449041  0.64859724568162391  0.65865596061426990  0.66896105427671804
  0.67960478506086108  0.69043756998833250  0.70092019420666896  0.71096010373908547
  0.72086765400316399  0.73098562908008191  0.74156498459635878  0.75224958949791443
  0.76324682474676597  0.77439368205572123  0.78571299870105649  0.79693607573758007
  0.80764414894958092  0.81791971049399725  0.82823863598905612  0.83858996856679968
  0.84943945809564125  0.85996016111944906  0.87004294897260448  0.87971307733043647
  0.88924475142389825  0.89890961804225056  0.90853309811865568  0.91856007990311306
  0.92861527767493612  0.93892848526757966  0.94920896985839753  0.95925651809570289
  0.96924360359589123  0.97913732176409773  0.98938582896416583  1.00000000000000000
 -0.00251832108452405  0.00966207517457154  0.02057820919655957  0.03183376090270885
  0.04262058330042611  0.05314446805850008  0.06383593642597575  0.07457420584209724
  0.08551780379995554  0.09666998101103166  0.10804226365675072  0.11928127100790853
  0.13062899016623497  0.14181746123554451  0.15286387232284410  0.16362571514124194
  0.17425406842318100  0.18474662133891978  0.19517064417216151  0.20561817672659446
  0.21644559293459142  0.22721647787860061  0.23764353430384230  0.24791036902042532
  0.25817539409185952  0.26851017431730578  0.27888222523022788  0.28923423864254133
  0.29966021478701865  0.31004341128586960  0.32060671406538221  0.33125045243916207
  0.34166573030181147  0.35155975111477533  0.36115195661220340  0.37086544574359631
  0.38109597873386436  0.39166031256945510  0.40205638825554030  0.41240674206756606
  0.42296800360756492  0.43332693276068718  0.44352823853147244  0.45348484395852218
  0.46382440486602960  0.47414721192293896  0.48431750991601508  0.49440506234696296
  0.50505605565631173  0.51570472408546131  0.52648244672457845  0.53690579912704328
  0.54714021730612961  0.55780579221438475  0.56811947217837266  0.57832677682529576
  0.58843613320758514  0.59870576095519346  0.60949328734860020  0.61968229674435049
  0.62989739243220466  0.63995521326269444  0.65049455180587190  0.66156878236941541
  0.67252463940558260  0.68311643556199175  0.69342966649042004  0.70389747156162485
  0.71424440728820993  0.72451101930258710  0.73471272336414395  0.74546973789371862
  0.75612788753950400  0.76655795325932807  0.77696575139598734  0.78737590209812713
  0.79799789021935552  0.80807249526895386  0.81836890029044296  0.82894223364541852
  0.83940116726338576  0.84999705343838494  0.86067598568396941  0.87179882096935368
  0.88254259569449034  0.89288757159537979  0.90329118937289288  0.91404617453669423
  0.92490618651861489  0.93580506774122030  0.94679488547733803  0.95730906348975697
  0.96777842297477046  0.97822396952846069  0.98926697987289069  1.00000000000000000
 -0.00252396792938699  0.00981304577088014  0.02015327502125318  0.03007254044525401
  0.04023379378204260  0.05012158306864036  0.06063828173017956  0.07122811173289027
  0.08167561209794545  0.09192096120023513  0.10239648508171552  0.11367864069108112
  0.12546523032504392  0.13691522262413824  0.14796343958079525  0.15886710193553236
  0.16928918222042832  0.17947196867836945  0.18929289289687062  0.19941589853271238
  0.20980373236399810  0.22034741539429761  0.23121843803652822  0.24220782564510740
  0.25329475001675600  0.26424036053944205  0.27490705282400701  0.28557380563062662
  0.29626763085285063  0.30711765876153174  0.31802379479277360  0.32874155495248802
  0.33985064884336896  0.35099211820101561  0.36201851539259056  0.37256500970017170
  0.38272632135404994  0.39270655066768623  0.40242852069440849  0.41226324883036103
  0.42224121026312833  0.43215063995562303  0.44230992008997028  0.45240441509702872
  0.46287703730016844  0.47334230080364209  0.48395697829354545  0.49461551858549424
  0.50529533716533126  0.51585032401733433  0.52652183730075441  0.53707317130996013
  0.54773810676202062  0.55823711481774396  0.56882033397580589  0.57947142061878254
  0.59022763354309793  0.60079961511380908  0.61134693343451729  0.62196173246453190
  0.63291236843207355  0.64389998063490239  0.65490936118500798  0.66583661933629801
  0.67687522720317150  0.68764416774489379  0.69820428098385567  0.70861248725952897
  0.71858695712743592  0.72828570117535341  0.73810346002691640  0.74808561386058026
  0.75837727501626839  0.76869265845820622  0.77926871072464476  0.79001150859894376
  0.80020534411170696  0.81011461149258157  0.81991164753016077  0.83015374814102871
  0.84026752784827841  0.85046183560698363  0.86053392987174004  0.87087911203372037
  0.88148728735776161  0.89238254976035825  0.90315808040725565  0.91372997261849431
  0.92419752623951112  0.93458807500297181  0.94511585634533923  0.95574224602217273
  0.96650176623374917  0.97770590451545103  0.98900029614032337  1.00000000000000000
 -0.00238873740224978  0.00959834137871591  0.01939999093991231  0.02894146135223880
  0.03849475775379663  0.04825581003919897  0.05811131164696550  0.06830629001833828
  0.07832273901006745  0.08884394827646146  0.09951657917917578  0.11024777970379460
  0.12115669764871935  0.13208739062417291  0.14340348757785135  0.15427943527952609
  0.16484950978885443  0.17568295103835038  0.18666824883703667  0.19778769041589520
  0.20846267269693103  0.21919249593828982  0.22977873271014826  0.24021470077619139
  0.25049625034509365  0.26110350023598972  0.27216045690993429  0.28306559267388803
  0.29367097487357741  0.30400985923717733  0.31451616521326436  0.32489829619577593
  0.33550324632848194  0.34624679019680665  0.35713913393154467  0.36802280351559025
  0.37900780742830004  0.38997136558373297  0.40094119607608614  0.41187295896572068
  0.42291740578770892  0.43385900907546726  0.44464191568435674  0.45530259885946645
  0.46598252512651223  0.47671710107500148  0.48735355651046280  0.49807428141655946
  0.50885828549427570  0.51985601123523784  0.53047673141663121  0.54086481419855115
  0.55130437955206268  0.56188999470235124  0.57228488147647449  0.58254546878131719
  0.59275172802514531  0.60279852916870857  0.61267555805239637  0.62295181719787751
  0.63362994348493917  0.64472493697383770  0.65513868165698208  0.66580692769184402
  0.67675464138821173  0.68773485267412748  0.69820331886183562  0.70848360327200854
  0.71858122370614375  0.72833893890124823  0.73789792387261832  0.74752904105324336
  0.75732406401247698  0.76727828539574783  0.77754449737254450  0.78820577605954290
  0.79895695579260484  0.80962898856176013  0.82038949414024298  0.83110230877382207
  0.84150076603133417  0.85162234005945125  0.86157633311157489  0.87194039719356220
  0.88265428243468669  0.89346679626761882  0.90372811672784659  0.91418433823026779
  0.92485869499026241  0.93605565571810878  0.94709785152809400  0.95786748735029048
  0.96888310283749857  0.97927846215361047  0.98971238354209268  1.00000000000000000
 -0.00247167994117908  0.00949680250918002  0.01985013632266549  0.03113216791851999
  0.04209311403550352  0.05273527795805834  0.06270959637696974  0.07313126560904186
  0.08378621813115410  0.09504732306185393  0.10620639071777099  0.11688092728486525
  0.12736395432798678  0.13754836566761428  0.14797913769649965  0.15840829110425475
  0.16903612478293259  0.17928585434195474  0.18937434548339624  0.19905322038347442
  0.20856034171288160  0.21844489746865181  0.22858589926134953  0.23901382957152445
  0.24942822084973909  0.26007036513814780  0.27092243827167167  0.28155632447033963
  0.29249236194569411  0.30265569519493618  0.31292935347745110  0.32268452403487990
  0.33234133071369776  0.34238157129976454  0.35247291876386244  0.36282942661485074
  0.37321375033074433  0.38393147810732775  0.39533033243548577  0.40636328869861404
  0.41779865784352482  0.42905077449004497  0.44011998948894976  0.45056565847739982
  0.46082902206293458  0.47164848142814375  0.48212906318377086  0.49249556792064852
  0.50254351323010005  0.51273879976414649  0.52303847454829544  0.53323801161032836
  0.54344144411347828  0.55377006844332466  0.56411041598229772  0.57473577096142514
  0.58536553151912052  0.59621713457088987  0.60683801405597337  0.61746463567598353
  0.62810805906263334  0.63876475903370999  0.64938320608371491  0.66019751540785954
  0.67102168126683404  0.68151099186431574  0.69130719901453241  0.70112999636280315
  0.71121009901546584  0.72156387233179742  0.73185835199449634  0.74217466746648519
  0.75265395735525065  0.76336306426537670  0.77406383885058050  0.78454166825999994
  0.79511973096286526  0.80546342046509667  0.81574961878902796  0.82595229812020410
  0.83653171271553517  0.84759170886623980  0.85862765253394469  0.86949688356082655
  0.88020799743635303  0.89070649044164718  0.90166953824003959  0.91272911203019391
  0.92404190978589562  0.93510341760428561  0.94610233496071949  0.95689823665288221
  0.96740956413926660  0.97785245056941772  0.98874417556468341  1.00000000000000000
 -0.00245830114595030  0.00962582615258869  0.02013215720389674  0.03048527298968005
  0.04096826268787919  0.05123506618231916  0.06171307649533965  0.07174015977663828
  0.08199879541606581  0.09234793864765596  0.10226286713625055  0.11247259412216258
  0.12274397387995731  0.13389788902450636  0.14473945167558444  0.15565533322500325
  0.16643623096838533  0.17686088433957134  0.18744365406516730  0.19801036203365119
  0.20845542306464113  0.21853817853604168  0.22845178676131558  0.23829606710484472
  0.24826788034419003  0.25854200608448141  0.26909536926157757  0.27965185330358272
  0.29037987031716017  0.30123632275976830  0.31225826511057475  0.32317200551445330
  0.33383992252787947  0.34433049867962312  0.35464218730611430  0.36521188026866930
  0.37598810996908272  0.38692691556115066  0.39772459902155005  0.40841511347586873
  0.41895404370763351  0.42948256051138961  0.44004628855238814  0.45068296592000429
  0.46115504525619910  0.47140081891272168  0.48163680160475225  0.49197926967122257
  0.50211260218017428  0.51226842246660498  0.52223942119692546  0.53224690855486156
  0.54207188288988550  0.55208689250381426  0.56235808776235574  0.57262418214511479
  0.58279111805869310  0.59308333162675275  0.60359013644902171  0.61455452986857007
  0.62555934085157749  0.63670204399324581  0.64817891491317758  0.65959233827558605
  0.67049613488692894  0.68123165743032965  0.69194199062510364  0.70273307333452228
  0.71316283273887604  0.72341492979652755  0.73383613677584880  0.74413844217146929
  0.75465870956945891  0.76533034399016275  0.77627770621276426  0.78700330442764499
  0.79731824068278556  0.80730005293870089  0.81739950369954972  0.82788344761619748
  0.83853066085762884  0.84949094451888085  0.86009393693787362  0.87076028747314238
  0.88102508238558519  0.89136141318658579  0.90189619075169014  0.91258726900726717
  0.92322309723033136  0.93381664656336871  0.94471291058108919  0.95595344263880899
  0.96732140616008089  0.97860950052477980  0.98943367389185688  1.00000000000000000
   4.3608440602290998E-012  -1.0000000000000000     
 T T T T T T T T T T T T T T T T T T T T T T T T T T T T T T T T T T T T T T T T T T T T T T T T F F F F F F F F F F F F F F F F F F F F F F F F F F F F F F F F F F F F F F F F F F F F F F F F
  <DiscreteSampler_grid>
  grouped_processes
  1 # 1 for a reference and 2 for a running grid.
  10 # Attribute 'min_bin_probing_points' of the grid.
  1 # Attribute 'grid_mode' of the grid. 1=='default',2=='initialization'
  0.0000000000000000 # Attribute 'small_contrib_threshold' of the grid.
  0.5000000000000000 # Attribute 'damping_power' of the grid.
 # binID   n_entries weight   weight_sqr   abs_weight
    10   10   1.673629095075123E+005   2.638179477302179E+011   1.673629095075123E+005
    16   10   1.240334445053944E+005   1.434873160356060E+011   1.240334445053944E+005
    22   10   1.240334445053944E+005   1.434873160356060E+011   1.240334445053944E+005
    28   10   1.673629095075123E+005   2.638179477302179E+011   1.673629095075123E+005
    34   10   1.673629095075123E+005   2.638179477302182E+011   1.673629095075123E+005
    40   10   1.240334445053944E+005   1.434873160356060E+011   1.240334445053944E+005
    46   10   1.673629095075123E+005   2.638179477302182E+011   1.673629095075123E+005
    52   10   1.240334445053944E+005   1.434873160356060E+011   1.240334445053944E+005
  </DiscreteSampler_grid>
