  0.00191524213809649  0.00195282980861652  0.00199712110079328  0.00203818800787480
  0.00207717205372801  0.00211568381605291  0.00215404589285427  0.00219275007486692
  0.00223314165463860  0.00227683840734442  0.00232333630102019  0.00237190592641702
  0.00242252178045561  0.00247444251700055  0.00252645601547823  0.00257903243312775
  0.00263419427503506  0.00269204477886314  0.00274853235557164  0.00281282747821816
  0.00287794750206430  0.00294613919434344  0.00301781383880010  0.00309089956600137
  0.00316305954243823  0.00323829701115410  0.00331821542637642  0.00339928270182148
  0.00348123338349000  0.00356674299821926  0.00365550254621231  0.00374859336746039
  0.00385078338618467  0.00395335897268969  0.00405651919426961  0.00415920662334346
  0.00426493785647377  0.00437693461080923  0.00449384879298034  0.00461662855370541
  0.00474594021196862  0.00487705806817765  0.00501049943004433  0.00515046262071069
  0.00529518578866836  0.00544679822982978  0.00560376332475915  0.00575607868048668
  0.00591856135324033  0.00608188945578522  0.00625568563809663  0.00645802611554476
  0.00666354263403741  0.00688650621896616  0.00712387099050287  0.00737145227127821
  0.00762937287033508  0.00790570270968179  0.00819616542604631  0.00850136718434854
  0.00881525860932369  0.00913833731931601  0.00947958363027981  0.00984769391618722
  0.01024584462743030  0.01066004973029502  0.01110079419086636  0.01156880083633709
  0.01205586368582144  0.01257792793308421  0.01316427369533143  0.01379913057941821
  0.01448240537750947  0.01521029813052033  0.01599018555730195  0.01683026306282687
  0.01773931253205675  0.01871167876740286  0.01976501081396942  0.02090516053264811
  0.02222906434927724  0.02377189139329292  0.02546016942503602  0.02729376138116471
  0.02934738392412084  0.03175125115864955  0.03470792195784373  0.03863186027750494
  0.04375551778633439  0.04966153247290825  0.05663382702485206  0.06630686413197526
  0.08114725890518619  0.10617941005747214  0.18464225499094611  1.00000000000000000
  0.00200170211693650  0.00368773331964668  0.00473730679275798  0.00566565552455592
  0.00663888336720934  0.00765227849772341  0.00860734509688794  0.00955959002849501
  0.01053758389668166  0.01157119061749387  0.01267147822896572  0.01381849804882713
  0.01499637343302825  0.01619334735766279  0.01741286082372690  0.01865921430505049
  0.01994689409011019  0.02132200873485827  0.02274005375877208  0.02423622229176801
  0.02583254521980984  0.02748545394292445  0.02915789914435795  0.03093199163580190
  0.03281575157298653  0.03476885997912551  0.03672892130297046  0.03875027688689690
  0.04081772911557961  0.04289848611452423  0.04512222631969089  0.04748580850529827
  0.04992953602235695  0.05240372244523692  0.05492864424176401  0.05759759568354717
  0.06038274053933161  0.06326204590039386  0.06620580524921632  0.06925140218819681
  0.07244292830989540  0.07575619981701495  0.07912381895899083  0.08255807753367320
  0.08613186183806917  0.08987919996593924  0.09376546240971328  0.09776407899857112
  0.10187060072162679  0.10597661319959253  0.10997945093043936  0.11408369239612301
  0.11860018424637821  0.12352605314961262  0.12863414569180304  0.13397709154277049
  0.13945258729081095  0.14508414822572757  0.15112705659468775  0.15747369593532007
  0.16400792358873750  0.17065207272535454  0.17753606108837572  0.18465117076206147
  0.19194833265644848  0.19938433554321552  0.20697802334737705  0.21483538199811936
  0.22293739108599506  0.23143898975338920  0.24038641943834546  0.24989085080061749
  0.25970032637875407  0.27022780068773039  0.28148485617294638  0.29346804270335258
  0.30610112398340705  0.31959315597800880  0.33441784119254320  0.34989136309252961
  0.36559549925293222  0.38230006003409250  0.39980363988033135  0.41870373467106226
  0.43929316695932535  0.46152766462844524  0.48525049733052361  0.51071721310557461
  0.53899037625697066  0.57113094458240077  0.60699206803819838  0.64755751352816204
  0.69508532970065851  0.75328792901935560  0.84222139472060187  1.00000000000000000
 -0.00214021830762398  0.00903465474095133  0.01927299147855125  0.02964715497347596
  0.04020413820689392  0.05112649527706854  0.06167492638682544  0.07176824197173534
  0.08190234483965429  0.09259363342268161  0.10372714403853799  0.11463371233826400
  0.12524207199818718  0.13635684400880732  0.14716151845229705  0.15774547988508220
  0.16810244116072487  0.17875144756001840  0.18952699127523934  0.20054022838015309
  0.21133423602486323  0.22241147811125200  0.23309495780909384  0.24407797327430275
  0.25480240814679395  0.26540518489613896  0.27585164410958207  0.28647175418484039
  0.29710848132824164  0.30819201915762445  0.31949975233079192  0.33087611242797776
  0.34165085992619004  0.35192161832702473  0.36234245090415035  0.37253267598736456
  0.38289576747519916  0.39320194837675998  0.40322328400188578  0.41368966281391367
  0.42410043960296906  0.43489622967457725  0.44532106852609354  0.45559429517282157
  0.46589490517456122  0.47634566192424277  0.48662405200009368  0.49699279450099904
  0.50749643745675899  0.51806986164583524  0.52876654211085361  0.53887227403691451
  0.54887808082576695  0.55847616101647790  0.56847021844500500  0.57922441167921035
  0.59079182566790256  0.60228428606392759  0.61349013108206640  0.62372720737162302
  0.63421257533829600  0.64492069531862495  0.65624781138144417  0.66711528919080765
  0.67742729683257519  0.68757229306312539  0.69759664593459336  0.70803579601505584
  0.71866343592731219  0.72938629865249449  0.74006244572306035  0.75077503875887397
  0.76175333618804753  0.77211290646682840  0.78234247607092244  0.79254405407814577
  0.80304860723352078  0.81275810204660992  0.82224915490275763  0.83166607338843623
  0.84173222112095969  0.85194469266572936  0.86260634182462093  0.87350271893748643
  0.88431456009082066  0.89454657706283669  0.90476011670651502  0.91499432594435981
  0.92540338205135686  0.93557096408856533  0.94581206385660155  0.95612484105477258
  0.96692732356067801  0.97785591740982369  0.98909031174876616  1.00000000000000000
 -0.00261544395411744  0.00975303716287807  0.02055471890298592  0.03101393387500561
  0.04128998916112267  0.05128631372170738  0.06147171672544446  0.07178793006106933
  0.08230412031586530  0.09294900684414249  0.10340598889367325  0.11393209460035979
  0.12424485001515728  0.13512208888032964  0.14596179928080497  0.15674532015364342
  0.16736651391794563  0.17853773171306134  0.18927920680083021  0.19968202380327923
  0.20971999930930707  0.22011350682719896  0.23046036241436291  0.24081575806119396
  0.25077760727580334  0.26093503232849474  0.27128479666948596  0.28209044620426721
  0.29271541353567582  0.30325314490972333  0.31403139737574565  0.32489665338372059
  0.33530597103640658  0.34562181552976567  0.35550946502111030  0.36589184688689574
  0.37644096219384443  0.38744403545758638  0.39816597481461724  0.40877924232998297
  0.41903023756238894  0.42885794406350009  0.43888037709327871  0.44904575412439612
  0.45983984417812035  0.47042008293793813  0.48087819924395964  0.49088978583044512
  0.50108061249520597  0.51174653708153994  0.52260714623489746  0.53355674903983308
  0.54437241218244570  0.55517509171410018  0.56579579052500473  0.57616223821485701
  0.58610951393189725  0.59580264810498018  0.60580648502370560  0.61647149622776543
  0.62774595047005921  0.63904858562771183  0.65020144432505966  0.66077849827511326
  0.67147691740161342  0.68211785659812008  0.69294153060618358  0.70370377151852181
  0.71465644825752828  0.72613912472945386  0.73743472681625410  0.74879303426306232
  0.75995194167156011  0.77120475100219954  0.78188150565743653  0.79238032000864733
  0.80251444964932395  0.81253022988012547  0.82259837261482016  0.83253405524719037
  0.84267153776278170  0.85252305097346970  0.86298623399631402  0.87337542333981044
  0.88419970646731227  0.89488590669608670  0.90599515536217190  0.91691398478134034
  0.92807108184597709  0.93895138375818488  0.94911477058966642  0.95903290927999929
  0.96895943458871758  0.97949271620223088  0.98976822451418456  1.00000000000000000
 -0.00241994116906209  0.00934005120741160  0.01951097957436388  0.03117780085086767
  0.04193553909167738  0.05194053734208022  0.06198019660439321  0.07250193834115534
  0.08302716356187399  0.09340647767194618  0.10369635812051467  0.11428005755337518
  0.12484355538765042  0.13520935590036492  0.14567143116667478  0.15636374358052235
  0.16746226033246830  0.17843824769797470  0.18916817227867308  0.19968544036618460
  0.21034586555557014  0.22115705852503503  0.23206142770481680  0.24285046736293175
  0.25342808744797790  0.26411542386135162  0.27461095329711949  0.28505601471055608
  0.29524317446199300  0.30544922830039889  0.31584349856110994  0.32628642851285727
  0.33681717413367823  0.34732424461179573  0.35768127801591154  0.36777842953431011
  0.37770570083701294  0.38757029239927410  0.39749816850715008  0.40751199276742506
  0.41767949099729867  0.42802218932761554  0.43819572472790164  0.44824902127506383
  0.45833889618748708  0.46875762448265146  0.47959277887149271  0.49065019015545475
  0.50170853141208682  0.51277361790303988  0.52412101816901624  0.53568182474922854
  0.54685986558525734  0.55745830509407024  0.56790211577451422  0.57842957947793094
  0.58912853421559275  0.59952506727195487  0.61007977173457195  0.62082210199362620
  0.63150467351236084  0.64194315552368686  0.65246157516724135  0.66327213047751699
  0.67382804023955190  0.68409865957506066  0.69486320230652276  0.70637593034824120
  0.71782209893383209  0.72881494285955639  0.73919141785167986  0.74930927940254066
  0.75932500215902821  0.76952717013772420  0.77988329945889334  0.79019254641518499
  0.80039507517035124  0.81078422208428080  0.82160860170187433  0.83256919365671411
  0.84312402336476466  0.85336476211754053  0.86347503856209562  0.87394808610946062
  0.88450562495474450  0.89510562003204974  0.90544211726239276  0.91539305286502926
  0.92545335658805028  0.93557741032686925  0.94641514691819650  0.95721675673891382
  0.96819280026784316  0.97881558511668265  0.98944467499632627  1.00000000000000000
 -0.00210367845769737  0.00857382216017714  0.01796917682702772  0.02844648348278801
  0.03893833532177750  0.05037808219805982  0.06126901412312159  0.07197315228004920
  0.08242101303699512  0.09284657465732095  0.10343632683878323  0.11363926267930789
  0.12391967942274251  0.13354557471614453  0.14305193621291987  0.15307871096585754
  0.16343275895962656  0.17394110741707527  0.18435040664643279  0.19491694250808955
  0.20513750820128288  0.21506250699294469  0.22462747516869122  0.23477566096584090
  0.24541946702709411  0.25658122801303507  0.26782985894198774  0.27898236004588800
  0.28963079859470298  0.29953751329693273  0.30921700896805271  0.31910701980802048
  0.32937707788434784  0.34019394358201493  0.35114596775148466  0.36202372268317001
  0.37292503548453249  0.38353243942952536  0.39381120426225885  0.40379890630912818
  0.41407179318255199  0.42478631035094538  0.43581819340115913  0.44673059906250712
  0.45779122613548012  0.46847326187633315  0.47913050332958890  0.48997263078435505
  0.50107243924954448  0.51235967721384268  0.52292685500958813  0.53367336431884926
  0.54389190425620082  0.55463386504849632  0.56481684794457887  0.57549364084493548
  0.58604828853582280  0.59643417742264304  0.60686772255732546  0.61722125919933712
  0.62756844145634272  0.63810859621544225  0.64878059924900944  0.65988010075231174
  0.67148472710598228  0.68229025133647314  0.69307060650686503  0.70343731036879020
  0.71405930422369224  0.72471246089520402  0.73577457188022433  0.74662605685445715
  0.75719384142870549  0.76749770014495433  0.77780266835955147  0.78820703897906552
  0.79822711852076300  0.80826102965715929  0.81843079280373099  0.82897155206853435
  0.83948174894515559  0.85003593465609761  0.86097771905388465  0.87222042435236580
  0.88358594144801272  0.89484646976626681  0.90590742055739648  0.91695343030028986
  0.92807367057675261  0.93919603842227262  0.94982931019493344  0.95995058005453548
  0.96973584525971912  0.97976681172213786  0.98955343029960874  1.00000000000000000
 -0.00245868567718805  0.00961505605260163  0.01975640693245784  0.02997827884402410
  0.04036258578583317  0.05114117862117797  0.06218949347727408  0.07311907555894030
  0.08395045247569453  0.09447387809534288  0.10497545194347425  0.11564760139093890
  0.12615164176915808  0.13682507448629697  0.14741451476491341  0.15825478188080916
  0.16916372797749912  0.17996003120827106  0.19108873760439529  0.20192835190772052
  0.21248857893368772  0.22294717521024543  0.23338678421788148  0.24393324331444091
  0.25420381050093982  0.26453221858258713  0.27494177078254450  0.28526475400326029
  0.29555369048931679  0.30579893234890543  0.31608954707258996  0.32632588796404571
  0.33645801855065832  0.34652383880715998  0.35656778204988226  0.36687824469427893
  0.37748138740152987  0.38812701099942459  0.39869800292370516  0.40904823618863800
  0.41916637439624582  0.42923225308986074  0.43950489162529954  0.45016843333709022
  0.46087432618134111  0.47146607835603338  0.48203954414922046  0.49274332960827388
  0.50369052979198381  0.51461810204932434  0.52538543426519302  0.53623307731412206
  0.54730604997782872  0.55876835883469900  0.57015177470907719  0.58105558870155294
  0.59146267355657489  0.60158623308622194  0.61200356951195978  0.62277905180984705
  0.63386116061858011  0.64496154386754401  0.65580006464022256  0.66621858674212997
  0.67627105531086806  0.68656898243877262  0.69688571807989030  0.70689664254517437
  0.71669900960825494  0.72664481102054213  0.73691997973648105  0.74692157474791421
  0.75679152392654536  0.76687352186586244  0.77723795451059396  0.78759663593990659
  0.79790281224625237  0.80839091072630009  0.81916194191921454  0.82981085867304605
  0.84012861431345065  0.85045025598475432  0.86117873281248092  0.87164153463964400
  0.88215541743955850  0.89278743461576549  0.90370486844153985  0.91425255409528960
  0.92458870553404460  0.93492461972102248  0.94571814587817637  0.95695931308905668
  0.96799495524273238  0.97883316508603879  0.98928819560325054  1.00000000000000000
 -0.00220990824182271  0.00847895832312075  0.01841580978737820  0.02852737858986009
  0.03890933016286482  0.04923346418826396  0.05961051400450977  0.07024643942766423
  0.08074718488680471  0.09113449547777611  0.10127151980098947  0.11165858616582761
  0.12190303116891435  0.13273935505658133  0.14327529605880876  0.15427999473813148
  0.16468210800861963  0.17517142554252638  0.18583288401605055  0.19611863997982809
  0.20629646449504058  0.21628319611527633  0.22611509368639374  0.23590754724192273
  0.24574523990012020  0.25593529328650239  0.26693559674882422  0.27767837136214735
  0.28868703041949839  0.29920299504296138  0.30935384968122903  0.31944526562985764
  0.32967314636175532  0.34019262604130684  0.35046815871341708  0.36057774124983577
  0.37059146184747005  0.38081156089271351  0.39130646099153193  0.40181076376804181
  0.41214249262034924  0.42248121496405872  0.43307453745005503  0.44380057222619917
  0.45460449181738910  0.46532425680881034  0.47642455411462770  0.48759427153763302
  0.49855208966565229  0.50917757919336926  0.51961669809158040  0.52987999739222658
  0.54062398125381572  0.55129120386405639  0.56228179074763984  0.57326777134043772
  0.58421258953699318  0.59534314145680567  0.60594827825131414  0.61658559655228717
  0.62732767783047849  0.63809486534187543  0.64882306629258046  0.65937534769835549
  0.67022885244062980  0.68066767767935177  0.69124399031603778  0.70167248661309989
  0.71242951552488587  0.72297471801787605  0.73367206361148196  0.74414965254318366
  0.75455447586544755  0.76476851365585041  0.77513288229255006  0.78573050250651955
  0.79658858070166938  0.80757016102597501  0.81873258766241241  0.82993085292049118
  0.84107917137547517  0.85185684254099370  0.86257993746745376  0.87342228868087368
  0.88430652047858693  0.89504973842386992  0.90566216388394249  0.91609827597745730
  0.92624843743738461  0.93632905162199254  0.94694698685323264  0.95695883382471980
  0.96754468929489634  0.97768745183603356  0.98896846912394243  1.00000000000000000
   4.1262280601000933E-012  -1.0000000000000000     
 T T T T T T T T T T T T T T T T T T T T T T T T T T T T T T T T T T T T T T T T T T T T T T T T F F F F F F F F F F F F F F F F F F F F F F F F F F F F F F F F F F F F F F F F F F F F F F F F
  <DiscreteSampler_grid>
  grouped_processes
  1 # 1 for a reference and 2 for a running grid.
  10 # Attribute 'min_bin_probing_points' of the grid.
  1 # Attribute 'grid_mode' of the grid. 1=='default',2=='initialization'
  0.0000000000000000 # Attribute 'small_contrib_threshold' of the grid.
  0.5000000000000000 # Attribute 'damping_power' of the grid.
 # binID   n_entries weight   weight_sqr   abs_weight
    10   10   2.483705941675926E+005   4.058733828399581E+011   2.483705941675926E+005
    16   10   2.488484640651979E+005   4.067633516067990E+011   2.488484640651979E+005
  </DiscreteSampler_grid>
