  0.00191676394237418  0.00194698486387518  0.00198552869157005  0.00202444095074930
  0.00206305977406869  0.00210325833491528  0.00214438744288332  0.00218522271882345
  0.00222602049521745  0.00226759174681843  0.00231039890336793  0.00235487367507945
  0.00240163658873453  0.00245185466263252  0.00250430535408076  0.00255435038834370
  0.00261046391147230  0.00266690712497197  0.00272552210221989  0.00278653337342508
  0.00285032617835706  0.00291698734728532  0.00298520361027351  0.00305475433305037
  0.00312735819573697  0.00320363638748784  0.00328272572160996  0.00336397708579791
  0.00344755706198497  0.00353710802532758  0.00362803282379768  0.00371790201285954
  0.00381380408849811  0.00391525420676970  0.00402160889356889  0.00413314265912864
  0.00424518903089844  0.00436160240908429  0.00448436584856858  0.00461133581563238
  0.00474180013240761  0.00487593647728143  0.00501516909941002  0.00516055006734375
  0.00531335903423871  0.00547574137325566  0.00563927780276702  0.00580853716072914
  0.00598519530074459  0.00617077453813669  0.00637079194784791  0.00657036224159299
  0.00677405722739446  0.00698605306484703  0.00720702787064855  0.00744134575353221
  0.00769408744292334  0.00796905469078964  0.00826351841072663  0.00857461499453455
  0.00889860566634896  0.00924246889706863  0.00960351308979057  0.00997957643780234
  0.01037183425874848  0.01079329725008546  0.01124549709747074  0.01172650461412028
  0.01223834473127912  0.01279928668519405  0.01339714463490737  0.01401847577365891
  0.01467625153198067  0.01538986806938628  0.01617973282295267  0.01703807750175346
  0.01796850270603885  0.01899659164901202  0.02015828584097557  0.02146502610380412
  0.02289665244142441  0.02446715990964802  0.02619748186641614  0.02813055990687813
  0.03034543529145808  0.03297080445143120  0.03613286007379243  0.04005767521188767
  0.04478400780428570  0.05028192937072296  0.05710651018491970  0.06663192289145285
  0.08101918732817402  0.10560146122924313  0.18079485908985571  1.00000000000000000
  0.00180596136246122  0.00360657792637314  0.00461056044429802  0.00551228543041287
  0.00646502269000768  0.00743282784475567  0.00841304257385829  0.00943123262168174
  0.01043987662371790  0.01145076427230549  0.01251220503190902  0.01362574811609358
  0.01477212390813800  0.01600142666992129  0.01727240847659248  0.01857150704696166
  0.01991081391903103  0.02130740696736759  0.02276521879828221  0.02425972330216258
  0.02578390338465867  0.02735026618426154  0.02896157663367711  0.03062357227816603
  0.03236886802315146  0.03416885135963913  0.03600754656098802  0.03795356177636251
  0.03997773704703558  0.04218947287452891  0.04448314214800142  0.04682328372413572
  0.04924473663798925  0.05176611713118294  0.05435308298627585  0.05697123025121215
  0.05961564908080298  0.06235970416721022  0.06523050049710459  0.06825971514850407
  0.07145125430729574  0.07478481367748023  0.07827096349733129  0.08189449074793771
  0.08558228830000499  0.08933175813746280  0.09317750138098457  0.09723598119961573
  0.10141352643876916  0.10571606398570707  0.11013586974903951  0.11470236926562906
  0.11951470145147132  0.12456629138062759  0.12966930067976024  0.13471112534711915
  0.13980478143106526  0.14520197702214824  0.15110100493452253  0.15689805563281270
  0.16303887983520318  0.16974649104561892  0.17707923047584562  0.18464106150033122
  0.19239546169529598  0.20011390979284233  0.20813100049442568  0.21637273604562143
  0.22502910746616758  0.23448540055451544  0.24455994034120981  0.25519739727869051
  0.26562298633393444  0.27600056309779403  0.28682592163136034  0.29815149676883712
  0.31001581937479739  0.32244030789527783  0.33542093913944893  0.34927909429755261
  0.36475893907263834  0.38140419466302511  0.40018710846258326  0.41914841728593832
  0.43905129137517068  0.46022257663561772  0.48289181717622370  0.50769895153553457
  0.53531609735307029  0.56596539071385732  0.60031015785094455  0.63993004317080815
  0.68634704017285142  0.74662826992315534  0.83841249290839881  1.00000000000000000
 -0.00240792678661924  0.00908573784835824  0.01945573045507268  0.03058648991910707
  0.04190812248173704  0.05292012279372787  0.06365163559913370  0.07462138099660497
  0.08555508826728397  0.09639484536841758  0.10711124755702345  0.11794374238530217
  0.12861358964402819  0.13893246692453423  0.14911900497801292  0.15930735440175650
  0.16964566458371580  0.18010418737078976  0.19068836559844698  0.20106544192327364
  0.21139213921165451  0.22167939453467450  0.23206076311453794  0.24275723216942741
  0.25380920246727173  0.26509242154451057  0.27659664396778905  0.28819377487278247
  0.29956942810279796  0.31054785876709179  0.32117005895066619  0.33165505107704257
  0.34203684604458495  0.35236112500586253  0.36285305719349570  0.37337626365524146
  0.38368014001790496  0.39381618672556173  0.40406641373258284  0.41423161818216425
  0.42392546733853897  0.43362245307975944  0.44370556135770806  0.45415355871912244
  0.46442699045031938  0.47459294234359750  0.48487529793294110  0.49524636181135950
  0.50583849655163804  0.51650611418889358  0.52734355527038346  0.53831980087338749
  0.54907693391884027  0.55951593531722887  0.56982049899286669  0.58031550197687143
  0.59063436759481469  0.60075440345677833  0.61093234333749391  0.62159843176843266
  0.63184944574708679  0.64216925237520528  0.65269476474421595  0.66340488615584814
  0.67418123102132954  0.68457022067924767  0.69544084874379786  0.70659074504211883
  0.71808467785685726  0.72942143306945340  0.74035479580029451  0.75085757214415083
  0.76133597254341190  0.77142324672537133  0.78119182778977558  0.79081369085155373
  0.80133391437123325  0.81213224712803478  0.82257255245073391  0.83305741255119525
  0.84393563545378625  0.85487263315932960  0.86536007436298235  0.87589462756709591
  0.88662154667375748  0.89711139023071784  0.90743455259690842  0.91757773462232251
  0.92800817578304284  0.93822516934956635  0.94856091829293032  0.95893185183812424
  0.96966597777217256  0.98016738981571150  0.99020117592000678  1.00000000000000000
 -0.00231376749922872  0.00917499521745010  0.01914104124766563  0.03023574812132865
  0.04123859037549654  0.05215257037271493  0.06278074937450462  0.07406982132453663
  0.08540106471096064  0.09615119858374958  0.10683623120652666  0.11740239306520101
  0.12812362561675789  0.13898094156964394  0.14988642752758355  0.16095989770104238
  0.17210859875223111  0.18330162554043569  0.19438127111455400  0.20536993181634863
  0.21653442806708628  0.22780063758120581  0.23880847907663835  0.24942335486582284
  0.25986016184053334  0.27035329543598741  0.28103061973570226  0.29188351344471442
  0.30252826970402319  0.31278009178623145  0.32237617505935823  0.33171377540374575
  0.34113011242485608  0.35079426301272376  0.36063356216660342  0.37066087529401609
  0.38065976862659096  0.39027415855895736  0.39965312643424983  0.40906645467477265
  0.41900211244419749  0.42915643422318384  0.43961815550970929  0.44995570491375508
  0.46052433055812531  0.47126786617668348  0.48215740035749577  0.49270268108468884
  0.50281621165904078  0.51268996946421652  0.52290300196107442  0.53318461878420254
  0.54359845299848930  0.55371590580961683  0.56399865010613370  0.57477745894901966
  0.58592514692484599  0.59662454249641805  0.60694896817849442  0.61675470720528192
  0.62698967704526998  0.63754329212222427  0.64847068685563303  0.65925468809053966
  0.66992411193513479  0.68053513299045920  0.69107092181865526  0.70154655201692773
  0.71184737840011392  0.72186619810145403  0.73193052578263706  0.74222590594869831
  0.75296279353392193  0.76398021275343542  0.77515330451350961  0.78635311899672566
  0.79734666317694813  0.80806982907033553  0.81888140932219022  0.82986754791815676
  0.84078290167843783  0.85132729246355954  0.86171169667808101  0.87233920700540180
  0.88309868507136413  0.89406981718693868  0.90472081747994171  0.91519192343102662
  0.92565898864617890  0.93620614146634040  0.94698382891101640  0.95720255095378415
  0.96768846497892758  0.97847939885052404  0.98936277578642717  1.00000000000000000
 -0.00255564214246382  0.00978517872537890  0.02081435244346585  0.03192618696440933
  0.04273888484142756  0.05280679424217116  0.06320025223829226  0.07384209957080169
  0.08443930430132325  0.09515592376566720  0.10591998717260938  0.11652580824635324
  0.12649403032760553  0.13605735958059292  0.14554718252728652  0.15495136203458829
  0.16448236557023777  0.17421888914815889  0.18453830455075185  0.19473879687435175
  0.20486347177493530  0.21502189264888913  0.22565811710085645  0.23687380455018758
  0.24832112298217510  0.25988268513339485  0.27169153119491934  0.28320845138862288
  0.29426853197544289  0.30510071777488112  0.31624752404890033  0.32745246501194925
  0.33853419762903775  0.34910497012743730  0.35943830941235116  0.36977934701857568
  0.38034946452284607  0.39079998799319665  0.40099317053853756  0.41108200005350093
  0.42124377969379107  0.43188611062136617  0.44289693682966846  0.45372792546305851
  0.46434301518165488  0.47499912286583612  0.48582286792960649  0.49639488781663371
  0.50695107067985390  0.51737040004004031  0.52775761762924578  0.53831740649168447
  0.54879379075851009  0.55902057016358686  0.56881366314594994  0.57868579969001599
  0.58886565898009746  0.59904123044434288  0.60903197381529095  0.61914725222873712
  0.62967813732251277  0.64052819859484023  0.65092789705397058  0.66099926334412140
  0.67093980926836949  0.68083469030456278  0.69056701725754588  0.70079875972509975
  0.71149949982346183  0.72178993753708931  0.73211869179099687  0.74235752657318177
  0.75286120503316234  0.76342092021766195  0.77391982304783336  0.78451926904436564
  0.79543036147117152  0.80669908760060560  0.81780566129773780  0.82841301543841550
  0.83881382409830862  0.84920665159414566  0.86012216732095359  0.87129628410648385
  0.88198143425250941  0.89212832736972913  0.90249760699932269  0.91362159429955991
  0.92532429650343684  0.93663607114783010  0.94760386144800846  0.95826187435760690
  0.96823218242637943  0.97873410356810508  0.98917923034973243  1.00000000000000000
 -0.00235148871362684  0.00917389273314739  0.01926307988199208  0.02968589443698524
  0.04033072163988605  0.05114635519726374  0.06208506719047827  0.07258698910003497
  0.08260786002544104  0.09244564670052599  0.10292397709188847  0.11377502626901247
  0.12460157858093153  0.13525469987008928  0.14609589427846559  0.15695346231955101
  0.16779714735072093  0.17844552052427734  0.18907531584140436  0.19986727190944822
  0.21077443982998176  0.22185028049003794  0.23275645026512101  0.24380491810943253
  0.25494864344147267  0.26591123274348683  0.27675470317407519  0.28729840659167349
  0.29780182146160511  0.30807937467391566  0.31859469462861889  0.32931978893538721
  0.34011139019707320  0.35070935740664239  0.36123907608207179  0.37170492899016855
  0.38207106374607391  0.39251036826204155  0.40283417456126608  0.41313240096278520
  0.42355012293857691  0.43386052799838204  0.44421219728807232  0.45456031013059750
  0.46546140626623655  0.47653355839079864  0.48712134644772681  0.49707015918194941
  0.50712532665392396  0.51721861756597998  0.52750386683375194  0.53785785055394653
  0.54861790789714227  0.55942447794457784  0.56983360067383437  0.58012221063048142
  0.59061147949416093  0.60113856704718627  0.61177262544269961  0.62251884235980148
  0.63315038837719106  0.64370662240368837  0.65435433955432853  0.66486320342187832
  0.67548407091699414  0.68592974718788702  0.69675830112812487  0.70765758877708529
  0.71776569694350334  0.72779771431476570  0.73778509163680916  0.74811449507978633
  0.75828753060581811  0.76848022002576921  0.77884627204047707  0.78928428393782801
  0.79940874201343648  0.80948493898775309  0.81961155540283881  0.82985746618954082
  0.84005958578142526  0.85021526639999723  0.86067178497886909  0.87076487323824980
  0.88112783166613540  0.89170331359805988  0.90263267217174481  0.91402395430662375
  0.92580485262789203  0.93727659360753945  0.94764391578058571  0.95775157651981857
  0.96831901650383956  0.97944520230814880  0.98973772116294823  1.00000000000000000
 -0.00236860651406268  0.00917367351786037  0.01976055560299445  0.03007117130761397
  0.04045368410835823  0.05087828172707991  0.06164055163688460  0.07214514900502772
  0.08207766047241277  0.09225326062151805  0.10257996519308277  0.11342673482045272
  0.12441155124908648  0.13552557274041185  0.14662296100667871  0.15730908740949778
  0.16745816576792102  0.17715234831561302  0.18678160972854818  0.19644369911732124
  0.20645243677928399  0.21661818132894545  0.22667125183218906  0.23706634824973633
  0.24741412191102868  0.25821206145775605  0.26841076585015233  0.27895295872402448
  0.28985789610467805  0.30119929994716688  0.31238637733927127  0.32338947644468624
  0.33422638563035367  0.34531250465111774  0.35593729787357198  0.36640143657821284
  0.37688526416302370  0.38756539306539139  0.39824194583548506  0.40853147624215924
  0.41880137344513813  0.42933976193448409  0.44020537651207375  0.45071046088703237
  0.46102073870244342  0.47101848119940853  0.48114569961615983  0.49113894577822159
  0.50148481094930653  0.51210876773317138  0.52269461873889222  0.53334231890374095
  0.54404574384824433  0.55514781394298285  0.56615815582234463  0.57703974245935852
  0.58778735039085839  0.59849910702957954  0.60884887739347782  0.61942369896189531
  0.62915019138046657  0.63908662641968539  0.64887164882670811  0.65927610510797663
  0.66914012922448785  0.67912651750788233  0.68947593596678858  0.70071453398563344
  0.71161967222331224  0.72234798440207504  0.73316496516146690  0.74434791587762184
  0.75561899546996325  0.76687415994047980  0.77768451583974996  0.78811865472944009
  0.79816512975889298  0.80861076177534996  0.81886396022907182  0.82929697090847276
  0.83941289389259277  0.84939095473527382  0.85931625214557805  0.86960270636546289
  0.88061650092696464  0.89205092453256718  0.90311218064320664  0.91391154497809379
  0.92417722692453486  0.93475494570541140  0.94552023333128066  0.95661276554128083
  0.96730157751908186  0.97814360967778913  0.98906206628287785  1.00000000000000000
 -0.00218928810389112  0.00856184270907564  0.01827236110079842  0.02817343584296083
  0.03871254504476546  0.04950180243269320  0.06048497119971115  0.07105813389953311
  0.08151515808475911  0.09164991954517011  0.10227895943031311  0.11362999851874396
  0.12462809556503146  0.13528213459840616  0.14566630554056190  0.15630733812926409
  0.16666355722759479  0.17717839534838689  0.18804793442219866  0.19948960067456570
  0.21127431333483546  0.22252804804106852  0.23400609313270304  0.24523177693735648
  0.25627696237307179  0.26668781008950770  0.27719986088664794  0.28776053684589520
  0.29862057025082395  0.30928489755378696  0.32010589584943483  0.33085185875566059
  0.34188281995136094  0.35265730942384382  0.36327799957519935  0.37344246389415925
  0.38365491449095052  0.39403623146394734  0.40462491412745016  0.41529678195928887
  0.42601608463702811  0.43681401865232283  0.44740479280266132  0.45736296663747666
  0.46712956607794970  0.47742712700067391  0.48842979174607404  0.49899776755761260
  0.50996139137336471  0.52083093017994664  0.53047126057409955  0.54006241654878628
  0.54973545495697551  0.55975105805488712  0.56957896627867510  0.57939841358120980
  0.58955490757996853  0.59993047061306648  0.60995109564371097  0.62052001813212809
  0.63131333891138974  0.64211725309008871  0.65232393095203567  0.66250654241828988
  0.67260905087945599  0.68268848997365039  0.69283629550233905  0.70300223308662491
  0.71291020426236407  0.72279776157482778  0.73280886751100616  0.74331986284716711
  0.75410959839629088  0.76501672943177079  0.77572100948759914  0.78627554462879889
  0.79690095398699012  0.80770673857484998  0.81821342813967302  0.82881320041091333
  0.83942388082844466  0.85022002704779409  0.86086323656422836  0.87129050809791553
  0.88152471120544396  0.89224726905325646  0.90335345029116410  0.91445654602607851
  0.92496513767492394  0.93523893508459621  0.94562559042245709  0.95583739935092749
  0.96643043299989595  0.97674190535628058  0.98817942668852321  1.00000000000000000
   2.0903656575631616E-012  -1.0000000000000000     
 T T T T T T T T T T T T T T T T T T T T T T T T T T T T T T T T T T T T T T T T T T T T T T T T
