  0.00191603079089569  0.00194867712827945  0.00199003381892653  0.00202995851442658
  0.00206938591598303  0.00211037535833058  0.00215247433311666  0.00219510265911595
  0.00223899633816619  0.00228215075432777  0.00232720342686617  0.00237336403667817
  0.00242179043966419  0.00247479082834608  0.00253065431505039  0.00258825295013292
  0.00264603627842169  0.00270495384419975  0.00276615830836930  0.00283029409211422
  0.00289676112517195  0.00296318967452157  0.00302875991950674  0.00309544038905045
  0.00316373991657510  0.00323441544635472  0.00330930765748995  0.00338722759896131
  0.00346955618855229  0.00355575686384251  0.00364252567371738  0.00373608070909267
  0.00383599411325584  0.00393823796784099  0.00404101090728424  0.00414738895998542
  0.00425809174032746  0.00437783751039988  0.00450341553438615  0.00463086591705849
  0.00476687494099736  0.00490303381806364  0.00504684030490410  0.00519280517350330
  0.00534447781074942  0.00550210655928905  0.00566653438519482  0.00583575731614759
  0.00601032147524554  0.00619766224530554  0.00639022758532810  0.00659635170549877
  0.00680939858509318  0.00702774522477958  0.00725979619824739  0.00750420450519014
  0.00775940203073251  0.00802466174564428  0.00830277764694976  0.00860159801689962
  0.00892653469612401  0.00927245547386804  0.00963153637195195  0.01000136947297836
  0.01039462806331406  0.01082276446748276  0.01127562403369104  0.01175424769627148
  0.01225671807852648  0.01277727940359573  0.01332988663063353  0.01394830267177575
  0.01463813887315402  0.01539332470576665  0.01619498105762389  0.01704796458764014
  0.01796152507378646  0.01898018375249886  0.02010643701822377  0.02137144205886492
  0.02279439681642039  0.02442138495400563  0.02623922175352288  0.02823032416419569
  0.03049742681916014  0.03314393686609051  0.03627451180403431  0.03993940430008388
  0.04437895808664903  0.04997274655479458  0.05698959992666165  0.06676861986894450
  0.08116994802460181  0.10554715988728118  0.18748034625199633  1.00000000000000000
  0.00187041199068736  0.00361515151223712  0.00460291108082656  0.00554934648694017
  0.00646274400768938  0.00739697239921285  0.00834758942258366  0.00930895924314714
  0.01027937470021478  0.01128818324768120  0.01234075657759167  0.01343212331304336
  0.01455890464028551  0.01575285447554966  0.01700794788098555  0.01836852089793424
  0.01976986471425231  0.02117214157268113  0.02259597447347407  0.02404798187336290
  0.02557968944549151  0.02717024837688551  0.02885117201251951  0.03061349818438189
  0.03243975155834326  0.03432932470162844  0.03623269450680193  0.03812530878688851
  0.04007122511178512  0.04210683527918702  0.04426165205248527  0.04655181170183971
  0.04894224978779539  0.05138344977248818  0.05390485053585504  0.05653845012934124
  0.05925515980930526  0.06204156987636972  0.06488387888491699  0.06785517973425427
  0.07099952708951711  0.07431262170236277  0.07773179187131167  0.08129190308304102
  0.08496982046883859  0.08868774988116164  0.09235495737086978  0.09632573758178355
  0.10035202978372254  0.10442949094365697  0.10872555731899733  0.11331266807071055
  0.11802744254472609  0.12282270549713963  0.12772516058867758  0.13289893522438584
  0.13856045178371670  0.14461201960149406  0.15070306694002428  0.15676575642900539
  0.16291796148057483  0.16931977878641041  0.17594446208920014  0.18260918357806080
  0.18945652532391413  0.19650966967951011  0.20423359958814338  0.21238326094585480
  0.22104728035438775  0.23053650312158960  0.24039281631765155  0.25075020219677585
  0.26167095613088187  0.27303481116791939  0.28485103480631391  0.29728065866446080
  0.31038960215000005  0.32354178366365588  0.33700773021926628  0.35146038789902156
  0.36660113050635157  0.38269540160472931  0.39973462498594792  0.41802678227022050
  0.43729658645882236  0.45790739649814033  0.48094924010314444  0.50576172434371880
  0.53383718527032986  0.56543476849018581  0.60033714028020246  0.64065463426168689
  0.68839365776797989  0.74779374307551960  0.84057586705269816  1.00000000000000000
 -0.00240021360283605  0.00947364524030863  0.01955299890169393  0.03026329753442909
  0.04027698096275256  0.05132493612703070  0.06164851285419951  0.07182428226959225
  0.08188902782449210  0.09228184332366332  0.10233077077580131  0.11190321962733456
  0.12191923604770730  0.13253645468670580  0.14359310215101462  0.15445980396517514
  0.16547513217421284  0.17663647045090133  0.18767960050280494  0.19837391269064381
  0.20896519199598837  0.22001981956665287  0.23109132138634292  0.24202868415896162
  0.25276265066728015  0.26338748131018885  0.27426795307520874  0.28512831651991744
  0.29605736222943702  0.30675112693719114  0.31722314747269631  0.32771177722825234
  0.33780907109068420  0.34776699715549880  0.35796253832560804  0.36861032971179331
  0.37972934575527906  0.39108290075074181  0.40222799174722179  0.41315893034763640
  0.42387726072871301  0.43447883457364511  0.44508164876780548  0.45589786701111090
  0.46699667659429694  0.47833250132597394  0.48911124317435473  0.49912606084354083
  0.50858747352519695  0.51826226558828903  0.52851991362509454  0.53851816417485787
  0.54855785817950731  0.55850912602349412  0.56861617613096016  0.57862934760387008
  0.58890010937306625  0.59928204581276323  0.60967895730447008  0.61990807046782015
  0.63032305994823168  0.64095427395022453  0.65174679465398966  0.66264737738046775
  0.67333578827558227  0.68388693081915608  0.69433810518909311  0.70477462785948042
  0.71499285933297696  0.72519964491462152  0.73558448679340527  0.74608712720239956
  0.75712983857896343  0.76760627763087519  0.77786959328999428  0.78819590603024170
  0.79891337263652107  0.80990275328830852  0.82072589397767748  0.83140167407968901
  0.84151383816567360  0.85124281348844477  0.86080733637059181  0.87029670418397664
  0.87985232141106851  0.88983333842871082  0.90050221047411916  0.91201895329797966
  0.92358718279603014  0.93476651000236544  0.94609844158462542  0.95725068974142824
  0.96842091806478225  0.97904526939120262  0.98956752996011532  1.00000000000000000
 -0.00236705271721399  0.00902478633220015  0.01862585094411750  0.02906739287882594
  0.03958795037726901  0.05075057547848146  0.06193442896189180  0.07267853967174626
  0.08317376735116301  0.09314117413593373  0.10327282060178049  0.11369129056843749
  0.12448070479596861  0.13525443544583290  0.14574282072606015  0.15623931364618829
  0.16693226883697601  0.17786846293040107  0.18875363067252088  0.19961055957466575
  0.21043086570242020  0.22107818048344866  0.23161815840135921  0.24222626197685429
  0.25277666420394213  0.26342647677712361  0.27421959164379400  0.28509245260121813
  0.29583796838008841  0.30594071850826438  0.31611772299310537  0.32596270039990771
  0.33603024874821613  0.34605158970288280  0.35600445042850321  0.36582681792690042
  0.37576850328035999  0.38642056446007178  0.39736774069037989  0.40812703427153146
  0.41886282608748615  0.42968712246482216  0.44055464880801709  0.45147254847934531
  0.46218844129561804  0.47264813943878403  0.48263062625237207  0.49272847490232485
  0.50318025884216411  0.51414650224029990  0.52523461979658703  0.53650071502209540
  0.54746239696510313  0.55825666107587479  0.56854137289983575  0.57853060216712426
  0.58842676813914752  0.59844616275877360  0.60856089532646407  0.61864076714344074
  0.62869895321329927  0.63931450210503449  0.65005796886807121  0.66117089792129224
  0.67179710720303643  0.68243417254713212  0.69332382670816406  0.70404241913355914
  0.71461236131634132  0.72480320303048418  0.73517998433684317  0.74560683135396089
  0.75610606199862651  0.76646411074921206  0.77669138005755967  0.78688820812760318
  0.79753214418686191  0.80820275808060293  0.81829752610813711  0.82828858941159211
  0.83865052232187665  0.84966825552941860  0.86040811615710311  0.87085598695606881
  0.88134439637200124  0.89198708087495437  0.90224129180898194  0.91261214253650291
  0.92310552008155000  0.93418669360865370  0.94550995979454433  0.95676511176954504
  0.96749248899388396  0.97814538210958846  0.98876122671803868  1.00000000000000000
 -0.00254062264900077  0.00980247476703193  0.02026821724530432  0.03122668179686805
  0.04236628922713492  0.05319199738814684  0.06380461184239004  0.07337390184198750
  0.08373820859680491  0.09399253371969815  0.10511682322704921  0.11597163119815747
  0.12681236425353909  0.13789109132130883  0.14855522772940491  0.15934524378499312
  0.17000812481181696  0.18064271905052903  0.19163255368826565  0.20279158440592110
  0.21398698325228885  0.22487172979850464  0.23576900943589169  0.24651002953302781
  0.25723602567373299  0.26802930974545092  0.27885479375731903  0.28933932018989028
  0.29952222219422836  0.30979942421684092  0.32015593171527046  0.33046232603448172
  0.34072307624193837  0.35093846998930528  0.36151114181009614  0.37180124381966595
  0.38239909418467083  0.39298022959805412  0.40361987959766504  0.41394385155770524
  0.42405346295251922  0.43398964012441144  0.44390338891893666  0.45405760966371084
  0.46415462937242880  0.47397326098141734  0.48409413184992844  0.49453616366284514
  0.50499168470253830  0.51524556989204373  0.52571173363842005  0.53647514393554818
  0.54713087438091201  0.55758300450137621  0.56793240924096755  0.57807412219941989
  0.58837957160577625  0.59869613718842696  0.60901803780430031  0.61933517064190391
  0.62994729605323596  0.64084471698048417  0.65177523178075680  0.66250761297352212
  0.67265183859347832  0.68247661364710266  0.69231749324950498  0.70271287387806469
  0.71334193273129531  0.72383869776434473  0.73468951323376108  0.74566663566089963
  0.75688879728850311  0.76794938252209732  0.77913906353916274  0.79017716350255185
  0.80089018043578319  0.81132862585150123  0.82164277226277582  0.83215721967332623
  0.84234659956929947  0.85239059399706318  0.86266672393349131  0.87305351274987208
  0.88380714972815011  0.89399066124933102  0.90431550475520295  0.91505215106568161
  0.92570682571128227  0.93608331743896611  0.94666891212164572  0.95732445534251320
  0.96870668452204078  0.97987935710424301  0.99028420365049707  1.00000000000000000
 -0.00251696321572300  0.00991573938330239  0.02004638960977494  0.03015944195470119
  0.04036377085707552  0.05121612977082299  0.06233130287162784  0.07301907766374376
  0.08332872182407915  0.09355150690707383  0.10376119707068281  0.11378961340388304
  0.12418814290233664  0.13469734563002253  0.14515425893150036  0.15567442452149671
  0.16637143054220285  0.17718436959199346  0.18782223669833981  0.19778716929805668
  0.20757981963055477  0.21722238000791327  0.22716722470195491  0.23766994857031043
  0.24830601371070013  0.25886790790546066  0.26926931314028490  0.27946846244138840
  0.28978105015970951  0.29998628740529065  0.31010170603189458  0.32035662923415553
  0.33057104817395055  0.34061965483841600  0.35080358136265405  0.36112568225163783
  0.37211880702130185  0.38308188050800857  0.39368860149529855  0.40408949194683347
  0.41432817041761560  0.42500186329524392  0.43517245947080607  0.44522038414318960
  0.45500614891670377  0.46549441553856780  0.47644042306215684  0.48746703215508130
  0.49847811462504005  0.50900326358649195  0.51950975344480432  0.52968399491831542
  0.54019129782792508  0.55079706669221684  0.56161962954161293  0.57237484521467463
  0.58342831701819220  0.59419743878853193  0.60499468477762819  0.61555051237161607
  0.62607039906280970  0.63643907652986043  0.64688007083831445  0.65749830409556631
  0.66796485286479501  0.67812211809790734  0.68824412178861594  0.69835097868099261
  0.70858119905800931  0.71893872033374484  0.72947127648857324  0.74049667104088090
  0.75146480045059028  0.76236917164027718  0.77309141083624577  0.78386619351621412
  0.79461786912593524  0.80538283504862562  0.81603401877850523  0.82676882086208037
  0.83751700031224607  0.84805734499590979  0.85830061431724336  0.86884621840375653
  0.87968242396967156  0.89101168388243313  0.90217757209163840  0.91376254640161714
  0.92456078443584866  0.93568590629930903  0.94654557752052815  0.95740096546509423
  0.96792614560234536  0.97873655501192036  0.98953677707810328  1.00000000000000000
 -0.00214135409354346  0.00874756416245347  0.01912394982338297  0.02981192976669814
  0.04055571326815786  0.05150247954181582  0.06224109982673539  0.07299844366267946
  0.08367225334246101  0.09398936871365647  0.10408751843654936  0.11446948900718155
  0.12483236176657583  0.13541711383970914  0.14606978512971930  0.15704507459094541
  0.16758121989338354  0.17773311686234219  0.18763216012353556  0.19784336117879686
  0.20805067957073448  0.21846648223814524  0.22895392951111898  0.23972775105244465
  0.25040882227536498  0.26101842788616331  0.27133576419899619  0.28180742168119499
  0.29247405401581772  0.30343454115698620  0.31428829168016281  0.32497760347232574
  0.33586375193934720  0.34672638607967032  0.35757850234149308  0.36780914519967578
  0.37824532378076853  0.38827817755276811  0.39851188964715933  0.40872100292762581
  0.41883620828305179  0.42861242702921321  0.43818574503694607  0.44815510806258452
  0.45857029199852012  0.46913857979242285  0.47954808199935861  0.48989206001647057
  0.50018582636424713  0.51040867904907805  0.52042561495063022  0.53066961456183803
  0.54115446126665878  0.55195808320712403  0.56246835679951590  0.57283540377855136
  0.58327325836173838  0.59401111843341126  0.60469535881509762  0.61514766596315185
  0.62575624101878113  0.63660475005519268  0.64731442888080504  0.65759396662032732
  0.66781498023687935  0.67841741445511961  0.68954297289666555  0.70050896667462992
  0.71111855395463108  0.72171286561249204  0.73228612927349535  0.74303577419593336
  0.75352107758499220  0.76367817472064425  0.77338134566247374  0.78340420675390499
  0.79353641775831441  0.80414886003748565  0.81486793507467548  0.82587890265122144
  0.83676853169450804  0.84768754904114652  0.85876404956337138  0.87016056869901814
  0.88110328714597619  0.89185123351445317  0.90257303442949166  0.91323627992522405
  0.92395232500398483  0.93488830114021360  0.94622279597472869  0.95736648252471079
  0.96814859962237121  0.97848759162246068  0.98931558658536356  1.00000000000000000
 -0.00240664567828748  0.00932834490813885  0.01958362854826019  0.03026106305287968
  0.04097617401968264  0.05177120416163134  0.06221098994399369  0.07276422566667849
  0.08331433201860336  0.09387084335594598  0.10435064358227701  0.11496720878490733
  0.12534069636692274  0.13571211947335257  0.14621074838274589  0.15684151170027849
  0.16694399939437574  0.17673907314918219  0.18686183328319270  0.19742477092755586
  0.20828199778806913  0.21829916948468245  0.22829995282392643  0.23816736618309264
  0.24871454909943780  0.25968534259422693  0.27033494857801021  0.28111679867023986
  0.29167879260178259  0.30197400483738668  0.31184421002855128  0.32170897425873940
  0.33204307291266738  0.34221384325511478  0.35256788607116857  0.36306580583251125
  0.37394346316159716  0.38499331169125039  0.39612622555003674  0.40753484343748603
  0.41879773381924779  0.42940406385435481  0.43969884845426371  0.44998961861945269
  0.46075957038210147  0.47155449143368222  0.48238901693600922  0.49333507413035660
  0.50427540175551921  0.51507857050221006  0.52591233096150036  0.53698011010076341
  0.54805704935883881  0.55912551018797496  0.56952445043016964  0.57959502624023018
  0.58957001650564733  0.59990203890710003  0.61062707011902084  0.62135945749764054
  0.63206838715158409  0.64266133470722853  0.65303518735442512  0.66312367402178773
  0.67329873155737174  0.68349010829608603  0.69401107385915650  0.70464800919591530
  0.71542034696245327  0.72593854966356686  0.73613609399182867  0.74613307851668409
  0.75621044567216777  0.76652015817595631  0.77715024919476960  0.78808865630286773
  0.79894135800737709  0.80975259077163486  0.82021963629424588  0.83081543580968176
  0.84168825715191153  0.85217517126739062  0.86228149048746239  0.87224902652824088
  0.88291776061513194  0.89369575590091666  0.90370107444816017  0.91364968494102905
  0.92440056111938362  0.93571237616460301  0.94663343437600667  0.95692649177947431
  0.96787246293070184  0.97884813494705269  0.98956313371620408  1.00000000000000000
   4.2378492479135336E-012  -1.0000000000000000     
 T T T T T F T T T F F T T T T T T T T T T F F T T F F T T T T T T T T T T F F T T T F T T T T T F F F F F F F F F F F F F F F F F F F F F F F F F F F F F F F F F F F F F F F F F F F F F F F F
  <DiscreteSampler_grid>
  grouped_processes
  1 # 1 for a reference and 2 for a running grid.
  10 # Attribute 'min_bin_probing_points' of the grid.
  1 # Attribute 'grid_mode' of the grid. 1=='default',2=='initialization'
  0.0000000000000000 # Attribute 'small_contrib_threshold' of the grid.
  0.5000000000000000 # Attribute 'damping_power' of the grid.
 # binID   n_entries weight   weight_sqr   abs_weight
    10   10   3.166295525666253E+005   8.598311503140289E+011   3.166295525666253E+005
    16   10   3.167191494532371E+005   8.598092796117804E+011   3.167191494532371E+005
  </DiscreteSampler_grid>
