 -0.00236698866324219  0.00904912709645741  0.01898835440559261  0.02894324853686255
  0.03911539278122006  0.04952687193057234  0.06030820484275712  0.07095202797754627
  0.08131389989988126  0.09171609772891749  0.10236423407280920  0.11325378021468657
  0.12423710194612962  0.13465644244468503  0.14527911029225532  0.15590290757824163
  0.16669494531476478  0.17746142460927308  0.18825672246497419  0.19920800868300220
  0.21007266001760730  0.22083239937292487  0.23170711354184559  0.24228055043183716
  0.25294773937773235  0.26337755331398843  0.27390713306602221  0.28435028780423532
  0.29484860999298657  0.30546156725622081  0.31604143080517327  0.32669575349176405
  0.33731214232206275  0.34789816727869033  0.35825143055523301  0.36842236840168596
  0.37854094021544138  0.38880761412214143  0.39934489144312202  0.40980739639806785
  0.42025016349511768  0.43050452349963586  0.44102853744304726  0.45161760440108245
  0.46245075262067559  0.47311074646815621  0.48387189713571016  0.49439364587699686
  0.50495960600463830  0.51530550326813185  0.52587308246737918  0.53643908545999808
  0.54722693384032173  0.55783529788656161  0.56859342274683677  0.57908133234186365
  0.58945017813594158  0.59976253794862688  0.61046609448934697  0.62124848014279410
  0.63176918442177232  0.64198183831050393  0.65221248973646850  0.66260294521132823
  0.67308991744121216  0.68362209881478864  0.69428827801977588  0.70480756754940599
  0.71530476173523416  0.72560538541162023  0.73604202149795717  0.74634876795722038
  0.75658447670995410  0.76680379218192229  0.77689573604754214  0.78725470286068344
  0.79785166881341540  0.80872894196837375  0.81927618001225522  0.82953902093040344
  0.83997787943245517  0.85045869522005291  0.86109756801770465  0.87177118366701423
  0.88267203213835788  0.89370498007810006  0.90472441780390500  0.91567234416746024
  0.92651852996506090  0.93705479090361021  0.94766929149592849  0.95819706759241263
  0.96876106845325827  0.97946714541447666  0.98979604244652741  1.00000000000000000
  0.03816427328775106  0.04594848937258419  0.05032559491108905  0.05364620986874370
  0.05647994096708539  0.05907435133588189  0.06153001404785891  0.06390807562674243
  0.06622009194496996  0.06846581311594283  0.07060789757449397  0.07268812774606297
  0.07473937298100400  0.07676584826901930  0.07876499991516400  0.08076047330822785
  0.08279289394856322  0.08480999403597349  0.08685028546979341  0.08888783765926353
  0.09094194159262757  0.09301774028403093  0.09515115916825961  0.09725203073758240
  0.09936499693815705  0.10152560292786866  0.10371730894715810  0.10592561859811785
  0.10818266571150525  0.11050500511841964  0.11285826259029375  0.11522365815002132
  0.11762825428680515  0.12004220210493644  0.12249174749750687  0.12505747557118216
  0.12769933411828133  0.13033039894758103  0.13300452694879639  0.13573608345495880
  0.13849779947879520  0.14128695848416051  0.14414792244404151  0.14710839783349819
  0.15011934711625149  0.15317563235372580  0.15633163462993971  0.15959027079643315
  0.16283791737568984  0.16616067351627176  0.16964806252009887  0.17315884219379982
  0.17679913605509925  0.18058354865180856  0.18448286305400563  0.18851922188095302
  0.19273005846146302  0.19713113253083511  0.20156231682510423  0.20608442424136220
  0.21089243935688323  0.21573981645640222  0.22087290476746074  0.22635406190979862
  0.23198986909273017  0.23789327836267599  0.24404041104242358  0.25038978414601709
  0.25703695446254482  0.26412939343186459  0.27150420491568600  0.27951771991797852
  0.28796525989258492  0.29701116602494160  0.30677755027207948  0.31712618816491633
  0.32838039427591692  0.34052922942918135  0.35409364558100714  0.36887333440033282
  0.38514423714834622  0.40290982066155140  0.42232799741067012  0.44352205735377942
  0.46664540980280789  0.49151280147077953  0.51847149251773283  0.54718046441280177
  0.57785136247976787  0.61053390305582056  0.64496616992297662  0.68334714127275764
  0.72731074571113064  0.78125779226404657  0.85801840957614905  1.00000000000000000
 -0.00237467066420808  0.00916069827347364  0.01921106828102792  0.02971791123423550
  0.04049515140640927  0.05105632756491494  0.06146893557166249  0.07197692322073307
  0.08272862236198801  0.09353069596349119  0.10408802953749829  0.11439393044501718
  0.12473589938041624  0.13537176084891456  0.14594669271125513  0.15666561958514241
  0.16717364159359874  0.17779223560646826  0.18844988742837138  0.19921483820548719
  0.21009006591601470  0.22069146245498686  0.23124831683184807  0.24175008655743271
  0.25231973687818199  0.26289260906900769  0.27354656178367054  0.28421698127209344
  0.29476899650704119  0.30514701793784249  0.31559796913066956  0.32628365450283825
  0.33705749849862743  0.34766283591352054  0.35804002787080674  0.36840162414640620
  0.37875630898091339  0.38944887876162970  0.39991870109688826  0.41038042269842262
  0.42081708273973328  0.43147516474627834  0.44212865314934785  0.45268665608426195
  0.46328635880026942  0.47413158360187030  0.48488150354935300  0.49545750311828063
  0.50591130590591316  0.51603298794252961  0.52630305850487646  0.53662642748023703
  0.54736782078017887  0.55803116278130760  0.56859290954823583  0.57894057324979609
  0.58934644117920199  0.59974310011294296  0.61023880108429607  0.62069232185921430
  0.63135443016197479  0.64221557585252753  0.65301290581177196  0.66358864811806029
  0.67402588151465603  0.68466895130741123  0.69547615542422714  0.70634722728247734
  0.71714823989783016  0.72758792420632290  0.73789069153876374  0.74811456238338758
  0.75864687072473624  0.76926771997724963  0.77976887358902713  0.79020800697961424
  0.80059266158590403  0.81091848182264226  0.82116112818911768  0.83150606715066622
  0.84180775331603697  0.85221496595865953  0.86266057182871658  0.87329070226937389
  0.88382181326758380  0.89446793914607448  0.90487337420854375  0.91527978980288660
  0.92574284622300662  0.93614054920125211  0.94668780625268167  0.95694872746706783
  0.96758578924562477  0.97839632141817234  0.98924431426319703  1.00000000000000000
 -0.00248891614579687  0.00949052177272699  0.01960009794481462  0.02998246411793286
  0.04045483199588227  0.05070876044131153  0.06094727782955472  0.07108112930699173
  0.08122460807056249  0.09152289946572177  0.10192813603192895  0.11264841862850573
  0.12358260543640021  0.13458004889055994  0.14539181253406644  0.15620191838812511
  0.16673448746048641  0.17744598015276583  0.18785618929234449  0.19839222063437700
  0.20896984039431613  0.21959292909896538  0.23007564177214287  0.24051966924185283
  0.25092091794739496  0.26142483733608241  0.27182549065809086  0.28230041529689220
  0.29290967250046890  0.30368130105406582  0.31458005142589629  0.32545280380306063
  0.33612241368896062  0.34670576633221584  0.35732576145898870  0.36794553636059490
  0.37864696133945275  0.38912191725835460  0.39974449599877282  0.41020043647200044
  0.42080400881044994  0.43136750835765486  0.44201912313444042  0.45270022082439987
  0.46320904647805267  0.47381597355371535  0.48454949675440950  0.49533460963129483
  0.50597050044799341  0.51667826395258587  0.52748681314589674  0.53827688801321560
  0.54897783252569543  0.55972677797899661  0.57050871271268422  0.58107492666367455
  0.59172773393453371  0.60213743169181355  0.61274386683839932  0.62363822501859978
  0.63437056425709915  0.64495545259556253  0.65504746144037118  0.66521735821874806
  0.67545566065552920  0.68583058150276732  0.69637439075776864  0.70682266726709009
  0.71715842851491918  0.72751957525268873  0.73801082403756424  0.74838619949245000
  0.75874875004988329  0.76907669929577116  0.77952338734017323  0.79001039551520680
  0.80038171815202053  0.81080756906020623  0.82132880241609241  0.83181226009738507
  0.84221368702830757  0.85255497487797771  0.86303466655665317  0.87335539931280226
  0.88363890119207211  0.89413350895316135  0.90472259577696679  0.91532836861169720
  0.92593307345730891  0.93663903773708712  0.94734198687906102  0.95780198436350716
  0.96822823108385847  0.97884786159866377  0.98944974103963568  1.00000000000000000
 -0.00224010404702716  0.01003935539797380  0.02063619614595113  0.03119876008781322
  0.04182827080666622  0.05246186578553511  0.06330234820186574  0.07398424753774663
  0.08456046036966082  0.09546765863131136  0.10642915496991250  0.11727770098748209
  0.12790551737545125  0.13852514348252856  0.14897547177325721  0.15938069283809328
  0.16962125264740630  0.17990095313305113  0.19014896368593759  0.20053485803842638
  0.21090171419126130  0.22135009355578120  0.23194557291189041  0.24248392479615774
  0.25281913546797968  0.26298818356504411  0.27310106313399507  0.28318889563159744
  0.29341084924519589  0.30389315301823727  0.31444091781584022  0.32497301712597709
  0.33558345692309755  0.34633366315744518  0.35693729764784965  0.36745626565343958
  0.37803785785761196  0.38879289169759051  0.39942736511992422  0.41003403168415070
  0.42052828866122638  0.43101077994956294  0.44147948449666458  0.45175278352037945
  0.46183652293051125  0.47174990926187610  0.48195030076798190  0.49247540604859097
  0.50311520331078174  0.51380053591060038  0.52449916848109635  0.53522488499633969
  0.54584731478487070  0.55644496315996861  0.56689319038703756  0.57721502809276537
  0.58748675093434122  0.59786269422995886  0.60840794646716068  0.61891445469123385
  0.62967058028010747  0.64021828076109422  0.65076855655534716  0.66117726699361035
  0.67166639573710674  0.68227629952065005  0.69289258052901792  0.70354410758630570
  0.71416392320981370  0.72466005479708506  0.73502744622218119  0.74541838006752448
  0.75603428885660218  0.76671729904693298  0.77717661213901934  0.78768784559745442
  0.79842985284115509  0.80925320729587302  0.81986543390073729  0.83037870094270494
  0.84105419635049961  0.85160910807968504  0.86223798940000229  0.87278331260407083
  0.88345921520869453  0.89403682908669446  0.90457419684318019  0.91494651327408594
  0.92538783667560109  0.93597298244454274  0.94690287579394661  0.95773718149879250
  0.96846271804312778  0.97897542268213178  0.98953205361094343  1.00000000000000000
 -0.00251675103418080  0.00962634607770803  0.02004874897685377  0.03057358331914861
  0.04141142631073120  0.05232818633900357  0.06329732037485666  0.07414999117158944
  0.08471957941322197  0.09525929181659443  0.10570870613798908  0.11617095208252866
  0.12667227751669033  0.13742054662074346  0.14830378548890905  0.15935140564758779
  0.17027584395197345  0.18094259646082181  0.19184574289714829  0.20270437712492687
  0.21353931864797823  0.22404713523513731  0.23433982251589019  0.24476508239679329
  0.25508131971758835  0.26554612189470411  0.27568243980305107  0.28592294714038646
  0.29637444297950410  0.30696985869321353  0.31729389555402721  0.32751062714288348
  0.33798374687925842  0.34871379527552332  0.35939202347405824  0.37023404184401804
  0.38116900116735758  0.39234216690589929  0.40379891994559586  0.41523660982494787
  0.42606201181697551  0.43652796610612971  0.44713106512726464  0.45773069169727582
  0.46836387964948051  0.47894632205169479  0.48981024662318923  0.50051710150196349
  0.51120611512159064  0.52183323926758540  0.53235767509428911  0.54306288942241721
  0.55367812060584287  0.56418060746737420  0.57427517432714126  0.58454712055733060
  0.59492903160580923  0.60548300851429671  0.61595008770144810  0.62620601430361156
  0.63638235697776224  0.64651532074560736  0.65688631779051887  0.66735861917854755
  0.67803174137019806  0.68854026588699713  0.69906275100154569  0.70955136043349731
  0.72029668199094332  0.73090120057988028  0.74150110488998178  0.75202851030923934
  0.76241964993588229  0.77268471224422164  0.78279577542530765  0.79314399991944484
  0.80344447528724194  0.81381261475191391  0.82400234060376887  0.83417515579026313
  0.84445575564018827  0.85454235433687753  0.86487368638995588  0.87525159248232309
  0.88583792047253573  0.89621158702273152  0.90634548762454303  0.91641951031367908
  0.92666904738999134  0.93694502488951725  0.94748756642029552  0.95792440059278261
  0.96847318522150516  0.97894519344736730  0.98941955340186472  1.00000000000000000
 -0.00252795736495663  0.00967558292320126  0.02004807880562503  0.03092633475127379
  0.04179957817292580  0.05233818780641756  0.06299651537414021  0.07398092257357035
  0.08494552465912243  0.09567821785609928  0.10626808035286366  0.11689552032091607
  0.12749001266298809  0.13803764296491536  0.14845017365381383  0.15885099199855371
  0.16935917697083322  0.17979122524779850  0.19021646658214095  0.20073999001162590
  0.21105001150676084  0.22129200837705063  0.23153947159191463  0.24233707658633344
  0.25337238310195542  0.26452450820694740  0.27558914279081242  0.28659957573093703
  0.29726299035820475  0.30810071651972021  0.31874166000043841  0.32918916132818216
  0.33945923674319073  0.34987634308658488  0.36047292464522934  0.37124160559932345
  0.38190315238790634  0.39239542142446182  0.40278729597574942  0.41332162163203839
  0.42404385612798179  0.43489054475657341  0.44552963286290859  0.45621157133201040
  0.46662577346339024  0.47717877346598581  0.48761577672840067  0.49800327213340839
  0.50848254604630250  0.51898644766340740  0.52960779254082591  0.53996872254230333
  0.55049969485058470  0.56092004149788255  0.57115904686999508  0.58142151985432011
  0.59156787447169212  0.60196938698978686  0.61214256621950813  0.62238915131586836
  0.63265945397139356  0.64307609089995588  0.65340493646098663  0.66369741733574994
  0.67378327514526692  0.68410447892772253  0.69441059351012668  0.70508551541859699
  0.71583504993608160  0.72654993977424354  0.73701944722379231  0.74734499246384112
  0.75750667009264838  0.76755524677640674  0.77782473125910401  0.78829121933047908
  0.79903444201664697  0.80945744044478529  0.81983896937027689  0.83014268591271878
  0.84028877618225795  0.85047354608941894  0.86059512225523327  0.87100164973738858
  0.88142621459450277  0.89194730166353631  0.90252838697479409  0.91307806292172922
  0.92375143426945716  0.93433588227942588  0.94506803462055688  0.95586741905181882
  0.96699445803966877  0.97798252979917710  0.98909836506894877  1.00000000000000000
 -0.00241914798819560  0.00960896551241170  0.01972370245238153  0.03050920201267059
  0.04117227453237364  0.05184005932211980  0.06234730147293466  0.07312406454227283
  0.08408866325834351  0.09504857600571592  0.10600263698355865  0.11699338537395676
  0.12793119487834820  0.13879384596867458  0.14951207978914205  0.16049344860665612
  0.17123927428997723  0.18192203311249933  0.19253927364419610  0.20319059271064752
  0.21386227372621386  0.22463036949646398  0.23527042541950233  0.24575636877012882
  0.25602672576661423  0.26641821936066790  0.27678111174428166  0.28721039537736298
  0.29773786690292925  0.30852074719624772  0.31926627570453625  0.32996617241286080
  0.34055074880452191  0.35106129066670339  0.36165826521627398  0.37209715113340469
  0.38218495860487262  0.39206904500363809  0.40207593926579743  0.41251557747086376
  0.42312924226016474  0.43381568357758044  0.44450367511191835  0.45546492596165566
  0.46631967179312539  0.47697699969076868  0.48735826961558565  0.49767267566744622
  0.50808909709299932  0.51845691079907974  0.52867235157410297  0.53889421699852280
  0.54892827202732997  0.55918674402397084  0.56964487484582760  0.58037804705144069
  0.59078825069443208  0.60104898319894295  0.61134835121299880  0.62221351739625330
  0.63323518661565914  0.64426066153421668  0.65521974170901887  0.66613851363620946
  0.67680913203790127  0.68725582472042357  0.69758794472150021  0.70798297056752368
  0.71822331122825955  0.72852836037304813  0.73889238515994438  0.74937212749206361
  0.75982184435454225  0.77044422117620204  0.78109498900046348  0.79176756393073144
  0.80221881190669875  0.81273670505868278  0.82329266883481911  0.83385260994261667
  0.84428046564731352  0.85449828094523617  0.86471792810212411  0.87503435248934314
  0.88540787852628811  0.89594053543697716  0.90646001426428147  0.91700377752578055
  0.92733358075574490  0.93767891183873631  0.94799684184924704  0.95824921160265997
  0.96865384765820040  0.97906188544767547  0.98956572045677582  1.00000000000000000
   1.2768527083225315E-011  -1.0000000000000000     
 T T T T T T T T T T T T T T T T T T T T T T T T T T T T T T T T T T T T T T T T T T T T T T T T F F F F F F F F F F F F F F F F F F F F F F F F F F F F F F F F F F F F F F F F F F F F F F F F
  <DiscreteSampler_grid>
  grouped_processes
  1 # 1 for a reference and 2 for a running grid.
  10 # Attribute 'min_bin_probing_points' of the grid.
  1 # Attribute 'grid_mode' of the grid. 1=='default',2=='initialization'
  0.0000000000000000 # Attribute 'small_contrib_threshold' of the grid.
  0.5000000000000000 # Attribute 'damping_power' of the grid.
 # binID   n_entries weight   weight_sqr   abs_weight
    10   10   6.197778872179261E+006   1.505319686368716E+014   6.197778872179261E+006
    16   10   6.079593799816957E+006   1.419686340962666E+014   6.079593799816957E+006
  </DiscreteSampler_grid>
