  0.05186856861186799  0.05222109585148253  0.05251720721873254  0.05280113604573045
  0.05309225796469468  0.05338470826564341  0.05367825179855659  0.05398246283839701
  0.05428525309791241  0.05459533189715110  0.05491065580591652  0.05522847954628629
  0.05554761906590325  0.05586854285373823  0.05620240009195633  0.05653902307758247
  0.05688624919070604  0.05723398987730423  0.05758888277656189  0.05794501649185128
  0.05829646889604262  0.05864316273934521  0.05899142573697995  0.05935437004506069
  0.05972191001156360  0.06008696121309122  0.06045270054407224  0.06082321700451452
  0.06120465636202553  0.06159274619192036  0.06196889869081823  0.06237666163667119
  0.06285483061181718  0.06339192932498575  0.06395586185462930  0.06452109407405496
  0.06509038434358515  0.06566864757017912  0.06625895431446871  0.06686242548968001
  0.06748111509074156  0.06811258430230510  0.06874441886320910  0.06937335015863208
  0.07001063772774711  0.07064148683456314  0.07128732054380596  0.07194593447576778
  0.07261442442536900  0.07329980215989711  0.07401039441905825  0.07473297490598620
  0.07547916367763960  0.07625233543155853  0.07703928690315590  0.07784330993106407
  0.07864174930215755  0.07945000121683229  0.08027314585546204  0.08112077398632785
  0.08198671868620337  0.08283067433479639  0.08384592171350554  0.08497821101141720
  0.08618943301745230  0.08742759398279909  0.08874493969055972  0.09008824563270540
  0.09145206111835467  0.09286150764596726  0.09425251066994007  0.09566588270816923
  0.09710759359551580  0.09861436078537333  0.10015510355367657  0.10175101080964320
  0.10333996155754727  0.10532739914884016  0.10759067702127413  0.11002031506533230
  0.11254549807873469  0.11510929031263709  0.11775252199864386  0.12053553989892109
  0.12344653883147262  0.12667313640726777  0.13045661794816385  0.13432349604782268
  0.13831951256998271  0.14253835766689091  0.14708869605005065  0.15219706631497093
  0.15745096944379799  0.16314229955087003  0.17204162212846602  1.00000000000000000
  0.76772762293303598  0.78056575730460021  0.78447786723655011  0.78797535479604808
  0.79104254068042235  0.79404136812910386  0.79674584395815340  0.79922518037274215
  0.80172513795935141  0.80445696925641286  0.80709758185697478  0.80939939348011047
  0.81155347123914656  0.81374062304473160  0.81606504454596163  0.81840178479998682
  0.82061010289790459  0.82264146126734050  0.82452435989123329  0.82632456274747013
  0.82816176090655946  0.83010183004912430  0.83214032903031476  0.83415667992168574
  0.83597242086390056  0.83770826782134789  0.83945252409854254  0.84116121140790945
  0.84289151870629730  0.84459005030854040  0.84636780865000127  0.84811872272526057
  0.84977185579626968  0.85145625647519341  0.85316923461227367  0.85490184136529623
  0.85655312750634094  0.85828075641268364  0.85991283909485039  0.86154210428451738
  0.86312407917472844  0.86470338001509539  0.86627784703109156  0.86788684522325876
  0.86954143239170911  0.87119403798310135  0.87284032384274468  0.87445093806495944
  0.87603719904434718  0.87763493600638842  0.87924682247692576  0.88092927253941977
  0.88264770944429582  0.88447731022126297  0.88627692892508647  0.88802833847363671
  0.88972299776812236  0.89136788633801012  0.89304056782689012  0.89478721430879549
  0.89663536914363229  0.89851037138892642  0.90043487956797530  0.90235627869810509
  0.90427844544491953  0.90623428865404809  0.90822156457070891  0.91022807654840565
  0.91218852901450787  0.91412251004891787  0.91607380423672791  0.91806075872363524
  0.92013588304899374  0.92226430736508691  0.92448501032317443  0.92675351032680120
  0.92912410662623823  0.93149093900931879  0.93381534481303807  0.93612659644821228
  0.93847056018253971  0.94089112181612788  0.94342049766383873  0.94610444048599374
  0.94900627807735538  0.95208351358594157  0.95529143768068925  0.95862340711057858
  0.96213791229027368  0.96603581465813360  0.97052615738013970  0.97544344120835214
  0.98149058240786036  0.98708841171252792  0.98974604154455059  1.00000000000000000
 -0.00269552496094027  0.01016548906316195  0.02098428951851066  0.03171231492197531
  0.04239737716369857  0.05263338920813201  0.06284703608520523  0.07300397433892095
  0.08350293354186494  0.09445054136759820  0.10569707050900569  0.11723193737267595
  0.12875388805568375  0.13996678058725476  0.15047258885508627  0.16071929615155145
  0.17068015090678285  0.18066974605999350  0.19075925683096168  0.20076442535246530
  0.21065026217263128  0.22056103176774117  0.23078070033316167  0.24121507056758540
  0.25199952067212072  0.26299074378820286  0.27389636395215183  0.28468605895440735
  0.29510228294837287  0.30532857381451195  0.31572462852908395  0.32636655566229955
  0.33726167327206391  0.34831452395897827  0.35969179982414162  0.37138620623473090
  0.38289803774253234  0.39376509759236100  0.40398203833894142  0.41396313855534195
  0.42389430234801484  0.43402942273444461  0.44407677080946850  0.45413572912091205
  0.46406263715895646  0.47386808146941573  0.48380684975699217  0.49371222287565431
  0.50352518995664208  0.51333913134281772  0.52361833286082071  0.53481990487233844
  0.54655511132593104  0.55842055141728986  0.56995164819428001  0.58145914810011856
  0.59261587196673060  0.60340327696536367  0.61382686532307851  0.62409860443281151
  0.63451843302903077  0.64501263711188006  0.65562248252048172  0.66557252775337850
  0.67548369206248604  0.68591919144641345  0.69695428869827913  0.70810319587086701
  0.71934833916412599  0.73073336042825243  0.74189014409711740  0.75233807001456532
  0.76276876537519833  0.77297612892128997  0.78331036591567305  0.79320989404698350
  0.80339674700094810  0.81385648355860163  0.82433454298114217  0.83489677204536872
  0.84556870479612090  0.85616577504109315  0.86651135423750114  0.87644548487683382
  0.88654680626731175  0.89684256210415980  0.90765814136168699  0.91842345422909855
  0.92882609845566078  0.93918911811093797  0.94958104447690106  0.96008099216212728
  0.97007345870136830  0.98005667996069656  0.99000715359148084  1.00000000000000000
 -0.00240443929587905  0.00982003668429274  0.02017363754444294  0.03086008172634172
  0.04127919426971439  0.05155631703166295  0.06205534353671180  0.07264173843408847
  0.08292504446873603  0.09280597784609788  0.10279241352433681  0.11284679954955938
  0.12303614433249058  0.13309615138095940  0.14326242913020892  0.15352571868170001
  0.16394737814847143  0.17493007222199705  0.18626294807912408  0.19710566972049759
  0.20771323392415386  0.21810414929821939  0.22895295154352865  0.23916629847558446
  0.24975262454417768  0.26065041902925651  0.27193412085939755  0.28289730094303117
  0.29364501408272908  0.30405176217056817  0.31432795646707928  0.32449180505928671
  0.33521489569035479  0.34631935638299793  0.35788829935913979  0.36994276803257192
  0.38148490614580161  0.39237748684231250  0.40304110502144619  0.41351782568379353
  0.42354301868024558  0.43305911094222455  0.44293351959701932  0.45327415249216718
  0.46401361798845409  0.47475673883289854  0.48539281126366129  0.49610989875647798
  0.50657369846275013  0.51691806872746449  0.52724651166714731  0.53754657065555744
  0.54822098114154305  0.55871863068269911  0.56904479067219882  0.57940866442532768
  0.58997641255834532  0.60125486674829276  0.61248981521695356  0.62329572325530225
  0.63343799156006653  0.64339146308106432  0.65381740509455810  0.66434827741501512
  0.67455115739628080  0.68454588998921084  0.69480234941595409  0.70552088470552810
  0.71650917691069538  0.72745508961775684  0.73804257798893846  0.74872941089594802
  0.75941660169330993  0.77026173991242020  0.78113780488746276  0.79205298272312452
  0.80283809569797560  0.81360055302979717  0.82419185674541806  0.83488947710989914
  0.84546844660681841  0.85610288430150594  0.86662892702115679  0.87685848168864744
  0.88664618594884281  0.89659030054586886  0.90696004570583699  0.91764112013449362
  0.92781468906384024  0.93787886518955166  0.94807214177099641  0.95847607370658772
  0.96877223050999772  0.97889041764954776  0.98959824410563313  1.00000000000000000
 -0.00249377535737556  0.00929933641424011  0.01930105305416823  0.02972017308662762
  0.04001226250821750  0.05080367034909130  0.06160083598092784  0.07228494222387206
  0.08268988821011712  0.09292242930160569  0.10310868204783447  0.11311816639510519
  0.12345898608412034  0.13393530472181586  0.14462676249023601  0.15496884816145373
  0.16535152245223836  0.17569009096680566  0.18604278342508213  0.19596469133342478
  0.20596903957441587  0.21643015434270832  0.22717280402646073  0.23739785701707811
  0.24754631372527752  0.25846955428259849  0.26981108052438529  0.28052801403992905
  0.29120210843438893  0.30177259299543840  0.31219816003007306  0.32245269486900624
  0.33290585481038931  0.34360854328794904  0.35453583842798181  0.36567328785325276
  0.37690203217761259  0.38812717345155479  0.39948491588928908  0.41076514274323961
  0.42228371917391139  0.43397580242782136  0.44551472089547006  0.45691926413560874
  0.46816407964606682  0.47899674385995922  0.48924732166549895  0.49917041511020210
  0.50920494449449938  0.51963123409750323  0.53062688123153601  0.54189814594593244
  0.55318129791166237  0.56490926011168441  0.57670254842067781  0.58783913245611796
  0.59846235842775253  0.60903572103884251  0.61977282065269479  0.63020074036988327
  0.63986805796820923  0.64949295810403229  0.65870317868284145  0.66795161719252039
  0.67740062241017462  0.68714201196075531  0.69748269922086148  0.70794779314650480
  0.71884512121151944  0.72953908740891882  0.74036914785870600  0.75112482097649047
  0.76213382075631853  0.77334773566529302  0.78451408936202305  0.79512080382794492
  0.80505914953385982  0.81476587364775588  0.82469792184733237  0.83483718269653173
  0.84525491203742009  0.85543241790973545  0.86621659843723986  0.87703951134607805
  0.88743234980170693  0.89754852624541193  0.90745756762160923  0.91779730636913670
  0.92843669243577198  0.93944377061471551  0.94990929604191499  0.95988670840406176
  0.96978219955901124  0.97997219997930463  0.99003673746155252  1.00000000000000000
 -0.00181669657326240  0.00936480362244041  0.01940121276709546  0.03025409891865734
  0.04109234183531455  0.05137555099142228  0.06147005876642099  0.07201641852038289
  0.08210748624302133  0.09224360823433014  0.10229202936002907  0.11285774825405016
  0.12347908546139932  0.13419266080431375  0.14519138209595986  0.15646993633865089
  0.16758601869622752  0.17872217265066737  0.18974711327031749  0.20096384780163953
  0.21224223574576462  0.22306620232064531  0.23352055668452609  0.24350917022830137
  0.25412791892284869  0.26510420391748896  0.27607684364464419  0.28661653136080867
  0.29673718347914901  0.30684385440835726  0.31709144515816418  0.32748169569168695
  0.33785429461988914  0.34804273426735205  0.35824753653847513  0.36862756093483978
  0.37947932240943438  0.39046271669841903  0.40098525751103881  0.41104069201765259
  0.42112458563394262  0.43134682066211583  0.44166186312113792  0.45174896004631998
  0.46212249745722367  0.47241830152019954  0.48303675794667777  0.49322134352271579
  0.50315868027249511  0.51281098359308752  0.52252132491929137  0.53214357788843492
  0.54168158399775679  0.55156209166457537  0.56181424721919904  0.57208469372896809
  0.58208098777225292  0.59226294576326211  0.60311554725780170  0.61447533250146236
  0.62592672003194350  0.63703706511188984  0.64801446570403753  0.65884509414218595
  0.66929891595586588  0.67931494842764306  0.68950000333922290  0.69979052565621225
  0.71007236243781002  0.72019292528766254  0.73055833740631038  0.74147840856759106
  0.75284012593429128  0.76438597695043453  0.77587724373460065  0.78698337768196369
  0.79762365091700282  0.80790407074470894  0.81825281704899078  0.82870957646030818
  0.83946252206242744  0.85026697472630608  0.86093387207332173  0.87117249309476785
  0.88145809081714788  0.89169881937146878  0.90236021455936288  0.91306206284788960
  0.92409446408853801  0.93506206290157734  0.94583426331315634  0.95645823351686854
  0.96704241963019888  0.97805809090043783  0.98890467545353244  1.00000000000000000
 -0.00228657468104326  0.00925389290138621  0.01888835625453814  0.02967490068109890
  0.04013846198293137  0.05062483319041060  0.06071372233927172  0.07145428601907966
  0.08232158553165528  0.09371103802506815  0.10451550920987160  0.11562980813051145
  0.12667043594782823  0.13743188191635555  0.14827553812182287  0.15814936098390420
  0.16815140637621123  0.17762669363641362  0.18766793261982131  0.19796745688056264
  0.20807413142336101  0.21799360031558651  0.22773431463727975  0.23757137324635097
  0.24770404718889311  0.25816363773344336  0.26837652577774113  0.27854880466713505
  0.28891424238237101  0.29973322803826924  0.31063574701762819  0.32100718369450432
  0.33119200794466497  0.34133780492588384  0.35143800202806713  0.36145497420101746
  0.37133459712542205  0.38137527433389468  0.39130391399827813  0.40107535332205807
  0.41118094587888127  0.42180579393119577  0.43278645117492004  0.44330707767367566
  0.45351325683683669  0.46416145491726329  0.47532173252232374  0.48652233387119365
  0.49780130286561225  0.50941929730232405  0.52096573510656485  0.53186121864976221
  0.54262121360630344  0.55327599195403920  0.56421802155896850  0.57486940285407473
  0.58521027616468102  0.59523220540136168  0.60568445419429306  0.61685624742408129
  0.62820797696199604  0.63902625223148979  0.64940780440239765  0.65936583952747119
  0.66959779488225224  0.67995820732966017  0.69043032747887223  0.70098555455750000
  0.71161901114899107  0.72240220267107425  0.73311324187079385  0.74372313117261268
  0.75443288700177058  0.76459833030738955  0.77473444346213383  0.78461007732556343
  0.79460761257557821  0.80441830260690306  0.81446709007405138  0.82474541909622356
  0.83536411047439774  0.84626268212251154  0.85714921109836051  0.86846124235661815
  0.87966944288761251  0.89134474842364741  0.90254372477336808  0.91397937146575570
  0.92447906536437385  0.93478925644337918  0.94489390677705010  0.95541791504462736
  0.96672042955088611  0.97790050049673805  0.98907261225953280  1.00000000000000000
 -0.00258997305172864  0.00914910650821549  0.01958528582701627  0.02969428087343901
  0.04027931873572679  0.05081822840936367  0.06168089265432563  0.07267889572003641
  0.08334970000972321  0.09422422859145037  0.10478492467266247  0.11462603206226103
  0.12466452534395016  0.13490814584693311  0.14557789370246590  0.15623813985232574
  0.16691099635037862  0.17858991732792603  0.18982726255015847  0.20031068074320507
  0.21069263620475076  0.22070607722478572  0.23104210829579588  0.24118859245722515
  0.25121012558160483  0.26103437182079353  0.27062403722971123  0.28036967473879787
  0.29015846195115941  0.30046354818113008  0.31115103133335931  0.32218929040340161
  0.33310737864910211  0.34396141488994819  0.35468495536964806  0.36494247592236601
  0.37496354120289888  0.38521285795574789  0.39580086917836782  0.40673778041399533
  0.41766469542571177  0.42840215766275080  0.43900489140288651  0.44947143827723551
  0.46008899323370261  0.47059092789007273  0.48113772891110962  0.49204319139314340
  0.50331639654276938  0.51459176711999310  0.52530243427933154  0.53576841828202171
  0.54602860734426750  0.55623655120761883  0.56686163178792148  0.57776428614331199
  0.58893982855274840  0.59975782214385143  0.61055401214915872  0.62129410194469470
  0.63176294535323030  0.64197497039871254  0.65220721846298402  0.66256257977658195
  0.67278097884698052  0.68274305442636873  0.69268852570014816  0.70273902379589259
  0.71312711113188099  0.72377467038780507  0.73452624666755417  0.74534899750887484
  0.75613747393672381  0.76704568299363507  0.77758374857257750  0.78769916831208941
  0.79788901285419001  0.80823684378218208  0.81876906877097255  0.82972096570014231
  0.84096305388389614  0.85194554824548763  0.86243905626032202  0.87239558966450559
  0.88261930122438292  0.89291351163435129  0.90362772183985984  0.91406143556073804
  0.92440294277551671  0.93475287729166590  0.94517829099218409  0.95617478534213030
  0.96701146949689643  0.97844580116454638  0.98926118177606548  1.00000000000000000
   9.9454895048302952E-018  -1.0000000000000000     
 T T T T F F T F F T F F T T T T T T T T F F T F F T F F T T T T T T T T F F T F F T F F T T T T
