 -0.00205679331469077  0.00839420550432285  0.01813795365892951  0.02828988265836585
  0.03880333624940861  0.04934214835578019  0.05998946898429132  0.07058917799676065
  0.08094258150528420  0.09107629203270169  0.10128993274797149  0.11161833029669212
  0.12206747490946677  0.13231068678455318  0.14265960767570793  0.15321255526713931
  0.16384527674094429  0.17445284904937411  0.18512081252406670  0.19605459725064245
  0.20710552185711645  0.21769540925825318  0.22824624615080294  0.23913900344111044
  0.25013921574411258  0.26105874358296771  0.27189397077158650  0.28267514825351647
  0.29345859192540108  0.30408958602435354  0.31494405037761480  0.32557040756581673
  0.33624674455827824  0.34685889889622190  0.35763911279654831  0.36831747032650280
  0.37889638069109094  0.38938079739296833  0.39969269185606060  0.41033524309834257
  0.42095100338821401  0.43158414725284400  0.44193603396681969  0.45228543771799318
  0.46282176954002330  0.47319557697468850  0.48353828568858137  0.49351541054393211
  0.50385169666607965  0.51420954335669167  0.52492433318840159  0.53552079475361825
  0.54640001620610346  0.55725286704535737  0.56821554641682059  0.57890348759713572
  0.58940427224343872  0.59992122782361657  0.61046401393783900  0.62120201421277732
  0.63202921773124532  0.64277164771236561  0.65312916652856556  0.66336830617300324
  0.67376345865637510  0.68444353649649281  0.69486887894379312  0.70515742013869331
  0.71559193178011016  0.72619825699641871  0.73696312147774579  0.74777441057307004
  0.75839919464247929  0.76878556805206277  0.77897411606887157  0.78935406877438941
  0.80002268075873662  0.81074925690508715  0.82147825865088608  0.83210399828365345
  0.84271645704486198  0.85319307052584603  0.86371593412757974  0.87414942199296397
  0.88495855047666461  0.89580742550987524  0.90655948938601161  0.91708820034256922
  0.92782648704877380  0.93869048986545633  0.94925607016763358  0.95960750111568216
  0.96982764295186008  0.98016394665684792  0.99009431257062530  1.00000000000000000
  0.03591144270648326  0.04609912634974368  0.05111220227608192  0.05463793665225650
  0.05756477615962007  0.06019629202967661  0.06269002733941330  0.06507321411177704
  0.06736107269863993  0.06955211064426994  0.07166645778257794  0.07371936771969403
  0.07573724671422778  0.07774944676682055  0.07977531100490720  0.08180021494990708
  0.08379878522732603  0.08579275701909617  0.08779155129438840  0.08980433729755216
  0.09184624229767920  0.09390104926504751  0.09594653139025507  0.09798045609627354
  0.10002510194015027  0.10207403188580313  0.10413599229608590  0.10624662003845352
  0.10839690590499186  0.11057366941707918  0.11277802253432440  0.11505851553075411
  0.11735240552727437  0.11964952780444600  0.12201908334888169  0.12444974012289041
  0.12687798131303266  0.12928821516166414  0.13170988615472473  0.13418691162596053
  0.13675412942108653  0.13942636894398239  0.14218218153367393  0.14496043401267591
  0.14773360391551604  0.15055438128628629  0.15347488596758929  0.15647325779707616
  0.15948397188390198  0.16258962741512498  0.16585495806892911  0.16920051696978539
  0.17259475899078236  0.17614769934905439  0.17979873194020815  0.18347340603736062
  0.18722408097606272  0.19118334661379341  0.19529368683042644  0.19946425079650068
  0.20381847355027782  0.20839289370273550  0.21306197160057477  0.21791497450078076
  0.22298295236287266  0.22821759275228415  0.23368626806484835  0.23948232528105029
  0.24560552364680774  0.25208691652906196  0.25899848554552668  0.26631199446078557
  0.27409982192567495  0.28243698707864295  0.29127835156891801  0.30079998923404094
  0.31100593560359385  0.32205431576259458  0.33414439930586670  0.34747316658577387
  0.36219098821518420  0.37842086463619251  0.39643558369199627  0.41658136790237121
  0.43886211334077235  0.46378414411028107  0.49068752487355016  0.51970102338114887
  0.55038645420698651  0.58339663637570671  0.61895191906997060  0.65772362175075094
  0.70218066782915034  0.75628997873272663  0.83650419889231931  1.00000000000000000
 -0.00241453137617342  0.00952702401668262  0.01988234867337850  0.03063531561220317
  0.04145923532099948  0.05204275773868238  0.06262769033467996  0.07304444757901134
  0.08333896581342827  0.09346969576907323  0.10370405049520923  0.11428153596435545
  0.12495339720514810  0.13568601111329115  0.14619284990707543  0.15650634218449008
  0.16671112426925919  0.17727361999829533  0.18794754995270518  0.19877899134283497
  0.20951518242392594  0.22018594680084269  0.23080747600658078  0.24150708950668312
  0.25227134921582806  0.26301230727840474  0.27367714520085318  0.28403860387658486
  0.29419650401531472  0.30438615231905480  0.31480726760836292  0.32551468616974988
  0.33587131667205983  0.34627848528382815  0.35666996136815116  0.36738328789546204
  0.37782740954625155  0.38823279388615406  0.39849687808566631  0.40889251122484976
  0.41926713630660833  0.42959582484777464  0.44004566605817924  0.45071604306675556
  0.46158999282222113  0.47245738006834281  0.48307679713113499  0.49353596697637231
  0.50405107900822554  0.51438476937415045  0.52468278945468816  0.53492394480297578
  0.54524036197722558  0.55559037812907552  0.56585291472862242  0.57620376345756508
  0.58668041638043056  0.59716253089670712  0.60759824647023131  0.61798244320287066
  0.62845803673679512  0.63901245902393855  0.64968293805878563  0.66029563035473793
  0.67090132581199624  0.68147030602810021  0.69196865461918611  0.70254393039731999
  0.71317481317060283  0.72398442764865567  0.73469639530635911  0.74531353472330442
  0.75598994268540409  0.76688866266407052  0.77767045375463917  0.78828627704506737
  0.79884038144320879  0.80931272640953544  0.81975149929090285  0.83019912030693532
  0.84087908871080552  0.85159590443952438  0.86199695168314494  0.87237466008517994
  0.88287985840170602  0.89335790799905945  0.90412185178376447  0.91457105271177697
  0.92504544842084535  0.93550907794289950  0.94625564565236953  0.95705667165381014
  0.96780748586801613  0.97835764088804489  0.98926274530105784  1.00000000000000000
 -0.00236771480413325  0.00945009281984252  0.01952209476623731  0.03022918199146006
  0.04090247564467255  0.05150119228370527  0.06231065716246350  0.07316756100380321
  0.08425129130467726  0.09482855249470237  0.10549977838367547  0.11592791782508791
  0.12656666369081049  0.13692513578569848  0.14730378977801883  0.15796398367816530
  0.16854380081587667  0.17913355661009905  0.18959141647713865  0.20024263326933817
  0.21078134160399353  0.22112476564895045  0.23139049169085477  0.24165632020912128
  0.25187051037364722  0.26221073284441737  0.27275194478463138  0.28341953089178828
  0.29415876900072935  0.30494333312456345  0.31556718102381603  0.32612963747389578
  0.33671872317793244  0.34760127861030876  0.35833841201598776  0.36905809474079626
  0.37978233657398625  0.39053885510531150  0.40108992128208754  0.41137262557623799
  0.42174941633130991  0.43235094245194083  0.44308268603405820  0.45373101964791068
  0.46414478254922287  0.47445269516018762  0.48482244767416272  0.49526815358631909
  0.50577414956343003  0.51628637689426438  0.52670022782078929  0.53709677201530803
  0.54742266023883013  0.55796198626099192  0.56867064174078585  0.57944247808158678
  0.59012243495877292  0.60070600822538167  0.61108958923583445  0.62130691184524445
  0.63148572416591608  0.64178220641155614  0.65222497737358798  0.66268691325225848
  0.67312898958553868  0.68350006775993433  0.69394100226675848  0.70434594572280718
  0.71480335709986476  0.72526706104072025  0.73576362554570929  0.74625805207961893
  0.75653359998335945  0.76693601078873364  0.77741472755880137  0.78811675184199570
  0.79886634508019427  0.80966841024315928  0.82058742512641947  0.83131637068643593
  0.84189725417483996  0.85235311365920807  0.86277882844245268  0.87333643771371294
  0.88386192815240949  0.89451646267732332  0.90499467986319682  0.91540960501083091
  0.92582129359758603  0.93640113124844737  0.94716938760412472  0.95769706336447702
  0.96833171298359066  0.97884197765081582  0.98954166307575087  1.00000000000000000
 -0.00231503661238292  0.00942338389707971  0.01942205851875945  0.03005394926804942
  0.04061582526396419  0.05117450203284047  0.06167842462803456  0.07206662273049214
  0.08264861021682347  0.09317766832811963  0.10361275600448719  0.11378847295564898
  0.12406332499900190  0.13471237826138821  0.14523271500815163  0.15616354023435353
  0.16681590762809873  0.17773234394541204  0.18843139627623559  0.19893140598511691
  0.20965483740362653  0.22020508955872461  0.23089759001391116  0.24150261279372565
  0.25192073263779635  0.26241466061645824  0.27290482082883072  0.28359665568419840
  0.29428886978918350  0.30503832676100773  0.31583014220239769  0.32660905100277887
  0.33737890910098622  0.34803284345880214  0.35863646699116758  0.36895317863524274
  0.37935664737923919  0.38964231948761385  0.40004655182708904  0.41041736397997591
  0.42093976897218621  0.43161870849230299  0.44248795775045358  0.45332310483265265
  0.46385850450681571  0.47427308009915242  0.48472823036742513  0.49517716814736190
  0.50530749660372087  0.51534913484456857  0.52543531931807530  0.53579333160624321
  0.54643662504428769  0.55711977163183657  0.56771129620978267  0.57808311194047102
  0.58845773131907719  0.59892996595760462  0.60937738623546656  0.61993308987737028
  0.63040773770234115  0.64090811738336328  0.65133234365683157  0.66183584867765710
  0.67240360266842469  0.68293399127109877  0.69345243099104603  0.70391870566345094
  0.71450509728413314  0.72502195895128019  0.73571537384083163  0.74637128441453804
  0.75714257916706440  0.76784294899841610  0.77867582376159372  0.78945379704919483
  0.80023527187286914  0.81077944593404372  0.82132155516244620  0.83169405730367274
  0.84230318701430573  0.85281993426706693  0.86333633331788917  0.87374786551867833
  0.88423513098712292  0.89482380013874563  0.90545557732925708  0.91603245601493200
  0.92650998780218163  0.93686284176802159  0.94697427039731108  0.95711495185995688
  0.96753625853872804  0.97835450442700722  0.98916595805830154  1.00000000000000000
 -0.00244691137411947  0.00941588404764512  0.01991143531246826  0.03054939467964526
  0.04132337457431584  0.05182290403975592  0.06254734605631704  0.07342963386643890
  0.08440062967657311  0.09519411261152869  0.10577649736606234  0.11629684761266848
  0.12674287198952094  0.13724669420727290  0.14776089066829845  0.15827806806145292
  0.16879084258736304  0.17909564728564450  0.18955137972981634  0.20012860166159169
  0.21083108174116841  0.22139443973252101  0.23167735049475660  0.24191214424838051
  0.25217888484658751  0.26253929289512956  0.27295722332226735  0.28318073020726503
  0.29340931982793067  0.30371052457144720  0.31422480069016945  0.32492820727329280
  0.33541660268833184  0.34592751647130987  0.35641850202149955  0.36716038446828747
  0.37785774804353744  0.38827174627831140  0.39870250700587706  0.40929005542336272
  0.42002182239651231  0.43064808204003591  0.44115423550502231  0.45172204121932025
  0.46220959144710905  0.47272027815829287  0.48317546471185030  0.49362099077195554
  0.50415653504904867  0.51461623943230861  0.52500190876717112  0.53530235723221842
  0.54597849958235556  0.55654652909614188  0.56686234491627863  0.57711966496999323
  0.58762322032754177  0.59818724343195373  0.60862015621027976  0.61900328208406841
  0.62948510474051078  0.63997004458246420  0.65037364886558602  0.66076899679440249
  0.67126695124549285  0.68177371033820755  0.69239350518909537  0.70312007739426197
  0.71377651171665202  0.72437567687869509  0.73492207801378862  0.74558456050981559
  0.75611654055756317  0.76669410539486793  0.77744850263292264  0.78829425678566789
  0.79885428259862290  0.80910089057309231  0.81941541892372938  0.82966623617135493
  0.84016021040463629  0.85069810402043278  0.86128172783358570  0.87191862880205451
  0.88257561565150466  0.89336287348552190  0.90401782058719593  0.91455478803844592
  0.92526205064607658  0.93594905201457490  0.94663345586469949  0.95740354775320702
  0.96798271527635849  0.97863912088176730  0.98922671958153652  1.00000000000000000
 -0.00230881590712271  0.00916572955929638  0.01921788511037529  0.02977907238997829
  0.04044066641071730  0.05101974894601607  0.06166975212482178  0.07215322221168510
  0.08264862943288617  0.09303743056445773  0.10353450584259226  0.11386018532614478
  0.12424673092429017  0.13471142787163465  0.14543777336002064  0.15589660506344954
  0.16647246667980259  0.17693707122450214  0.18728472194203014  0.19750746817284470
  0.20779499465031598  0.21839288983639973  0.22890479312817519  0.23959614957849343
  0.25010054174438839  0.26069272372482122  0.27102400448438513  0.28157298459567287
  0.29205524022578461  0.30263041469585295  0.31312280984763702  0.32366287145500711
  0.33444346847475809  0.34529388240070097  0.35612731351896648  0.36674570403282619
  0.37727522096592231  0.38784823166447341  0.39825973746664084  0.40862384066807539
  0.41900388464185956  0.42946471986512141  0.43995469040838331  0.45023633919863110
  0.46048831334796575  0.47066122138143351  0.48095668835304778  0.49138981831143536
  0.50201120325345638  0.51235785259599009  0.52246447895761405  0.53261529430215571
  0.54305752563737852  0.55377692118289801  0.56443966992011130  0.57513230945679394
  0.58575999567374948  0.59646319638772649  0.60717774050949191  0.61799757856233917
  0.62870790871261262  0.63943351143596594  0.64994931399572198  0.66062167426596774
  0.67130357080404468  0.68218785595930254  0.69279504967045180  0.70324561220536463
  0.71382286726817978  0.72452133626867077  0.73521518497832250  0.74567496468668659
  0.75604391671154469  0.76635397783424009  0.77672688588334216  0.78734368615567629
  0.79810372374925509  0.80881027730520927  0.81938617377448242  0.82985203167038679
  0.84047838098317817  0.85102509267264781  0.86160203388363188  0.87184167765066978
  0.88261236141652033  0.89332554427608157  0.90426714075238679  0.91488007750053657
  0.92525290233892188  0.93586402971856597  0.94634506034469434  0.95703574982528505
  0.96764379874972994  0.97828629951054391  0.98917501316260892  1.00000000000000000
 -0.00251783200873926  0.00985147367556288  0.01998306572122093  0.03054832614022504
  0.04085565867585334  0.05157858400065070  0.06221508482595418  0.07271529965529637
  0.08292422831464280  0.09310775273245231  0.10354171766154087  0.11392479927140584
  0.12442135898065819  0.13489258417982827  0.14531248318092857  0.15593361701228806
  0.16634180023106770  0.17677380149126434  0.18732868396425978  0.19781404443328923
  0.20829351499139637  0.21871411850892566  0.22924099326620492  0.23985557386833337
  0.25052908184601536  0.26144829039431511  0.27240812023747601  0.28279428393663941
  0.29318339492759854  0.30354187128168503  0.31392592943893610  0.32420080518425359
  0.33432935129017544  0.34477588107331730  0.35522725490888446  0.36577669126599061
  0.37621994181859425  0.38659001693011313  0.39713478999289664  0.40770710759499307
  0.41837790597031110  0.42917870029962535  0.44000551668546506  0.45077465234233566
  0.46149982013079538  0.47219782297124024  0.48309192933135181  0.49399842679450734
  0.50487326008234457  0.51558034689290633  0.52632066677782630  0.53708041552677832
  0.54774034890187306  0.55812998617971188  0.56865701840044758  0.57929841275739669
  0.58979747929138326  0.60040921014516757  0.61105194184075406  0.62195685694005420
  0.63268038739072441  0.64328127088800757  0.65382008362924415  0.66444014949095120
  0.67505765422270070  0.68573001894103269  0.69633463011469710  0.70678658192867905
  0.71694133455797526  0.72730307036927722  0.73775619068357068  0.74825689179479049
  0.75853919570606132  0.76895871005620653  0.77931779996188899  0.78967179061434944
  0.79989649302623234  0.80997521897718061  0.82015920569597955  0.83039006228254064
  0.84100237985084325  0.85196139071684451  0.86285897791092281  0.87354927235836954
  0.88398008314482190  0.89457207329256938  0.90513395439804301  0.91532065830824283
  0.92557166860223405  0.93587117586078417  0.94665002957316147  0.95723184169024855
  0.96796853878120814  0.97871200747551190  0.98941010170168320  1.00000000000000000
   7.1117689016173048E-012  -1.0000000000000000     
 T T T T T T T T T T T T T T T T T T T T T T T T T T T T T T T T T T T T T T T T T T T T T T T T F F F F F F F F F F F F F F F F F F F F F F F F F F F F F F F F F F F F F F F F F F F F F F F F
  <DiscreteSampler_grid>
  grouped_processes
  1 # 1 for a reference and 2 for a running grid.
  10 # Attribute 'min_bin_probing_points' of the grid.
  1 # Attribute 'grid_mode' of the grid. 1=='default',2=='initialization'
  0.0000000000000000 # Attribute 'small_contrib_threshold' of the grid.
  0.5000000000000000 # Attribute 'damping_power' of the grid.
 # binID   n_entries weight   weight_sqr   abs_weight
    10   10   1.446273118399856E+007   4.293927815634344E+014   1.446273118399856E+007
    16   10   1.446032609950165E+007   4.292838249078276E+014   1.446032609950165E+007
  </DiscreteSampler_grid>
