  0.05178899773063990  0.05201254603893668  0.05231290602980964  0.05262280763669800
  0.05292665778313239  0.05323388127659164  0.05354746546153739  0.05385931333448061
  0.05417605983993130  0.05450125891768962  0.05483366564685025  0.05516788163374022
  0.05550095178807401  0.05584268170269299  0.05617516135867855  0.05650804155839779
  0.05684731806027141  0.05719317865506609  0.05754288080516714  0.05789710323869481
  0.05826186620791180  0.05862597377796761  0.05899336814892871  0.05936658893877505
  0.05974853441436453  0.06013455228210623  0.06052288780519622  0.06091452424776345
  0.06130961300213614  0.06170757598611182  0.06210137402018553  0.06247605704385292
  0.06301763772665388  0.06355852557772118  0.06409813439799772  0.06463913121270426
  0.06518806992992469  0.06575364815714470  0.06633403808899892  0.06693583825814696
  0.06754932643765404  0.06818206642380931  0.06882538192865299  0.06946628330386911
  0.07009711596730750  0.07072849109363247  0.07137032923988466  0.07202727421620046
  0.07270595103845254  0.07340476747034459  0.07414170243324471  0.07489758917723408
  0.07565696604422563  0.07642751775112532  0.07719971399957830  0.07799746122853096
  0.07879955072007980  0.07962374025518380  0.08046348313950955  0.08132811299042328
  0.08219626873303784  0.08309791434224537  0.08412209364882670  0.08531631649931862
  0.08651747452666712  0.08779475048375054  0.08910195312537816  0.09045830517723014
  0.09182543358923916  0.09325907644363521  0.09468550654634271  0.09614718442381512
  0.09762777610185057  0.09919466391451391  0.10080123786895821  0.10246536903900524
  0.10424218531393496  0.10633679073036449  0.10868285146887330  0.11107838566680350
  0.11352652002748910  0.11604170728758112  0.11870547367453961  0.12152013809464986
  0.12437709457385834  0.12770798229490490  0.13128453681924243  0.13509180265076809
  0.13920271658046479  0.14346973368945970  0.14816731935043514  0.15363650942555576
  0.15933516442364759  0.16545903009766397  0.17650036824542992  1.00000000000000000
  0.76511693738415143  0.78408444542694045  0.78782472336909826  0.79106676165232315
  0.79403690348524725  0.79698730052602351  0.80000714750130819  0.80267474732169675
  0.80502867569228198  0.80718505540765728  0.80927018985257260  0.81137875770908230
  0.81343976318234978  0.81540168911332900  0.81744403578731040  0.81947625100277377
  0.82143398058213768  0.82329103692964056  0.82510592213189327  0.82686250658484406
  0.82856013506681025  0.83022424009659168  0.83192067033151695  0.83365402732493377
  0.83539052816909753  0.83713518317873126  0.83894386038601709  0.84073480877501305
  0.84244583834071707  0.84405089467769390  0.84567246056468803  0.84732528145677000
  0.84895224510800904  0.85052031624191449  0.85211430798443533  0.85371776766915430
  0.85528129566688071  0.85683793475134706  0.85841713866100011  0.86006115929062488
  0.86169588140681375  0.86333049430920306  0.86493763378965727  0.86659088141976615
  0.86805648448369621  0.86961032147156747  0.87108438108427655  0.87263480678141470
  0.87420354915956855  0.87580883741483229  0.87746261685548976  0.87914486163236971
  0.88087099856822904  0.88258196904702702  0.88429775649078235  0.88600973605930688
  0.88770121703856775  0.88944490510918650  0.89120806275506603  0.89292607312310202
  0.89459963452635360  0.89625211966335294  0.89793630514601031  0.89962270409851663
  0.90134240941346344  0.90311748618000998  0.90500818791167947  0.90700892384308096
  0.90906919799942076  0.91117093430460716  0.91328599167640023  0.91532496989882617
  0.91737005581807196  0.91950705420496848  0.92166008145466460  0.92381774937624384
  0.92594366157255825  0.92811389526227572  0.93032541314174300  0.93263259514692576
  0.93507976116087033  0.93759614903256783  0.94021267136792164  0.94297045361744647
  0.94583911464866943  0.94888784444154173  0.95213224813064823  0.95562045777662663
  0.95923855159625737  0.96306036028156750  0.96718816833984644  0.97172588520495018
  0.97701444622446965  0.98351974861077696  0.99016970955599415  1.00000000000000000
 -0.00215851225862413  0.01050567240001940  0.02157624567555166  0.03208485163974803
  0.04291118075392990  0.05389562298794304  0.06492656176641440  0.07508721589845251
  0.08510260245422457  0.09548603140836701  0.10579634564368312  0.11610639911503834
  0.12633202159469470  0.13792678114864068  0.14957638887207012  0.16107181899800072
  0.17165885673341197  0.18195872697894075  0.19208607976935643  0.20266898368546787
  0.21300747300564157  0.22332182321651114  0.23345329151232636  0.24348518750492218
  0.25335379708117484  0.26345938682349063  0.27416554093254369  0.28490174459471823
  0.29533816682174391  0.30544371355509298  0.31591497774629668  0.32623432329453617
  0.33625652987871346  0.34603686620801272  0.35636797901458239  0.36682800774923990
  0.37781557768274154  0.38834633801757290  0.39890552271716512  0.40914522725316482
  0.41981128939985141  0.43036692741354537  0.44067076197093175  0.45054820672478263
  0.46040993719809858  0.47019698737611043  0.47997243425113245  0.48984036312326568
  0.49978259365122019  0.50994699188013126  0.52038297073394824  0.53107770847768132
  0.54184811235007735  0.55235319797619575  0.56280476457868633  0.57325603094733624
  0.58383677285764557  0.59419008963885400  0.60405038899303931  0.61365477138994229
  0.62339036287856919  0.63354034261547132  0.64434380129627133  0.65583675451261803
  0.66765223868190759  0.67853022054381917  0.68923317550932806  0.69984818127943027
  0.71087603285215495  0.72170376008439874  0.73223624077233773  0.74243732703644183
  0.75276493335136707  0.76288289251030228  0.77349937452522399  0.78433216194777844
  0.79533215779812649  0.80647782578076854  0.81758297442429673  0.82912408452216857
  0.84003093686391861  0.85079880765708382  0.86143728830855870  0.87286436923422850
  0.88341127474406300  0.89416927110998246  0.90459305958003466  0.91544734290486041
  0.92565330004792934  0.93621875359218654  0.94680361936963975  0.95720987741999353
  0.96766935983117097  0.97848168426060378  0.98941345024556748  1.00000000000000000
 -0.00238204555279830  0.00981104775032833  0.02044970498802760  0.03152224906977256
  0.04287213719081412  0.05384297307450048  0.06449002560863509  0.07508031360327896
  0.08518668271780225  0.09559458019678950  0.10606745419284906  0.11634868127561877
  0.12609826433672983  0.13606859326801921  0.14650756238779034  0.15694707543693054
  0.16684658381123954  0.17685790413319216  0.18713622711513603  0.19804176334422266
  0.20907516588381680  0.22019596982103415  0.23119125158505396  0.24187090994668720
  0.25260866089365436  0.26326698069802740  0.27409971311498266  0.28503299643605501
  0.29617842429940572  0.30753291038625513  0.31872844003697431  0.32951369244278739
  0.34012567667584026  0.35068130325538183  0.36120845824083275  0.37184053501756320
  0.38235506326679808  0.39259514625504249  0.40289704535129567  0.41328827511463417
  0.42375744163528817  0.43416641291688368  0.44455628565088740  0.45480300048227973
  0.46472184554635548  0.47438437678786716  0.48436037789736680  0.49444359121561254
  0.50444244288873274  0.51464310530766089  0.52511312510670127  0.53597717953752122
  0.54666734274305784  0.55734762668552995  0.56779088362130514  0.57843208096250476
  0.58914256484444028  0.59987213211558787  0.61010427801618650  0.62013085918113375
  0.63093668292543903  0.64177383354629436  0.65256224205959046  0.66278111100293435
  0.67297728207732876  0.68305056569785194  0.69302956553313388  0.70288854666399225
  0.71298895858392330  0.72369773961249906  0.73499505064630088  0.74632151773537891
  0.75710808306299460  0.76780356646048842  0.77822331289710223  0.78870401947111879
  0.79951717993441174  0.81035677933431460  0.82104644907357027  0.83161187270673687
  0.84234302709279452  0.85288432511484669  0.86250584745178838  0.87203331907947490
  0.88222540998519861  0.89248343470053038  0.90265722430097628  0.91257746744525892
  0.92296162068420895  0.93392401740061859  0.94491817138089362  0.95610337660447087
  0.96715191801082045  0.97823269191660756  0.98906560865541959  1.00000000000000000
 -0.00232961024629352  0.01062376003578967  0.02142804993284652  0.03237648320819003
  0.04331535739213033  0.05451133320680424  0.06580188580868918  0.07717471658813217
  0.08847017187915884  0.09957623604615301  0.11023189188595360  0.12046664943393326
  0.13045263090112597  0.14069634924843930  0.15081327298322275  0.16143036228744695
  0.17200694296455102  0.18232760921389035  0.19262738245144262  0.20338382101265487
  0.21463642410866679  0.22561802892285043  0.23582069308461123  0.24609527817404966
  0.25644026990940993  0.26682906458185440  0.27684282307711694  0.28683695008741894
  0.29704233273512648  0.30704200773644741  0.31671126406337197  0.32660895412507790
  0.33685548114324371  0.34763430529965172  0.35849101211465473  0.36925613813525654
  0.37955296947809480  0.38971124737073654  0.39984740372266725  0.41043043482017766
  0.42099972238868455  0.43234534915583983  0.44306761459816013  0.45362047293266411
  0.46366651980261708  0.47397799680762875  0.48368783570928853  0.49327650419607733
  0.50308636214953228  0.51286958485446410  0.52294183314268672  0.53294404282971763
  0.54347359942348361  0.55431385469365035  0.56539271690681026  0.57660650935021562
  0.58771962868496286  0.59827291120452808  0.60836618167870471  0.61835379766781451
  0.62847339842418037  0.63856222490383185  0.64878300243599218  0.65914831739978796
  0.66956619376338766  0.68021138623081445  0.69116337358940583  0.70261081539124071
  0.71403560035816271  0.72511119440638250  0.73610984271072577  0.74652385023956469
  0.75689007031985744  0.76693899623023720  0.77698927783359528  0.78691951630384971
  0.79708727087467057  0.80751414185861914  0.81776302694072434  0.82780361653701795
  0.83788229802951741  0.84816124161227024  0.85879718874540134  0.86995293974038512
  0.88147805235189658  0.89301922294621039  0.90422783560303011  0.91515400229723953
  0.92621214317042444  0.93714994402492924  0.94856743944741007  0.95922859874248800
  0.96955445119782568  0.97941234794728971  0.98969785524368592  1.00000000000000000
 -0.00212736149438288  0.00991506482406080  0.01986570453814982  0.03072858340148957
  0.04158722296238097  0.05344776585719645  0.06518851063388723  0.07675521257001532
  0.08789038583994428  0.09889942492366567  0.10931036901146501  0.11953982350386402
  0.12983626583406691  0.14005960342114929  0.15023573654094463  0.16060227531297436
  0.17164121357655648  0.18302186595085940  0.19385843219411758  0.20448731604385773
  0.21476984265321805  0.22511439897420465  0.23512203987304309  0.24520331246102856
  0.25557631032594158  0.26595988818250527  0.27645335811123350  0.28665277034417330
  0.29744239285878377  0.30769407991415632  0.31759620899502139  0.32701354707080005
  0.33671454478716112  0.34708812472999706  0.35762911969670719  0.36785840436374562
  0.37813040581234580  0.38824716479723420  0.39881954321807794  0.40921743722860554
  0.41961532951707053  0.43017237818943588  0.44062476936717454  0.45056961923625971
  0.46018519515621858  0.47017245154802056  0.48052473746868318  0.49085991241009225
  0.50119034991244260  0.51177059584698914  0.52250931863035699  0.53339558160813993
  0.54459450593316050  0.55585871605212622  0.56667668460939991  0.57704905021249453
  0.58741777342584867  0.59792388139202612  0.60866092294569674  0.61926506535949255
  0.62985554444488656  0.64009065636678752  0.65050178445725593  0.66091550023548495
  0.67115718223591880  0.68138626880658371  0.69155864168754277  0.70150230423937832
  0.71162100000318940  0.72237561039573217  0.73322416830698900  0.74424201873866258
  0.75523053166454834  0.76670074870561200  0.77772681351129036  0.78851361320557434
  0.79940598432186905  0.81030432235252781  0.82093748467084238  0.83163811445121483
  0.84222038072637784  0.85258679581560359  0.86234215617667942  0.87201138414643153
  0.88196619659713593  0.89199694384297712  0.90235100000992463  0.91274316951281065
  0.92386099253022547  0.93533213290010864  0.94667047426459128  0.95802042560712941
  0.96909860618365551  0.98001098895037475  0.98992025809740869  1.00000000000000000
 -0.00254073015777435  0.01050819448767478  0.02130755593851289  0.03186837511815811
  0.04242775548887272  0.05306255947056515  0.06394363062603352  0.07520326876888873
  0.08644338078311209  0.09755102735603546  0.10864117184957743  0.11956426569683448
  0.13005727839902675  0.14022294580448835  0.15070235006396795  0.16166842706699747
  0.17256793392429320  0.18316149300204229  0.19362814832413505  0.20422051579701217
  0.21518210126030082  0.22603845257459942  0.23689388862697702  0.24742967129217433
  0.25776200936032806  0.26819495208758753  0.27843652410205522  0.28854828475024874
  0.29871222238290324  0.30912085777950987  0.31999032123624543  0.33085250858236281
  0.34215099329158999  0.35331345735829456  0.36384149650735881  0.37398278770477550
  0.38376809520422617  0.39346341377358873  0.40300064144196163  0.41278753264168216
  0.42306858350083543  0.43377957414410373  0.44411401469144329  0.45436134631844827
  0.46467123753820483  0.47526728136545987  0.48624515912477945  0.49700198875833018
  0.50744377490567838  0.51776534659033135  0.52829390094745543  0.53878061448852888
  0.54875794750234452  0.55844825989830427  0.56906197851716123  0.58025919824501138
  0.59100660612186517  0.60127473312695412  0.61169615464692539  0.62204881115588739
  0.63209385407244234  0.64183017413732069  0.65161987564135959  0.66175396558668709
  0.67215439061412108  0.68262623101404007  0.69313561882848840  0.70358356722461590
  0.71386539952992001  0.72402312670615121  0.73406090200608443  0.74378889132128445
  0.75340621213986869  0.76311155591298019  0.77309581212899525  0.78365872740665077
  0.79469136859432232  0.80572684262082428  0.81663854763196564  0.82703887299211454
  0.83758865139827776  0.84802242961093088  0.85883548674993815  0.86977769778511749
  0.88091327529241592  0.89167143019682138  0.90232749588687922  0.91313847825872008
  0.92382812892565036  0.93443067963102655  0.94496753753007179  0.95585390302713558
  0.96667104019225292  0.97766215077040852  0.98870801776397410  1.00000000000000000
 -0.00253396081766569  0.00974475332762602  0.02067940667683393  0.03179748396927909
  0.04272889880415628  0.05296177815059511  0.06318342289039348  0.07346963753859408
  0.08370770471160872  0.09368516743343661  0.10349151636178745  0.11313303044603230
  0.12266548727910472  0.13262601990847850  0.14274137294462289  0.15336919962551018
  0.16368471125344430  0.17415631003789950  0.18444587173263283  0.19503073043006097
  0.20590087683841538  0.21708767701568132  0.22829636885012181  0.23908825076922513
  0.24955960102941183  0.25992244730705849  0.27041345417881768  0.28062984191795143
  0.29075833118794819  0.30106942785713764  0.31154895654901943  0.32217240565273408
  0.33317011333695484  0.34469116579652620  0.35577160928953716  0.36650439129374612
  0.37723901086926409  0.38789954143364885  0.39819595612061548  0.40794807470420152
  0.41799142867888273  0.42839250510163979  0.43890115903756088  0.44932571429253659
  0.45928296118047957  0.46891509092856326  0.47847533329616537  0.48825507471343627
  0.49847322236730107  0.50877065067185867  0.51921939768629555  0.53023923754611024
  0.54160996712479392  0.55265740167279853  0.56346907252700207  0.57450936044528211
  0.58575170206782523  0.59660866936475865  0.60714204935049698  0.61750756237551119
  0.62769860395114585  0.63790921888036967  0.64852645714961688  0.65939410060884107
  0.67001816986684093  0.68021653435446849  0.69065507868510445  0.70185813851762602
  0.71341157800860100  0.72497526628644449  0.73571996795219130  0.74619747575662321
  0.75657495461891722  0.76740223501050597  0.77838289007809180  0.78896347289328972
  0.79941283470425017  0.80992428685213802  0.82060346313088506  0.83107832791180258
  0.84186727792943106  0.85260338208328812  0.86278592841319579  0.87283831175400561
  0.88371348502416736  0.89480199796359550  0.90534316596024966  0.91533511942913492
  0.92609936390971825  0.93698588249621240  0.94841383209142816  0.95949622212286068
  0.97058088431177825  0.98090752785295532  0.99074252462801160  1.00000000000000000
   2.2194414709691597E-017  -1.0000000000000000     
 T F F T F F T F F T F F T F F T T F F T F F T F F T F F T F F T T F F T F F T F F T F F T F F T
