  0.00000008395758344  0.00000018888440620  0.00000029060857859  0.00000039247015205
  0.00000048923798569  0.00000058633044976  0.00000067744167935  0.00000077165046377
  0.00000086699372713  0.00000096500538260  0.00000106121780772  0.00000115879834736
  0.00000125119507242  0.00000134136858203  0.00000143612512812  0.00000153266532510
  0.00000162254330253  0.00000170662126662  0.00000178825351246  0.00000187067666375
  0.00000195361517045  0.00000203564656766  0.00000211688126976  0.00000219830394855
  0.00000227866852573  0.00000235714240331  0.00000243358897711  0.00000250814391887
  0.00000258247848732  0.00000265830540856  0.00000273475902685  0.00000281074155235
  0.00000288767060876  0.00000296123584896  0.00000303286709031  0.00000310433743211
  0.00000317566719571  0.00000324790719654  0.00000331903720799  0.00000338960201205
  0.00000346033929964  0.00000352994921710  0.00000359840833068  0.00000366726992146
  0.00000373900022664  0.00000380996263749  0.00000387919304108  0.00000394694871564
  0.00000401208780581  0.00000407502625787  0.00000413707485441  0.00000419909783786
  0.00000426245677737  0.00000432662989122  0.00000439192681737  0.00000445967161113
  0.00000452790329985  0.00000459545072404  0.00000466205190686  0.00000472719783882
  0.00000478920194544  0.00000485087958522  0.00000491198212343  0.00000497820825472
  0.00000504716051266  0.00000511635582275  0.00000518744949079  0.00000526204500863
  0.00000533719684056  0.00000541241073665  0.00000548717020489  0.00000556040776145
  0.00000563328643033  0.00000570665609325  0.00000578037536321  0.00000585581080481
  0.00000593465633854  0.00000601856414665  0.00000611398147819  0.00000621097583434
  0.00000631015226110  0.00000641306249922  0.00000652179418551  0.00000663762172311
  0.00000676068814849  0.00000689720691489  0.00000705627535308  0.00000727127059554
  0.00000756911913537  0.00000790077183962  0.00000830445368122  0.00000885867852120
  0.00000972941783959  0.00001111822679108  0.00001225343597073  1.00000000000000000
  0.02377134463591190  0.03550258056087272  0.04817838679280471  0.05999849255145659
  0.07034579670924912  0.07994657466681551  0.08925909210887287  0.09841295082889306
  0.10716748581523232  0.11590774828044968  0.12477847548979810  0.13381507830929537
  0.14287433155507309  0.15198273201470264  0.16098539066276724  0.17018288170690582
  0.17936749705845009  0.18873872774014469  0.19798959623231971  0.20726388754072347
  0.21676905615225456  0.22628377912797615  0.23592726150171575  0.24522571597015419
  0.25467200145012114  0.26445004911276959  0.27430876367506440  0.28395649528278621
  0.29319045421248124  0.30207882368084626  0.31090064622600044  0.31980259957873086
  0.32863759265605941  0.33729594722830991  0.34579016063980295  0.35435633022143431
  0.36324438316116370  0.37242871877275852  0.38188727364075881  0.39167673370231249
  0.40152317504929896  0.41127587651024189  0.42084459588066381  0.43042304583976926
  0.44015979830005691  0.44994809942925018  0.45989257775660930  0.47011221104238754
  0.48026638622559625  0.48998960847850742  0.49933859664977970  0.50849687897308082
  0.51777550418385065  0.52728319440407978  0.53676488269049882  0.54628555735515782
  0.55573466726474596  0.56527406083454623  0.57511626759499390  0.58498761419469147
  0.59454180186184713  0.60381296521798700  0.61314055082641916  0.62251830692198107
  0.63217659014127281  0.64207153186052968  0.65214655895286189  0.66228076231518929
  0.67206330094991584  0.68191371978708948  0.69150957743586494  0.70106551213680124
  0.71087299350777444  0.72079587679755985  0.73076658319104493  0.74074478023623180
  0.75099203140593651  0.76154929982277797  0.77255161526852056  0.78377056815955193
  0.79524117236024283  0.80666297207157167  0.81846092711997576  0.83058242243775615
  0.84193506895622161  0.85298522250468445  0.86406112258180068  0.87565889867794433
  0.88779819608858601  0.90079325849107650  0.91421092435552642  0.92795212974095076
  0.94293261714997845  0.95991307465748710  0.97164715272044044  1.00000000000000000
 -0.00335178203908586  0.01532535692313132  0.03082917495786594  0.04636402805656991
  0.05920669295840181  0.07074903476173459  0.08175236109191553  0.09327660437527883
  0.10569223287335723  0.11855344131550971  0.13136633483795832  0.14388975574719398
  0.15595490200544770  0.16761894923686069  0.17857802185392155  0.18877676661222098
  0.19867740076058127  0.20859677960242032  0.21874513398374304  0.22914771158562963
  0.24003936902213843  0.25129851893366473  0.26256202097102299  0.27344883865209774
  0.28384847314874095  0.29378806742196661  0.30335578902633098  0.31271338478042865
  0.32234170515977317  0.33222481651395036  0.34238714850690910  0.35244342710970950
  0.36233327736037635  0.37221739343814525  0.38204234223202571  0.39196958871808524
  0.40211093450225455  0.41200375489554247  0.42213731569358565  0.43204892400923944
  0.44163942024870079  0.45089043872271123  0.45974146774706931  0.46845268111180161
  0.47707480570225397  0.48572177520616061  0.49441475636016308  0.50320067135262359
  0.51238233641622188  0.52200611741865721  0.53130206748630515  0.54048672920724616
  0.54906287253379193  0.55729902942056697  0.56586494745537919  0.57447377396772525
  0.58339178129912828  0.59289545721763026  0.60275922202028864  0.61281529032302817
  0.62267372902105511  0.63267986724300429  0.64265852782980326  0.65225371775459273
  0.66138017216179268  0.67024460004215347  0.67892518639929844  0.68776277816040332
  0.69652941021946335  0.70474690899586723  0.71386292598936352  0.72391593611306959
  0.73409683909269041  0.74448611913667784  0.75421058068692026  0.76366127734023970
  0.77304959313470434  0.78271170200117823  0.79294410826185746  0.80378048693937854
  0.81482981261747067  0.82615792099046348  0.83712407206144424  0.84815443920294520
  0.85930366239797140  0.87067193162365852  0.88175571069299685  0.89294340731945887
  0.90409958551089020  0.91566995731946554  0.92730630173802286  0.93984328284721064
  0.95272742412138189  0.96629822089482120  0.98180054910910775  1.00000000000000000
 -0.00227306885724903  0.00843410612639042  0.01789407586974804  0.02744472501838204
  0.03721936336401074  0.04702750560149255  0.05727624649076915  0.06743401498188541
  0.07721036866789145  0.08667793683206564  0.09645954384640217  0.10670210195176545
  0.11736529918030673  0.12819091382651746  0.13908944254186770  0.15033454309999997
  0.16163863213933294  0.17274402649293039  0.18367640613775280  0.19435310533802277
  0.20507672433935525  0.21562679315071084  0.22617743125663839  0.23663536210545272
  0.24708673797198807  0.25820445631616706  0.26914080066830698  0.28011796975436537
  0.29096357249299054  0.30303041140518328  0.31477801934043653  0.32586244804375736
  0.33634571822382220  0.34685876980407704  0.35721506895778965  0.36775686059361273
  0.37848545848326864  0.38906729139434681  0.39951399178693625  0.40962532462108492
  0.42000573555274845  0.43014963169157744  0.44110023529390469  0.45230672423814589
  0.46333753898856045  0.47396379574476150  0.48447500308534147  0.49501206353631766
  0.50530165438247132  0.51516774402337717  0.52504868471710187  0.53470322990011609
  0.54454890022790736  0.55452529027777209  0.56489581368827868  0.57555348024995545
  0.58591777155567759  0.59655580011771059  0.60706921525830826  0.61754641570493751
  0.62766795406176545  0.63765501911186440  0.64761169071584701  0.65780157831273622
  0.66833505191158771  0.67949846976584649  0.69136165159371210  0.70349062518624694
  0.71508894864352546  0.72671958974835449  0.73867357587986937  0.75093725238949394
  0.76279468620537394  0.77428039879198607  0.78558734266481001  0.79674850440341505
  0.80775171746543162  0.81863493724513570  0.82960395192107961  0.84046112257337535
  0.85120756206612347  0.86146628264546843  0.87112743650053781  0.88026083267862176
  0.88920339389662784  0.89842665414397926  0.90812329551265758  0.91829652187420396
  0.92891924417512439  0.93966861245257693  0.95033031278038149  0.96069343100297855
  0.97069861512010680  0.98056749072362914  0.99026898093059823  1.00000000000000000
 -0.00239129730323990  0.00957439811457718  0.01955465352188262  0.03006317065420624
  0.04081533803338265  0.05189578962851134  0.06294399951634691  0.07383013657167377
  0.08463789489482944  0.09556233743941366  0.10676083778316638  0.11832590889845351
  0.13048693356513388  0.14281420340767870  0.15451100656794353  0.16517537900060178
  0.17486641927781801  0.18405591772111288  0.19314684937132992  0.20211215226525259
  0.21130781421327724  0.22052206541944397  0.23001577907886833  0.23946487012134976
  0.24892846202355554  0.25866070847943562  0.26860198233735161  0.27862666978660638
  0.28881380349112901  0.29946929293666613  0.30998687234716843  0.31992033785982749
  0.32997605473480995  0.34030428561013754  0.35024163307129813  0.35972158904443191
  0.36913076388155691  0.37889893705989541  0.38870378152666207  0.39872036973022196
  0.40849883202471465  0.41858939165153797  0.42907825127545013  0.44018222172165739
  0.45174996943432394  0.46276685454686350  0.47320421945751395  0.48336290040048951
  0.49312322401285008  0.50303491222144880  0.51297704011048983  0.52303165078978364
  0.53342301887680976  0.54390066711912211  0.55444154289806036  0.56515391940496718
  0.57615965153573412  0.58743656462665550  0.59889194611333785  0.61055207445207427
  0.62247603862443379  0.63454196663480589  0.64631143955198611  0.65745108282152898
  0.66814768369101341  0.67876930854738360  0.68949931397901210  0.69991416977896959
  0.71020803091542917  0.72030891168781142  0.73015369865155810  0.73978335666236006
  0.74968087430340813  0.76005599639399524  0.77031805003945064  0.78027864117683510
  0.79011979336910709  0.80034094094153718  0.81066044839234086  0.82083974147561667
  0.83074470800140132  0.84093702472207288  0.85100532373614879  0.86250692735637702
  0.87448818641284287  0.88556310147175454  0.89624712239044158  0.90660217473768667
  0.91732696856513507  0.92800581049704889  0.93848974627343140  0.95067841661752528
  0.96237899123286741  0.97479667221646926  0.98687131103162062  1.00000000000000000
 -0.00228760033519253  0.00896835979363639  0.01866692965274655  0.02916404078141313
  0.03949583201375691  0.04913100260220398  0.05890770710948197  0.06928278796175132
  0.07989109355076482  0.09011981786579934  0.10026820576051024  0.11035045935010773
  0.12051290599456227  0.13075909480409909  0.14142292373945614  0.15230113862029726
  0.16289441450329112  0.17274779170959864  0.18232449078971111  0.19202137573791056
  0.20188766616112053  0.21181225033103462  0.22150473925228700  0.23136319459019858
  0.24164136690035770  0.25215087552322335  0.26279438977120984  0.27371459181620755
  0.28498417350130412  0.29616114002167560  0.30680385525324039  0.31707639066965254
  0.32696663517687335  0.33686278377625711  0.34683955087319268  0.35737951377292426
  0.36852808242895674  0.38005750413391337  0.39166043704651549  0.40317832518029739
  0.41476353520835102  0.42653667900658782  0.43795219911901817  0.44834364748907229
  0.45894982066160284  0.47014389487143449  0.48123432042406655  0.49164327530976359
  0.50199018344138979  0.51258128780635615  0.52279142240913556  0.53232286793577377
  0.54224959149241347  0.55308759182949330  0.56436809708916191  0.57525657844029787
  0.58664418456151846  0.59880448589667767  0.61000906604685434  0.62040950603109779
  0.63081779954339245  0.64175590901980761  0.65303849644664802  0.66456442538977145
  0.67604899639017590  0.68704527221306655  0.69790027132106514  0.70873033550724984
  0.71934846226843807  0.73034826978615974  0.74137490171086873  0.75238063162425839
  0.76315046659537566  0.77348578718290129  0.78368592885595756  0.79359984877582912
  0.80374309715434666  0.81393188960335316  0.82458781284937255  0.83472193191511634
  0.84543741524766747  0.85595689878259273  0.86652781488318253  0.87690008416571674
  0.88707521330344552  0.89701081943705541  0.90664118835915986  0.91660479683558471
  0.92729788436557925  0.93790954632574242  0.94819398874730842  0.95818874486508154
  0.96865085524112549  0.97917374822555203  0.98962693948398817  1.00000000000000000
 -0.00168516171455009  0.00599872453528925  0.01276198907956335  0.01981966492321611
  0.02718330735601129  0.03492678310047394  0.04306022953990395  0.05165938280352497
  0.06068627417542147  0.06996029386788052  0.07937152914775583  0.08865376704166530
  0.09790418748084304  0.10759787445513504  0.11764204847385032  0.12757826379281342
  0.13731109969053470  0.14729740160414226  0.15757514386674076  0.16814369253871567
  0.17887753627420441  0.18949769469491273  0.20007815659877298  0.21057537654882547
  0.22122560455617998  0.23220573173693784  0.24350898006669086  0.25463035528508815
  0.26503241912012965  0.27514282481913771  0.28514409626273740  0.29589613057942582
  0.30775550484773745  0.31977607197389163  0.33198177518804423  0.34362811776486540
  0.35524097682205358  0.36651116901276132  0.37776091614784924  0.38933071876805769
  0.40093368706592392  0.41254105050422712  0.42440324518203371  0.43666691800855523
  0.44892794901327210  0.46116120624676921  0.47342839335027170  0.48561266483858695
  0.49765114250164294  0.50999331305739326  0.52271762288457002  0.53592130928951487
  0.55008782895963526  0.56434382320855114  0.57798031560179841  0.59129561132915232
  0.60415359419270243  0.61658292234744627  0.62907575655303083  0.64206044984737054
  0.65489864209186288  0.66717376057352340  0.67898663325393316  0.69032199012609130
  0.70133362649878916  0.71217582578986216  0.72316618615363837  0.73439356398678568
  0.74587145998829718  0.75719588437033569  0.76820974256071206  0.77877841864810060
  0.78908828286779131  0.79978155839097376  0.81098773618499742  0.82231133409824120
  0.83315417973197381  0.84331457580734348  0.85332282870026299  0.86338363759916326
  0.87344475657902454  0.88364964020701542  0.89384300533105476  0.90409084774446247
  0.91410971700968058  0.92320782375986521  0.93159986080098400  0.93987746993088161
  0.94788486385182702  0.95573831143765575  0.96354101130060354  0.97126102337676767
  0.97887051200162190  0.98615488405763296  0.99315392170913974  1.00000000000000000
 -0.00215759731301623  0.01012486611388747  0.02015461279143784  0.03017261005825596
  0.04021011486576542  0.05055578990682709  0.06088022344542107  0.07134528815673191
  0.08215129163522118  0.09263818946961404  0.10302060972422948  0.11336710849846424
  0.12356999174341772  0.13367604009250109  0.14371690755161273  0.15421387788196406
  0.16482319021305730  0.17505982461245997  0.18500838730174018  0.19547535038593725
  0.20657197737552033  0.21762008583787804  0.22893886999728405  0.24004303518562492
  0.25090785253267905  0.26090809058428388  0.27107881940982798  0.28190630103204867
  0.29276510485057244  0.30329666790240989  0.31355599352041991  0.32382610706784287
  0.33451546199414689  0.34450710178984079  0.35489394175710254  0.36614893944943316
  0.37701385636608381  0.38747031583577007  0.39742317266383748  0.40858180662581789
  0.41981752888408691  0.43140796297331407  0.44314650873529582  0.45555007764562472
  0.46739378601952231  0.47849484001338038  0.48943493021808498  0.49986724653660886
  0.51042698103885065  0.52090888569339200  0.53108261852172023  0.54093546779263357
  0.55054547504458395  0.55999826952242771  0.56927634402917626  0.57871321967168199
  0.58809624546006667  0.59724654057870030  0.60640773122883496  0.61601940503279762
  0.62587599496804069  0.63612598933079334  0.64660317107617737  0.65701084965339873
  0.66721397675635341  0.67752824317115512  0.68797889759943331  0.69842567397596078
  0.70867517933779089  0.71883265615254277  0.72903597778660456  0.73955504937853300
  0.75015352748580078  0.76056915790590374  0.77085641533156135  0.78102236815758019
  0.79131324310992579  0.80158247804697047  0.81199252131436206  0.82280186565344438
  0.83365173307811558  0.84494898836824006  0.85645951662561626  0.86845503232881260
  0.88018336275415143  0.89174133994735794  0.90345644357534505  0.91524743260342001
  0.92611985569009281  0.93656904683033226  0.94738332165802486  0.95749710683160405
  0.96744318728675238  0.97716403175638600  0.98808296145970409  1.00000000000000000
  0.03084309569081916  0.03663078903290581  0.04520109303353693  0.05456480469712780
  0.06406922882722818  0.07359343408837628  0.08326265453202937  0.09326162241123701
  0.10337344068245402  0.11335810628677725  0.12346147794260674  0.13377918156224849
  0.14402592623993768  0.15448110500969886  0.16512242419460682  0.17586599964707081
  0.18643120737164356  0.19680861133097721  0.20683547674085098  0.21661143938255578
  0.22638952096540532  0.23697222916466848  0.24794339130563947  0.25967070530616360
  0.27176616474453985  0.28269151907489620  0.29355494948495653  0.30394317670122262
  0.31407233214170716  0.32408880603700252  0.33441430040836440  0.34506007650901299
  0.35544116892058192  0.36535802438302695  0.37489307071499300  0.38425876771071954
  0.39389496346163572  0.40430448163008192  0.41474386412629388  0.42494989310976244
  0.43521126760862228  0.44544680554196003  0.45559002499977541  0.46518859811012558
  0.47441858908729573  0.48352132349121446  0.49247483181223106  0.50152682402644466
  0.51086059358632319  0.52017245809554913  0.52955123096786350  0.53907107646431107
  0.54871702492147323  0.55862894415931630  0.56891534387041165  0.57922108824185181
  0.58959316007962093  0.60039325739930749  0.61074259239663420  0.62091359578008753
  0.63111514053852347  0.64150655482560304  0.65171048150486477  0.66169254305457992
  0.67158404921908765  0.68145616184807745  0.69122821648397281  0.70087981037421210
  0.71095640880620470  0.72146641700738090  0.73206082662499938  0.74278869693462202
  0.75323318302041420  0.76413722297768383  0.77459752460074072  0.78518967138802964
  0.79550931631287181  0.80556965026312222  0.81528857383761677  0.82537164813972985
  0.83565933970834350  0.84599297836099219  0.85573779101766656  0.86549449990258087
  0.87571566653205835  0.88627380829843472  0.89659550235832775  0.90608909930688009
  0.91555087662680001  0.92513680158478973  0.93512051818552000  0.94539391715577847
  0.95555347865429907  0.96464743156340726  0.96893948846513622  1.00000000000000000
 -0.01954467155111660  0.11996883685253348  0.16883548765106138  0.20253177917982229
  0.23069863497791521  0.25417515589933520  0.27477885002972724  0.29306473342460226
  0.30848768276004412  0.32269231269482224  0.33645493201667870  0.34966190881345566
  0.36302363684659433  0.37624902304173863  0.38944174139883864  0.40253044871054200
  0.41492808205888587  0.42682750073952969  0.43844940007172262  0.45018797009904082
  0.46200425167242126  0.47307983957680011  0.48348600517511769  0.49345123524471757
  0.50284774045762115  0.51165642280414003  0.52025174803303054  0.52905531181056564
  0.53783613141360231  0.54657847794670611  0.55465110905143089  0.56264825862874746
  0.57039673876488717  0.57818724743521666  0.58604411006772972  0.59367216294548830
  0.60101420694488983  0.60797112024930178  0.61487900757036418  0.62192959640468337
  0.62879850256922043  0.63562683401829279  0.64250288370414133  0.64917540245623584
  0.65557736206944450  0.66176923944350075  0.66783285795604330  0.67376449694887397
  0.67954049465813093  0.68506924098098410  0.69065895779022812  0.69643656849191504
  0.70219550942469289  0.70798265414101147  0.71384194022158565  0.71967789144716598
  0.72544865739784303  0.73107799101345061  0.73626389989795726  0.74161711763428162
  0.74688875009649824  0.75217524344760722  0.75749430876389856  0.76274048746166689
  0.76796971013454751  0.77331938310286563  0.77866855996360640  0.78407263247198544
  0.78944664050437086  0.79459488006250778  0.79974114955740849  0.80499236900146320
  0.81030393550732316  0.81550202230207725  0.82046325354004368  0.82527486182369081
  0.82993299097051343  0.83476772479748107  0.83970174756950888  0.84468951388480273
  0.84964766132535963  0.85460757705585733  0.85973189860532095  0.86514283012347393
  0.87071078389510337  0.87645600010143265  0.88264537969574020  0.88889502168807188
  0.89540859337829404  0.90242717495111124  0.90987537117935158  0.91776286810000918
  0.92686900934126948  0.93799345162225845  0.95583361228710240  1.00000000000000000
   2.5206375372137132E-015  -1.0000000000000000     
 T T T T T T T F F T T T T T T T T F F T F F T F F T F F T F F T T F F T F F T F F T F F T F F T T T T T T T T F F T T T T T T T T T T T T T T F F T T T T T T T T F F T F F T F F T F F T F F T T F F T F F T F F T F F T F F T T T T T T T T F F T T T T T T T
  <DiscreteSampler_grid>
  grouped_processes
  1 # 1 for a reference and 2 for a running grid.
  10 # Attribute 'min_bin_probing_points' of the grid.
  1 # Attribute 'grid_mode' of the grid. 1=='default',2=='initialization'
  0.0000000000000000 # Attribute 'small_contrib_threshold' of the grid.
  0.5000000000000000 # Attribute 'damping_power' of the grid.
 # binID   n_entries weight   weight_sqr   abs_weight
    10   10   5.750090251958876E-004   1.842023086172775E-006   5.750090251958876E-004
    11   10   5.750090252064832E-004   1.842023086173126E-006   5.750090252064832E-004
    16   10   5.750090251958877E-004   1.842023086172776E-006   5.750090251958877E-004
    17   10   5.750090252064830E-004   1.842023086173123E-006   5.750090252064830E-004
  </DiscreteSampler_grid>
