  0.00191704043141587  0.00194674482584889  0.00198631525894784  0.00202608501600833
  0.00206440158784629  0.00210750026067295  0.00215130673976688  0.00219621228746209
  0.00224297738529648  0.00229131381666228  0.00234115979685358  0.00239199409898466
  0.00244400511228731  0.00249525543727855  0.00254764116847329  0.00260016448488101
  0.00265921369371411  0.00271652152942533  0.00277773915661070  0.00284223437789114
  0.00291004277617260  0.00297910742946926  0.00304920020421510  0.00312052878390158
  0.00319418630398828  0.00327217730641049  0.00335369597855645  0.00343421778720905
  0.00351594772472527  0.00360429737841592  0.00369473634827544  0.00379701388403994
  0.00390263326912201  0.00400827530133446  0.00411394104434183  0.00422040217619320
  0.00432982041281611  0.00444356613370477  0.00456156056056275  0.00468343322196307
  0.00480915313769878  0.00494164165784516  0.00508112352980962  0.00522384090030327
  0.00536734680045036  0.00551466533730369  0.00566911201947024  0.00583329785590604
  0.00600644394617968  0.00618684745649236  0.00637604742711047  0.00658263957515099
  0.00679532258274345  0.00701842418949830  0.00725182413099663  0.00749729898351810
  0.00775050228693578  0.00801253880271077  0.00828680716546413  0.00857853040934408
  0.00889152957329636  0.00922517300095215  0.00957801923443524  0.00995723654702054
  0.01035720168709421  0.01078287142109394  0.01125512395333640  0.01176648844389666
  0.01230423707045809  0.01287639660141513  0.01348550451512985  0.01412798517328073
  0.01481499262300992  0.01555253867635411  0.01635625742535199  0.01723197394319243
  0.01820700944445778  0.01929474900974170  0.02047218094877970  0.02173869212778398
  0.02311966286746537  0.02468150634361974  0.02644196518024994  0.02846010129553773
  0.03076273384280621  0.03345982028057858  0.03661531726679920  0.04029365447175236
  0.04472197348724246  0.05020140161006264  0.05692181482877951  0.06635398185831412
  0.08066237025304161  0.10572202952964573  0.18223330674990815  1.00000000000000000
  0.00178840539697225  0.00359748517900259  0.00467749212393281  0.00560384766186478
  0.00653314870956338  0.00746924262766419  0.00843373813911423  0.00942829842587545
  0.01038727255456441  0.01134366621499380  0.01237990769951319  0.01351104449429134
  0.01467195800243085  0.01581781661703522  0.01700799546863850  0.01825894639626255
  0.01957539290831907  0.02095526041712293  0.02239744802075748  0.02388935363557899
  0.02541367826757554  0.02696814327124013  0.02858873021969094  0.03030085044845357
  0.03207753151521835  0.03395344942495791  0.03593011560218759  0.03793976113318442
  0.03996094604855298  0.04204361419074353  0.04420614068105992  0.04638798701339892
  0.04868127781091543  0.05106874896255215  0.05345609456947873  0.05597499886183938
  0.05855619991794155  0.06124438585348823  0.06403072164455201  0.06702593009085811
  0.07015628867209896  0.07338447620289490  0.07672316271227130  0.08010601712513486
  0.08366948305197978  0.08747524403878565  0.09144787533418404  0.09552672742264602
  0.09970149921534023  0.10397879509793886  0.10838259949420452  0.11298897687574773
  0.11786742290081399  0.12299676223646745  0.12846092001112644  0.13375067530560375
  0.13920604007446391  0.14484023912580135  0.15066892490385905  0.15686199411453283
  0.16327460090909268  0.17002818497368366  0.17705043562510164  0.18434994122093748
  0.19190092901869424  0.19957068125331037  0.20743212053352195  0.21573490396940348
  0.22442068571044749  0.23353236182141146  0.24286811718938245  0.25245058962090788
  0.26285701907145109  0.27398896471236006  0.28576619541699011  0.29774517779835769
  0.31003410316015806  0.32320518696055656  0.33733730030718140  0.35236017524454910
  0.36840766610745679  0.38496734150617601  0.40279226224995429  0.42145890836605748
  0.44168364986323427  0.46352977598311634  0.48736949795638335  0.51331003625564608
  0.54207896696675673  0.57457097449996664  0.61062873261325701  0.65061288427822350
  0.69706654472489271  0.75465937466287347  0.84557640398477718  1.00000000000000000
 -0.00227783505977912  0.00933541688695201  0.01945052590215446  0.02971801486189454
  0.03965331007339447  0.05006551553014982  0.06066299053039933  0.07112067285099398
  0.08120151146164963  0.09132540960721554  0.10181840119112905  0.11242207288724375
  0.12299477092295645  0.13329203036120202  0.14342273546239370  0.15336550871092847
  0.16358835797397406  0.17413751900213389  0.18515141846233737  0.19589999427943278
  0.20662371306815039  0.21721875403355134  0.22784537783309008  0.23855041886863934
  0.24925049046590037  0.25978101650143537  0.27045921884853097  0.28129652861531979
  0.29216401205088993  0.30288435297012434  0.31354644453331543  0.32458355836059777
  0.33562401548992621  0.34651970332800502  0.35737657019466307  0.36816150586603458
  0.37873033643166865  0.38935215152379499  0.39986027614189651  0.41045662296735813
  0.42104818634771479  0.43149497025575445  0.44198416845157446  0.45226082883401836
  0.46272909331431283  0.47356859050869637  0.48476773290071867  0.49578685568937936
  0.50656698809445533  0.51724018671129113  0.52793143094867245  0.53859211435084842
  0.54936418115935992  0.56035081151609667  0.57120922273673880  0.58177783493110624
  0.59226526590356299  0.60277880264008210  0.61336612928148626  0.62381783531143042
  0.63437004961106214  0.64462008794297443  0.65471801859786383  0.66476739618557312
  0.67498779206602988  0.68518604307362319  0.69510312777449890  0.70510806958750250
  0.71526800299078475  0.72545314037561304  0.73546992439759906  0.74549470802067463
  0.75595604116623472  0.76636827625221737  0.77675727126146110  0.78721782147205022
  0.79819297764880892  0.80935505851520628  0.82016601293185654  0.83058383360287480
  0.84062751658232104  0.85074855300811181  0.86119659056059417  0.87190535625309895
  0.88278615705625296  0.89370361288514033  0.90468288204905134  0.91575069731033343
  0.92647926704004802  0.93681135970010443  0.94686150455659290  0.95660379430236653
  0.96700036086948715  0.97757384460135710  0.98891623344986457  1.00000000000000000
 -0.00219315257480881  0.00899868741608550  0.01859349264498004  0.02869760851994727
  0.03942373570501827  0.05008888299938535  0.06066303793981627  0.07103499310955000
  0.08182753406983514  0.09278360502607592  0.10396924172441641  0.11482526907283107
  0.12558618007218053  0.13597039447819750  0.14645145944171076  0.15690101616703048
  0.16755445459079102  0.17832432409228255  0.18915638599850160  0.19979502287776410
  0.21029506065102069  0.22071467543252354  0.23133655488815538  0.24225278497923239
  0.25292105975628754  0.26324652929457859  0.27357534276655948  0.28392464157038172
  0.29464967406664544  0.30550396438808619  0.31635298357971070  0.32696305913678986
  0.33724136835354490  0.34751116586495645  0.35774252119951677  0.36760886118557701
  0.37755149402954646  0.38749338195462524  0.39773778219126193  0.40804271133828945
  0.41852089354060035  0.42891843597334789  0.43933669511848228  0.44965280149173920
  0.45995248797365612  0.47032385507948815  0.48085922325098102  0.49159690391337008
  0.50238469769258787  0.51306334271359577  0.52398120213714294  0.53509121292580319
  0.54646800622825420  0.55746070038319540  0.56816155723669959  0.57847999842879505
  0.58898237218699723  0.59991594379337043  0.61103698514460825  0.62171129625054189
  0.63238530186650355  0.64306519434197573  0.65388332225452717  0.66462776209688823
  0.67553333126445925  0.68656115116610350  0.69734829341763160  0.70784405736529254
  0.71800753534530082  0.72802824406164801  0.73807149861732468  0.74813872036783102
  0.75842353480799840  0.76897540128713060  0.77973370680545051  0.79051608128861617
  0.80113620467320590  0.81177304357262159  0.82231493023839675  0.83281478495205563
  0.84293365757905481  0.85248424596973693  0.86218323208703185  0.87212552760287376
  0.88289798968113320  0.89371929976747366  0.90464226488748434  0.91547230718452299
  0.92577494781813274  0.93619517856687140  0.94663027193605642  0.95712333755990997
  0.96770503439711220  0.97834070392779815  0.98924308054995969  1.00000000000000000
 -0.00241569960964840  0.00961654969236800  0.01987047447999904  0.03088273713053536
  0.04186185838921179  0.05224452660852855  0.06210501942889390  0.07232768453108916
  0.08303745757002656  0.09351776312883464  0.10434423514575775  0.11546407325326484
  0.12669552398694889  0.13726707783838471  0.14740285323721497  0.15765780042211230
  0.16794763461995638  0.17794305050836970  0.18788484499095376  0.19806970931500459
  0.20872150177174401  0.21974892931959109  0.23102741873369448  0.24222397044349325
  0.25307143117716030  0.26372218831624333  0.27398954454268259  0.28409528661304773
  0.29408284656616646  0.30403970823114079  0.31409492860744803  0.32401533314365705
  0.33389701487296364  0.34438539348194658  0.35472047683495506  0.36523822047656057
  0.37576050222861918  0.38681028920866484  0.39728025216772667  0.40740141039809497
  0.41761574953457009  0.42807861596462815  0.43872143653077822  0.44917288009430373
  0.45927258143074878  0.46954707726495476  0.47983328970858080  0.49024447903697055
  0.50044255798764914  0.51096336573945023  0.52173568027204542  0.53245436547530656
  0.54304905239446100  0.55355145077115764  0.56409046107978322  0.57489391711123394
  0.58633226561108287  0.59786697490527119  0.60905165065744804  0.61985602296960807
  0.63051936949939758  0.64105372125177207  0.65146685357255241  0.66172903137365002
  0.67205851674285555  0.68266737143707479  0.69353673368558177  0.70452265318112395
  0.71513284600644889  0.72558739069413825  0.73591944205082971  0.74660092643076381
  0.75738409588232358  0.76854234984339576  0.77956437709987936  0.79049498551094155
  0.80103933084050705  0.81141663365113736  0.82178952025089480  0.83225977197170065
  0.84266241580990475  0.85319168188533290  0.86349730378576040  0.87398159808305065
  0.88423585468524191  0.89431044928716963  0.90446397044039095  0.91483403406997577
  0.92545649403900776  0.93608152266481925  0.94682519273446231  0.95743448349953741
  0.96821468788834342  0.97883867820907799  0.98951469870300635  1.00000000000000000
 -0.00252062134651098  0.00997056993882164  0.01975987115031308  0.02967775537638383
  0.04025062981812595  0.05148638640866577  0.06244198509439478  0.07282934156092885
  0.08326730488009970  0.09371055590989297  0.10377072155810034  0.11388962489265510
  0.12409493524653778  0.13418533703368538  0.14453480295968454  0.15448587002974185
  0.16500001272062248  0.17543276043589970  0.18600126493515692  0.19680738673055770
  0.20766666960338603  0.21848793654909254  0.22891279397624800  0.23943038908027753
  0.25015671945708345  0.26107435419490183  0.27201052345939286  0.28294324801863696
  0.29359324101562762  0.30411245368701950  0.31453863194077597  0.32512643889656023
  0.33596034104218087  0.34672502750608003  0.35737001933694396  0.36802593863043481
  0.37875232260433211  0.38965839120931811  0.40056457524115607  0.41142301184525332
  0.42218101490195725  0.43270726061233439  0.44302671483137007  0.45323400711856304
  0.46353502663049317  0.47404411912844618  0.48470818862887721  0.49532479663092976
  0.50588266841044960  0.51638785622641781  0.52696324446309495  0.53754346317121438
  0.54812663809026285  0.55850895820349078  0.56866614216664002  0.57866700601234045
  0.58860148996267925  0.59854553579826197  0.60880466754715423  0.61902982693262787
  0.62972270304444666  0.64070176638442689  0.65162631917425806  0.66246505312901283
  0.67295322091875687  0.68371533089607384  0.69421176167464060  0.70443249015537501
  0.71480124428758118  0.72525349545508000  0.73606683000491546  0.74681006222760093
  0.75738125594756933  0.76780329197202479  0.77813859752541381  0.78827565047986459
  0.79841886721249289  0.80845283523269507  0.81879341325764388  0.82922797359817912
  0.84026618255287877  0.85192521837828150  0.86275868666168376  0.87322790619863566
  0.88323662708518724  0.89345241425536703  0.90361871918971626  0.91377732069873419
  0.92447916363400096  0.93560259024892511  0.94674422169918060  0.95774094877053784
  0.96820651085281395  0.97844482127778032  0.98907414382807379  1.00000000000000000
 -0.00240765395924941  0.00967146762289436  0.02007636916831424  0.03026557558776450
  0.04077423419049164  0.05122758085408885  0.06140523520487575  0.07120914964006042
  0.08116446867144629  0.09142015071659546  0.10209696250254290  0.11283600988489520
  0.12407853024491471  0.13491750643498132  0.14600598930482067  0.15685912720645884
  0.16794705582367450  0.17850979937934314  0.18895159528850572  0.19927222623475771
  0.20939933882804379  0.21960086600814152  0.22965324364648457  0.23968469804437542
  0.24965692168467313  0.25978514084465459  0.27034805581637672  0.28118384064669955
  0.29211256640621303  0.30283299700077215  0.31309545915814585  0.32319788747616995
  0.33357425601445273  0.34470457774096602  0.35602043441617542  0.36714062076601417
  0.37807832207250103  0.38899112371621980  0.39983073967451627  0.41026967019946270
  0.42028180767503942  0.43020487877265318  0.44042063308213203  0.45108055438744660
  0.46191110575870259  0.47287154316635338  0.48379630783685351  0.49463358480482655
  0.50507802129038903  0.51515857056269498  0.52556293247183350  0.53595994454203510
  0.54650729479652582  0.55673387986709066  0.56716880026740046  0.57767564799600679
  0.58798806148653415  0.59866290924145449  0.60934137464722737  0.62023542969622092
  0.63072511802513009  0.64162169747930620  0.65206774241773358  0.66231421859238815
  0.67265877540509933  0.68352358871071350  0.69439597656353791  0.70518655806162311
  0.71581427131445829  0.72644124712069924  0.73666587379619297  0.74708481874026100
  0.75763064319417139  0.76800615287246310  0.77807956145209978  0.78780559150567031
  0.79800517084203171  0.80831682244499337  0.81863853835098621  0.82908868022877957
  0.83985814402645553  0.85063145969149379  0.86091335116735934  0.87103469331324745
  0.88127335838488341  0.89172918595532213  0.90257213072328457  0.91338531755653252
  0.92397733663144799  0.93430781645067418  0.94533576801161512  0.95666720835520946
  0.96745946323702880  0.97828646012542730  0.98901208337353397  1.00000000000000000
 -0.00244252731773768  0.01011368095294142  0.02048116474668848  0.03119880664322382
  0.04184547869352561  0.05290053632052157  0.06335457797438016  0.07353676849486009
  0.08361484623647646  0.09387512612992752  0.10471568688142699  0.11539564201537178
  0.12595085629047670  0.13588413059111357  0.14570312778923700  0.15597625369954643
  0.16645581075520560  0.17687384329774639  0.18708736272426360  0.19742468211207731
  0.20745690414243295  0.21717657233806764  0.22703620720591780  0.23781817620555579
  0.24908972640261873  0.26018684197661252  0.27093359142849532  0.28131971010441198
  0.29195804129669839  0.30274585292492329  0.31362188197844210  0.32441412865266661
  0.33510537155710168  0.34570934050144930  0.35599745647292019  0.36629356962130094
  0.37655613629420259  0.38691686694861227  0.39733865912945160  0.40808968433238957
  0.41903041298629040  0.43012700044202840  0.44126968793881466  0.45252962097549010
  0.46347959802382954  0.47388420173015572  0.48390301742721398  0.49396365607857845
  0.50446106132839841  0.51496787798411858  0.52533010077369335  0.53556787816042262
  0.54574095165441638  0.55610370613731019  0.56689152028131296  0.57792506887408945
  0.58870530819416678  0.59910631317560747  0.60961744737093193  0.62071215244066480
  0.63185695430880462  0.64282202690148194  0.65364751963426582  0.66406446545786169
  0.67415452836902123  0.68403777911094443  0.69403337019690903  0.70432544765272487
  0.71495349046016521  0.72592092236782835  0.73677846974294248  0.74761337781145043
  0.75827516966189190  0.76907051066753040  0.77974749044674485  0.79032393517323896
  0.80075175972253299  0.81125519370974586  0.82194738798001143  0.83253461805494466
  0.84298841373706546  0.85369616817805405  0.86451504140436375  0.87476329648649376
  0.88434449301093987  0.89374099113693384  0.90341321154998500  0.91363943227480693
  0.92440181072952143  0.93500314170737608  0.94586044115562862  0.95663998856749832
  0.96761906760770966  0.97878383474692165  0.98943792064328573  1.00000000000000000
   2.1603423604306443E-012  -1.0000000000000000     
 T T T T T F F T T F F T T T T T T T T T T F F T T F F T T T T T T T T T T F F T T F F T T T T T
