  0.00191695818485494  0.00194781267757118  0.00198852002133121  0.00202772385168071
  0.00206993536894349  0.00211456103361439  0.00215967460659147  0.00220408705946106
  0.00225085456602043  0.00229871018080981  0.00234787619835105  0.00240002885817446
  0.00245488058791700  0.00251063771798596  0.00256628565380338  0.00262219998682447
  0.00267922416278688  0.00273775797282891  0.00279758561525368  0.00286237889114153
  0.00292881859774442  0.00300062654840315  0.00307583641703286  0.00315202113879089
  0.00322841288477916  0.00330600926443504  0.00338674080407930  0.00347140221863712
  0.00355849324700716  0.00364771314309674  0.00373968492970832  0.00383375701964444
  0.00393068350302917  0.00402800994026464  0.00412892388633209  0.00423203350270686
  0.00434040753432115  0.00444979335414545  0.00456379823679041  0.00468180058330670
  0.00480905114377259  0.00493576162798235  0.00507380828563837  0.00521617178844909
  0.00536489166934735  0.00551992888273321  0.00567958047369563  0.00584455086801594
  0.00601588921122305  0.00619225387877373  0.00637436446494486  0.00656589589108072
  0.00676645092969146  0.00697528337082804  0.00719562532024939  0.00742752699143564
  0.00766624216658111  0.00791705412259921  0.00817765861395330  0.00845178483830606
  0.00875244578758970  0.00907976545509467  0.00941633805323971  0.00977145157944517
  0.01014794623905857  0.01055148127316620  0.01099057548699988  0.01145367544918915
  0.01195504860783425  0.01247241094409115  0.01301316497097484  0.01357555919307098
  0.01419246691501233  0.01489121229492617  0.01564703588958452  0.01645986656760335
  0.01734262302276447  0.01830340461209097  0.01936063231278239  0.02051087598735591
  0.02178873009052178  0.02320959827822060  0.02482225717641427  0.02669937272332959
  0.02887700788266899  0.03140284433382123  0.03453376969797768  0.03865936940721885
  0.04363632891326790  0.04923615627840708  0.05626662656333918  0.06634573494012680
  0.08081183325005194  0.10507934945771408  0.17689327106717490  1.00000000000000000
  0.00461406509285323  0.00594972740110411  0.00664642363749324  0.00739786690241878
  0.00815617077903775  0.00893953583121023  0.00974684066132268  0.01058974819686922
  0.01144069151330274  0.01229559706449989  0.01315441415296436  0.01402502222602968
  0.01491331021190979  0.01588259923398247  0.01690916907985548  0.01802231346977792
  0.01916879196737684  0.02034121546990626  0.02154285664989329  0.02278582378480899
  0.02408961118102146  0.02543852113760199  0.02682548964391966  0.02827476397313558
  0.02973791185472524  0.03125390900585374  0.03284813350877785  0.03462405205581742
  0.03642324973807674  0.03828955799006561  0.04019996153183097  0.04219456094648402
  0.04425308794479726  0.04639071576228568  0.04858591460105412  0.05081717124274609
  0.05309839990470606  0.05550561558499203  0.05812141874770818  0.06087772566510467
  0.06374721703599265  0.06666930958514171  0.06962401490485488  0.07263710075689978
  0.07577078370992196  0.07905589015242619  0.08245613296736497  0.08604840622498232
  0.08974988944712887  0.09353209297799304  0.09749239842747648  0.10164150779951688
  0.10588054048648446  0.11035065808711696  0.11493845848738282  0.11969271138601209
  0.12461488001222658  0.12966879628734690  0.13480772107786568  0.14007472868904133
  0.14561731452205659  0.15141248186703488  0.15744562093560857  0.16383586380434267
  0.17062434116873484  0.17768803173112496  0.18509196932164360  0.19263902663362481
  0.20065282781309751  0.20921546360333174  0.21823369263291567  0.22769390666082007
  0.23765942740639495  0.24811300805629127  0.25899717684097201  0.27031965135056596
  0.28205691189248733  0.29445062578448589  0.30824436423511092  0.32351250816284643
  0.33977601264939089  0.35710550445022915  0.37533588121162742  0.39493565829111904
  0.41608205475700261  0.43882136202893102  0.46348417328138752  0.49031855123651513
  0.51974907671150794  0.55333629433953058  0.59191168994442700  0.63673019783449203
  0.68901949350425173  0.75285868630926134  0.84639696449166768  1.00000000000000000
 -0.00247269969598789  0.01012091269825445  0.01988729315423064  0.02993970710596958
  0.03985931228114199  0.05024487276434184  0.06026147393910068  0.07072880511230301
  0.08108970488614506  0.09157266372393592  0.10196934890652741  0.11273598358460295
  0.12355507001711621  0.13415181204050217  0.14426978855950467  0.15427831228082609
  0.16436035394582041  0.17458849599664847  0.18492893305679572  0.19497020735465817
  0.20504424493332959  0.21509086453836446  0.22562613508241885  0.23609641135096043
  0.24714395787837473  0.25812596757693818  0.26954724579414202  0.27975377564297826
  0.28979380306876762  0.29983112290442820  0.31003712545667539  0.32101868495097452
  0.33164150853929442  0.34262451322638465  0.35317001337810910  0.36331754675163341
  0.37353127745075287  0.38364072996582538  0.39395796619192652  0.40469904374226295
  0.41566742145211277  0.42724337921331462  0.43854500048633344  0.44950218597628833
  0.46034548062319264  0.47104619851793178  0.48158568588735839  0.49177277409142367
  0.50216351204304688  0.51273257923155113  0.52343737905372778  0.53410378245791590
  0.54472625474203218  0.55515272765272206  0.56552759559094812  0.57545870627480078
  0.58526579945323842  0.59490108378130890  0.60532367134803777  0.61624038028262484
  0.62698460348556340  0.63748059739260376  0.64829231644355689  0.65941952003163973
  0.67040433604203575  0.68080863688635362  0.69150371902762198  0.70222927991119322
  0.71268173582418914  0.72305917407073250  0.73380573104051861  0.74467191779449315
  0.75558418083585221  0.76629130016600244  0.77709651755101072  0.78799309026653097
  0.79920472263422759  0.81032665534320991  0.82093167092704433  0.83115096071356331
  0.84155783399621598  0.85225074849241955  0.86283521774803562  0.87285690171765895
  0.88320219576341152  0.89333002728899014  0.90402902880888369  0.91464659145176175
  0.92541517576306442  0.93617196317289819  0.94682116196897637  0.95761200402109903
  0.96830973183069158  0.97870378024843485  0.98930558713709338  1.00000000000000000
 -0.00220392295825010  0.00880678823943497  0.01833105573100204  0.02898703019671590
  0.03948953085183181  0.04983802578811541  0.05978582276044450  0.07073574455936606
  0.08155085016957790  0.09228188216614119  0.10278731217845505  0.11359657092946382
  0.12405431031626708  0.13427836425744846  0.14407452954011918  0.15411791648942702
  0.16444407837527383  0.17509554883726733  0.18588542183913845  0.19644019639284954
  0.20711465487902000  0.21778496350176249  0.22827543748483328  0.23836092026041356
  0.24868723647388577  0.25910756512166011  0.27008363072288111  0.28063210320311632
  0.29110052542436671  0.30164705389067681  0.31214330368439508  0.32244776691731863
  0.33294482006820808  0.34357908482484856  0.35430888464883592  0.36501294734452605
  0.37569729869472729  0.38647901791139000  0.39707154389821819  0.40745078202803980
  0.41804801559491750  0.42873957394793610  0.43974926134800368  0.45071090675979936
  0.46174701241273752  0.47230343641877082  0.48255490241585614  0.49319071496520001
  0.50353226413515473  0.51429074131176977  0.52520881855733781  0.53624131072357706
  0.54740461294992371  0.55815130526485968  0.56907997822645284  0.57991674326706077
  0.59090164767773479  0.60207212934220833  0.61325306113388600  0.62459293497920632
  0.63542903905508863  0.64596702760371827  0.65644972874202934  0.66719060280896747
  0.67774983081593165  0.68827480453187051  0.69887166899579611  0.70966894440685135
  0.72054303248330642  0.73121845966434929  0.74171535859916815  0.75198013118236218
  0.76263761111892703  0.77360567747190467  0.78464112768505134  0.79536504374769867
  0.80581969681838861  0.81601237500364321  0.82613874089144101  0.83624819690827690
  0.84617699256839785  0.85613231276809698  0.86629525211053182  0.87665400034493723
  0.88698404155448907  0.89716837923612103  0.90692113283841114  0.91655018137904287
  0.92621706401354165  0.93611022798491339  0.94621200920055470  0.95660183139281030
  0.96770871209058706  0.97905204148552516  0.98965345472749189  1.00000000000000000
 -0.00241510209100356  0.00978883796113364  0.02009609287727425  0.03046252111366743
  0.04107711782036558  0.05164858976307624  0.06215114882294357  0.07250435070901821
  0.08297408682698096  0.09357331301402695  0.10463639481588961  0.11546622468398957
  0.12656628319378163  0.13742658569524208  0.14831931179152308  0.15896628090892823
  0.16989111870359927  0.18098574132109488  0.19202713597799240  0.20296341091817371
  0.21382472605007766  0.22446950682965403  0.23511564905395177  0.24568017028734154
  0.25640776501671492  0.26730424236945188  0.27844935829651646  0.28970175219272398
  0.30099513475645034  0.31197803724243589  0.32244632903391202  0.33277515633961430
  0.34319607092343979  0.35347973151259532  0.36338430032076219  0.37327590345213901
  0.38342207781222182  0.39386636493836391  0.40421224568475250  0.41437718802522611
  0.42431144713786728  0.43424738997998447  0.44419459890756402  0.45440575899984981
  0.46478330934513712  0.47504582710080029  0.48497686891371233  0.49480997899972773
  0.50484862665668995  0.51510649432536570  0.52523258264020745  0.53557624226392919
  0.54617558463302374  0.55681578307022250  0.56747171716640610  0.57789100842880536
  0.58848722622483018  0.59878621576880553  0.60908729746966306  0.61963921955403345
  0.63022995937328585  0.64068535895288503  0.65102211221176065  0.66108273413363350
  0.67146920718178826  0.68173444028203412  0.69218691542627353  0.70231346844446207
  0.71237177527339390  0.72255158152640375  0.73304084765798572  0.74356389200283168
  0.75410381356235889  0.76431896276996669  0.77484147400809633  0.78520132049797786
  0.79601778222902841  0.80688664186162662  0.81822234213326750  0.82939907412063318
  0.84060897033047755  0.85153783033819685  0.86218505294778414  0.87263981410633307
  0.88330957295861956  0.89382737852805294  0.90458764908175682  0.91536776993276159
  0.92583633950811839  0.93648195249579569  0.94658923898589620  0.95740430196415383
  0.96801470155094305  0.97869635421170598  0.98931688328332812  1.00000000000000000
 -0.00243122867131582  0.00956623025808429  0.01962523437263125  0.03008312275787847
  0.04019674285921484  0.05072248678527910  0.06141501891701980  0.07196349751381700
  0.08279410982239850  0.09376585297725469  0.10515086673481515  0.11622057197755037
  0.12714719754988194  0.13788311698575384  0.14831112713738948  0.15860286334685061
  0.16931147073687419  0.18001123827415458  0.19055844443663678  0.20115266417760394
  0.21189951139867319  0.22295323825862531  0.23340785871679637  0.24374442199272878
  0.25400955826303800  0.26458385275608892  0.27545451627962209  0.28584925539795086
  0.29666585003074780  0.30699828009254637  0.31791319335498064  0.32873442501290639
  0.33948249690945054  0.34990464090608797  0.36009529541421842  0.37029910019042706
  0.38057592547562752  0.39071562723012893  0.40088870937765109  0.41138480959678037
  0.42188394402741752  0.43228756804774049  0.44265570985921909  0.45332607795947427
  0.46415644972264425  0.47475641388755552  0.48518786434478400  0.49541853165356181
  0.50565104908137193  0.51594598608044706  0.52641851087950853  0.53704853603754243
  0.54734881833125404  0.55748770220910404  0.56729916493207955  0.57720423575583413
  0.58731926616146524  0.59758797566803779  0.60811745727693767  0.61876242279853144
  0.62939219533186985  0.63998470016775300  0.65063850200161344  0.66129567009905932
  0.67188865166926992  0.68224702700678386  0.69266722081690135  0.70308728443324842
  0.71331538647919601  0.72359239255849428  0.73411086016977634  0.74468805321434461
  0.75517430669174224  0.76554383648579150  0.77611973780868704  0.78670373703778773
  0.79735496027883412  0.80775830050825792  0.81810022236825519  0.82855084585791372
  0.83937415898195145  0.85016037734734340  0.86100227461164969  0.87162821906072052
  0.88242842225391183  0.89306462501323547  0.90374231939470062  0.91418504206136975
  0.92486000664064727  0.93514219079820959  0.94563097472795776  0.95612129247116850
  0.96715214690708229  0.97828102972529640  0.98916628021330066  1.00000000000000000
 -0.00264914472590883  0.01004079932971141  0.02067166338282222  0.03124584276030359
  0.04172378538946050  0.05263901099627125  0.06356237435697738  0.07383320849368384
  0.08376857526969077  0.09376968317459759  0.10384816553349595  0.11400634254087781
  0.12398321964184386  0.13459893580551666  0.14516526225972870  0.15559212255668683
  0.16584777146015311  0.17615710841952251  0.18664140746403460  0.19708009650525710
  0.20754209706704382  0.21792263028399145  0.22843226972925465  0.23920957338054652
  0.25001916922476158  0.26076792206533900  0.27141839700942710  0.28192022222664759
  0.29236560732415856  0.30284596134101149  0.31340395761664414  0.32402698440034139
  0.33477656174370973  0.34578179448732443  0.35662990195650157  0.36721800350794931
  0.37783864134112233  0.38864321818448649  0.39934003014039915  0.40990876955354916
  0.42035196907279138  0.43120178928281716  0.44189654649360410  0.45251337229978661
  0.46316175973360574  0.47388488730849904  0.48432556284524325  0.49450169456515458
  0.50435379562401850  0.51408196981945053  0.52389629525727865  0.53410028530710496
  0.54502824688274043  0.55620641204246823  0.56740877760792807  0.57855707387241750
  0.58926489778826141  0.59938127545096509  0.60966965076104640  0.61988705501239283
  0.63029485782205819  0.64052782123642849  0.65070117735278743  0.66092869984459224
  0.67092674707458866  0.68081906205922582  0.69068755706789053  0.70088299558521494
  0.71103059567599103  0.72129760509319674  0.73165710072950507  0.74231781071373804
  0.75319565735081306  0.76410078376932089  0.77494809149084076  0.78573559156874206
  0.79627410361265905  0.80696890817340849  0.81782405569467687  0.82886829245683347
  0.83991018666065931  0.85072312951378193  0.86106641114122073  0.87163845192987743
  0.88235072026374339  0.89408696102664453  0.90506252218746819  0.91615624355624303
  0.92671361031584809  0.93712188643664707  0.94769449034439002  0.95778395672467809
  0.96809944005481974  0.97845517048193131  0.98900323423788572  1.00000000000000000
 -0.00244926212615642  0.00899973942851224  0.01834813506869298  0.02800469647683286
  0.03774297596257617  0.04809267592453500  0.05838690595241491  0.06888137416850311
  0.07910795086283393  0.08955090592101093  0.09980009858663183  0.11038775536056235
  0.12091661632742819  0.13119206303866657  0.14127005080743293  0.15161711720881943
  0.16224179069002598  0.17264305929116286  0.18305245870191253  0.19428233700783593
  0.20542023314135358  0.21556280242961290  0.22546825941621182  0.23593555914832640
  0.24644161036201309  0.25687801502101837  0.26728547070689834  0.27810004660499671
  0.28921203808657070  0.29980370656522032  0.31073385866154485  0.32156472576456296
  0.33303846723747266  0.34394537650113044  0.35446100890715782  0.36495012867530113
  0.37550116411615020  0.38627943206436094  0.39684456001614221  0.40739741890130782
  0.41775758986868322  0.42828582268927423  0.43862944008357257  0.44915084787734544
  0.45959254396621996  0.47022604630923709  0.48045807543654567  0.49087407493684021
  0.50126395081316533  0.51208778725065796  0.52300538007783115  0.53413125642597814
  0.54467388806933981  0.55493726584889180  0.56549979223455416  0.57623046239702891
  0.58683988049833335  0.59696874605021011  0.60725197267333730  0.61778798489260922
  0.62861175827695348  0.63953215412651032  0.65053933347531101  0.66159567448690892
  0.67205238431945813  0.68225787560389872  0.69192343275063051  0.70164987349741037
  0.71152144013366736  0.72177812937564412  0.73233143269312029  0.74314042354922927
  0.75382881882773378  0.76452716161001788  0.77492801456795635  0.78568343460817625
  0.79657762814839617  0.80756957252327521  0.81847408309525205  0.82936417668422602
  0.84057415135249647  0.85125263451812438  0.86169480683953359  0.87198488279074693
  0.88265819146455260  0.89329763440628296  0.90448644163984515  0.91512013225574462
  0.92612588909237903  0.93684037408727738  0.94771971545536748  0.95852420411470141
  0.96891531932499930  0.97945176639956799  0.98981008672087190  1.00000000000000000
   4.1492622227178504E-012  -1.0000000000000000     
 T T T T T T T T T T T T T T T T T T T T T T T T T T T T T T T T T T T T T T T T T T T T T T T T F F F F F F F F F F F F F F F F F F F F F F F F F F F F F F F F F F F F F F F F F F F F F F F F
  <DiscreteSampler_grid>
  grouped_processes
  1 # 1 for a reference and 2 for a running grid.
  10 # Attribute 'min_bin_probing_points' of the grid.
  1 # Attribute 'grid_mode' of the grid. 1=='default',2=='initialization'
  0.0000000000000000 # Attribute 'small_contrib_threshold' of the grid.
  0.5000000000000000 # Attribute 'damping_power' of the grid.
 # binID   n_entries weight   weight_sqr   abs_weight
    10   10   1.634098242303874E+004   8.749086122306194E+008   1.634098242303874E+004
    16   10   1.064003682020870E+004   3.622240550643712E+008   1.064003682020870E+004
    22   10   1.064003682020870E+004   3.622240550643715E+008   1.064003682020870E+004
    28   10   1.634098242303874E+004   8.749086122306200E+008   1.634098242303874E+004
    34   10   1.634098242303875E+004   8.749086122306198E+008   1.634098242303875E+004
    40   10   1.064003682020870E+004   3.622240550643714E+008   1.064003682020870E+004
    46   10   1.634098242303874E+004   8.749086122306198E+008   1.634098242303874E+004
    52   10   1.064003682020871E+004   3.622240550643715E+008   1.064003682020871E+004
  </DiscreteSampler_grid>
