  0.00000001618870475  0.00000042942147394  0.00000089945498195  0.00000149928807723
  0.00000216026461843  0.00000278609464851  0.00000327596602169  0.00000364367244058
  0.00000401057240682  0.00000450284453386  0.00000500816453193  0.00000548136121149
  0.00000597952351172  0.00000651093565084  0.00000695787540869  0.00000735840038260
  0.00000778117981758  0.00000838737707193  0.00000903097066813  0.00000983434427309
  0.00001088068893278  0.00001215681888644  0.00001323507683205  0.00001400250456171
  0.00001467807083661  0.00001526998537917  0.00001584624877922  0.00001639060202171
  0.00001705974904598  0.00001789860463369  0.00001868571958695  0.00001939726202671
  0.00001998893054412  0.00002042005076943  0.00002085835834649  0.00002146058758238
  0.00002199782218700  0.00002244555303806  0.00002290230506718  0.00002344457983025
  0.00002404763366168  0.00002464625422114  0.00002508152850452  0.00002540468778275
  0.00002572308891034  0.00002625109884484  0.00002676029914192  0.00002724961603736
  0.00002767220125747  0.00002801122793915  0.00002834344109761  0.00002867095567695
  0.00002914592927013  0.00002968487565089  0.00003019832698617  0.00003067359967585
  0.00003111882603992  0.00003155855809299  0.00003190295082700  0.00003207965758472
  0.00003224780839435  0.00003244018871572  0.00003263717781042  0.00003282893161738
  0.00003313694898624  0.00003350016256185  0.00003383597706821  0.00003411292897152
  0.00003436965850043  0.00003460997314616  0.00003474565106650  0.00003510562037485
  0.00003572604582716  0.00003650767692746  0.00003747430234891  0.00004422400081850
  0.00005723594254735  0.00006393913595091  0.00006657924914373  0.00006898908843213
  0.00007167963678070  0.00007375966334601  0.00007556350905417  0.00007715465044039
  0.00007876847967481  0.00008070410121968  0.00008316528869969  0.00008632154048185
  0.00008978274243027  0.00009357952277336  0.00009764546959154  0.00010207207655775
  0.00013585444143318  0.00048642006073235  0.00119522819957221  1.00000000000000000
 -0.00000043678107001  0.00000234066082308  0.00000610592453323  0.00000916376168384
  0.00001151535467441  0.00001346600797686  0.00001518429032828  0.00001677332373560
  0.00001865754534000  0.00002098159118488  0.00002253387605315  0.00002333578297915
  0.00002418483444527  0.00002527129131582  0.00002633186806126  0.00002739777574433
  0.00002830869527475  0.00002943884084256  0.00003073978355234  0.00003185498430302
  0.00003270285876300  0.00003325462934259  0.00003382794625216  0.00003454118140976
  0.00003546663047974  0.00003660567724646  0.00003776668566701  0.00003922762028918
  0.00004121857584911  0.00004312103641444  0.00004468561349584  0.00004616135450762
  0.00004760955737400  0.00004901333026136  0.00005056003633482  0.00005229900060970
  0.00005356373010951  0.00005440619247207  0.00005544943361123  0.00005655658272459
  0.00005756352183046  0.00005865978119370  0.00005983958944993  0.00006114684952403
  0.00006311376774456  0.00006526388240880  0.00006748901726289  0.00007101110710175
  0.00007590602949890  0.00008143005965803  0.00008656398493889  0.00009172968023898
  0.00009601392041301  0.00009976649934731  0.00010324760662805  0.00010676225577366
  0.00011049349457465  0.00011424659912805  0.00011771174951091  0.00012083671444656
  0.00012458271482485  0.00012980077384581  0.00013835203836945  0.00014549687813236
  0.00015166582360899  0.00015670948029164  0.00015860551933855  0.00016076753262922
  0.00016354303496611  0.00016665821687213  0.00016986367415914  0.00017267880120317
  0.00017547172531629  0.00017879756413077  0.00018246631603459  0.00018662368353892
  0.00019092711447544  0.00019494236852290  0.00019870646478998  0.00020277404466161
  0.00020706198506950  0.00021212954647016  0.00023466624604349  0.00026058134270130
  0.00029695659454880  0.00032955589461798  0.00035665287259936  0.00042523668746830
  0.00051559889206925  0.00063761422761956  0.00077030677756778  0.00094640097419458
  0.00114393711707576  0.00134445851877932  0.00153144551371068  1.00000000000000000
 -0.00013802190639855  0.00220157627033534  0.00573536131987928  0.01010360716284728
  0.01556372743818966  0.02214865287039196  0.02946351186079611  0.03595743424340653
  0.04390953302068402  0.05135228797408484  0.05987131356186488  0.07102329868811075
  0.08441555799854859  0.10015000012132635  0.11713754415785968  0.13082173438490677
  0.13670476918703889  0.14384495056475546  0.15232889996677232  0.15672798630036039
  0.15990056191038496  0.16302054694896478  0.16671680526893498  0.17294510265544946
  0.18235681746741383  0.19084690010174035  0.19921906119379737  0.20873935031917956
  0.22010068959615445  0.23447241112329076  0.25083090874515962  0.26306317466381729
  0.27133822931335472  0.28063338406721022  0.29235833486738877  0.30473745463771651
  0.31649837351869992  0.32717629690081834  0.33659288146370042  0.34571962674588241
  0.35398543682963829  0.36176817121656768  0.36986906713509565  0.37831083349377498
  0.38593389292916913  0.39310289361958728  0.39942147872383416  0.40460669320267195
  0.41090546712330556  0.41654101710725189  0.42264877402170592  0.42854798250030351
  0.43339253550000034  0.43728679538190823  0.44120759956381134  0.44481615673672814
  0.44855584234082058  0.45469582709612916  0.46192193664823494  0.47104891522597125
  0.48043229596519360  0.49102496418318492  0.50189103215983333  0.51289662983137541
  0.52416377875633513  0.53531170795274496  0.54647801738759705  0.55881530999522744
  0.57579777696904388  0.59904114017365362  0.61510286076195642  0.62757683131923081
  0.63890178316696733  0.64966568285100779  0.66141178106334064  0.67618148074306106
  0.68945848773133656  0.70303977034636678  0.71793796735505089  0.73307041113595128
  0.74715772226607513  0.76016610362719716  0.77264521012398568  0.78497697308545855
  0.79799281844970282  0.81278446344028388  0.82805458776314222  0.84464101154658910
  0.86184947005300128  0.87874174003506256  0.89488029313872830  0.91083900832526443
  0.92842084391944357  0.94919266046277873  0.97338328594910595  1.00000000000000000
 -0.00907585981300630  0.02226232390591192  0.04695281635754225  0.06365599002545669
  0.06942024645817473  0.07501198174957630  0.08032555244163377  0.08483248889482146
  0.08782163325717533  0.09015429407794780  0.09383295350908015  0.10110743254373761
  0.11071732284764833  0.12205902023148381  0.13427081989123105  0.14618753709552179
  0.15793155160925301  0.16951539839610680  0.18236266003363136  0.19827969215549243
  0.20741430082908191  0.21551627754400107  0.22441305442827134  0.23250355530295830
  0.23941329585931756  0.24629607611298790  0.25556324031781619  0.26552238264302214
  0.27376485660274585  0.28180468008441839  0.29122296665241115  0.30038623522178493
  0.30874300646761993  0.31457862279860649  0.32072250989302670  0.32800993613766150
  0.33646741732194974  0.34856544833056946  0.36002643257614048  0.37192925310773112
  0.38316432356605296  0.39453621659606536  0.40702000272835931  0.42013452350455249
  0.43169386419327888  0.44375307547350340  0.45228643533927515  0.46118998554582769
  0.46935264381910091  0.47691744379617107  0.48338599812269833  0.48973938062668515
  0.49677447141481273  0.50303855926294838  0.51032270486429865  0.51753157582385478
  0.52619939900082469  0.53475845749919360  0.54714187778616485  0.56305129117559671
  0.57970528455647263  0.59615041404620062  0.61149403249493606  0.62842577518348086
  0.64617654729444585  0.66442447934847582  0.68273451794178763  0.69656144515398999
  0.70787774099509138  0.71980428451845624  0.73196832145256552  0.74452737168194705
  0.75788245712126756  0.77197506213223099  0.78684401216713107  0.80231458421108326
  0.81683030347829044  0.82833376258958680  0.83897047606401076  0.84840955851735678
  0.85959960463420038  0.87469079515143566  0.89285966737927525  0.91269815462338999
  0.93242888882988051  0.94292466569762667  0.94755736258556678  0.95191602050156432
  0.95720361985970592  0.96403509836816170  0.97120125102941512  0.97957619709267518
  0.98718009150685726  0.99229645709992986  0.99614388989872005  1.00000000000000000
 -0.00314469150071575  0.00567253134184254  0.01837111419397875  0.03241433264297594
  0.04388492152880134  0.05393268949856588  0.06367261553944452  0.06927890942344447
  0.07363366090059162  0.07841818692792726  0.08229787358411213  0.08735175172578044
  0.09104823982273931  0.09393639151138836  0.10256973594835773  0.11483651874583320
  0.12745645748975157  0.14177299047336639  0.16000144064478047  0.17828675173879910
  0.19510022381108133  0.20801584706647128  0.21930585061463168  0.23067822199769975
  0.24168178337067583  0.25149534599839013  0.26003091201520717  0.27114975605465469
  0.28418288055171448  0.29622049110074561  0.30686267837813408  0.31813454293617527
  0.33203383424512517  0.34902229191404166  0.36384703864560070  0.37511683551639474
  0.38396114650771168  0.39317639214710609  0.40117517625126553  0.41044250435364987
  0.41936972091606012  0.42868016523390151  0.43790957833369148  0.44855700629295436
  0.46749538059762852  0.48413455359350011  0.50303218278861073  0.52166083747590131
  0.53653875266573070  0.55077190340164117  0.56395651548197667  0.57458654766545258
  0.58350022991697681  0.59271849074073424  0.60340588823214270  0.61259050537575044
  0.62128979876089940  0.63153983791252299  0.64110591631332337  0.65061260301300972
  0.66050262551039374  0.67276695513247298  0.68911339910995439  0.70353292153620151
  0.71532943772652402  0.72600371852756529  0.73751421907772163  0.74691819109199542
  0.75664557480954442  0.77102437184207295  0.78499402960465459  0.80067463215441137
  0.81516027141620928  0.82768180928128687  0.83819001724708431  0.84664882694162180
  0.85585123136703556  0.86484330590203196  0.87304948740767974  0.88177241367175641
  0.89140765188131865  0.90109752641564655  0.91028580149398508  0.91994534251745141
  0.93082591879946175  0.94342167279350797  0.95516339108797210  0.96281135917290173
  0.96785771826980049  0.97219122472568753  0.97689170881021381  0.98270650184363417
  0.98754816241696908  0.99110987380012328  0.99551510813612654  1.00000000000000000
 -0.00542581035061372  0.01604356107627422  0.03763600800387150  0.05763186926129955
  0.07615879252686669  0.09393912132961454  0.10980638919104072  0.12470913964535028
  0.13665417225896523  0.14599673630372392  0.15461998894845796  0.16271814768177439
  0.17273308672320314  0.18659707960877692  0.20219751261500069  0.21683133502192542
  0.22885329146367997  0.23972680523149231  0.25094076844591434  0.26484037886554485
  0.28178740635940852  0.29779427782565054  0.31028935736560559  0.32169458196008677
  0.33598749618566648  0.34971292350930844  0.36372883495252678  0.37612487016316698
  0.38406743905778973  0.39050843036738458  0.39863120304259803  0.40664934183021451
  0.41357634837238716  0.42067569286316930  0.42706725667572343  0.43290494942408420
  0.43874974962329522  0.44363961000278801  0.45055342571640761  0.45748616780557227
  0.46285096894430217  0.46811712744974626  0.47384330164405292  0.47956126455935794
  0.48667621616063822  0.49180328242199822  0.50084529854819804  0.51106150754745361
  0.51929979698433515  0.52690884069198785  0.53355734444964220  0.53972287136448893
  0.54532839219392748  0.55299217190126349  0.56332779962387380  0.56704114726206800
  0.57158333164566921  0.57571288318631131  0.58086142559910980  0.58546532066678714
  0.58921128886199692  0.59585911584559648  0.60400465777291978  0.61221147590429315
  0.62046263401050195  0.63165392076166371  0.64581570710685787  0.65601171146569737
  0.66627920624290971  0.67626537436211542  0.68648271530443239  0.69730238326868432
  0.70823898478777525  0.71793169125897116  0.72745822167079066  0.73856898263082771
  0.75411157079941171  0.77330815310151568  0.79487533944708411  0.81439876071599426
  0.82969791589899144  0.84387020835424142  0.85908153072374016  0.87428225883754729
  0.88703890416831843  0.89848716378723481  0.90758561508711166  0.91753822917621497
  0.92821442125042308  0.93727250813125729  0.94560286068439636  0.95421976356910287
  0.96331401510851578  0.97263694074187357  0.98482970440630302  1.00000000000000000
 -0.00472792418597121  0.00961436121152792  0.02436287568809902  0.03866580800965821
  0.04964389452014232  0.06075764027953182  0.07107182475562281  0.08184856988189342
  0.09272866415688408  0.10307729097141186  0.12052070567777318  0.13737694881543094
  0.15296155174190271  0.16706496814872701  0.17940685676518422  0.19279268711308090
  0.20505931563671337  0.21620325606660784  0.22671000364642527  0.23484216024836113
  0.24177261112571635  0.24744741394444497  0.25674304825584143  0.26966843863239548
  0.27658454261129900  0.28172300885838369  0.28617785694348635  0.29085219309932120
  0.29742825267661210  0.30546067087485951  0.31576084672830246  0.32991466206015957
  0.34420294503936349  0.35554620157611561  0.36719534933509179  0.38025608862315902
  0.39334886387656948  0.40271547245204642  0.40774370761159945  0.41219667918623826
  0.41775315207633318  0.42518784871156368  0.43425897375821565  0.44237972233480111
  0.45083573230868090  0.45659645660094034  0.46394186922810648  0.47375180026802521
  0.48474253629189590  0.49935297714656862  0.51715027941631386  0.53581830180054002
  0.55129405231122341  0.56082813587513014  0.57086185742403850  0.57858171163270422
  0.58947157372498438  0.60100091339168915  0.61242634268135177  0.62426074047675695
  0.63602206374663450  0.64767034924553879  0.65969239193509266  0.67309154700291329
  0.68711204542568871  0.70039200880329522  0.71259025306335055  0.72191830358153308
  0.73236173657424364  0.74297029365459721  0.75280734000988714  0.76225885242361457
  0.77165495984266630  0.78042998217103954  0.79322393675441438  0.81122201076123901
  0.82683148749012736  0.83515112094219313  0.84370241281800151  0.85310890015230156
  0.86330859071977895  0.87574069920096576  0.88909375315693584  0.90044565608083438
  0.90942537654964251  0.91785923780642198  0.92543750008315206  0.93375314546207888
  0.94117671859857810  0.95044274466737155  0.95792869768364308  0.96505648136771949
  0.97083208699743151  0.97845382512610191  0.98930525814636106  1.00000000000000000
 -0.00289287565600654  0.00984846658934960  0.02189758278681292  0.03354012966594663
  0.04408012038738029  0.05338392563991872  0.06343372837754696  0.07496508214527713
  0.08406319094542657  0.09172614109994791  0.09998240190259916  0.10949517185306414
  0.12037894313065856  0.13057045775326351  0.14028980616248438  0.15040877102818401
  0.16137144085991731  0.17292541166093103  0.18231395673356363  0.18935625857448760
  0.19616871668091768  0.20285605120710148  0.20903500191090793  0.21460408765458663
  0.22378670764901548  0.23574174948559348  0.25088721870349595  0.26540718694457477
  0.27959729128235661  0.29346578106260607  0.30627558417237111  0.31741264816462905
  0.32872750011317858  0.34018424778122403  0.35135874137686002  0.35916675389865099
  0.36427053315252444  0.37044026668157698  0.37693245371042639  0.38517247142599398
  0.39085241699687956  0.39424952661468615  0.40080044183854474  0.40849848364194491
  0.41642393334097444  0.42634332419276139  0.43978226120400760  0.45374803623046095
  0.46801774785772643  0.48252688211220918  0.49695449246594603  0.50918390763766552
  0.51859599636689735  0.52634856372147387  0.53253857457463194  0.54056311210150787
  0.54912589401653300  0.55569463678153275  0.56205512317059347  0.56775046547452346
  0.57350066512360032  0.58154864169466269  0.59756865411725446  0.61795689268206855
  0.63766967312865475  0.65533556555016315  0.67204040538706944  0.68911688988986575
  0.70782691946397081  0.72832035128805817  0.74913524363276329  0.77088716693536974
  0.79236767098867555  0.81268413514664239  0.83214046493673433  0.84836941169098457
  0.86159227403844263  0.87232842551165102  0.88217866323334215  0.89302687259974922
  0.90327706633759752  0.91015619024938743  0.91473570892400335  0.92301874584675647
  0.93233165729080236  0.93886210787207758  0.94509350357550914  0.94984350672666329
  0.95421219881047115  0.95906640073758564  0.96329924034642755  0.96752074322137538
  0.97413549585047754  0.98246431506889276  0.99156215806077486  1.00000000000000000
  0.20770919898417203  0.96961734190297133  0.97949959853430490  0.98360148939218428
  0.98661316057226922  0.98813448140366722  0.98917793164782131  0.99015585606872414
  0.99088472839697639  0.99140437033781226  0.99180341600347244  0.99225767771585638
  0.99313137846961286  0.99492522962418239  0.99547267500372005  0.99551109863844045
  0.99553447584908072  0.99556208062788587  0.99559152061078282  0.99562283903602344
  0.99565689924919853  0.99569652491913485  0.99573829282654347  0.99578019374627391
  0.99582140815712361  0.99585995254652337  0.99589879352779531  0.99594161952689286
  0.99598764344882296  0.99604093575976405  0.99609467355230497  0.99614013856233596
  0.99617861650497130  0.99621405798514218  0.99625176392066106  0.99628853749091684
  0.99632385970885118  0.99636174642277897  0.99640652061746959  0.99646191961724340
  0.99650471043254341  0.99653753866319095  0.99656968356343067  0.99660004165828842
  0.99663083923216511  0.99667581455507648  0.99673301680643356  0.99679273575910565
  0.99685377485007620  0.99692005634242553  0.99699817448004469  0.99706855860156873
  0.99713845751629515  0.99720833333665859  0.99727469064876928  0.99734746737519320
  0.99741929450731348  0.99749423716123353  0.99756773586632475  0.99764828365958036
  0.99774487911192244  0.99785321182423381  0.99796130513730974  0.99805996456796664
  0.99815368497427193  0.99823927911603771  0.99834253334205270  0.99845509671534427
  0.99856681278297876  0.99867201610957701  0.99877046979106399  0.99885268176207098
  0.99892853199460729  0.99900202613529188  0.99906868658330528  0.99912899448420656
  0.99918414042283177  0.99923830205169883  0.99929162978180930  0.99932540877696474
  0.99935518221253394  0.99938330687448496  0.99941088234003217  0.99943829171756304
  0.99946579205094499  0.99950157411643403  0.99953527059022251  0.99957081219982902
  0.99961011360826457  0.99965538191239489  0.99969896408828496  0.99973678073781136
  0.99977342269619740  0.99981705645563745  0.99989205725999530  1.00000000000000000
 -0.02309271579977224  0.11164602405461532  0.14680970620831674  0.16604251903502770
  0.18253152891046776  0.19655939149782364  0.20819746912372433  0.22006347026578846
  0.22832799889552566  0.24302122130936996  0.25800451588610818  0.27160588299590516
  0.28356759013324956  0.29272352385056438  0.29865146420638611  0.30396338009093110
  0.30919479132776789  0.31409996390325617  0.31804681076843039  0.32275683918745607
  0.32964054446250213  0.33776176143774544  0.34495255526489510  0.35176432206152858
  0.35783074051430619  0.36351935989575013  0.36834493735028423  0.37251537339315488
  0.37699325567484587  0.38209170599605630  0.38684951703762022  0.39126491485633763
  0.39567247738370953  0.40038383531997940  0.40672013666449169  0.41448335582618140
  0.42152733453508162  0.42755640882409363  0.43413337197428625  0.44098927193896537
  0.44685437260123345  0.45133544414171528  0.45559083887939500  0.45995321457968180
  0.46437312567944333  0.46841923329136581  0.47259502822418675  0.47872180653982499
  0.48679566700158289  0.49510567975718933  0.50248311272505131  0.50838555437261213
  0.51223803310100868  0.51613971250166368  0.52052389874655725  0.52466455490106167
  0.52829950656689240  0.53181625853441272  0.53586327333493300  0.53955973249248157
  0.54376322345546668  0.55046280208504639  0.55948470429894626  0.56983124610442748
  0.58061989182214291  0.59123634473434494  0.60108686158908109  0.61079094330217343
  0.62064521343688539  0.62991210478782900  0.63935980958774097  0.64910426319734338
  0.65870850959599458  0.66882689088260339  0.67884749642437725  0.68626756615187379
  0.69369257268538642  0.70058042546735544  0.70494772787262350  0.70959019443102711
  0.71377121623638984  0.71984940869213132  0.72803947028243410  0.73454090804097560
  0.74006562259032826  0.74706122239496298  0.75292154794077515  0.76053028417249324
  0.76867136308438777  0.77672665352963099  0.78405984689706976  0.79116972419023968
  0.80711676293751000  0.83382133889652010  0.86908458651870601  1.00000000000000000
   2.0645354215247457E-013  -1.0000000000000000     
 T T T T T T T T T T T T T T T T T T T T T T T T F T T T T T T T T T T T T T T F T T T T T T T T T T T T T T T T T T T T T T T T T T T T T T T T T T T T T T T T T T T T T T T T F T T T T T T T T T T T T T T F T T T T T T T T T T T T T T T T T T T T T T T T
  <DiscreteSampler_grid>
  grouped_processes
  1 # 1 for a reference and 2 for a running grid.
  10 # Attribute 'min_bin_probing_points' of the grid.
  1 # Attribute 'grid_mode' of the grid. 1=='default',2=='initialization'
  0.0000000000000000 # Attribute 'small_contrib_threshold' of the grid.
  0.5000000000000000 # Attribute 'damping_power' of the grid.
 # binID   n_entries weight   weight_sqr   abs_weight
    10   10   1.024913483790490E-008   8.935932490881918E-016   1.024913483790490E-008
    11   10   1.024913483790489E-008   8.935932490881898E-016   1.024913483790489E-008
    16   10   8.422532175361206E-009   5.831371618574147E-016   8.422532175361206E-009
    17   10   8.422532175376061E-009   5.831371618574778E-016   8.422532175376061E-009
  </DiscreteSampler_grid>
