 -0.00367367681462396  0.01540942079565646  0.02994595966786526  0.04324496420584117
  0.05541260072867078  0.06697866759742174  0.07824716794902954  0.08958383995843981
  0.10096319246425689  0.11171694458040810  0.12228898858734752  0.13260140309289645
  0.14358735174241330  0.15473411031221251  0.16617017488638341  0.17740916727385703
  0.18853077223860101  0.19968194131913627  0.21088079260780285  0.22216572678456223
  0.23326853096777017  0.24409675798423452  0.25504388636174968  0.26604028632565957
  0.27721587506150891  0.28827552240662313  0.29918753777704626  0.30989320732418513
  0.32034234097437564  0.33070704197254802  0.34107890407902064  0.35161171287571413
  0.36219547106608058  0.37274661238391082  0.38326853703897085  0.39382299511648433
  0.40460398188870961  0.41557912425413690  0.42658045636719760  0.43739593022946299
  0.44804346655690808  0.45866129908045272  0.46935547224887186  0.48008428443425333
  0.49086173734214439  0.50140305758865023  0.51169486371867945  0.52204308640138042
  0.53269975651558821  0.54368228817652287  0.55460890653840123  0.56544901240432655
  0.57617254920146954  0.58704103125710538  0.59810728281946579  0.60910419122961279
  0.61985082970817929  0.63046468663415789  0.64110489807656612  0.65153274011947304
  0.66167104348359584  0.67172977517620092  0.68196741322589205  0.69237969302336044
  0.70278393827610774  0.71310323769074346  0.72341720593628211  0.73382089817834451
  0.74425984369730402  0.75476242749979194  0.76532751219039508  0.77601836569903038
  0.78657752997945307  0.79680794434448998  0.80689792277838657  0.81700372115619468
  0.82721215567066642  0.83733926680372173  0.84745330184990353  0.85759237452742265
  0.86765379830208822  0.87762860484981287  0.88765359093211593  0.89797824400002935
  0.90854551300984177  0.91898054807844920  0.92899375860374167  0.93864224353430348
  0.94797792182470642  0.95712417743987199  0.96599855946085922  0.97454286410623669
  0.98254322924567838  0.98943645674524805  0.99493216629098058  1.00000000000000000
 -0.00608994977745883  0.02756479548855281  0.04595907661796959  0.05976028318897079
  0.07241538907386866  0.08456562201805370  0.09657209202507600  0.10842165625555902
  0.11995653836890764  0.13127027973296429  0.14251174036672065  0.15374177544405707
  0.16493308897802078  0.17572714703237149  0.18653979156643705  0.19737360139010163
  0.20830491456107045  0.21902788627177822  0.22962215646519221  0.24044326273991784
  0.25129904810141274  0.26190729734481610  0.27230046657172802  0.28277797173359159
  0.29363745327529467  0.30457258115021546  0.31553401357535976  0.32642293853823118
  0.33696662900315399  0.34733058185803839  0.35788704105278135  0.36883497302839896
  0.37960844146679101  0.39012618427397050  0.40071207379265400  0.41131357942977226
  0.42184076923438568  0.43235753907062358  0.44303324997055027  0.45371571202685895
  0.46422578208693482  0.47456848525567358  0.48487319286179076  0.49529207001453890
  0.50574216708170572  0.51611534144250726  0.52619618694902703  0.53608783378448033
  0.54607093983975119  0.55626356947937305  0.56666240336099549  0.57704670659021051
  0.58741415457727852  0.59796395773371114  0.60874262840019755  0.61960986730058398
  0.63024743858038101  0.64067330250480758  0.65104599885228409  0.66133430392965398
  0.67159858843571696  0.68196729091752073  0.69270233267108972  0.70371494717132532
  0.71473433385671958  0.72558814409508887  0.73628128362976020  0.74680416022009877
  0.75706294178739797  0.76713138599313013  0.77713459653442996  0.78714621572362675
  0.79727403979521261  0.80768925584934359  0.81836954121858629  0.82902471234314901
  0.83931042954939805  0.84920991562015702  0.85896284539601675  0.86875403446998323
  0.87871919146456734  0.88890604052216948  0.89899903050494212  0.90877057840784636
  0.91829161532267223  0.92773441816076319  0.93728518186408827  0.94679456936369943
  0.95602502310432225  0.96475861175952471  0.97292404081419404  0.98046196751540959
  0.98675124613445031  0.99168103232788418  0.99602087441405052  1.00000000000000000
  0.00000102153077403  0.00000267106795857  0.00000336907246341  0.00000410790646143
  0.00000487348263561  0.00000571000092065  0.00000671602088362  0.00000786254659253
  0.00000908854046732  0.00001038626504253  0.00001178658730511  0.00001329073397664
  0.00001493676622718  0.00001672060552062  0.00001873204053565  0.00002095969270980
  0.00002333086876883  0.00002594735897569  0.00002874744791512  0.00003183138591537
  0.00003513937069776  0.00003866027952103  0.00004244241937216  0.00004650438916504
  0.00005083475043591  0.00005539521060207  0.00006023044791636  0.00006527077989929
  0.00007051377474969  0.00007590498698177  0.00008150133841830  0.00008726462599312
  0.00009325330417811  0.00009945664251463  0.00010602384426539  0.00011283559621703
  0.00011993351055888  0.00012750566094808  0.00013550076962743  0.00014434124301341
  0.00015361638245348  0.00016315309342869  0.00017330404272012  0.00018338179558149
  0.00019453613599533  0.00020600343675347  0.00021826889278368  0.00023152945340357
  0.00024517673803627  0.00025988873233872  0.00027499356252895  0.00029044331945617
  0.00030666428279743  0.00032347680631585  0.00034091083308323  0.00035936923691736
  0.00037903724708587  0.00040057004090291  0.00042453583411916  0.00045012907338634
  0.00047651777900516  0.00050413125703968  0.00053522696406769  0.00057025547373135
  0.00060948873987113  0.00065154397788439  0.00069490098835274  0.00073902379809443
  0.00078855698521001  0.00084302193124363  0.00090110607449143  0.00096037158785625
  0.00102381954563487  0.00109010593995405  0.00115849943281009  0.00123272893044399
  0.00131540026856250  0.00140529166940718  0.00150454963705961  0.00160808160542524
  0.00171673781541734  0.00183145644587258  0.00198702648633299  0.00215529558975746
  0.00234147612701194  0.00253436914047082  0.00273989874269415  0.00294924339205068
  0.00312546802771230  0.00325936604175634  0.00338039367283286  0.00352790487334993
  0.00370988973514627  0.00403714706706955  0.00854005697705548  1.00000000000000000
 -0.00302515631401086  0.01253532069733210  0.02582600869941688  0.03992056660630362
  0.05358200589728374  0.06664787525182010  0.07944977971635082  0.09205945763000165
  0.10456640013557364  0.11684134327434531  0.12894068496967404  0.14087784128578310
  0.15309924197862709  0.16550694199704369  0.17752898413448626  0.18926033699001921
  0.20078489485448470  0.21219717847285532  0.22354485483751949  0.23497816581196243
  0.24645623325209898  0.25765724702919990  0.26867070759158063  0.27964915272076663
  0.29069100185704749  0.30193054717366813  0.31327850455384765  0.32449288626011979
  0.33528167050249430  0.34579565388563727  0.35636148988631827  0.36713282094554767
  0.37799220884558271  0.38874465153765081  0.39939146659972319  0.40993675829373266
  0.42045793796398617  0.43092641260983583  0.44154647798354968  0.45242336535587685
  0.46338169902551529  0.47410381352800218  0.48442298508433307  0.49460268704858951
  0.50493388226601510  0.51510956346544234  0.52489864620558147  0.53457736245128096
  0.54434164969997745  0.55412952667363136  0.56391929455715184  0.57379428038829305
  0.58381708652085207  0.59374602256064635  0.60364848552762340  0.61353539984700811
  0.62339614448626302  0.63330501762713176  0.64342532921576601  0.65374979859033788
  0.66397739410101775  0.67404912795692939  0.68385304803281854  0.69328912175467106
  0.70253182497242583  0.71177518262167105  0.72106545752202189  0.73031392002771023
  0.73952831886135395  0.74876087782688350  0.75817149491434677  0.76782466733080645
  0.77764309999212367  0.78740969366417790  0.79694876185949881  0.80632077247204581
  0.81560477226642103  0.82491214422463899  0.83427728130290768  0.84371474432243554
  0.85329665892466089  0.86291487632615826  0.87247711639601278  0.88186992076777548
  0.89109573002629183  0.90035305795311427  0.90973544650630800  0.91926644481575970
  0.92903916890158433  0.93878765383255436  0.94859188402068029  0.95883765336205018
  0.96874747690650842  0.97939577554404400  0.98951755658049723  1.00000000000000000
 -0.00240729535214216  0.00988773631386655  0.02000761342415818  0.03040067392860778
  0.04092902046286176  0.05192674623076971  0.06313235064487878  0.07422335115445797
  0.08499030129614515  0.09546620705220467  0.10606813381927742  0.11695038381918477
  0.12766901879790360  0.13803965867646781  0.14832370836209158  0.15878072209384514
  0.16932369725924418  0.17963215385040909  0.18989564850663498  0.20035496535938438
  0.21084262374304885  0.22137193293786672  0.23202874973212262  0.24280893305789006
  0.25356128502939496  0.26424646167981375  0.27485240757239560  0.28538736342922549
  0.29587410721417801  0.30654046168445964  0.31737118111400048  0.32841780076259908
  0.33950386603968524  0.35050460236263092  0.36111365310830390  0.37149587012191670
  0.38170075934962228  0.39197400808535399  0.40229783662345570  0.41262700677007119
  0.42298054847810967  0.43320396661211907  0.44366428607474445  0.45423870393302956
  0.46472542109088660  0.47501775856252298  0.48512444009438738  0.49524743349322764
  0.50545193400141286  0.51578085158485165  0.52599703225517636  0.53614714133260533
  0.54658982195042272  0.55710419204811079  0.56770919278430598  0.57821710682454885
  0.58910510079273359  0.59974026315460349  0.60996548162826103  0.62015870156381347
  0.63024201665714896  0.64027756239827383  0.65045738506233342  0.66051001913090945
  0.67040663314663884  0.68031032414888970  0.69022080604766900  0.70056032762231568
  0.71075970120969656  0.72101224381490159  0.73141765438941087  0.74186884366172556
  0.75244286695846474  0.76311392600568939  0.77386953682821935  0.78459612763296538
  0.79509870660740301  0.80544783179165069  0.81618317521281725  0.82718028948159128
  0.83813216745647645  0.84900890202245494  0.86018906343346202  0.87142356945629429
  0.88251874855609347  0.89329306562482014  0.90421420714763390  0.91524162478163451
  0.92633472555425267  0.93711210467042005  0.94744267266638194  0.95793738510900162
  0.96876224982602754  0.97955198284086820  0.98998278543831664  1.00000000000000000
 -0.00291372616901654  0.01217908132272563  0.02498338417163691  0.03852105447005531
  0.05150295367268459  0.06445572196471203  0.07714615673007764  0.08909729329867298
  0.10083283740927983  0.11262893637308041  0.12510835393233166  0.13743679776316584
  0.14979789108230135  0.16199738321658308  0.17403612826389847  0.18553863094571890
  0.19682451269959933  0.20812212397336086  0.21954300578180930  0.23081995919862491
  0.24196969724552153  0.25341368733381203  0.26500648896419382  0.27636467233485723
  0.28759833465933454  0.29857155251246714  0.30963509987228360  0.32063840212145001
  0.33169626849852313  0.34245221949803112  0.35310692311578568  0.36382241646926283
  0.37472116220329493  0.38562173546298295  0.39659951059856441  0.40748008504803562
  0.41811930799936059  0.42849478935953356  0.43894714208434354  0.44942679933454743
  0.45963838197665241  0.46962251603316357  0.47968578289180019  0.48989203033178874
  0.49999731904345113  0.51002202638127092  0.52018708245484380  0.53050747079802651
  0.54073342068913144  0.55085839513597823  0.56100881019315230  0.57109354359277054
  0.58098905808371892  0.59085286053762243  0.60085184395410052  0.61093225499468473
  0.62118644592543715  0.63171714967802228  0.64244175592787012  0.65289195375550568
  0.66293952561469494  0.67295098637956841  0.68316852454475130  0.69344829514422857
  0.70341355830198826  0.71329185837019526  0.72289626718464661  0.73250769705988594
  0.74183626666160007  0.75143997030947574  0.76098151443172868  0.77050100802011412
  0.78005041041804146  0.78955117547519738  0.79918706778160498  0.80830217640046620
  0.81737508817557836  0.82646855836751931  0.83621058317726515  0.84611404910624022
  0.85580679363104695  0.86567946340750379  0.87543876620319638  0.88538068377422519
  0.89488801131755880  0.90409796929476238  0.91341811298710274  0.92292307351391967
  0.93261329694338935  0.94228576633336691  0.95201700823544921  0.96199441607461900
  0.97184879224535270  0.98140412551192802  0.99087819264683319  1.00000000000000000
 -0.00220699954032056  0.00890179731709184  0.01850662937320935  0.02873114445131009
  0.03891508056319039  0.04953212949927718  0.06014698319939668  0.07098128978633707
  0.08162875968773030  0.09185112167493213  0.10166134463988585  0.11170354223440736
  0.12197534351826098  0.13251037665473331  0.14323715099033710  0.15377518006990623
  0.16424492829996179  0.17446162945012741  0.18450420712156207  0.19486651850147463
  0.20512091184708250  0.21548918515164039  0.22612632233958360  0.23679685626396202
  0.24777678121756616  0.25877188343625207  0.26962816187673938  0.28048149697529862
  0.29125612151665459  0.30223498192597481  0.31297713855473891  0.32358646659171114
  0.33356070618018679  0.34352172117926660  0.35371330173662791  0.36445342799372693
  0.37508280681930717  0.38538210294274555  0.39551244491446225  0.40595096437690831
  0.41661010144468585  0.42726404040926391  0.43765728872828424  0.44798456100157968
  0.45817197505229479  0.46823449491473129  0.47858386276052928  0.48926317668016295
  0.50002613149642039  0.51078447532214732  0.52117397561928480  0.53207291947948809
  0.54316528769427752  0.55444771879251054  0.56555466974753599  0.57653343233771970
  0.58706902745078049  0.59749732867173855  0.60784637919039453  0.61851092717427880
  0.62937402550059429  0.64017133651080516  0.65062800703964074  0.66112616918695521
  0.67149459136297607  0.68211021860570442  0.69251729508339821  0.70261977655528918
  0.71262210372061396  0.72298181864859379  0.73360439252452880  0.74422505196830901
  0.75463717603852232  0.76505219528085477  0.77571394716322939  0.78636295889443819
  0.79704481147252715  0.80771840060336075  0.81830730249208972  0.82902613903436118
  0.83975353292670651  0.85050510868508966  0.86126977069440491  0.87188015201098790
  0.88240007697043266  0.89298645064818738  0.90375433983746079  0.91420118470728462
  0.92469485875156898  0.93521341877033826  0.94628723453027908  0.95714169941196892
  0.96801278090532716  0.97862872607814910  0.98932930836547073  1.00000000000000000
 -0.00240091560514288  0.00957567130118274  0.01993990526596599  0.03118651432767406
  0.04228065533017674  0.05330449727373433  0.06433049316566990  0.07531335865456966
  0.08656717992179766  0.09779781890835608  0.10869067065806327  0.11919857146552000
  0.12974440833987047  0.14059495680907746  0.15107035538419561  0.16164080722105253
  0.17224094514989141  0.18278593690634323  0.19288192591297582  0.20270742335208972
  0.21277314613540146  0.22316934964983928  0.23389290062390194  0.24490313373820086
  0.25588663189927763  0.26628951890368496  0.27662900323764611  0.28720433766725534
  0.29811250368420744  0.30907016155310196  0.31953884785182840  0.32999858745213517
  0.34029516524089221  0.35079966423930187  0.36139000469298133  0.37202087435881748
  0.38248077141751358  0.39307062818719829  0.40380729385694231  0.41468656109502222
  0.42512813958041956  0.43537900258879930  0.44545001574037135  0.45545771910590338
  0.46562892102802456  0.47615379846149164  0.48639461842297843  0.49682298583572143
  0.50716583325262532  0.51821574810583604  0.52895677914754280  0.53970800013694198
  0.55022473710656528  0.56083995746083326  0.57098687109351509  0.58137210706041498
  0.59155389040117046  0.60218418491689907  0.61248354489883472  0.62280459473698579
  0.63293547006888751  0.64320206852876782  0.65366095807902747  0.66406220142097327
  0.67486269271293320  0.68567947471028146  0.69621139046650138  0.70642715730714023
  0.71674602229417694  0.72695444508164919  0.73749133028122293  0.74730557815697130
  0.75783181427433621  0.76804426696857708  0.77883302466406501  0.78937581563369796
  0.79991560663338945  0.81019329157904163  0.82054202831375356  0.83095338626267146
  0.84178875328073566  0.85253749310570626  0.86357953115464703  0.87462168011646402
  0.88565778174487786  0.89638105099745791  0.90659552035280300  0.91675359389715483
  0.92692247503711411  0.93697236457350741  0.94705077802766513  0.95711314142027260
  0.96784481967661962  0.97852991280354218  0.98928665721094700  1.00000000000000000
 -0.02740774845194686  0.18323026441456963  0.25897153964070907  0.29069972853329940
  0.30660681896060110  0.31711671400322095  0.32490385973364944  0.33204277758594003
  0.33847250206758550  0.34458363435812545  0.35049625211926849  0.35614597393038966
  0.36163208211517606  0.36705426850539002  0.37255135310778603  0.37803396517581528
  0.38346410836268469  0.38880061144793943  0.39407213190581203  0.39930055018720678
  0.40457598884767149  0.40996032714621616  0.41537751217316932  0.42077414143956032
  0.42613557293218446  0.43142935011741584  0.43671253317685932  0.44203192163023225
  0.44733639100916928  0.45273201392309348  0.45812974667557049  0.46352311551753234
  0.46891787215667802  0.47437888688554242  0.47980311492037986  0.48539801658122955
  0.49106180827664736  0.49685249020641370  0.50265964502291949  0.50850236157232975
  0.51432289649420704  0.52013950275499465  0.52601399217245259  0.53184394440470817
  0.53765058793289455  0.54349704961458423  0.54947345718525997  0.55554527654538621
  0.56166408388758982  0.56787420477603856  0.57414433229883743  0.58042204723536150
  0.58665447519310610  0.59285246025306360  0.59919060095280174  0.60569592846703868
  0.61229535290926940  0.61894215616266324  0.62567017182305706  0.63270705405598271
  0.63979080397077903  0.64686283893511431  0.65411172548465812  0.66155777402081051
  0.66908190117632793  0.67656796822136978  0.68397634511707361  0.69152984781775140
  0.69912410382289270  0.70705258899162715  0.71509384598969505  0.72332222233294785
  0.73154212979458544  0.73965001676814646  0.74756407556512794  0.75568456716305377
  0.76417559970545146  0.77290854830265865  0.78153261907673577  0.79045236444176314
  0.79979385348412879  0.80951707049717359  0.81925802501452405  0.82893635955523159
  0.83882818250190383  0.84929841790579719  0.86028018185330135  0.87171878576453832
  0.88289928183824296  0.89412892565176882  0.90583169130732533  0.91893594908880327
  0.93389476297134100  0.95048718699156554  0.97136166284084990  1.00000000000000000
  0.10930037747425490  0.22357681436119747  0.24601103272422239  0.26333459853599467
  0.27789902985851345  0.29111015013328234  0.30336430558086575  0.31460118534525000
  0.32482622203938732  0.33435691020899427  0.34356282711332919  0.35276244836383286
  0.36182042996161135  0.37058155998201570  0.37916943281003990  0.38747124931198829
  0.39544644513529331  0.40302976171349597  0.41040937469141714  0.41783244465155678
  0.42524186594584262  0.43252332170721236  0.43960284721283210  0.44653157940270705
  0.45336259006690899  0.46010572160175806  0.46669843550981238  0.47316020660206826
  0.47957378226313874  0.48596588004913488  0.49235509394234278  0.49863989286330346
  0.50480821686207944  0.51090158630966198  0.51700931451561061  0.52309471729534596
  0.52905921307666537  0.53491242341979417  0.54070002846737597  0.54643001484803844
  0.55206954548016463  0.55767975019858451  0.56334362747502464  0.56896666801563611
  0.57443850454115108  0.57972057409279698  0.58482295815060870  0.58990815944860997
  0.59499063515028738  0.60013052302818626  0.60523604030579037  0.61028232366368640
  0.61520411984299206  0.62009451217387934  0.62497255130549256  0.62983513458722062
  0.63465983320098451  0.63941265857801510  0.64400024615158002  0.64846076587560331
  0.65289773135533213  0.65738915889462823  0.66192775401790427  0.66643473999621561
  0.67076390651581441  0.67511272873914951  0.67950257757752353  0.68391651952257981
  0.68840204304255048  0.69296160103131754  0.69755492599538227  0.70220363535350494
  0.70685443027848094  0.71155162529641613  0.71626812987203037  0.72079364755030106
  0.72530519492468881  0.72993897061664337  0.73496324650969491  0.74022510239989769
  0.74543383781003503  0.75061555233034982  0.75569324243159641  0.76086295711502372
  0.76624188177877972  0.77196425451121109  0.77813032334476728  0.78489973674729629
  0.79177636188136125  0.79858260793664404  0.80585074023145309  0.81379999529347968
  0.82288651189922213  0.85102024221698147  0.90575615861587677  1.00000000000000000
   6.2210686440217303E-008  -1.0000000000000000     
 T F F T F F T F F T F F T F F T F F F F F F F F F F F F F F F F F F F F F F F F F F F F F F F F T F F T F F T F F T F F T F F T T F F T F F T F F T F F T F F T F F F F F F F F F F F F F F F F F F F F F F F F F F F F F F F F T F F T F F T F F T F F T F F T
  <DiscreteSampler_grid>
  grouped_processes
  1 # 1 for a reference and 2 for a running grid.
  10 # Attribute 'min_bin_probing_points' of the grid.
  1 # Attribute 'grid_mode' of the grid. 1=='default',2=='initialization'
  0.0000000000000000 # Attribute 'small_contrib_threshold' of the grid.
  0.5000000000000000 # Attribute 'damping_power' of the grid.
 # binID   n_entries weight   weight_sqr   abs_weight
    19   10   2.931977078241463E+001   7.301228338319694E+003   2.931977078241463E+001
    20   10   2.931977078241461E+001   7.301228338319682E+003   2.931977078241461E+001
    22   10   6.016486172194751E+001   3.070539290616572E+004   6.016486172194751E+001
    23   10   6.016486172194751E+001   3.070539290616570E+004   6.016486172194751E+001
    25   10   1.171986704420132E+002   1.167965330845872E+005   1.171986704420132E+002
    26   10   1.171986704420131E+002   1.167965330845870E+005   1.171986704420131E+002
    28   10   2.404096238129845E+002   4.912034904664985E+005   2.404096238129845E+002
    29   10   2.404096238129846E+002   4.912034904664985E+005   2.404096238129846E+002
    34   10   2.931977078241463E+001   7.301228338319690E+003   2.931977078241463E+001
    35   10   2.931977078241461E+001   7.301228338319682E+003   2.931977078241461E+001
    37   10   6.016486172194755E+001   3.070539290616574E+004   6.016486172194755E+001
    38   10   6.016486172194751E+001   3.070539290616572E+004   6.016486172194751E+001
    40   10   1.171986704420132E+002   1.167965330845872E+005   1.171986704420132E+002
    41   10   1.171986704420131E+002   1.167965330845870E+005   1.171986704420131E+002
    43   10   2.404096238129847E+002   4.912034904664989E+005   2.404096238129847E+002
    44   10   2.404096238129846E+002   4.912034904664985E+005   2.404096238129846E+002
    49   10   2.931977078241464E+001   7.301228338319697E+003   2.931977078241464E+001
    50   10   2.931977078241461E+001   7.301228338319682E+003   2.931977078241461E+001
    52   10   6.016486172194755E+001   3.070539290616574E+004   6.016486172194755E+001
    53   10   6.016486172194751E+001   3.070539290616570E+004   6.016486172194751E+001
    64   10   2.931977078241464E+001   7.301228338319701E+003   2.931977078241464E+001
    65   10   2.931977078241461E+001   7.301228338319682E+003   2.931977078241461E+001
    67   10   6.016486172194756E+001   3.070539290616575E+004   6.016486172194756E+001
    68   10   6.016486172194751E+001   3.070539290616572E+004   6.016486172194751E+001
  </DiscreteSampler_grid>
