 -0.00178029394216784  0.00754460666378973  0.01611843097755628  0.02519765663113906
  0.03441460020986772  0.04378715658856633  0.05332244530383873  0.06299672596494515
  0.07283239259448430  0.08278784625110036  0.09294077772802756  0.10328024771184975
  0.11381040696680589  0.12454191820101478  0.13545200799798876  0.14655533646350305
  0.15778181313076764  0.16924893946430075  0.18088012217360841  0.19277764692528326
  0.20484740724484751  0.21720886605323472  0.22968177296723002  0.24239107113910485
  0.25520904067350303  0.26824122833350572  0.28134210820395972  0.29461377059791116
  0.30797733122610321  0.32151755443353036  0.33521391725750849  0.34900478385338285
  0.36286389507470662  0.37679207206729687  0.39082671096511423  0.40493448930969361
  0.41903052091219772  0.43308298286579822  0.44707486441503785  0.46095616896372132
  0.47472643424126854  0.48842282475714144  0.50207974067607430  0.51565163983031514
  0.52905355666466447  0.54227381145068021  0.55534563902624512  0.56828352578450514
  0.58106146092375144  0.59366546658242003  0.60610639791730825  0.61838719326773917
  0.63048223598510367  0.64237271639079463  0.65405501877437933  0.66554201951557623
  0.67683075566194739  0.68791172058827776  0.69876038641739513  0.70939317661536305
  0.71984540104529138  0.73012329522932251  0.74022446113562723  0.75015172826292020
  0.75991829530628330  0.76952871338292350  0.77897789217538660  0.78828524163216573
  0.79744946320748744  0.80646806618054268  0.81533406749871407  0.82403909962008182
  0.83259263825752883  0.84100609131661841  0.84930199757882696  0.85749469696176706
  0.86558325851393469  0.87356545227175852  0.88143600996419535  0.88919295415231925
  0.89684146674676768  0.90436913118114959  0.91177940250305112  0.91908511781682989
  0.92629020524496741  0.93339742689990945  0.94041048333504063  0.94733199953449898
  0.95417600159385918  0.96095082662869580  0.96765253648382232  0.97428375652855748
  0.98082924242471947  0.98729480932952374  0.99364868683768237  1.00000000000000000
 -0.00232507804414208  0.00918898754001717  0.01927303303452738  0.02985368140602233
  0.04039504388120965  0.05093820744104161  0.06158674458536768  0.07216170629262141
  0.08275340482264687  0.09326775813224819  0.10383485749672045  0.11441494259047279
  0.12505460264397966  0.13561314398160829  0.14621142051114749  0.15667489377241853
  0.16723196936276993  0.17774899736164171  0.18832606776818028  0.19885100344727735
  0.20941702850608729  0.21998123077153517  0.23059083072155842  0.24117789560053612
  0.25174383700697861  0.26223133444905927  0.27272421199560448  0.28325233343107548
  0.29377514889377121  0.30427348082776928  0.31475566624648438  0.32532548085391905
  0.33586697473216737  0.34639933122250910  0.35689764699819188  0.36744903630698517
  0.37806666945108935  0.38857668735062267  0.39915252117890471  0.40964111224154304
  0.42020485382261885  0.43064050769079043  0.44117408904894506  0.45165442384722670
  0.46222751519259075  0.47271127165772359  0.48323950095878315  0.49379259051548041
  0.50439132710861356  0.51492633447782710  0.52539277856321998  0.53586458027198602
  0.54632230443146257  0.55678189737908734  0.56733496278083406  0.57786495107937286
  0.58841411963468504  0.59893331492343604  0.60956095661327614  0.62009838068886880
  0.63063076079679259  0.64119196423420066  0.65173162469782153  0.66224617025421684
  0.67274221054945771  0.68332860235171966  0.69386166214955036  0.70441108608856984
  0.71496851163981545  0.72562274203550081  0.73615808724201337  0.74668382415272394
  0.75724737301359690  0.76785013196505358  0.77850603936538032  0.78913123790771411
  0.79967972493430550  0.81028235460746434  0.82074875828380112  0.83136268431029292
  0.84190041256613346  0.85255083989832725  0.86311737000139432  0.87377369497239321
  0.88426411673592165  0.89478217278655647  0.90528051929450237  0.91579508452731240
  0.92642877856365391  0.93688715787332622  0.94743304193386657  0.95796872245380971
  0.96851420491092166  0.97907394682757320  0.98950629372999555  1.00000000000000000
 -0.00139138526122864  0.00530472065385039  0.01249692306222055  0.02105037257539190
  0.03033217893752480  0.03994786690100251  0.04975846771310412  0.05968032577332819
  0.06970165956780361  0.07980945253699241  0.08998217914291561  0.10020553622576862
  0.11046874664593635  0.12075074182322666  0.13108772495319926  0.14145670877530489
  0.15182967488984145  0.16221013986031968  0.17266473949422043  0.18312763443919616
  0.19356435143787412  0.20397075550614455  0.21440267342297123  0.22486197956372295
  0.23531665038657198  0.24577463419923604  0.25623454713764887  0.26669260270574058
  0.27716265978661114  0.28764478604625249  0.29814214168957964  0.30866512539586305
  0.31920416467029605  0.32976138281861517  0.34027447456793425  0.35079648413639269
  0.36132974372884313  0.37187261133286026  0.38239536525512507  0.39291744498733278
  0.40345956065322458  0.41400880000142520  0.42457230163059467  0.43514894551513333
  0.44573882468291498  0.45632251328990131  0.46693275831842196  0.47753646732682042
  0.48811616563142601  0.49868334816470083  0.50923038463023207  0.51976535795805856
  0.53031264564187297  0.54090019538759648  0.55149076439474365  0.56206226622768451
  0.57264928074095267  0.58326922068375298  0.59390100862624851  0.60451834526551007
  0.61515618907257263  0.62581005163101933  0.63648496873781046  0.64714672458561506
  0.65777644207096952  0.66836057250926795  0.67897421597119423  0.68958617232180286
  0.70022308014972556  0.71084730298722087  0.72149292663972797  0.73216724504854613
  0.74280728027996934  0.75352117225761805  0.76421746283897973  0.77496227758917824
  0.78573768916449283  0.79652667909447683  0.80729052880480534  0.81802315322365371
  0.82877273671720242  0.83952254055293574  0.85027526941613274  0.86107303955045156
  0.87190961197356986  0.88276537160011370  0.89373660679686318  0.90472920645389998
  0.91575463571934568  0.92677403473686315  0.93794178951457963  0.94920168930502147
  0.96062769851010998  0.97216229419042610  0.98537524452228797  1.00000000000000000
 -0.03154564528758430  0.13507577924676689  0.17886222462185181  0.20617531776627965
  0.22803401921350447  0.24668911452911993  0.26328332477632399  0.27844885097235905
  0.29249853808452064  0.30568063903373099  0.31815235062663777  0.33005315487891840
  0.34148043796914501  0.35248809574620815  0.36312404634963896  0.37343946694013441
  0.38347377170430946  0.39326131323020547  0.40283506311203315  0.41222078569405851
  0.42143362257902228  0.43049023526109326  0.43939652574394877  0.44816001016477258
  0.45678735724987912  0.46529091859186744  0.47369245425150347  0.48199301170403691
  0.49019188975253858  0.49829733055549547  0.50631738169194740  0.51425922025559401
  0.52212810489023775  0.52992323737978742  0.53764122046300689  0.54528253787293279
  0.55284976341449044  0.56034611092118525  0.56776779511574726  0.57512348672688163
  0.58241722052530254  0.58963055738421088  0.59676248603548487  0.60382012279204311
  0.61079396263565044  0.61770455026474791  0.62455949576620917  0.63134624438595666
  0.63806457611769651  0.64470873254582206  0.65127775496985085  0.65777935240538554
  0.66421420171157408  0.67057750812933636  0.67687485666124581  0.68311163828827592
  0.68927926428734809  0.69536929756067622  0.70139480123122822  0.70736321781342426
  0.71327193537541977  0.71912459319746602  0.72492479998686254  0.73066712466500894
  0.73635409199609414  0.74199574358266740  0.74759646090497689  0.75315085205185395
  0.75866476415554052  0.76415097263326437  0.76961600246570783  0.77506022509956429
  0.78048480392571129  0.78589123274717698  0.79129210917781645  0.79669038922102753
  0.80211183003068587  0.80753616709342824  0.81299695441223163  0.81849626183457869
  0.82403948088960344  0.82964668154455512  0.83534947787130409  0.84116306178829303
  0.84708932224915523  0.85317030537273753  0.85948175934979998  0.86604595473744050
  0.87294891011656783  0.88030994723825429  0.88825802290859213  0.89708164142551750
  0.90731605890773992  0.92010012881203829  0.94155737837771980  1.00000000000000000
   1.0004390023411306E-003  -1.0000000000000000     
 T F F T F F F F F F F F T F F T T F F T F F F F F F F F T F F T
  <DiscreteSampler_grid>
  grouped_processes
  1 # 1 for a reference and 2 for a running grid.
  10 # Attribute 'min_bin_probing_points' of the grid.
  1 # Attribute 'grid_mode' of the grid. 1=='default',2=='initialization'
  0.0000000000000000 # Attribute 'small_contrib_threshold' of the grid.
  0.5000000000000000 # Attribute 'damping_power' of the grid.
 # binID   n_entries weight   weight_sqr   abs_weight
    13   10   2.021837609513676E+008   5.350718081994030E+016   2.021837609513676E+008
    14   10   2.021837609513676E+008   5.350718081994030E+016   2.021837609513676E+008
    16   10   2.539678581472043E+008   8.403449125312454E+016   2.539678581472043E+008
    17   10   2.539678581472043E+008   8.403449125312458E+016   2.539678581472043E+008
  </DiscreteSampler_grid>
