  0.00060634457808790  0.01651596237561713  0.03117957049337398  0.04413887923619722
  0.05608023146879713  0.06762544152359942  0.07893823517039381  0.09068446941644817
  0.10248769490528843  0.11386817632321927  0.12509360988734819  0.13630503820239490
  0.14745989168231879  0.15812472474118980  0.16868006345397804  0.17961745504533663
  0.19082000444545702  0.20207150696421908  0.21297398868119410  0.22366998656522757
  0.23422427951879143  0.24479350012960138  0.25535075535219204  0.26589329307139731
  0.27639942826020375  0.28689845764241612  0.29742019150064897  0.30810731802483809
  0.31915414910846840  0.33024909350759485  0.34130987475571112  0.35213436715029384
  0.36294817765625170  0.37352351030298903  0.38383711398713177  0.39398238337077623
  0.40403794582135794  0.41405472253927722  0.42394733691285552  0.43377441340850609
  0.44370563488938813  0.45381541251636820  0.46387340755759549  0.47382492992451891
  0.48376166037191426  0.49386852848375840  0.50387174785310185  0.51373061534749520
  0.52348779747364671  0.53345544377737675  0.54373690342107539  0.55432777348538309
  0.56476226725485179  0.57487361624764399  0.58486313097145382  0.59501007073125567
  0.60535305568646292  0.61559407248584663  0.62581242123103631  0.63616378152542008
  0.64655111033455037  0.65700090793538968  0.66724872081281716  0.67733835904010675
  0.68749626053058344  0.69761726387219480  0.70766954246096103  0.71757167415297407
  0.72749723495534180  0.73752406637996870  0.74763255968840647  0.75783791475628504
  0.76828355382976454  0.77889355721269538  0.78930705117346212  0.79946098942343879
  0.80958395284825524  0.82000584569229396  0.83052358576752305  0.84065998484556648
  0.85048730414085716  0.86050980176394276  0.87087524578429432  0.88142049488754726
  0.89209765813432240  0.90328053080987170  0.91472520235272314  0.92578514598918848
  0.93606145860045109  0.94575782368405537  0.95526302003168839  0.96460894400928365
  0.97371321476330797  0.98252299959767087  0.99128901029029370  1.00000000000000000
  0.00708083777994979  0.01224336552185626  0.01432848639175405  0.01622275083680255
  0.01776538894815306  0.01911681504854063  0.02038044017093182  0.02154025721938947
  0.02265164988382771  0.02374357611572072  0.02483647968737735  0.02594107622203633
  0.02704172912184203  0.02814794457329816  0.02925979720396476  0.03041552579784928
  0.03158427087628526  0.03273207721443363  0.03387070552867872  0.03502835626580134
  0.03622993715791199  0.03743755218630961  0.03865576937552796  0.03988452195686223
  0.04114763733327190  0.04246864156320605  0.04382896644438171  0.04519190439120151
  0.04653695653857148  0.04789118045560151  0.04930351933371672  0.05076021323513866
  0.05225960736411964  0.05381947012941433  0.05536280649986455  0.05706789622369537
  0.05879213032230950  0.06057955089077306  0.06241912975062908  0.06432086175933055
  0.06628265071817009  0.06825276153597595  0.07022779983007241  0.07222649519036095
  0.07426922626470810  0.07644865938274989  0.07869684527632860  0.08102505118039512
  0.08344564210988151  0.08595318116366137  0.08857322673014401  0.09129363361252855
  0.09408500129100134  0.09695457270008942  0.09993188006858131  0.10304801712887579
  0.10634024879656118  0.10976055333419597  0.11336894541523704  0.11715132110318489
  0.12107702295565792  0.12508807516908921  0.12922762200687557  0.13347690149955960
  0.13800939684944749  0.14273641257267883  0.14763620795014137  0.15287196754336052
  0.15843530158773853  0.16433860960877592  0.17057250111809941  0.17722017553385680
  0.18451712999775083  0.19244277964848047  0.20091901303539833  0.20993219672799035
  0.21937766717176760  0.22969100832109715  0.24116937084965800  0.25358978710664098
  0.26669281785770144  0.28061325910325247  0.29519807951209515  0.31181737030514389
  0.33105775037422780  0.35347702891298066  0.37903518422944227  0.40796803236981899
  0.43952723764274626  0.47450163867637446  0.51526795831375516  0.56350272671840929
  0.62074529223759189  0.69487657395620883  0.80012929308305547  1.00000000000000000
 -0.00251317733345531  0.01044705437225193  0.02086094419119593  0.03133759265407959
  0.04156494935689438  0.05178806009800666  0.06173054730530469  0.07191791131817302
  0.08211721861311755  0.09290231209739583  0.10382525563350099  0.11520268829481811
  0.12624531738478484  0.13737853582530349  0.14795406014095436  0.15856126944572313
  0.16883339338706532  0.17923575798212371  0.18971608111949120  0.20016519423429005
  0.21065746854853459  0.22117294801440829  0.23207114485461555  0.24281377940025417
  0.25338019640053361  0.26368079660462412  0.27399221490252601  0.28455806469057804
  0.29541559275806284  0.30631191742829661  0.31702530967749953  0.32774519589888673
  0.33852158636752444  0.34898057003584959  0.35908760296507258  0.36894112743079466
  0.37891601671097797  0.38898701583035322  0.39909066633770435  0.40932244134952989
  0.41959703124367737  0.43009719433505078  0.44060385406194202  0.45129841974806345
  0.46202047260344775  0.47305367113336605  0.48389057422016890  0.49484988311625488
  0.50586785973445758  0.51664880079066788  0.52750983913508709  0.53798544663195036
  0.54839931741899861  0.55857070415646526  0.56900517386483163  0.57970704750113955
  0.59049382988323806  0.60111726954611744  0.61181956892765899  0.62253110950995383
  0.63317094645296179  0.64400970756945941  0.65508728356353008  0.66618895589933647
  0.67668606381292273  0.68700735871818774  0.69751920712524351  0.70820875058883337
  0.71838893969595452  0.72855830173508762  0.73884322653459600  0.74924014299377617
  0.75967044122252980  0.77025716096107077  0.78131597972653022  0.79248218999380848
  0.80330748906476124  0.81408918483748383  0.82498715371905351  0.83557664950958321
  0.84617909981224437  0.85657465035484248  0.86700464782890507  0.87723269032534679
  0.88747007497067687  0.89771651860911561  0.90792956296194549  0.91796989999465251
  0.92824557061861168  0.93849082750794866  0.94869767883812106  0.95893984024330825
  0.96944252522552465  0.97951727259148336  0.98978175953414849  1.00000000000000000
 -0.00231123708396690  0.00943225190877367  0.01969230119598658  0.02994908925387109
  0.04033855751611675  0.05054014236133322  0.06095242751119211  0.07152956124820030
  0.08198054773674389  0.09279721832724587  0.10355340245955957  0.11468718454420000
  0.12577006711240860  0.13648537869602026  0.14717980848126677  0.15758482847961877
  0.16789926457062565  0.17812010332901712  0.18828387911571248  0.19849013468599336
  0.20886114980154188  0.21952244562050138  0.23026173474061218  0.24069570371729568
  0.25090216470142229  0.26107336434225908  0.27120884814654339  0.28141317947972316
  0.29173079824440584  0.30213946939717612  0.31233458681640064  0.32233143776015510
  0.33243591926082927  0.34277911032309166  0.35339555875417078  0.36409177779910751
  0.37461746045508559  0.38484917196960877  0.39501817621530844  0.40571091894748706
  0.41666445843622030  0.42733395445808631  0.43765418400534295  0.44814226102575094
  0.45886618976815824  0.46980016952770604  0.48108074326434408  0.49204096821723653
  0.50270552679199465  0.51294935383725759  0.52342258527239482  0.53411079413045415
  0.54485718096644142  0.55547078778731007  0.56598000120331460  0.57649508177714903
  0.58693239494003835  0.59744888087835701  0.60811048802262879  0.61903390324968210
  0.63015932819961795  0.64140203914437111  0.65250503310399433  0.66336997757867144
  0.67390682345803166  0.68404437139534702  0.69396228563396423  0.70387394350397914
  0.71416979045262774  0.72472078579238608  0.73519699041632125  0.74559481894791713
  0.75598565136353868  0.76650144102309958  0.77705117992869310  0.78773613483696192
  0.79870011648901473  0.80995854480788454  0.82112012984749772  0.83218420778022306
  0.84281960757128371  0.85310984892890507  0.86317387948346258  0.87331385197816802
  0.88336413779762957  0.89335527042508667  0.90317756598355214  0.91328625214024850
  0.92387385471211914  0.93467805324845765  0.94580266639331556  0.95693111923882512
  0.96799247472406069  0.97897316668313017  0.98953509509849658  1.00000000000000000
 -0.00241565499889220  0.00996187504006131  0.02037913936315635  0.03116290377196299
  0.04208281000100138  0.05327836989500763  0.06412898610346977  0.07464660239319158
  0.08526742670498796  0.09610150957810644  0.10717889471626051  0.11811958108756494
  0.12897980695928982  0.13974554763014832  0.15040486481248633  0.16104172110258019
  0.17160069178142132  0.18203824895161486  0.19232430784931037  0.20242683119837884
  0.21235278557478066  0.22220450083282239  0.23232241669680503  0.24295059445755784
  0.25383223183255543  0.26481431904161612  0.27589077771886944  0.28687940416211294
  0.29761139707754292  0.30823034717384762  0.31903385396587003  0.32975621479813821
  0.34005871047057246  0.35035167571981690  0.36078523227949050  0.37147718544523783
  0.38198532867106155  0.39222315780769657  0.40251169110061286  0.41319521577701868
  0.42453494277790083  0.43609744519597871  0.44699576430614590  0.45731782586677527
  0.46765338069646506  0.47818056222058880  0.48853442919242968  0.49853171447870692
  0.50872381667679334  0.51918012404656244  0.52974589949395867  0.54039959619954747
  0.55117955717156120  0.56195671334566899  0.57265344990975398  0.58328232860652129
  0.59390104668434940  0.60426073090530641  0.61460748165808698  0.62501385986328506
  0.63548033415846183  0.64573280077209838  0.65598483810004360  0.66651004738136266
  0.67737999829668927  0.68800845003544797  0.69809974757501647  0.70816147925898687
  0.71831132110912255  0.72830387443972078  0.73832023982594319  0.74838998906054321
  0.75870178489471096  0.76856720460576489  0.77858094783887688  0.78863572928650205
  0.79862730995075315  0.80871945683915925  0.81932568653999016  0.83047995202791858
  0.84199956621127625  0.85346125649464044  0.86480381795470818  0.87559329208229164
  0.88601482279516675  0.89614171571286205  0.90631660068511433  0.91688590103999257
  0.92774547830881748  0.93819369675528175  0.94833111412580651  0.95876859603513620
  0.96935214080835808  0.97976260848450158  0.98986010621126064  1.00000000000000000
 -0.00201967297354032  0.00921477854540724  0.01849457939868850  0.02826362082643345
  0.03814898633698108  0.04828563006299580  0.05871601494206252  0.06903091218959972
  0.07957569676717252  0.09024784758606413  0.10095311862487938  0.11178521396859581
  0.12243043617538121  0.13303866384678059  0.14328898071725205  0.15349700387520940
  0.16406812924915409  0.17477991786251576  0.18567455330396646  0.19609523004304852
  0.20642376744699487  0.21649357650569162  0.22650034678883510  0.23654053434119493
  0.24672780642193368  0.25758060137567124  0.26879791120727886  0.27992210519689364
  0.29061252712478230  0.30128091724856632  0.31185460741358267  0.32225829350930263
  0.33274144157800861  0.34329620258553933  0.35373912762047521  0.36394404217086590
  0.37407269611595512  0.38446758222484334  0.39515476615458150  0.40628890335576984
  0.41734866255741132  0.42803389327389463  0.43852837850721832  0.44882867142749899
  0.45893299365591361  0.46860554810744548  0.47849089631145747  0.48905096181296914
  0.50026827949913766  0.51139053559103431  0.52229090267066136  0.53324239078102820
  0.54408193826226536  0.55476321973778708  0.56517507662865929  0.57530057562770631
  0.58530420322560428  0.59555856985991651  0.60596791246445436  0.61668142381982183
  0.62737126332555815  0.63821219149750108  0.64891558441871922  0.65956840750713763
  0.67006801242993785  0.68068308933742250  0.69137793250131230  0.70192784631631144
  0.71228921218509389  0.72246190101344754  0.73330680806564352  0.74431424407067770
  0.75524093850844398  0.76590371718074224  0.77648424921718062  0.78709686317151362
  0.79752158241544546  0.80775044926393480  0.81811145992651635  0.82861387446865464
  0.83915982550849810  0.84952802141155137  0.85973914090419534  0.86981197877650707
  0.87978702339943360  0.88987609500142473  0.90035928324067194  0.91134910051771367
  0.92247687545742763  0.93403050015380462  0.94536720316164480  0.95720863953164004
  0.96823336266116522  0.97933375313782700  0.98954211858730290  1.00000000000000000
 -0.00253537619068477  0.00955110313635230  0.01991939836668518  0.03047759285090208
  0.04118057996700074  0.05164971573546101  0.06209400910083791  0.07254752383012185
  0.08360650076853619  0.09465595545522343  0.10568068857775889  0.11601240329557493
  0.12675358075932491  0.13673311030558910  0.14674033486093360  0.15610279482856268
  0.16581653434556592  0.17584648300708242  0.18613706480009171  0.19624807487495871
  0.20646246398292506  0.21683117855589554  0.22758963982225677  0.23841123904098688
  0.24912299357452533  0.25962306754145237  0.27004826067975857  0.28080232129494392
  0.29170498685239610  0.30238170730013331  0.31318137089308662  0.32400937132031798
  0.33508786426335846  0.34614470308161976  0.35682657408548041  0.36720587196716592
  0.37776951045207008  0.38853397851947613  0.39944922232257973  0.40991777193316070
  0.42030637935479409  0.43055838261919421  0.44092940643038164  0.45140779142838855
  0.46193846552826073  0.47236116788312382  0.48271217654285375  0.49286970877365976
  0.50338168683428652  0.51419846488208210  0.52528007998722459  0.53619153391906127
  0.54722893452911714  0.55792137033826827  0.56820059034124359  0.57803252435047692
  0.58802405049807116  0.59825711488008904  0.60880100204751497  0.61907058992730102
  0.62943642540325939  0.63989397557205729  0.65040853580463187  0.66111133601169525
  0.67168109212355687  0.68263970027552545  0.69350334572332994  0.70449652745971680
  0.71517166394989407  0.72559354453695435  0.73619037668523135  0.74701983927612192
  0.75786639340604334  0.76851971071179326  0.77897639173655409  0.78942246188350462
  0.79993485497185468  0.81016816998159835  0.82015108893410638  0.83000145859865782
  0.84012294763594675  0.85072919378853440  0.86143753997588635  0.87209390128381770
  0.88253273577863134  0.89305938890736325  0.90358166850012922  0.91408649623019977
  0.92484691506452832  0.93571222307509083  0.94674541923995226  0.95758667068983716
  0.96818219553512952  0.97893641460861414  0.98935613763694341  1.00000000000000000
 -0.00254032517055466  0.00945074387743858  0.01980136763839449  0.02987177029948942
  0.04013553969934255  0.05049153926210059  0.06091349293586821  0.07165746468205768
  0.08229551020450245  0.09278340366384830  0.10315753987449741  0.11324067100560312
  0.12366100155181491  0.13439967878507086  0.14519603041711632  0.15562883006221553
  0.16599859562734851  0.17640533511734979  0.18667692450007370  0.19741393625691239
  0.20833915309232143  0.21964805348412769  0.23075315377676076  0.24183308923884941
  0.25279295403647462  0.26342146762503826  0.27414594503951950  0.28473894676458561
  0.29530736896825555  0.30564575293800950  0.31620682979087000  0.32701128952979275
  0.33784495066135189  0.34827151670062090  0.35831415715650811  0.36847882280151190
  0.37895087938171662  0.38975396533100198  0.40077749168101834  0.41174070273256735
  0.42275728476876900  0.43333522927358725  0.44398975645361788  0.45476285274986050
  0.46611714404484972  0.47738635367385557  0.48795917419072271  0.49823626741725163
  0.50825130344041691  0.51836024382857138  0.52848046178620656  0.53885419913020471
  0.54949878745433545  0.56017174157293659  0.57047759942749121  0.58039764478874833
  0.59068768908431690  0.60107969902812630  0.61184663940831097  0.62258649934549881
  0.63373072813829956  0.64506075796424767  0.65622968712976182  0.66711393085769100
  0.67749614528538338  0.68758446536714446  0.69774210954718130  0.70817139008852548
  0.71885107035161744  0.72937931806076450  0.73992318936528900  0.75006934033467287
  0.76015237930831081  0.77039416072710210  0.78088656345785867  0.79154887007618591
  0.80232058134151774  0.81298343307485277  0.82353370255048508  0.83369471754611679
  0.84397259827491777  0.85411885574135815  0.86445939707427921  0.87477083700289582
  0.88518258700642038  0.89546562662068152  0.90583594285810920  0.91625417585682867
  0.92654168781568103  0.93697386010868744  0.94754691274658265  0.95833304861065449
  0.96885541489573179  0.97884992999689224  0.98945168474619616  1.00000000000000000
   5.4778822503629226E-013  -1.0000000000000000     
 T T T T T T T T T T T T T T T T T T T T T T T T T T T T T T T T T T T T T T T T T T T T T T T T
