  0.02343399385681488  0.02743752917554442  0.03144106449427397  0.03686789969329382
  0.04277411864890553  0.04670150428364184  0.05034515284424938  0.05503490542912867
  0.06107676248326251  0.06579342011450408  0.07032911968040606  0.07513037685271194
  0.08138231584839473  0.08901104382749181  0.09526541042247988  0.09974887513127614
  0.10348703796124642  0.10742427362745148  0.11265704430729670  0.11890029765408409
  0.12596813286605293  0.13195178257108828  0.13762198648365007  0.14410905608735955
  0.15177137234079385  0.16078151981826019  0.16965102276141694  0.17800156503923437
  0.18620273658241573  0.19390827607904793  0.20150171933247893  0.20875791986503636
  0.21600773764677744  0.22368320860314944  0.23131011342256763  0.23848856463547122
  0.24722193040792384  0.25763079251072868  0.26847215250765871  0.27845331396194234
  0.28961524355240587  0.30223540766763535  0.31531226212268260  0.32926545034021287
  0.34379916560677071  0.35450717437280260  0.36407471962988380  0.37290990577584676
  0.38085138545623021  0.38813159013161364  0.39795989299389156  0.40905252665857345
  0.42072363879569386  0.43275848770147912  0.44536710161437409  0.45862722278760670
  0.47161591087979760  0.48434979719661025  0.49708255242797000  0.50938190639169612
  0.51993061223284132  0.53084938933191173  0.54292496047883521  0.55451422710458309
  0.56675130250231054  0.57841379145696792  0.59060453031812143  0.60338366682634459
  0.61543987706408687  0.62755372789199571  0.64254762086323636  0.65559761826018703
  0.67355692742489170  0.69057495607954755  0.70515484449576482  0.71758208740465756
  0.72942169529213607  0.74190301158570537  0.75408109671334456  0.76663214089480980
  0.78027943932548605  0.79263187442237526  0.80512731614476141  0.81861361199880478
  0.83436683894784269  0.84886058482569093  0.85979345351029501  0.87184938486937447
  0.88386334032231884  0.89273985527361011  0.90281749122047483  0.91369968082111375
  0.92933515080878026  0.94880080139091938  0.97470491122793668  1.00000000000000000
  0.00000003945512490  0.00000044180848559  0.00000074921254802  0.00000097789483991
  0.00000117022315776  0.00000136359238017  0.00000154774274376  0.00000170828505629
  0.00000187496621617  0.00000202828845844  0.00000215914757646  0.00000227163842986
  0.00000237220402878  0.00000248015220824  0.00000259492642473  0.00000271596039061
  0.00000285325731350  0.00000298630072714  0.00000310132333726  0.00000320255808080
  0.00000329932127648  0.00000339136580749  0.00000348856724442  0.00000357902655928
  0.00000364557709825  0.00000370834939939  0.00000377485471816  0.00000384663918712
  0.00000392457155628  0.00000400875336295  0.00000410525846110  0.00000420254288254
  0.00000428707470691  0.00000435875797945  0.00000442950171727  0.00000449701157418
  0.00000456443045196  0.00000464060553747  0.00000471726263828  0.00000481802075568
  0.00000493613287308  0.00000505489324887  0.00000516547257880  0.00000526521654001
  0.00000536235726393  0.00000545732952799  0.00000554972564531  0.00000564193093778
  0.00000573837111708  0.00000584450567983  0.00000596584324015  0.00000610496334342
  0.00000625335986208  0.00000640026833715  0.00000655381164599  0.00000671210366142
  0.00000684616154554  0.00000696142585389  0.00000709110598435  0.00000723958240838
  0.00000743082439089  0.00000770174332658  0.00000804638133877  0.00000839744991135
  0.00000868448126106  0.00000902205697059  0.00000933262868355  0.00000960828233746
  0.00000992653483338  0.00001036019450574  0.00001079385417809  0.00001149583598767
  0.00001224335832976  0.00001343260489471  0.00001526731820585  0.00002020854879898
  0.00002510871514827  0.00002852667489394  0.00003079549230381  0.00003256584304848
  0.00003415034450624  0.00003507817273835  0.00003589979546710  0.00003673140765837
  0.00004887961310675  0.00005825119113029  0.00006471282185513  0.00006714802207240
  0.00007018384411443  0.00007447249293585  0.00008077937941167  0.00009117719903171
  0.00011243081306756  0.00014968433391031  0.01433847073580224  1.00000000000000000
 -0.00021707492865347  0.00137243171064023  0.00384991578682147  0.00821599691575709
  0.01630817680846941  0.02458926168433781  0.03239783364136331  0.03992015399297687
  0.04588516049855405  0.05207140795890880  0.06129735297865196  0.07384112308648720
  0.08520332521005758  0.09270189161162827  0.09831968880697461  0.10502381097440965
  0.11325848128731049  0.12267039480934699  0.13432135774660428  0.14649389767941395
  0.15792424348782597  0.16885880162924824  0.18110095578544980  0.19336027182197343
  0.20729855134236833  0.22013141867547403  0.23087258309970671  0.23901978490986805
  0.24600436828704389  0.25226985678181618  0.25888824247072068  0.26737739842241681
  0.27685761906300738  0.28612492524696020  0.29570554690429673  0.30437724812870265
  0.31176902216436225  0.31933483718008765  0.32675948010815520  0.33430994761725691
  0.34252138480982058  0.35240677129176984  0.36364424950283847  0.37586237939882150
  0.38804390380011361  0.39864811698347352  0.40900661683717404  0.41954421143070436
  0.42952577496663152  0.43937063202957255  0.44840559278773018  0.45710158963149777
  0.46692662452261557  0.47835223967412643  0.49079829893674159  0.50306864015626673
  0.51434196902273299  0.52514211624920559  0.53698610078545050  0.54595362174676043
  0.55438758943458766  0.56300968978168053  0.57173602209207020  0.58240210766252443
  0.59380407174735950  0.60474560662428201  0.61459902683645129  0.62465163754420561
  0.63484171552384527  0.64579444817188425  0.65738923104511016  0.66856699384441254
  0.67681753997837324  0.68517104252862537  0.69387882592260075  0.70321901543602827
  0.71459784950921112  0.72847173834872614  0.74243477425857995  0.75773157256363310
  0.77403554684385567  0.78973281656594885  0.80335993532398864  0.81800235717239933
  0.83576316415324237  0.85190015453137036  0.86698355469311894  0.87901857833292785
  0.89214840040296528  0.90648851326928137  0.92228382488829441  0.93902760597990986
  0.95468590054426983  0.96975895634473253  0.98468326605600098  1.00000000000000000
 -0.00383421799073747  0.01169599961740365  0.02623509033171171  0.04085285514851516
  0.05580026955402434  0.07007862738889636  0.08283620995128435  0.09524764282353064
  0.10801009530928479  0.11839600824890512  0.12538436962135227  0.13055767324379414
  0.13414447708758509  0.14004725456480996  0.14935895832159934  0.15782840846412802
  0.16817227567622267  0.17517662953908067  0.18043647839231339  0.18810512171268068
  0.19914645783346455  0.21068170426952254  0.22088285603032695  0.23025954654193376
  0.23953667606146575  0.24904767415816045  0.25709443298638573  0.26446371981121086
  0.27047669852568595  0.28280049306384958  0.29172849900465103  0.30144065928385266
  0.31214560609846648  0.32160883368436605  0.33250614542509810  0.34495876784017065
  0.35557297793997383  0.36454696766454719  0.37363239217468197  0.38293578661153416
  0.39493057590849456  0.40715520907460084  0.41722755155102542  0.42551162074375420
  0.43385888518069088  0.44308215352035990  0.45247928086090450  0.46215986807097226
  0.47167625065855712  0.48101127794418158  0.48902506853926503  0.49670939687799032
  0.50377872389193989  0.51610666242860570  0.52834940802780561  0.54320975206762323
  0.55700611836736524  0.56900290566869904  0.58113746428338786  0.59162187515119957
  0.60020868468390276  0.60841912897753747  0.61636199603845243  0.62491006145339745
  0.63374413974285027  0.64637125605027768  0.65898316787093381  0.66779698524911590
  0.67635398113470890  0.68729781406279278  0.70181268695840626  0.71742023777086905
  0.72927264953014581  0.73751014472117604  0.74493350463941810  0.75207218120808983
  0.76102163360463293  0.77095048866897220  0.78060334445747770  0.79188239490383172
  0.80481019763187811  0.81862566858297792  0.83139590611841985  0.84649029849947732
  0.86326184899756553  0.87972153665491237  0.89693802882478890  0.91268968786977478
  0.92532992466076547  0.93577429812472124  0.94517314704663025  0.95420768535999678
  0.96364011630407420  0.97300011004126630  0.98411156217065521  1.00000000000000000
 -0.00683245815725716  0.02707182457864480  0.04197074664592435  0.05229092566196101
  0.06086989246384186  0.06895227591573584  0.07733113301307266  0.08806465256359841
  0.10128992951607907  0.11410831535804479  0.12597893291306050  0.13713420207694521
  0.14776490469569126  0.15826799523653162  0.16728032029321538  0.17788930768041855
  0.19240234568777184  0.20570207454719205  0.21490842946799754  0.22135040551539226
  0.22737978988930482  0.23207927225595790  0.23594479495546317  0.24122866983701036
  0.24933993352163716  0.25920528095732959  0.26966973747869044  0.28062729476611026
  0.29222340971381522  0.30454372795119006  0.31464836994533724  0.32370639897297709
  0.33234150619365671  0.34142277139143384  0.35190296775663837  0.36156673692976821
  0.37128927288447661  0.38201352205850153  0.39414762825274086  0.40695817167941012
  0.41916258003414875  0.42936700953818147  0.43765002369704037  0.44498639839364890
  0.45287994339775151  0.46066847346961071  0.46765565746531590  0.47490088374701067
  0.48389036610650893  0.49299753044738442  0.50347836728001338  0.51484505243436307
  0.52408681454453476  0.53024273735542204  0.53606512764481107  0.54550436018992632
  0.55471120406937158  0.56253088499429837  0.56796609376183682  0.57296419481859662
  0.57869722802905765  0.58669156230754549  0.59702113216360897  0.60755995399519769
  0.61795047522929902  0.63026465262597908  0.64286218419713714  0.65717667206833397
  0.67157620913869687  0.68557124903490685  0.69995790827450755  0.71300702972880459
  0.72618081406462442  0.73921259028151776  0.75161889079089461  0.76263411968865313
  0.77302465970504253  0.78321729354658953  0.79215556862180558  0.79897174793778536
  0.80497035121557947  0.81248610999133530  0.82126365975730187  0.83648539517981046
  0.84939303083273154  0.86285547013000097  0.87510565635810822  0.88547266997722118
  0.89821402312053511  0.91384914681066687  0.92947509873289236  0.94537718421231332
  0.95999547403655461  0.97216731422732583  0.98567322128656509  1.00000000000000000
 -0.00317013510791132  0.01329014211039869  0.02120610427675481  0.02790450331353871
  0.03512765621234379  0.04348390222615822  0.05191252812025860  0.06212004353033660
  0.07168145822605965  0.08243975495622846  0.09463187801585966  0.10654817755929455
  0.11790967949734507  0.12818404824739221  0.13707839200644323  0.14547644334665361
  0.15573068177164626  0.16642190584373420  0.17615582984210823  0.18310488398981969
  0.18828040947046562  0.19483814780987388  0.20344649693430289  0.21168500031276402
  0.22054249621953814  0.22997380886927077  0.24012755609521491  0.25143954473360114
  0.26289039074176423  0.27267426331480943  0.28290395780439381  0.29325325332529945
  0.30022930056625741  0.30797767111824176  0.31735912040612746  0.32688041885399344
  0.33935816394747820  0.35671605273291035  0.37286834397069279  0.38871315508701126
  0.40320225010196303  0.41677975218798036  0.43010529101400968  0.44145669467796822
  0.45174450164223034  0.46434099594426970  0.47588318957137710  0.48539192975196810
  0.49334331741400822  0.50228438693619992  0.51160747634260839  0.52141856270506026
  0.53226445445887938  0.54490338236878177  0.55914187773689239  0.57339532743149857
  0.58594235040185871  0.59644351068582424  0.60592824706783543  0.61522235097518874
  0.62430380115754425  0.63295738937642243  0.64112234597895434  0.64953784862537256
  0.66499189876658005  0.68278199568034414  0.69746149569128157  0.71027414485577545
  0.72133153523936977  0.73093840969221024  0.74010012805748604  0.74951489216876832
  0.75846528578325523  0.76744767538898184  0.77924526081842171  0.79340470019180809
  0.80436126232077709  0.81042803718702794  0.81626747943805444  0.82178693898096455
  0.82813455584261209  0.83520983934525728  0.84603246403993826  0.85439961679453025
  0.86362367040746568  0.87321695914625908  0.88453191736044523  0.89648166191567091
  0.90999937958358756  0.92167753697052379  0.93311545167529097  0.94573897758163206
  0.95739834732467577  0.97127977785977748  0.98551578329300304  1.00000000000000000
 -0.00111636578761139  0.00448678478477359  0.01037382205289816  0.01610029945562262
  0.02240180841794609  0.02917250227791065  0.03669121753459959  0.04589651281053939
  0.05590110499944586  0.06392709486399885  0.06959138424517626  0.07603423548491384
  0.08304874788694336  0.08858288315176796  0.09295798005205748  0.09741574686079156
  0.10469879337923997  0.11636525101291716  0.12742840944987957  0.13625123697649349
  0.14384027204356559  0.15119167617173518  0.15972139118015816  0.16889649860859748
  0.17865221578152979  0.19043226041919270  0.20127714028013130  0.21182731688620685
  0.22199655029551621  0.23182584713438670  0.24060428925466018  0.24806669562014116
  0.25939630299409777  0.27196518962753868  0.28237580444965732  0.29157575663584762
  0.29936429878643883  0.30715252001358467  0.31349194901617627  0.31868190208640801
  0.32808078753348480  0.33885095082360739  0.35020825273990364  0.36060958583702046
  0.36943553673617002  0.37823402757942720  0.38969840150707524  0.40169802454273307
  0.41133864538066145  0.42095668746005260  0.43206772621307016  0.44390239566988776
  0.45424480286796093  0.46331215770565737  0.47163649890136666  0.47991369321688104
  0.48971063856615249  0.50153965980573034  0.51590059951359701  0.52960592714467758
  0.54185460759973858  0.55310941071391306  0.56523711905542451  0.57841411569089463
  0.59235498496857575  0.60784578995293881  0.62373836096578317  0.63844815101337660
  0.66177257258559052  0.68166885064588900  0.69904964935181013  0.71517841996578380
  0.73322103449909581  0.75006251767038346  0.76188125010011609  0.77316227340072063
  0.78516000846851552  0.79886044157318870  0.81434568599410084  0.83247870904375798
  0.85064060324122859  0.86683168986489367  0.88011360559814533  0.89180226183891886
  0.90289873055014314  0.91364656364837504  0.92445984227274558  0.93440474598069756
  0.94377971091978785  0.95215427413916220  0.96091688466368275  0.97001060786030513
  0.97812908380508756  0.98546557434162707  0.99274056032779012  1.00000000000000000
 -0.00242611457181705  0.00953433099520776  0.02065038189950924  0.02983644822170905
  0.03715304570944029  0.04332585739087605  0.05050563845806921  0.05953709620692393
  0.07227571490089141  0.08816066487942853  0.10008430578508634  0.11123770266087363
  0.12370800564316008  0.13795337600679353  0.15428349981455583  0.16922290035997717
  0.17996211307831164  0.18864601369026959  0.19574274314298526  0.20250848237434274
  0.20980140871041675  0.22087446851505027  0.23175181674424047  0.24196373330335841
  0.25353345309446124  0.26593267036589568  0.27454812810625484  0.28073532887108460
  0.28756351559767462  0.29660019700448420  0.30783838854761342  0.31852744406764233
  0.32878430834703243  0.34330521116206170  0.35587424781842136  0.36699743358993042
  0.37705681069329827  0.38594832123574924  0.39317511833161284  0.40246582024870914
  0.41325910810930300  0.42213759620434310  0.43167926003857204  0.44190339970138809
  0.45137664276106287  0.46065806718928232  0.47020485106946136  0.47969368131641155
  0.49120284008210280  0.50582587672417267  0.52060037495067157  0.53663264795550858
  0.55084976041037303  0.56446513311760249  0.57904352933186343  0.59311035242027199
  0.60527887710215300  0.61529239810129355  0.62544356243206933  0.63533758235770232
  0.64597965035124527  0.65660249303884988  0.66526200584107320  0.67542703768441315
  0.68709738081027183  0.69901900289394570  0.70876263729306666  0.71779510622553744
  0.72762298844592710  0.73744001014721194  0.74515371038813893  0.75213478540125933
  0.75953752079057979  0.76771960787389193  0.77658472323207961  0.78668067211527215
  0.80242021677681319  0.82035357654506946  0.83530001434912537  0.85060163337104178
  0.86465405970810205  0.87668931381777926  0.88543808671780899  0.89337680279835752
  0.90095913529377991  0.90851547145435796  0.91994882071833362  0.93093483900858909
  0.94295646748118400  0.95507491930990873  0.96410031958747333  0.97078249168824393
  0.97781235715032877  0.98397202394811656  0.98967352367953398  1.00000000000000000
 -0.10877741629918639  0.52519703614811475  0.54313614280195910  0.54901160178711961
  0.55173891461448965  0.55331511558526025  0.55417989888180008  0.55479345199929464
  0.55529301651222018  0.55569583037634451  0.55602882178454194  0.55630661079971300
  0.55652140313332665  0.55670332236479725  0.55684384238704865  0.55695269777962153
  0.55703839805802680  0.55710632860149156  0.55716457306648770  0.55721978381088089
  0.55726987136713579  0.55731793850560196  0.55736075508980976  0.55738825895479038
  0.55741458688586665  0.55743877625588900  0.55746092939088521  0.55748191703534300
  0.55750026386215956  0.55751756376795536  0.55753426805611828  0.55754805640718319
  0.55756074652330201  0.55757198584307521  0.55758285960364851  0.55759302910003439
  0.55760322990561750  0.55761347712015230  0.55762431997878514  0.55763626093560148
  0.55765014305335048  0.55771268320346146  0.55789828897522276  0.55790960399970391
  0.55791896539043373  0.55792811749047000  0.55793641328451038  0.55794453141703437
  0.55795373594160103  0.55796391818125213  0.55797594469939815  0.55798881585378279
  0.55800469816002451  0.55802054514111799  0.55803635142362240  0.55805688979956580
  0.55807815542561900  0.55809980423742911  0.55812830142793746  0.55815883749515705
  0.55819182544939361  0.55822912395203284  0.55827204742283165  0.55831965933541250
  0.55837330757910930  0.55843156241453673  0.55849649833923087  0.55858220080113130
  0.55870019457815756  0.55883198985820204  0.55897939133523977  0.55915920170262079
  0.55937512322287830  0.55964734077065104  0.55998096093148730  0.56043381648925983
  0.56124185527955261  0.56240368699444199  0.56426603672134890  0.56734633089850428
  0.57187204414873216  0.57974592746276321  0.59719036015111904  0.62997137529535385
  0.67572694599870708  0.72030721538999454  0.75056456401582994  0.78465230284880993
  0.81581661498476521  0.84003976615082587  0.85736796620354316  0.87041371561669079
  0.89080271533326971  0.91659012906534398  0.94493810669739231  1.00000000000000000
 -0.03197489962343789  0.14643823631391903  0.20531527336302191  0.24348546851337166
  0.27625103382834415  0.30094287855356150  0.31972975175270735  0.33565143901477146
  0.34698118927249427  0.36173628534914776  0.37977485050957738  0.39417789532059089
  0.40678238206035494  0.41508009641770233  0.42401282498024123  0.43673018492551507
  0.45201087092829684  0.46415029005508607  0.47686324946152958  0.48933311723565476
  0.50186152155733199  0.51375204559731025  0.52472467410020474  0.53548646778892162
  0.54566745499163827  0.55557129363506008  0.56730832905131456  0.57744876140256407
  0.58685493486829543  0.59782371195148121  0.60773614089708627  0.61569177196646308
  0.62222330075509069  0.62870903635632203  0.63414932527561996  0.63781194463208069
  0.64346802363106237  0.64889234257436867  0.65414942942382082  0.65897019856740424
  0.66563341516730301  0.67230922666813653  0.67774573066199473  0.68179801470348034
  0.68573184539137566  0.68991997274508177  0.69411224744424771  0.69821572774684548
  0.70381690718869150  0.70976079413558468  0.71479840522366234  0.71977321364463998
  0.72433989584713099  0.72809237729891951  0.73204773651924437  0.73706531972129319
  0.74331132289720503  0.74922098801913317  0.75387297594424507  0.75797715824861234
  0.76215680547612330  0.76673077432863901  0.77185848824786440  0.77684370732335217
  0.78184226016440284  0.78741947347547825  0.79287502258221587  0.79729311619070131
  0.80091472628189653  0.80507819258133662  0.80908034679768603  0.81253242627947531
  0.81621085387149472  0.81998142087512205  0.82498956717800997  0.83031676227934537
  0.83482914526252294  0.83885609896181235  0.84250642570208767  0.84619197299404503
  0.84866903039849639  0.85216558132617493  0.85610586767137975  0.85888369885714921
  0.86156825596439568  0.86424139633111063  0.86701515183173417  0.87277288463762237
  0.88087021172981705  0.88939103743123626  0.89673110607286155  0.90419393245285307
  0.91261302231452224  0.92239270002808038  0.94512159293634523  1.00000000000000000
   9.9152449016276741E-017  -1.0000000000000000     
 T T T T T F F T T F F T T T T T T F F T F F F F F F F F T F F T T F F T F F F F F F F F T F F T T T T T T F F T T F F T T T T T T T T T T F F T T F F T T T T T T F F T F F F F F F F F T F F T T F F T F F F F F F F F T F F T T T T T T F F T T F F T T T T T
  <DiscreteSampler_grid>
  grouped_processes
  1 # 1 for a reference and 2 for a running grid.
  10 # Attribute 'min_bin_probing_points' of the grid.
  1 # Attribute 'grid_mode' of the grid. 1=='default',2=='initialization'
  0.0000000000000000 # Attribute 'small_contrib_threshold' of the grid.
  0.5000000000000000 # Attribute 'damping_power' of the grid.
 # binID   n_entries weight   weight_sqr   abs_weight
    10   10   1.452568269985792E-010   7.164335811799125E-020   1.452568269985792E-010
    11   10   1.452568269985792E-010   7.164335811799123E-020   1.452568269985792E-010
  </DiscreteSampler_grid>
