  0.02528562651265523  0.02772845356917243  0.03073118488465700  0.03385814001892156
  0.03755529501581597  0.04225485476240323  0.04630224321781132  0.04988828001966664
  0.05353855925009166  0.05737775919779163  0.06032032168345384  0.06317032478650206
  0.06865098782600233  0.07706581915136214  0.08599370507932366  0.09453276502927149
  0.10389564275345227  0.11414752377761558  0.12510486951096050  0.13715220842874831
  0.15004934604005565  0.16199336199542519  0.17277903195058972  0.18269304657833343
  0.19162565694380823  0.19999462952049316  0.20875690560376334  0.21831687242927650
  0.22858975420158142  0.23873003042740654  0.24696317231978368  0.25406785580069785
  0.26044472648441025  0.26912160612484948  0.27738388615266130  0.28505168984431645
  0.29559403428387765  0.31140758508289745  0.32540976337805627  0.33760410760681164
  0.34921963083664442  0.36086194592148441  0.37405433901006452  0.39071261379177330
  0.40652365112736033  0.41534459795702916  0.42307288344714439  0.43079226064848353
  0.43909126150680977  0.44874729197389190  0.45950227122718817  0.47272901067148665
  0.48577633155132338  0.49537141360414405  0.50349316185850879  0.51226633620918771
  0.52154160415127182  0.53012466876964504  0.53802180989128501  0.54384276630801365
  0.54942267064596928  0.55756395706801887  0.56504083472515387  0.57467549307441290
  0.58477877401093969  0.59377918325458801  0.60077991094334193  0.60770321580103215
  0.61884956560087578  0.63289006513100687  0.64722568177924378  0.66176222974810439
  0.67478436149040588  0.68806985221095429  0.70202341158286863  0.71548773401250831
  0.73010743669592348  0.74045153388527940  0.74886167105202994  0.75710345949150781
  0.76562798936732879  0.77476278225408457  0.78468743806270613  0.79415428909711516
  0.80878789485223002  0.82943543587020407  0.84647729848515973  0.86076722760966862
  0.87469244149775671  0.89148504995812783  0.91132073922649925  0.92870758552318300
  0.94363353619931178  0.95824157889288730  0.97185828532030438  1.00000000000000000
  0.00000004200504864  0.00000037804823373  0.00000058939747005  0.00000079644305707
  0.00000099161378788  0.00000114939597453  0.00000128832437006  0.00000142330808759
  0.00000153916373408  0.00000163396606422  0.00000171105305388  0.00000178309140068
  0.00000186284921471  0.00000198128953982  0.00000211409195023  0.00000221174288401
  0.00000224775186267  0.00000227544610667  0.00000230410452991  0.00000232860105279
  0.00000235572823863  0.00000238651663154  0.00000240862698009  0.00000245561112297
  0.00000251232549425  0.00000256148043260  0.00000261258729547  0.00000269653298744
  0.00000276328412383  0.00000286483516977  0.00000299231655852  0.00000312060706408
  0.00000324718546261  0.00000336512316110  0.00000346616973499  0.00000355779178688
  0.00000364473489976  0.00000372766455712  0.00000380106652595  0.00000386887660482
  0.00000393323769382  0.00000399858048872  0.00000407207187866  0.00000415464582172
  0.00000424709005753  0.00000434473262278  0.00000444308838300  0.00000454338010634
  0.00000464917258460  0.00000476046936804  0.00000486988765631  0.00000497097756865
  0.00000506641639354  0.00000516331420281  0.00000524933935237  0.00000533975392836
  0.00000542787709673  0.00000551487057403  0.00000559099110759  0.00000567406848589
  0.00000577067803229  0.00000588520549466  0.00000599385817823  0.00000608803912231
  0.00000618261704898  0.00000628078214510  0.00000637739482583  0.00000649044366153
  0.00000660038394571  0.00000676178441993  0.00000697976402463  0.00000724141372298
  0.00000764461779789  0.00000815202489556  0.00000881819800648  0.00000983115728063
  0.00001112604412500  0.00001286227924118  0.00001543496011805  0.00001772114130830
  0.00001985781730714  0.00002170643964628  0.00002399758086770  0.00002612444733135
  0.00002970682678943  0.00003459742527665  0.00005042089737078  0.00006215897260603
  0.00006695032556151  0.00007001980816077  0.00007441389057934  0.00008131027282051
  0.00009003170813401  0.00010058185584349  0.23371048357553176  1.00000000000000000
 -0.00021802019915401  0.00276922163164853  0.00699040394318776  0.00985218816203854
  0.01282530293819573  0.01656430748593016  0.02191007356042743  0.02859541646738903
  0.03528455506379786  0.04213071120946312  0.04859809861755600  0.05510113916778751
  0.06329509500275238  0.07363706493857305  0.08729194481154177  0.09573768446194876
  0.10174213592082826  0.10591343961341240  0.10917288709541802  0.11278679425500017
  0.11775045372925146  0.12290177816580387  0.12779876918910818  0.13197875651667876
  0.13696542426992792  0.14457500973487100  0.15431631867420476  0.16881052039542219
  0.18225389953417323  0.19393247427977672  0.20338616737144188  0.21276843316628880
  0.22397171675045191  0.23810151507921287  0.25267807972742057  0.26538093609046637
  0.27719050198193174  0.29122757387119874  0.30462097833942176  0.31749967980768701
  0.33148148031891933  0.34707679619166443  0.36217573371965645  0.37650831112220723
  0.38639078444985892  0.39250167179704765  0.39825629027356441  0.40490868723405044
  0.41127258721358267  0.41723424351124760  0.42300912759689097  0.42842430914329083
  0.43400042967036045  0.43998570431074430  0.44642662519097848  0.45372989369319933
  0.46127736513066436  0.46999119572363257  0.47692744576273766  0.48170805357949364
  0.49650824507944286  0.51347753820220643  0.52773988123895854  0.54071560164874455
  0.55335916985613165  0.56755082738914431  0.58098093903144388  0.59419088314348512
  0.60703957695765187  0.61931886684856152  0.63161257105626301  0.64546674530695536
  0.65955603326409684  0.67223569061880950  0.68350445939664106  0.69456392419486801
  0.70530130743775221  0.71830722952788206  0.73659600414973136  0.75498710115354539
  0.77233783319341021  0.79002320601556930  0.80922771121111226  0.82709098161882333
  0.84259965169219064  0.85693013557680631  0.87070911113119887  0.88513378407159049
  0.89926870065864528  0.91068582357878614  0.92087483618440213  0.93126698238083661
  0.94404010189868759  0.95943812468183587  0.97691587781272504  1.00000000000000000
 -0.00400568915628024  0.01203625649645456  0.02672363092441949  0.04159485177377602
  0.05657020643984316  0.07104412436428267  0.08452494451140584  0.09647741676763906
  0.10721289011921760  0.11728880013506421  0.12795833036584633  0.13658896290671987
  0.14582157665996842  0.15440080714101126  0.16249326814725309  0.17004536182590993
  0.17594202497076081  0.18278475075269354  0.19271722074442665  0.20148983330557718
  0.20926155872005495  0.21773070014837656  0.22508937380160771  0.23266328777353024
  0.24088691307407548  0.25332305972875452  0.26664595036641514  0.27388847431701741
  0.27915325232269689  0.28430944275817316  0.28898481130598097  0.29366973193000145
  0.29783779144957800  0.30173075393635329  0.30574966270400222  0.30899315383507608
  0.31975364867288136  0.33546879485537695  0.34950153187541472  0.36058169745232510
  0.37037261209594241  0.37894178591566380  0.38809662502268555  0.39879672221126378
  0.41000378227083173  0.42009686504091415  0.42782633745362514  0.43517151243228847
  0.44485953528180100  0.45529110098785935  0.46401995817781960  0.47083433602081143
  0.47964398680027898  0.48810313332721694  0.49641952416710733  0.50551174471359583
  0.51518337592227625  0.52540384611408686  0.53570539002051143  0.54731242063095820
  0.55847799231588791  0.56819183724813482  0.57425791038668950  0.58021458016764649
  0.58806683193299891  0.59616699905501547  0.60275071539956304  0.61025308862975547
  0.61821603554405291  0.62512302600087777  0.63390842577456108  0.64561030406449293
  0.65723101396913119  0.66965424840398036  0.68305496692920220  0.69541600587719077
  0.70992419942119567  0.72461286001053060  0.73915218265723681  0.75401806564511298
  0.76930907946657556  0.78444346988009717  0.79749026437954995  0.80966092368842146
  0.82177767328690021  0.83490118972888472  0.84941074882134437  0.86512782783134723
  0.88124912457020488  0.89697457742087361  0.91230873566994786  0.92769706573453925
  0.94216763367583001  0.95625898157825517  0.97406188308902608  1.00000000000000000
 -0.00473812795743203  0.01592296498698985  0.03583267408055092  0.05375523301750924
  0.07140577986205930  0.08961001995271102  0.10718633630436637  0.12182744977248496
  0.13729544977466715  0.15041212775710397  0.16312929967279713  0.17613636472260247
  0.18867178231234594  0.20032807877490105  0.21032233865315120  0.22021864926221599
  0.23189735207888137  0.24447815658603225  0.25654808433677156  0.26822071710303225
  0.28027578641172179  0.29326275268102231  0.30341162743182926  0.31408898756838444
  0.32514633357408657  0.33643335148425491  0.34593025636768754  0.35410240993177988
  0.36400383525661606  0.37372885906075470  0.38333672978455569  0.39317565268567073
  0.40270424176138009  0.41236916021800729  0.42233925332469630  0.42998614081589265
  0.43871126341696076  0.45053778269215317  0.46202641045303694  0.47212727978256647
  0.48268885498020220  0.49424423273624257  0.50774125968874673  0.51788002954353674
  0.52737606664028669  0.53524734529332751  0.54337846756284247  0.55177247603521051
  0.56058091818906097  0.57043506150720791  0.58166272038829026  0.59306188126115378
  0.60418154297247850  0.61461743179991724  0.62388838653002865  0.63237856850563479
  0.64085269761030095  0.64938425100000408  0.65760298263332528  0.66599843699528627
  0.67464291231134688  0.68237413795097224  0.68695618507587219  0.69190706526273538
  0.69716007825013671  0.70159236034684680  0.70621412639729508  0.71079720956334536
  0.71510842385499707  0.72153950310238024  0.73377765675079465  0.74826154527162991
  0.76458040919041170  0.78303760052791027  0.80267026885517367  0.82033495223432829
  0.83173995894003050  0.84009208275993597  0.84839041539778948  0.85715091395795906
  0.86677596291781422  0.87373544490307087  0.87753810359615270  0.88264271688282403
  0.88851866130039669  0.89278567112708640  0.89801723515704734  0.90472188340263204
  0.91343874625471200  0.92245488859457470  0.93072089978017047  0.94107874784982137
  0.95682704398275442  0.97269262148747881  0.98577833772986789  1.00000000000000000
 -0.00501249066146090  0.01516093971171499  0.03284246292034119  0.04773328368638710
  0.05790179567742799  0.06627291100819693  0.07437301182552229  0.08145554012969435
  0.08921153328736500  0.09978518055784533  0.11461275096756120  0.12937848321251857
  0.14471542901166184  0.15901666445377069  0.17459589807702838  0.18920180907532730
  0.20634134071735230  0.22347307591810475  0.23747534278299728  0.25087855212006560
  0.26503936995005256  0.27880511993656232  0.29193638759475149  0.30426734818964601
  0.31719244139020891  0.33094816950214528  0.34360782554242342  0.35374505738259387
  0.36235761810572492  0.37125240534933646  0.38026959764679696  0.38953325653735565
  0.39773368291874123  0.40553501807815168  0.41629746692287695  0.42993738198156523
  0.43870555054979715  0.44225901655161071  0.44695275123558409  0.45212065262888762
  0.45589402584810634  0.45953058956686343  0.46327160694496422  0.46765350201269912
  0.47241574066248787  0.47641455782416781  0.47910968063499437  0.48547045943492068
  0.49166080093000603  0.50130869536791212  0.50957760328933099  0.51677714623061999
  0.52764229571662424  0.54281526513310530  0.54846595347287241  0.55513421327517187
  0.56322646580617319  0.57075469720434535  0.57883233752246888  0.58657777388208343
  0.59483050770765233  0.60447062302007426  0.61235079856635755  0.62053200123276142
  0.63275782013874249  0.64499187137701020  0.65543673342575337  0.66622999932709859
  0.67872546903430886  0.68953260084867785  0.70040806987058846  0.71159250211427794
  0.72414118268891781  0.74031827726955202  0.75724380778287004  0.77514544134121266
  0.79361204380259054  0.81176758831373641  0.82871265314530573  0.84657274193431564
  0.86199264815394239  0.87625198583897090  0.88997379321422421  0.90189042868794767
  0.91152998943244989  0.92227976214792873  0.93249497222910116  0.94096319196234279
  0.94795954965992679  0.95393844463248101  0.96025738563725371  0.96612780325797321
  0.97231508921525633  0.97941336997068906  0.98776194347321677  1.00000000000000000
 -0.00424082895835731  0.01090785060770352  0.02588929079592521  0.04106534497018157
  0.05693869570809055  0.07073493021333181  0.08332461941650909  0.09616090987319165
  0.10962042121749864  0.12367259062358275  0.14183491634142997  0.15378563564684739
  0.16302724917600220  0.17026981320865134  0.17723620781837732  0.18406695681445986
  0.19324291448983863  0.20822634208163787  0.22705728405609099  0.24503638597066052
  0.25977426828655820  0.27035129803348640  0.27879589275207534  0.28633657025626302
  0.29409455406217788  0.30232341497631326  0.31536102000277927  0.32334032185639627
  0.33060368650649508  0.33953731690545780  0.34767027636309755  0.35304018036753199
  0.36037343450612669  0.36886936131887288  0.37777829640490612  0.39111991564202653
  0.40575952395105325  0.42024700611313326  0.43452089205841965  0.44871551392593867
  0.46263306915260466  0.47572137378268831  0.48902213508032999  0.50157224106750986
  0.51473422257186263  0.52741373420937665  0.53832609851285351  0.55004412956672732
  0.56549455254046399  0.57781824228328871  0.59102528918898767  0.60532543391197136
  0.62028713569253069  0.63555318345380474  0.65185767465088529  0.66858503572361871
  0.68278656804326732  0.69523792838041787  0.70801292911770941  0.72004957169645245
  0.72907603375901853  0.74056633646423153  0.75075243503821820  0.76018445402176682
  0.76804221608850087  0.77726254629545388  0.78599108254359840  0.79474179650596288
  0.80334728067902905  0.80944572173445495  0.81234775638968293  0.81748073915919295
  0.82310434692967371  0.82876292111896777  0.83413520027336496  0.83831262393471828
  0.84246765236943244  0.84901141531351432  0.85674006593757135  0.86263795510524177
  0.86766954166688348  0.87497052482443971  0.88657571561083837  0.89958574515705292
  0.91159929196557743  0.92201827230550970  0.93172445658615177  0.94107221559901499
  0.94979376680694394  0.95840107524016260  0.96615785144658750  0.97293958733930075
  0.98000349116869268  0.98687993933246232  0.99380492436720580  1.00000000000000000
 -0.00542913605350395  0.01487797526461953  0.02600690882942666  0.03235206569357477
  0.03978906758999402  0.04716992843564656  0.05536405586661169  0.06578517377080650
  0.07708718621367873  0.08952023178260524  0.10099185149222831  0.11275119661410231
  0.12331215242402181  0.13365771151690889  0.14476264985790813  0.15627782117566782
  0.16751710059807159  0.17866727882807037  0.18847706402773953  0.19549529084632269
  0.20180531547896643  0.20887349964255414  0.21759113271166666  0.22458582508758637
  0.23318103069917284  0.24049157485205672  0.24644085747956790  0.25403014735708929
  0.26333959653215322  0.27320626351305366  0.28315803127268124  0.29356136957985757
  0.30733010491568952  0.32344769965848147  0.34154751225480257  0.35960159271477332
  0.37136060044434444  0.37645323060913327  0.38115357353158469  0.38494447116810376
  0.38956200658831464  0.39566938544694580  0.40235459716390803  0.40782436692093710
  0.41280747149860253  0.41787950081801295  0.42744441333589117  0.44221266441549523
  0.45954775320665936  0.47641545882424607  0.48932764294863934  0.50023122578489054
  0.51255451971716115  0.52294076024445146  0.53162866443182233  0.53865466436977705
  0.54572188302218083  0.55323819794721885  0.56273588756379433  0.57443237231504218
  0.58462462213759592  0.59350149123906892  0.60337047427522550  0.61326760118003198
  0.62326032878720783  0.63209690515144346  0.64137307538920318  0.64979110106092419
  0.65692998144503711  0.66404773417166296  0.67366975608575053  0.68736745276170552
  0.70272355517583440  0.71773549303164863  0.73412481762674320  0.75037690170924276
  0.76350188039966171  0.77804282984691830  0.79399952194742551  0.81081480329388356
  0.82797801685149952  0.84562856027293487  0.86182425268828700  0.87644865496504565
  0.88876759742162803  0.90305724391842634  0.91618942469586384  0.92874857531048260
  0.94129802779251492  0.95336795782271633  0.96507653366326063  0.97524582682229999
  0.98253570759501041  0.98694257252360185  0.99245822485880530  1.00000000000000000
 -0.09128504953566544  0.52520402541710054  0.54176636315824067  0.54897490309299912
  0.55203363100541092  0.55377863350474543  0.55478791649545700  0.55549126101692170
  0.55601143729798030  0.55632547831331558  0.55645963166706014  0.55661189827574364
  0.55674406700657264  0.55684805856216246  0.55693547923057318  0.55701464528711031
  0.55708389045707640  0.55714337658828228  0.55719869154881330  0.55724752487715978
  0.55729400271284313  0.55733267034295786  0.55735890546683975  0.55738496983890795
  0.55740919396422994  0.55743342564849963  0.55745673256046258  0.55747608471482213
  0.55749378678584460  0.55751040044889022  0.55752542925075910  0.55753910780309168
  0.55755239201845386  0.55756568759963576  0.55757869153229378  0.55759151058167866
  0.55760412025782069  0.55761669693770155  0.55763091168650014  0.55764714128750936
  0.55768117721157695  0.55788420922020887  0.55791024862753802  0.55792973786999356
  0.55794838953718939  0.55796372009157569  0.55797910313831833  0.55799676342502125
  0.55801485277147711  0.55803491738904598  0.55805129914381135  0.55806500640220824
  0.55808054534207707  0.55809552860180511  0.55811117920814290  0.55812814543270139
  0.55814461252812431  0.55816475678556787  0.55818690081719213  0.55821223591414337
  0.55824049206442927  0.55826956225172897  0.55830026407669409  0.55833336823583846
  0.55837060601443833  0.55841104374290607  0.55845613776821579  0.55849925131813660
  0.55854099188102235  0.55860289665173413  0.55867359501924063  0.55877873712614112
  0.55889369417632406  0.55899584821731241  0.55910529914777851  0.55922577605445045
  0.55940867867847988  0.55966150706453666  0.55997587108140723  0.56032814264338959
  0.56068874007643632  0.56126825472222974  0.56255805275543591  0.56442449714442688
  0.56750760526992672  0.57186975740908763  0.57775574525307793  0.58794898748402746
  0.62936335606766758  0.69226342463407076  0.75814523495354103  0.82324506836834632
  0.86963543530440801  0.89181199092316166  0.91750526633168106  1.00000000000000000
 -0.02725435643746908  0.12165339769420454  0.15945002065209835  0.18407744477320287
  0.19930713357320592  0.20869465189962880  0.21657810027974800  0.22393461919448437
  0.23247616609518226  0.24196016638237375  0.25470252304728713  0.26650546249895019
  0.27634256683755715  0.28566228540941635  0.29487597444047803  0.30426871715946330
  0.31408772406567370  0.32395422822035125  0.33342621810238376  0.34218105965794415
  0.34964136610292795  0.35592366572270895  0.36182549532246228  0.36753943343397183
  0.37440401853348682  0.38095601494154641  0.38683691903593853  0.39262607058657845
  0.39834300398732503  0.40448542826948686  0.40956895804559978  0.41316418012702283
  0.41683009853233577  0.42117015437899119  0.42545114826492580  0.42869940263581197
  0.43101851994737828  0.43358056411456941  0.43685746639877571  0.44220336470202010
  0.44683777803526548  0.45272524260519875  0.45813714501328806  0.46327643456290996
  0.46841474898372354  0.47412687959602917  0.47965669176662273  0.48569992436469539
  0.49319358243810896  0.50204582836077449  0.51203037995966139  0.52173666142755526
  0.53088573695882335  0.53956978695771718  0.54881639573182051  0.55807079674571003
  0.56733262122134143  0.57644296611203738  0.58590484771773044  0.59600958857257880
  0.60364458455792536  0.60797581688687230  0.61129519732171389  0.61483674547077527
  0.61891005619894124  0.62355195594291324  0.62912548974482607  0.63511250018665111
  0.64036978490906593  0.64465110829937622  0.64968553876019830  0.65698679041210528
  0.66434123642279375  0.66769491741931242  0.67061329047915952  0.67374245873097638
  0.67601509023705431  0.67880718762819348  0.68266690552230025  0.68554568496550095
  0.68844669767165301  0.69179104609641384  0.69530488954231640  0.70049101911109934
  0.70685582243391509  0.71661245873339074  0.72951137362773866  0.74284613597537030
  0.75696231687491544  0.77186965086195258  0.78692130342528588  0.80061705787357007
  0.81641111363858365  0.83430908219451971  0.87095620619417147  1.00000000000000000
   2.2865218078672494E-012  -1.0000000000000000     
 T T T T T T T T T T T T T T T T T T T T F T T F F T T F T T T T T T T T F T T F F T T F T T T T T T T T T T T T T T T T T T T T T T T T T T T T T T T T T T T T T T F T F T T F F T T F T T F T T T T T F T T F F T T F T F T T T T T T T T T T T T T T T T T T
  <DiscreteSampler_grid>
  grouped_processes
  1 # 1 for a reference and 2 for a running grid.
  10 # Attribute 'min_bin_probing_points' of the grid.
  1 # Attribute 'grid_mode' of the grid. 1=='default',2=='initialization'
  0.0000000000000000 # Attribute 'small_contrib_threshold' of the grid.
  0.5000000000000000 # Attribute 'damping_power' of the grid.
 # binID   n_entries weight   weight_sqr   abs_weight
    10   10   1.615181670374783E-003   2.480002868825269E-005   1.615181670374783E-003
    11   10   1.615181670374785E-003   2.480002868825276E-005   1.615181670374785E-003
  </DiscreteSampler_grid>
