 -0.00229810805773825  0.00889115763311508  0.01918632171396654  0.03055145665014245
  0.04232728649975308  0.05371766967866905  0.06496218519237512  0.07635075074952942
  0.08777466903102252  0.09886064281559409  0.10999085260517044  0.12112339824718557
  0.13225669899140002  0.14310792390507315  0.15391895740386835  0.16475109177268130
  0.17572496045355185  0.18680122898581203  0.19778226507869770  0.20865367794214248
  0.21954450746446016  0.23048683830995961  0.24135172184070214  0.25218929313842853
  0.26310758703443959  0.27420082229485271  0.28522500575625204  0.29611102725702926
  0.30688619651859067  0.31756969661419249  0.32811826084692353  0.33867235336760726
  0.34919092956858222  0.35987626517967097  0.37048632150350524  0.38100605698507389
  0.39141061208218314  0.40186450920440597  0.41254676893366793  0.42339758430119306
  0.43428334925670459  0.44514604110005535  0.45609765058083168  0.46694798923510639
  0.47759769688691123  0.48811516778412772  0.49869697215013487  0.50942823855899011
  0.52031027019779164  0.53108971103367231  0.54158674775760318  0.55180815043149611
  0.56198828935130030  0.57229864015719867  0.58279663506097446  0.59335975603122137
  0.60421703095748658  0.61499696129635717  0.62570524733208999  0.63632012198258137
  0.64718984163683413  0.65799270607024507  0.66846722352749532  0.67868975104827989
  0.68900050640517696  0.69969209473461358  0.71059673890811637  0.72135955383519912
  0.73197456065501854  0.74248655041038014  0.75302513215347844  0.76345630115739604
  0.77381188950345436  0.78428976898519753  0.79467721705854499  0.80494572316746993
  0.81507031684142128  0.82513986838975928  0.83520322382290402  0.84527021149196546
  0.85541419223416049  0.86563528853920413  0.87598369806929055  0.88635668392746936
  0.89664162934756420  0.90699165053726560  0.91748281684551569  0.92798116454341983
  0.93822890761661637  0.94807943202018141  0.95761967186747277  0.96683076128819523
  0.97561994880677516  0.98394089290440923  0.99207809676504810  1.00000000000000000
  0.04069939477046032  0.04659565835459941  0.05068367210801333  0.05393017012256492
  0.05674907062382294  0.05931610724796049  0.06166236941149588  0.06392472157275583
  0.06613650406175542  0.06832264346800224  0.07049279143475878  0.07259558299071686
  0.07471480681586916  0.07683240632747006  0.07895940443328425  0.08110667907179475
  0.08324781034018698  0.08535739073073906  0.08744853993837635  0.08951855830210582
  0.09161548814972158  0.09372157749427805  0.09582412502518048  0.09795789534275479
  0.10010565474980911  0.10223090693998547  0.10437436814301806  0.10660658276377893
  0.10892967994219799  0.11129632916207850  0.11365015192530886  0.11609626004926168
  0.11849095718031163  0.12088975725814681  0.12335515908021129  0.12588518195927648
  0.12846967856379804  0.13110842891763863  0.13380873389866790  0.13657087130037551
  0.13939731614698181  0.14230992226110561  0.14530142388157138  0.14820365258214746
  0.15115133807603237  0.15421302156458566  0.15742340740024791  0.16070380801102779
  0.16413546536506551  0.16769155869627000  0.17128629378055762  0.17494382074865483
  0.17871187954689230  0.18248836628202267  0.18632510563349347  0.19036064190319715
  0.19462726280962800  0.19899006008463824  0.20348682885317793  0.20820849715715098
  0.21300094852763604  0.21800928576445439  0.22326434063917616  0.22864986676563911
  0.23428941478637239  0.24030637181450326  0.24661165144833466  0.25323680928639825
  0.26016516360453412  0.26726103884469748  0.27464823861735604  0.28255857368971693
  0.29092532399725118  0.30011388269132111  0.30993183514533196  0.32056398319385265
  0.33208187270027517  0.34468761043993745  0.35845642143897960  0.37334475999862832
  0.38962447851896415  0.40763587774895976  0.42724283988613976  0.44838140719494274
  0.47161994484130304  0.49657490229585521  0.52357138087141719  0.55245379591407850
  0.58267183643953435  0.61461332538944669  0.64879307402350506  0.68668391989938649
  0.73033160659453444  0.78393271112129626  0.86050747894330148  1.00000000000000000
 -0.00252964892455343  0.00967459472456756  0.01971775131577740  0.03017434841367920
  0.04060780658186319  0.05119340362922920  0.06144603162898434  0.07158058229424687
  0.08188188306801616  0.09240258050397891  0.10291454225774233  0.11329866745835668
  0.12369624569304077  0.13473049447139102  0.14576941669631008  0.15697348271104189
  0.16779439769919535  0.17899205015518599  0.18991891881588369  0.20086472666728175
  0.21157656054499960  0.22220980757754727  0.23295017191316134  0.24340567109359221
  0.25390278645059522  0.26416966351293958  0.27433139033440651  0.28456468893591846
  0.29502909167548996  0.30545050562639869  0.31589133155972127  0.32616443168091780
  0.33671410083212105  0.34744229565161633  0.35810078882063712  0.36879112955868837
  0.37941055655386258  0.39003907939249893  0.40064165937940144  0.41136058029910100
  0.42204055829773984  0.43266758199444283  0.44312644233824977  0.45380244047713469
  0.46443177885441639  0.47519227642683026  0.48604933863421967  0.49668250970942207
  0.50718882338829741  0.51756545374836149  0.52813702628758474  0.53849141050943539
  0.54898746249152086  0.55948931805542212  0.57006302927475716  0.58070509022145023
  0.59126428719699176  0.60173692060044504  0.61209290329747112  0.62252997888067030
  0.63299221856585663  0.64327132097112893  0.65359901054879654  0.66417200531288945
  0.67483519784286528  0.68546470445651819  0.69577710701201811  0.70624545155569263
  0.71676744035776374  0.72750598639404052  0.73808850680387073  0.74885297625315250
  0.75952914294159879  0.77022172601366679  0.78062479212096803  0.79109039136400827
  0.80163675209806384  0.81238841402059947  0.82308765464615763  0.83342214653744395
  0.84362244289442989  0.85377600613404325  0.86434989292197772  0.87470140866470902
  0.88494840854683765  0.89534345671066862  0.90601003056812723  0.91693821520581076
  0.92749843351120587  0.93819828582698095  0.94865270136164348  0.95941631998656940
  0.96995235880019270  0.98023840163698595  0.99006713696809012  1.00000000000000000
 -0.00254205371043288  0.00938452026438725  0.01966373501360953  0.03018994600457391
  0.04090188513331779  0.05143100963087856  0.06216622428155374  0.07291114390354188
  0.08364580414663149  0.09414830775798023  0.10457994442802365  0.11507764569193844
  0.12557858056662083  0.13583789784392505  0.14649847997139526  0.15736259584264123
  0.16827717571871956  0.17882647842241481  0.18923382898160077  0.19988881961336130
  0.21042317046058293  0.22079354763832787  0.23096166434905593  0.24131924397459634
  0.25167607057770058  0.26198862068852441  0.27236587071778789  0.28311679738951645
  0.29388239343232403  0.30437803145658704  0.31476892790663025  0.32528666067748913
  0.33596120614405417  0.34652496684304784  0.35704188986582169  0.36751945800175478
  0.37816914701471693  0.38904354670042668  0.39994851391346448  0.41063871285688153
  0.42123982248893060  0.43199943257483853  0.44270828805853107  0.45318136965435046
  0.46348176452616852  0.47402248784556084  0.48449149605935027  0.49511818587693041
  0.50549270650029909  0.51600508037154125  0.52612366467415184  0.53647442811246460
  0.54682949402367320  0.55740239367350275  0.56799336632438358  0.57855910287789314
  0.58918693945635614  0.59984958885919071  0.61033844934138759  0.62092180228498695
  0.63139402791806165  0.64190727384731783  0.65222106753541620  0.66240141130487551
  0.67269320432654167  0.68291790092585181  0.69330626301531062  0.70379372399469953
  0.71440966428885566  0.72513385365384031  0.73577966855667698  0.74639103115455430
  0.75690683100926881  0.76752055653719586  0.77817459401415034  0.78882183342191003
  0.79944446997041141  0.81013803127309092  0.82068633135990476  0.83115810702404069
  0.84159666462383920  0.85195861963579866  0.86223693348899211  0.87254048735950152
  0.88298548992123604  0.89347151725047624  0.90383623566008642  0.91413143860195811
  0.92446701185123226  0.93497922748135132  0.94572413252361442  0.95665936340445046
  0.96761932165573583  0.97847993924742083  0.98925573135444977  1.00000000000000000
 -0.00250647088462028  0.00952692250796676  0.01997489108667987  0.03074750785978091
  0.04176196264840773  0.05276924218830812  0.06367992022257382  0.07449991832249760
  0.08519162393472351  0.09580713072628672  0.10647998636784201  0.11705322353771277
  0.12770834122573638  0.13832731975115475  0.14916310613157122  0.15999332501484703
  0.17070366026136516  0.18129908033018605  0.19175935830146076  0.20223057748255896
  0.21260175052136435  0.22310673055062835  0.23343696751143209  0.24375933839825670
  0.25433630090146653  0.26505477638598468  0.27581241617735219  0.28632758700952582
  0.29679418743132391  0.30722894460946265  0.31758110840669906  0.32802538951264298
  0.33851883259524068  0.34916130209610524  0.35973031981432524  0.37056937339731000
  0.38113120147125612  0.39161466772556863  0.40191806833280641  0.41249445499433673
  0.42297397105884227  0.43337606637679954  0.44364913652301302  0.45409285465557486
  0.46457992832000750  0.47523357796070220  0.48599626578883925  0.49665544585754967
  0.50719909992679313  0.51751066289135461  0.52787503592815066  0.53807566145063968
  0.54853804642093351  0.55892358332369352  0.56948078066075769  0.58002679647074118
  0.59081036198812076  0.60147349409864370  0.61206246927250796  0.62250791890961199
  0.63317035184466408  0.64382803144835099  0.65470064717876708  0.66550605000030938
  0.67612348002636635  0.68664849659723304  0.69715429128870587  0.70794220210876391
  0.71859836623793838  0.72941812323835009  0.74016162218161530  0.75089712189468016
  0.76162151426214963  0.77250192843094656  0.78328285451241908  0.79399701035695014
  0.80432972938683323  0.81453002052076795  0.82490736600482573  0.83533604251176297
  0.84622024537838414  0.85661262251530113  0.86714059042571656  0.87713090284693318
  0.88715809321248496  0.89714680944411473  0.90719895024499653  0.91729993110219177
  0.92750846525646158  0.93768269460875608  0.94787972329834935  0.95823876663288288
  0.96885724190460154  0.97955000122440761  0.98980544785861857  1.00000000000000000
 -0.00248203109482449  0.00979753977291030  0.01992270142083865  0.03039819096430930
  0.04087237865283203  0.05185605395083098  0.06274909138689783  0.07409497048807025
  0.08479590720398446  0.09566974161624035  0.10626886146089481  0.11722340020575223
  0.12809589012118514  0.13872145192410518  0.14915313395112340  0.15942330045731201
  0.16988423074969608  0.18034599226364412  0.19074952530185998  0.20093261704846871
  0.21108889937547964  0.22172236422643310  0.23252884104872776  0.24347878844903953
  0.25407341237072173  0.26483844348847813  0.27576316662865502  0.28698265642410070
  0.29816943345655494  0.30930848873832878  0.32000023164885921  0.33078674297587074
  0.34161976422419538  0.35261900444909050  0.36346007950650944  0.37386939901639121
  0.38414957018906470  0.39446591372704387  0.40487699126198218  0.41550203078457459
  0.42597183144484707  0.43650497034992952  0.44680959503733009  0.45706164734809201
  0.46723082973112556  0.47760691832618513  0.48810840473039979  0.49846193564464136
  0.50871407051034612  0.51892510356949861  0.52937452520947503  0.54011687637722761
  0.55073127314920811  0.56134113454085144  0.57197157116607733  0.58275175233557464
  0.59338549768017013  0.60374465614737394  0.61409606263227778  0.62452883907481127
  0.63500971023403918  0.64552916047003117  0.65583863236730877  0.66607062801726236
  0.67623547873549450  0.68659781700007572  0.69701663368495115  0.70742429555402142
  0.71800264093502375  0.72863728459725241  0.73960734112403126  0.75056709517086884
  0.76138524858134426  0.77197062926841964  0.78230828325868440  0.79259434771970616
  0.80302714140458864  0.81350012502512736  0.82397160515400403  0.83447043479782146
  0.84498124622121407  0.85540598691174019  0.86570686769309113  0.87586525332743581
  0.88591565190111954  0.89582454604304229  0.90589572141022545  0.91592045079924256
  0.92642459585957637  0.93700430058454809  0.94771855122163540  0.95826509572655905
  0.96885407659262046  0.97938666293619536  0.98975208500098233  1.00000000000000000
 -0.00255962254850533  0.01014686174064848  0.02050862186668580  0.03116394394560686
  0.04161791361889665  0.05196052577264534  0.06266053203039816  0.07336567558400475
  0.08420208945168715  0.09466891189073255  0.10520819360707216  0.11570557262581536
  0.12595995330080947  0.13612693632112968  0.14614620543802212  0.15626414972846298
  0.16651569963899371  0.17707351174150660  0.18766394260856079  0.19830796867999312
  0.20900734029303183  0.21988418986914721  0.23083936509197547  0.24161488261068012
  0.25232335466321171  0.26321234791929599  0.27432392129225119  0.28562175096296011
  0.29684396601703372  0.30764326662753005  0.31837354931736139  0.32892441545328716
  0.33962047423279146  0.35022367285542511  0.36071612310458179  0.37149143666208728
  0.38194862509052724  0.39242918093989704  0.40280386663718487  0.41312212367232082
  0.42337932967087294  0.43349453829741474  0.44387575664852819  0.45411324183386126
  0.46441093194602973  0.47468334410051416  0.48515980192475394  0.49540492878918879
  0.50572859271733506  0.51607100388341209  0.52659186562022609  0.53703819230828731
  0.54759108483659991  0.55830497387585243  0.56895425278752376  0.57968392499166721
  0.59038719949183016  0.60115625355177149  0.61179734622356030  0.62234203994343018
  0.63281838228856080  0.64288635079592338  0.65280531048348800  0.66298849890051337
  0.67321582245715217  0.68377512715454558  0.69415923770951049  0.70467429420071848
  0.71501326689215317  0.72539238292524655  0.73593313262525040  0.74653745580957909
  0.75700286888987722  0.76763084595752751  0.77844172041985582  0.78937057279059020
  0.79998840661238568  0.81051555394384323  0.82076114939196387  0.83102697266298398
  0.84131352270472681  0.85193473974831946  0.86267263711382380  0.87353217857745302
  0.88426921550127424  0.89499197295137445  0.90544953227991976  0.91581748333962343
  0.92631427973415525  0.93693457913180933  0.94764753660558931  0.95810996622095002
  0.96879050761918417  0.97939850275702545  0.98981834374499245  1.00000000000000000
 -0.00248341467082014  0.00971648885568287  0.01993133194812546  0.03115212867595486
  0.04209024562690619  0.05294524583448282  0.06354464205966526  0.07408101245699990
  0.08441312422256696  0.09456454103557671  0.10464294348739252  0.11502862306818543
  0.12561612648248341  0.13622413531246530  0.14677370622394831  0.15742533576003340
  0.16804885304709485  0.17854130360699766  0.18905809406843802  0.19968428523349058
  0.21047130899558111  0.22105023298004731  0.23157020754146262  0.24221876094861294
  0.25300874461299305  0.26388106344783352  0.27446413174001627  0.28493254258936485
  0.29543092497523749  0.30612547180289784  0.31664196651452420  0.32718403582076122
  0.33739391889420128  0.34773168719266989  0.35791432271420415  0.36820305534007725
  0.37824478116624266  0.38812223047683003  0.39797865064318988  0.40798975412539334
  0.41815572253575944  0.42852628660244568  0.43905406710170036  0.44975530915744555
  0.46050914206279053  0.47132909290194641  0.48222552470170277  0.49309597833096225
  0.50402142120762583  0.51473036019200036  0.52539131875923806  0.53594431910307161
  0.54660784483127700  0.55710832699518975  0.56757574214494189  0.57806584590967336
  0.58859669283031801  0.59906899609273767  0.60949939520199359  0.62006116558052482
  0.63072570812939666  0.64151927891120386  0.65230885509773906  0.66315229450749302
  0.67376183386959287  0.68449442022614915  0.69520053711610985  0.70596101157631441
  0.71643151439921771  0.72662899465131425  0.73674375517727730  0.74716020002721839
  0.75788798388558032  0.76867604704949322  0.77924586787134797  0.78968225484051902
  0.80031913210633865  0.81066834746046779  0.82111373177897218  0.83149562545227718
  0.84211979868820697  0.85269359793331290  0.86309750258759932  0.87362053740593026
  0.88418219238562901  0.89461056603731137  0.90475817312854212  0.91493755455917070
  0.92522172715319961  0.93559736665602278  0.94595609592977459  0.95643486797843524
  0.96721888095576403  0.97810517410834708  0.98903892600496279  1.00000000000000000
   1.3720988140738106E-011  -1.0000000000000000     
 T T T T T T T T T T T T T T T T T T T T T T T T T T T T T T T T T T T T T T T T T T T T T T T T F F F F F F F F F F F F F F F F F F F F F F F F F F F F F F F F F F F F F F F F F F F F F F F F
  <DiscreteSampler_grid>
  grouped_processes
  1 # 1 for a reference and 2 for a running grid.
  10 # Attribute 'min_bin_probing_points' of the grid.
  1 # Attribute 'grid_mode' of the grid. 1=='default',2=='initialization'
  0.0000000000000000 # Attribute 'small_contrib_threshold' of the grid.
  0.5000000000000000 # Attribute 'damping_power' of the grid.
 # binID   n_entries weight   weight_sqr   abs_weight
    10   10   2.377893515457951E+006   1.184603765693467E+013   2.377893515457951E+006
    16   10   2.339146282256282E+006   1.158112441618843E+013   2.339146282256282E+006
    22   10   2.339146282256281E+006   1.158112441618843E+013   2.339146282256281E+006
    28   10   2.377893515457951E+006   1.184603765693467E+013   2.377893515457951E+006
    34   10   2.377893515457951E+006   1.184603765693468E+013   2.377893515457951E+006
    40   10   2.339146282256281E+006   1.158112441618842E+013   2.339146282256281E+006
    46   10   2.377893515457951E+006   1.184603765693467E+013   2.377893515457951E+006
    52   10   2.339146282256281E+006   1.158112441618842E+013   2.339146282256281E+006
  </DiscreteSampler_grid>
