  0.00180315541781547  0.00285391638770914  0.00400070426229867  0.00515077849982851
  0.00638326993648626  0.00779108606869202  0.00932123592981843  0.01086025319454495
  0.01231145546446410  0.01370313526395600  0.01525453142007345  0.01687974076231803
  0.01846161066997991  0.01995464634645901  0.02147219658396446  0.02295522294166135
  0.02450968203635247  0.02612638235992347  0.02780707360244613  0.02950973354233932
  0.03120987299388219  0.03299560396437209  0.03493636282925648  0.03713714297443877
  0.03944014619787278  0.04167272060383050  0.04391538757926869  0.04625938993789774
  0.04865468316468331  0.05094515341334342  0.05309498536119112  0.05525010465680532
  0.05756844918536777  0.06001126455632456  0.06253367593066225  0.06518047088574989
  0.06786507082497796  0.07067025149811368  0.07361748608346635  0.07673620546051796
  0.07987275627087054  0.08305721197633914  0.08642944598275053  0.08997665039515805
  0.09354409919853604  0.09701642670458090  0.10051419913595724  0.10422060863471100
  0.10804359685673441  0.11202461439024626  0.11627152163050744  0.12085730330405617
  0.12585853378628933  0.13116387816764194  0.13681121026341242  0.14270518846107477
  0.14944215562859456  0.15690613297467179  0.16537344576859478  0.17415114908486620
  0.18325805239942949  0.19258637311955809  0.20238423552558685  0.21271530705267150
  0.22304445458308791  0.23341218014134082  0.24365369032072998  0.25392108602475194
  0.26401416342533218  0.27380016388214651  0.28332006727711695  0.29295536458311222
  0.30289361063605658  0.31279695492021509  0.32297433395628183  0.33326163008739534
  0.34405805069040007  0.35516974517387712  0.36699716517245962  0.37930864015828142
  0.39228617918026526  0.40627789589772495  0.42014438489363198  0.43452506043849093
  0.44928719213125184  0.46502487629880096  0.48224781540538203  0.50273548914331645
  0.52517079072107054  0.55011318261330777  0.57766773384538073  0.60975133002766091
  0.64858629343660912  0.69906535691305471  0.75087723922756733  1.00000000000000000
  0.00195583191016809  0.00587761391422745  0.00922929533602283  0.01262866328561618
  0.01635922829220558  0.02031631259235504  0.02425141936170652  0.02805632574145597
  0.03224049512226947  0.03696201665713188  0.04162128183569590  0.04640554429847812
  0.05143376685444281  0.05627813753742086  0.06106675916137939  0.06608489266969927
  0.07154529424812424  0.07722203656582435  0.08314397572051527  0.08914591828693547
  0.09515663087667056  0.10109099620781674  0.10692113077300557  0.11274395926736530
  0.11896770976141424  0.12500998432838695  0.13056424161029467  0.13617075275793272
  0.14185809366655230  0.14750240329715861  0.15309661346286205  0.15863115991871873
  0.16427067716510893  0.17020318453988695  0.17624979163173005  0.18256735665987936
  0.18905137046226725  0.19571240906826209  0.20246899345896419  0.20909578157660361
  0.21574721182355230  0.22222308627986825  0.22874740476831698  0.23528012288412081
  0.24218520565671670  0.24950212734885341  0.25730740754332049  0.26538789109636696
  0.27360541475537253  0.28181949968599712  0.28976738011126391  0.29773116969495700
  0.30552228130229325  0.31321360984097046  0.32105329598467919  0.32904177404919732
  0.33712433135674852  0.34544410646151402  0.35445697882083277  0.36386061041034173
  0.37379258881540872  0.38367479538943755  0.39340723221992541  0.40290752105587491
  0.41260210579728324  0.42283041785371828  0.43355783499074935  0.44470034454279483
  0.45562364550444884  0.46673817288634467  0.47701657737320602  0.48819283072854774
  0.49983896706594250  0.51140099043985565  0.52340557419160005  0.53605885878812809
  0.54893701151579444  0.56233873100858611  0.57585432986448826  0.58976392702194225
  0.60404721562875852  0.61877349741281129  0.63366242629616898  0.64893146753789399
  0.66473236389939050  0.68074583640054775  0.69793285482038792  0.71638598170721590
  0.73675492829982003  0.75873342691218182  0.78160123199844489  0.80635037930295028
  0.83419497966617218  0.86952520305249814  0.92020849871236332  1.00000000000000000
 -0.00254885916213038  0.01085259719006459  0.02182967046081918  0.03267378697364463
  0.04321084717254900  0.05298859146627689  0.06314087970507212  0.07319678720369283
  0.08384838007067147  0.09479942404418464  0.10602942364517204  0.11787626770819470
  0.12931081189222532  0.14022261986634954  0.15055228529046313  0.16094451971232515
  0.17158765636300521  0.18253777629414283  0.19347825816504588  0.20425483658816485
  0.21517564116510143  0.22629945852643132  0.23836547182674778  0.24960694017957868
  0.26044023028834229  0.27114013006209881  0.28226043050778615  0.29368594349166038
  0.30514036860381777  0.31588389675072570  0.32622936366195909  0.33654719300831981
  0.34692084956718694  0.35733682228519792  0.36757593289473695  0.37809145644895226
  0.38911274468996665  0.40016082444626117  0.41103036139056781  0.42129967415398223
  0.43195123425396503  0.44240724346000654  0.45233321847305702  0.46169226920258616
  0.47151807301855414  0.48143924746370859  0.49156736443925736  0.50130497005203900
  0.51201842080295334  0.52249372654144444  0.53333121023849694  0.54378561142800907
  0.55493940048816592  0.56635923181806869  0.57799477265252053  0.58858991285635165
  0.59873395378122940  0.60908165217321708  0.61962231709008964  0.62983773907561880
  0.63974128671262420  0.64966842010452430  0.65969104267159540  0.67019256815393502
  0.68091293783660312  0.69151841758919619  0.70171525841517490  0.71184691438964898
  0.72241003246985780  0.73337617730739169  0.74375154528159293  0.75373140944043282
  0.76363883708372560  0.77393950058525751  0.78417882836149833  0.79358532938343218
  0.80306804542949017  0.81296638648960839  0.82375506418860567  0.83419630993981508
  0.84451935958525681  0.85453599638180577  0.86474114806383340  0.87529982780372129
  0.88630074895480093  0.89748548015242069  0.90828033189451940  0.91856164414221697
  0.92846036404903498  0.93839812072352846  0.94881873993224553  0.95963944298717874
  0.97034051054265213  0.98046407120240442  0.99043022708672013  1.00000000000000000
 -0.00249375271543690  0.00935840836667934  0.01978359094010874  0.02981946610405796
  0.04049550792737815  0.05110758518648747  0.06216755518232467  0.07294888961706585
  0.08350186450376629  0.09501147222306579  0.10690579335364865  0.11843448742281168
  0.12891607502933655  0.13894568019956499  0.14852874016657561  0.15849283132943978
  0.16862893560560030  0.17917411702171651  0.18982374034260921  0.20044257606834237
  0.21069973016186033  0.22079021792758735  0.23080708321248364  0.24117426486417393
  0.25184963526218296  0.26289293358462651  0.27359355270849522  0.28374901683154957
  0.29367611215351663  0.30381901469608596  0.31429848075391087  0.32479908512362810
  0.33501022395397606  0.34564107987431819  0.35666287773362809  0.36762287442312130
  0.37832701889917153  0.38850084205371771  0.39901601917155388  0.40887169163269271
  0.41856752703710065  0.42834074859999605  0.43804998291436970  0.44797504503042995
  0.45777635229087887  0.46838508536934920  0.47944459860644617  0.49087956485699352
  0.50227051684226232  0.51314753277829661  0.52391835057955904  0.53439054615134329
  0.54458291477127685  0.55466871187624212  0.56479547828137378  0.57490291091197243
  0.58441582712206375  0.59384362633690335  0.60401769494840984  0.61553326223630600
  0.62786488516090733  0.63984797342551136  0.65144222233369653  0.66291209837311993
  0.67407776295345789  0.68461497339341981  0.69543406924032292  0.70644301662862519
  0.71735606296577181  0.72792033146655477  0.73810348278596682  0.74815126898025575
  0.75809538456526171  0.76815091011203118  0.77828313172671248  0.78853354495800054
  0.79865340305558663  0.80918185626035977  0.81998001349680261  0.83037244863386928
  0.84021049112188972  0.84967334188200727  0.85967696809591210  0.86992398908383639
  0.88056344344650317  0.89160340699653984  0.90289250559282397  0.91408321181503704
  0.92463550597947064  0.93547902440090103  0.94612869068954586  0.95754175270654651
  0.96830602346606154  0.97867267299426930  0.98918786590405205  1.00000000000000000
 -0.00171882603952288  0.00858428291522514  0.01816893436205112  0.02824425485228258
  0.03807501674394637  0.04817330648465498  0.05855600245456053  0.06921521993769253
  0.07937960599882678  0.08892621503235332  0.09841360449782595  0.10792376245699439
  0.11782417685442227  0.12787045229488522  0.13850562089267038  0.14895602701456595
  0.15917779041552191  0.16920539829541728  0.17915002709191030  0.18904873857469801
  0.19850714877390402  0.20810977882696963  0.21814005510771742  0.22863346228399542
  0.23955741294571686  0.25050812548310492  0.26122619082546666  0.27170039246210975
  0.28189574015907087  0.29217562915626510  0.30294374961468351  0.31403293553046452
  0.32528398632535271  0.33649115199340573  0.34729378123857740  0.35748341880674694
  0.36722653311972742  0.37742248768438785  0.38824151644792376  0.39923547865114350
  0.40975908725928423  0.42033938100855006  0.43169390452314460  0.44352380561519383
  0.45500349771221271  0.46614680684736320  0.47751543689285525  0.48877775330600720
  0.49985888868798695  0.51091520746883579  0.52190210009076765  0.53265161054999499
  0.54293660465721716  0.55322604133047870  0.56369145591477865  0.57447866172704309
  0.58534856859969764  0.59626580382042627  0.60721994462508455  0.61804331380784272
  0.62895432875422630  0.63999329122693738  0.65157572124427066  0.66277832898428235
  0.67394787837820813  0.68466707875609623  0.69540290792587223  0.70623471157109108
  0.71794709026453751  0.72976451793291885  0.74070287344432506  0.75111681450793100
  0.76189872747611476  0.77298750423196572  0.78374493397138645  0.79391991452258337
  0.80412758709101950  0.81497204619350505  0.82675209352834256  0.83818401771016438
  0.84872790923903163  0.85913702555474458  0.86973774672357762  0.87999836415100607
  0.88986555011461077  0.89965000307955645  0.90987139208747025  0.92059081223164918
  0.93129779146189584  0.94168665619977154  0.95146579971360079  0.96149708766944131
  0.97119768713518007  0.98095861274224727  0.99031191473296243  1.00000000000000000
 -0.00264713872322692  0.01024859578725903  0.02095997239018816  0.03208217430675839
  0.04279226466789619  0.05331919882316496  0.06411791238240741  0.07541648153800448
  0.08586564951700817  0.09572032302682487  0.10555769718075396  0.11609241861906401
  0.12667193720811881  0.13712160324461950  0.14751476445832243  0.15787141849164954
  0.16818220139011489  0.17834267296087414  0.18858716025802502  0.19871920530582904
  0.20858878933506411  0.21833435359847445  0.22841005863077063  0.23886866385484368
  0.24955301396609647  0.25986871897536556  0.27001493894499751  0.28015202792874233
  0.29027360939128699  0.30057988024790028  0.31106188181303301  0.32182018318991479
  0.33232566629751015  0.34298885952710734  0.35365865404793873  0.36436287636881726
  0.37501051747107261  0.38531041373995806  0.39542414522578456  0.40564763995972275
  0.41604258519828835  0.42721264847164969  0.43854588389161242  0.45049757917585376
  0.46217383846733012  0.47356266676490261  0.48432486203739084  0.49468231024489473
  0.50432384900922955  0.51365135239849735  0.52350738040707323  0.53332946089823507
  0.54339369344592559  0.55344251258366695  0.56345458097674694  0.57366578873503538
  0.58394902677017557  0.59460555124093029  0.60537897384189121  0.61606325384724292
  0.62705455276262079  0.63772481129391612  0.64831235959019917  0.65906814222011267
  0.67031161308683429  0.68210877607048659  0.69365006740888135  0.70479271685893963
  0.71572043826433296  0.72678911209343489  0.73793066698160115  0.74884128631430014
  0.75961121470744397  0.77048135120773376  0.78142401698949115  0.79225063146996288
  0.80321578344701272  0.81423100889172784  0.82511169270184415  0.83608997040419297
  0.84763321223885535  0.85893691546940820  0.86877237015479181  0.87832922355170528
  0.88777014942175458  0.89759052526274141  0.90772067806302259  0.91792324879284859
  0.92858211700035620  0.93957643983256145  0.95028973068899036  0.96098952983037689
  0.97106226151819397  0.98086461005227543  0.99056067001453152  1.00000000000000000
 -0.00221930118431826  0.01046146967740274  0.02182288246361525  0.03343933941575139
  0.04523918399271862  0.05686913289913702  0.06780811735035322  0.07815858870510270
  0.08848736461451123  0.09866304930281453  0.10878633588604313  0.11867614863679339
  0.12840221817236563  0.13880191961714761  0.14949912813849892  0.16120267063677415
  0.17346154379326281  0.18528439463895072  0.19648277351638022  0.20722765237793669
  0.21831175589956692  0.22966629488084059  0.24153486536949612  0.25351819396342656
  0.26507816060830663  0.27618193043892253  0.28686662052224898  0.29754735084078543
  0.30812337994587213  0.31859951300530714  0.32880763874840574  0.33874113315434873
  0.34850570027824973  0.35850956609039297  0.36868355496740507  0.37891203479254476
  0.38895396260177922  0.39906141251227539  0.40916254095746424  0.41912606400169627
  0.42906393947729538  0.43957531136332789  0.45049958140046953  0.46144188992523144
  0.47232130849631554  0.48325791160003734  0.49416942718324125  0.50482232146943429
  0.51542015420681209  0.52597961331450716  0.53649893423199546  0.54702713588645757
  0.55735299835219987  0.56760773973584433  0.57790943961484165  0.58827626183232429
  0.59851535338423278  0.60852094743612528  0.61856306198514788  0.62877904793087003
  0.63919062789883052  0.64968963057255213  0.66038856835799586  0.67150999591509353
  0.68266001423901279  0.69326361467245645  0.70326335988526900  0.71320823276243295
  0.72356712355289599  0.73451724231540250  0.74565304338367666  0.75635199911423812
  0.76665014578841029  0.77683333862343606  0.78713646171743812  0.79734652818067364
  0.80717249871861296  0.81716596828770427  0.82778766695474892  0.83919459675187491
  0.85062319337162329  0.86107838217964872  0.87106638634982680  0.88087645800284697
  0.89112182811060148  0.90112980901174167  0.91098685793684309  0.92082008491774259
  0.93066190460471043  0.94021561221597427  0.94959930591035702  0.95893542779558016
  0.96887713315763146  0.97901350123129349  0.98956644148901196  1.00000000000000000
 -0.00228660089759932  0.01041120631863783  0.02131017429630242  0.03282693714080526
  0.04423973150703850  0.05566362232219772  0.06678219489594556  0.07758085540827675
  0.08869309289559874  0.10032720012062817  0.11151038487957414  0.12215193360186929
  0.13206138665929187  0.14224878169253913  0.15262033616829584  0.16254003374105214
  0.17225983224372804  0.18229511895319622  0.19308648440707984  0.20431086671574911
  0.21513250724591554  0.22552486474186792  0.23559448454292126  0.24557049228072322
  0.25547425987331218  0.26537944606981845  0.27559588119956402  0.28653586989830554
  0.29806044240496549  0.30930238966206125  0.32042911085766479  0.33139418288781630
  0.34214056647281055  0.35307226680706927  0.36380200350725200  0.37396960795460016
  0.38357679228273905  0.39306477591493727  0.40311086765116189  0.41289486927865932
  0.42244561894607463  0.43176104674567378  0.44168190530067580  0.45203437193396040
  0.46229871791937682  0.47241327630179547  0.48261777568178327  0.49335788693535682
  0.50451337546440278  0.51603766980143762  0.52694511281543466  0.53758185657280466
  0.54827867184624024  0.55942862658107451  0.57075986498113052  0.58226658903802897
  0.59398916715077898  0.60531254136312629  0.61580699619927415  0.62603085337206832
  0.63607160866266943  0.64586896396118854  0.65553905771079557  0.66555822572152212
  0.67622538349416828  0.68720909113964013  0.69809375037274701  0.70859475583260734
  0.71888331104326131  0.72932969124260216  0.74007106741190132  0.75066775722497825
  0.76108716516952590  0.77119101829574299  0.78105528453731066  0.79061021787849972
  0.80046103933038515  0.81095280593211183  0.82207567101769374  0.83287513861070772
  0.84295601831370481  0.85352812937896305  0.86390188212916585  0.87450381953659162
  0.88475513603111355  0.89516104768481963  0.90586631058036182  0.91637545019065625
  0.92696216845339197  0.93785510600630140  0.94879983763852005  0.95930826636733624
  0.96973430322317700  0.97991192006909478  0.99013512702304562  1.00000000000000000
   2.9849737710453521E-015  -1.0000000000000000     
 T T T T T T T T T T T T T T T T T T T T T T T T T T T T T T T T T T T T T T T T T T T T T T T T
