  0.00191352257381047  0.00194593628942797  0.00198977162554625  0.00202861751355848
  0.00207186780953165  0.00211787075542345  0.00216504905135946  0.00221401478670920
  0.00226575598689900  0.00232021247444996  0.00237363158242424  0.00242963146337287
  0.00248568552944106  0.00254296154155802  0.00260270594395435  0.00266509557509828
  0.00272909941567012  0.00279409935283432  0.00286142275539029  0.00292998764331626
  0.00299969553167713  0.00307652868539632  0.00315372696039060  0.00323422401107647
  0.00331947534952524  0.00340768141751803  0.00349899310060027  0.00359362015466629
  0.00368791971724387  0.00378240017608261  0.00387898312535635  0.00397828725130869
  0.00408432766760650  0.00419365020014665  0.00430746909614723  0.00442383374531892
  0.00454330790857308  0.00466840980574298  0.00480101019266528  0.00494197283183332
  0.00509121278739246  0.00525444123564306  0.00542392455629590  0.00559434289430571
  0.00576561903716680  0.00593812912627086  0.00611750521879169  0.00631200559491951
  0.00652094359676517  0.00673638997134598  0.00695787763394020  0.00718891506715262
  0.00742859248217015  0.00767158860901308  0.00793422674641601  0.00820901218614136
  0.00849440589977193  0.00879653808955425  0.00910800452094126  0.00943660347540421
  0.00978850684551479  0.01016053139117258  0.01055102596690931  0.01095900598064859
  0.01138293432125877  0.01183621253326940  0.01233672795864254  0.01288065496807702
  0.01345932139138012  0.01408282834298977  0.01476165570774263  0.01549467144436333
  0.01628203604603973  0.01712049631365964  0.01802157106064094  0.01901367847567381
  0.02012992509788724  0.02138138060712352  0.02277685981960155  0.02431031131591927
  0.02598706076785932  0.02788860797348780  0.03012537017027199  0.03279155578030976
  0.03613605176513041  0.04024875154990401  0.04481622984110573  0.04987307510564512
  0.05597396208747637  0.06367303465045243  0.07359013529038108  0.08698528600849685
  0.10890943784598238  0.14766612443350671  0.24937904837319722  1.00000000000000000
  0.00432748031390997  0.00476818583852104  0.00543461285534824  0.00616510753170296
  0.00680851174160956  0.00742236308459956  0.00802321562119705  0.00866694932744892
  0.00933174492063325  0.01001466419286099  0.01073168088149651  0.01145143669090719
  0.01221194411030153  0.01298278529924896  0.01380708352573994  0.01467726585554977
  0.01554527456847857  0.01642428506542706  0.01738475858491033  0.01838927880549682
  0.01944536548356495  0.02057259929164915  0.02175195562104647  0.02300702242828876
  0.02426539896119439  0.02555596065451586  0.02687984771093755  0.02833535366973301
  0.02987234761877903  0.03144009553774111  0.03303295205825754  0.03465982212510160
  0.03633056302241638  0.03804139512807755  0.03982463343316599  0.04174549667305491
  0.04373415215583386  0.04592556916818214  0.04838358338807424  0.05096816296570759
  0.05352481369111491  0.05610190064582057  0.05878404382699697  0.06154797500568590
  0.06442752002542669  0.06745023460022326  0.07064346121074257  0.07395037413592560
  0.07728325967126912  0.08069627138883821  0.08424752214541674  0.08785547199513841
  0.09161482547628995  0.09553692295184960  0.09962489800742838  0.10395491098592387
  0.10836024710141398  0.11290922478079196  0.11757181352965713  0.12246753608275542
  0.12772909293037821  0.13332483620909033  0.13927561492328197  0.14565031026048281
  0.15229179691348155  0.15917429546869230  0.16618342618577270  0.17356422628835660
  0.18146588243362019  0.18978064444025458  0.19855390381023683  0.20776240788628034
  0.21734109072930480  0.22742279293383538  0.23801006784691042  0.24874458439483249
  0.26005324798175261  0.27227362517410753  0.28584726602759375  0.30114036574839198
  0.31822140386589209  0.33620643545344886  0.35520479190817439  0.37498401572217249
  0.39610900793343823  0.41968247691144972  0.44516111150769222  0.47426519117650734
  0.50519649665832078  0.54118014525107283  0.58257255556108467  0.63448896545094335
  0.69276592976876283  0.75949948964169844  0.85072830769107788  1.00000000000000000
 -0.00247016683491580  0.00967091127700402  0.01955792192743021  0.02963667513961886
  0.03979215044326144  0.05098849795540077  0.06222714942800128  0.07330133582417320
  0.08421022951001345  0.09529954616631151  0.10588989656116581  0.11630802462599102
  0.12668440397985281  0.13732998914720176  0.14779470847416776  0.15802861724245090
  0.16838184535839376  0.17872267077651496  0.18916720508931043  0.19928258985848016
  0.20945276351734474  0.21986468725889224  0.23084470430697288  0.24187941707207197
  0.25305373101262968  0.26357963523813061  0.27405931226087066  0.28456530421816573
  0.29551829750959063  0.30640302643379397  0.31737565847477639  0.32797137574829721
  0.33839345517201624  0.34840599032334274  0.35825302298699591  0.36811962419234751
  0.37804590495607981  0.38850168244554012  0.39931100001971548  0.40952404242238061
  0.41962113786205657  0.42952043169458731  0.43937816559044174  0.44930578755833367
  0.45942566292284842  0.47003067119438158  0.48080685440748988  0.49183324136199980
  0.50278256973056112  0.51379696383810070  0.52483121231617247  0.53566680231787223
  0.54614365539567244  0.55609328633752886  0.56640907118629458  0.57701596022803092
  0.58765823727956989  0.59834519310773804  0.60919513734077535  0.62056066616815930
  0.63144691484234272  0.64133581406442763  0.65127158407023678  0.66071363121664861
  0.67076412007559660  0.68120864269162074  0.69158146978811319  0.70229409750643712
  0.71244538600615059  0.72331994871650807  0.73384377690536051  0.74440190161469399
  0.75536257433620879  0.76620760320538939  0.77677947544465709  0.78690495556330597
  0.79746946857596235  0.80828735311092137  0.81919761886211562  0.83025075563958806
  0.84094602764551152  0.85152312755397974  0.86125601993929035  0.87079646854735782
  0.88070715696989510  0.89126203885923660  0.90180325223598801  0.91228970160588529
  0.92310321852265509  0.93435123012891808  0.94555929253417903  0.95664482146152829
  0.96770166605166552  0.97872298666110413  0.98923850441331185  1.00000000000000000
 -0.00239072403659311  0.00955459859544223  0.01944222211217761  0.02975461625196649
  0.04008954823960185  0.05067094034063498  0.06143682885364304  0.07218564945528125
  0.08249923511811527  0.09249487184959454  0.10276904041853012  0.11331420941606581
  0.12401849551389135  0.13457772545731059  0.14520511542516101  0.15573926127840729
  0.16629881465460189  0.17725562369534462  0.18838572095321021  0.19931742181876788
  0.21021059469015776  0.22145835180072446  0.23269443329068951  0.24309422897656072
  0.25363360421314707  0.26445263243835399  0.27517797733113936  0.28547633435893893
  0.29563588262068241  0.30642901826539132  0.31762572057552252  0.32844056634268853
  0.33885208465089095  0.34903102691919147  0.35969426888428052  0.37063636461180033
  0.38195077053943993  0.39304772469276023  0.40401094675899490  0.41481693917961898
  0.42535023033052066  0.43626633392618286  0.44727730878532562  0.45844245639057662
  0.46911391085514104  0.47938971381629514  0.48974755932740860  0.49986618307074199
  0.51023112596471765  0.52054544410863779  0.53085064614839306  0.54129188928509353
  0.55161855812910188  0.56244249021278248  0.57282097237938578  0.58344694795302010
  0.59390637002547231  0.60432226809090395  0.61432793403435160  0.62427642378444292
  0.63470941395334934  0.64513137992001401  0.65523862997126603  0.66513845416830519
  0.67508426186966919  0.68490217961603217  0.69462515866533869  0.70473991888008602
  0.71552584462384805  0.72660223066292651  0.73713492924777457  0.74711540947779786
  0.75696545120245362  0.76720212700302837  0.77765107585944571  0.78806540750097953
  0.79854953319718069  0.80880777301476070  0.81895408350797971  0.82898330812918997
  0.83948568736925000  0.85002765236933797  0.86013922042116042  0.86999216720638872
  0.88006643274914098  0.89018169722975049  0.90054772709317832  0.91108216978510037
  0.92217514889969232  0.93358042998636803  0.94500838510996199  0.95650621538411007
  0.96773822342211091  0.97873165861046274  0.98937290264493605  1.00000000000000000
 -0.00232951857468004  0.00908132982209381  0.01852209628201138  0.02798914210635582
  0.03782313967170163  0.04808026942033565  0.05843119530979168  0.06935300540232707
  0.07994295342482211  0.09079449841065652  0.10151087871445381  0.11197421949078348
  0.12151327792623738  0.13089642231582063  0.14053585731834928  0.15079956814024495
  0.16136073505560480  0.17242815027310843  0.18386719272597707  0.19517876787618985
  0.20628912852348685  0.21733381037778357  0.22820849647174038  0.23888203641257499
  0.24955312967305779  0.26039155638004824  0.27140291395840144  0.28187264944601781
  0.29214230888366449  0.30236197505683143  0.31258264184174789  0.32282637337700193
  0.33259996854606089  0.34278339013609432  0.35305598415255229  0.36365603648917721
  0.37400966041695416  0.38500022457143063  0.39638224120717080  0.40854043713364557
  0.42001882940083995  0.43144581538398291  0.44262977641064805  0.45410918226985503
  0.46467735425680157  0.47486630648655598  0.48446228128116048  0.49404916714626645
  0.50374598433450823  0.51398360153604472  0.52461112816954114  0.53526223601011313
  0.54635243305399928  0.55719253546615066  0.56745223652411780  0.57738325688188108
  0.58794266316887356  0.59941699634896128  0.61034766357411185  0.62054662042453723
  0.63075593728507684  0.64080156020648193  0.65079503915309378  0.66036497248497028
  0.67024463303844695  0.68054916452807457  0.69078302359482002  0.70109196255623862
  0.71116843349462755  0.72162957301416830  0.73196771275171357  0.74229346524958428
  0.75282959076967082  0.76346542702571185  0.77405016864903609  0.78460675390683476
  0.79493162830360131  0.80493076007530584  0.81516435384049157  0.82562940068255952
  0.83660117204663098  0.84701798804098938  0.85740394226243155  0.86803225924744154
  0.87896074140888414  0.89032010775697268  0.90169058347324682  0.91323459605474444
  0.92447845714960075  0.93544022871634958  0.94606151688594875  0.95688865176657079
  0.96774534250987632  0.97877932316336935  0.98949243305361689  1.00000000000000000
 -0.00243145310541331  0.00923460024760704  0.01979312547794274  0.03071502901874561
  0.04158614637659385  0.05203288005836508  0.06238877011056061  0.07308251243924352
  0.08430513297748403  0.09569564167566330  0.10728536333894911  0.11856052961659390
  0.12961407906065134  0.14037415438100884  0.15117047034376041  0.16187117984985397
  0.17252440216451226  0.18265837341017843  0.19272432138071419  0.20271478921010794
  0.21317344101132613  0.22356592596596836  0.23413674977195995  0.24498360133753203
  0.25590494616616877  0.26601361298499937  0.27619958745100232  0.28662058768217658
  0.29668788232363136  0.30683792661770248  0.31717761737118505  0.32817927134153646
  0.33899128171460285  0.34978033227801725  0.36082860034681746  0.37179079859765707
  0.38263001725284335  0.39376289985019669  0.40495822197922293  0.41595219705118897
  0.42705507662999714  0.43766804178341828  0.44812462713632778  0.45842236034985678
  0.46905733714572728  0.47960977714348729  0.49002608095824279  0.50024884425913085
  0.51057191548862613  0.52083278051008286  0.53133169869174601  0.54183373642951138
  0.55202829326524117  0.56191485387128504  0.57165168620056062  0.58133239553311911
  0.59152563835558758  0.60154149786595013  0.61229367214312069  0.62317262438251331
  0.63387656232859435  0.64489876348155273  0.65556925576810365  0.66640751377317764
  0.67694997502942633  0.68731919370583461  0.69782058592781349  0.70827250837646005
  0.71828556905844110  0.72802925719958966  0.73762745171625910  0.74720800363205442
  0.75733589805217838  0.76785533095107128  0.77864097946705202  0.78941679970283940
  0.80007206699043776  0.81090241317845613  0.82124718134341712  0.83145252837349370
  0.84185548776123087  0.85241552776005980  0.86344050908177428  0.87394890534193714
  0.88483945162128852  0.89541832756012907  0.90644556576253665  0.91767927231610225
  0.92832980849932456  0.93879455176096727  0.94888279819611654  0.95886511722519607
  0.96922281341655458  0.97948573228099234  0.98995919401147425  1.00000000000000000
 -0.00230469105399882  0.00880358326711869  0.01909882533155055  0.02994114033081722
  0.04085846685692307  0.05086597850725521  0.06089689729724994  0.07125415502586849
  0.08197453979066938  0.09283947283851571  0.10390986041542757  0.11503174092815180
  0.12601636947641326  0.13649103921855649  0.14679488783301123  0.15710102183277083
  0.16752394798751249  0.17782496034132933  0.18779804731119942  0.19773773230940542
  0.20817566312035021  0.21868762770098837  0.22915837328474384  0.23968059330906558
  0.25032059416998598  0.26067299666292426  0.27089905568002370  0.28145680899921355
  0.29231239328120845  0.30343869006341245  0.31427102673195334  0.32521370315188830
  0.33613426414149356  0.34691499893759925  0.35708265803642320  0.36648960191290753
  0.37618717501841914  0.38683494073203739  0.39767587196572007  0.40820734079199489
  0.41867225815575709  0.42962710292416961  0.44041192191157025  0.45123612258126966
  0.46222584933176353  0.47323581857915414  0.48389718998835651  0.49418814533627109
  0.50460301749859826  0.51540795838627707  0.52625817164786182  0.53756241978987396
  0.54877318286431920  0.56045701988351493  0.57158515440053781  0.58254699791299780
  0.59278231883666710  0.60339030082718748  0.61360304832701429  0.62396603626495950
  0.63447883867836796  0.64469267042355216  0.65478141982978533  0.66474855812984057
  0.67500559105202895  0.68563203256797522  0.69599789458932060  0.70641647681622910
  0.71702427313633965  0.72795476542625115  0.73873847777011203  0.74949689312835732
  0.76013953027052950  0.77084102900762119  0.78149665638950849  0.79228601990899838
  0.80322881405809288  0.81367477570389168  0.82401777512234975  0.83423578083267003
  0.84463209027380526  0.85494665375640033  0.86504203438862914  0.87539204422209438
  0.88573770034815646  0.89655335219352339  0.90705509411447260  0.91715980952908638
  0.92690528659251381  0.93682464887531880  0.94697407304531467  0.95755379391614137
  0.96807360781796770  0.97870170375869880  0.98918902877363624  1.00000000000000000
 -0.00246086790740219  0.00875526218309700  0.01862820823214419  0.02876774505687542
  0.03949660027905811  0.05030366931717886  0.06156017355561287  0.07278102371400587
  0.08342675131320069  0.09333207011803797  0.10319901257877508  0.11340181610714672
  0.12397794121465522  0.13482680664603258  0.14605613768850353  0.15758981600803043
  0.16911594885781633  0.18055820792890634  0.19158090378305401  0.20199850749138387
  0.21245138507716868  0.22294019672904775  0.23403689650451959  0.24476704689603082
  0.25560956552864517  0.26619535214129458  0.27695204681989072  0.28763919623246409
  0.29775261033336231  0.30762136110582133  0.31761925376377020  0.32788312670993236
  0.33822044600775114  0.34838213546797514  0.35857678391623671  0.36906531053243768
  0.38002709561018411  0.39089331992335874  0.40156470883789741  0.41201446940885905
  0.42300793563792194  0.43371474073486699  0.44415831943198603  0.45430914529766331
  0.46473498472402086  0.47510988941636167  0.48569032603164830  0.49634681677640663
  0.50724153922184312  0.51819608281603913  0.52851296614689536  0.53903603474851114
  0.54982963270198348  0.56077974892501259  0.57142672059933330  0.58194922478598476
  0.59316476512909899  0.60406988586648924  0.61452962561682056  0.62453117152806958
  0.63460555668543372  0.64449558441002697  0.65493505542749142  0.66517760113881419
  0.67546895413314534  0.68563468074648082  0.69561675641924314  0.70571276959736906
  0.71572981166709415  0.72524882931344037  0.73456469179341177  0.74389816390224739
  0.75382757130419820  0.76450362625876078  0.77556982950157904  0.78629210678150052
  0.79674150306563418  0.80684617887245402  0.81709992353848582  0.82725887334264536
  0.83754627014745997  0.84785937260725830  0.85841903626672433  0.86889833494443480
  0.87933012462947024  0.88987006598056495  0.90082501167740203  0.91230352409723581
  0.92370519557682718  0.93483888426411843  0.94560698128222898  0.95626612767725461
  0.96678739216144649  0.97753176466224256  0.98867126010569195  1.00000000000000000
   8.5458799158139455E-012  -1.0000000000000000     
 T T T T T T T T T T T T T T T T T T T T T T T T T T T T T T T T T T T T T T T T T T T T T T T T F F F F F F F F F F F F F F F F F F F F F F F F F F F F F F F F F F F F F F F F F F F F F F F F
  <DiscreteSampler_grid>
  grouped_processes
  1 # 1 for a reference and 2 for a running grid.
  10 # Attribute 'min_bin_probing_points' of the grid.
  1 # Attribute 'grid_mode' of the grid. 1=='default',2=='initialization'
  0.0000000000000000 # Attribute 'small_contrib_threshold' of the grid.
  0.5000000000000000 # Attribute 'damping_power' of the grid.
 # binID   n_entries weight   weight_sqr   abs_weight
    10   10   6.626455283574229E+003   2.035708788451566E+008   6.626455283574229E+003
    16   10   6.063624857175605E+003   1.361812153877802E+008   6.063624857175605E+003
    22   10   6.063624857175601E+003   1.361812153877801E+008   6.063624857175601E+003
    28   10   6.626455283574231E+003   2.035708788451568E+008   6.626455283574231E+003
    34   10   6.626455283574231E+003   2.035708788451568E+008   6.626455283574231E+003
    40   10   6.063624857175605E+003   1.361812153877803E+008   6.063624857175605E+003
    46   10   6.626455283574229E+003   2.035708788451566E+008   6.626455283574229E+003
    52   10   6.063624857175605E+003   1.361812153877802E+008   6.063624857175605E+003
  </DiscreteSampler_grid>
