  0.05146731143541703  0.05183643924073870  0.05215471382927337  0.05245882338345487
  0.05277646635449519  0.05310347797771934  0.05343027204694788  0.05374517376678115
  0.05406579166907423  0.05439171932821799  0.05471921963660038  0.05504639762497888
  0.05537698868129388  0.05571441737537494  0.05605110774790092  0.05639129387295128
  0.05673431005631475  0.05707987051940323  0.05743107630846204  0.05778940438985892
  0.05815384556532932  0.05852660324779682  0.05889863614071696  0.05927977440625239
  0.05966398248508000  0.06004810248478611  0.06042391148126469  0.06079466026630529
  0.06116748088953609  0.06154506453444010  0.06192427464269851  0.06233480991869499
  0.06280771266975803  0.06332717513278124  0.06387841099462513  0.06443357373086087
  0.06498162102181874  0.06555613392955019  0.06614452761964636  0.06675583405938822
  0.06737582433150412  0.06798593877278841  0.06860513424672723  0.06922521448132284
  0.06984110822203592  0.07048975020852119  0.07115175563875159  0.07183196535262304
  0.07252877142820431  0.07324270739173548  0.07397143254551003  0.07471589692793071
  0.07546989864416440  0.07623356646740177  0.07699041230884306  0.07775343096149434
  0.07855222671318614  0.07940853948440516  0.08029984005486336  0.08119423543565996
  0.08207773185957230  0.08294633914417458  0.08408229698486862  0.08530224109181793
  0.08655367503774090  0.08782455932508268  0.08911449281531215  0.09046353114970952
  0.09182591158812344  0.09319819484007023  0.09460263951234596  0.09606395087560778
  0.09761320959642016  0.09918809189591096  0.10082606514719089  0.10249655550913619
  0.10434664096045353  0.10651241548876805  0.10881511790724699  0.11120573436359867
  0.11374551055177334  0.11644121804454041  0.11920247637805852  0.12201419741916879
  0.12495580013355422  0.12839185737690870  0.13219188150382957  0.13617087503006917
  0.14040331988330526  0.14477580413796995  0.14967316006126072  0.15517382845269923
  0.16137955345389066  0.16819531468893587  0.17886061069842271  1.00000000000000000
  0.75172825490024231  0.77163514933829613  0.77562797890906499  0.77911822275235099
  0.78259128143311352  0.78601436244876943  0.78904444079805436  0.79142063512187277
  0.79378320325332730  0.79631127577695793  0.79909443181505913  0.80198952865489448
  0.80469575439146912  0.80710679971312727  0.80938159120009590  0.81165992018017974
  0.81389383811237481  0.81605783760311645  0.81791704176639257  0.81959922989065592
  0.82128867330101940  0.82309652685829149  0.82495541553359553  0.82679053211081233
  0.82859970860973919  0.83035361803211760  0.83208774305489830  0.83379087818220932
  0.83551517218783389  0.83722282092856359  0.83888584033945413  0.84060016019605355
  0.84235586878540558  0.84399701474943079  0.84557458831669674  0.84721739871060353
  0.84886751339502797  0.85038588046537478  0.85192504803753355  0.85356884241889586
  0.85528042413559835  0.85694301940119000  0.85854274558433430  0.86012663124021582
  0.86175348192981849  0.86344103884701351  0.86508928694566700  0.86676137939207298
  0.86842704908281243  0.87015730187364582  0.87189316743367151  0.87365378190600584
  0.87541200080920112  0.87714886243242074  0.87888869225169686  0.88063788540508592
  0.88241932237617171  0.88425383600789442  0.88612205280325240  0.88797889748232572
  0.88981482709308657  0.89168715237204499  0.89367792484482078  0.89563122556543773
  0.89769644060880938  0.89968889897960203  0.90165186139676856  0.90367427533055933
  0.90572421245196233  0.90779162485217901  0.90993236930714605  0.91216330538239898
  0.91441753535376358  0.91665227911728808  0.91889216137004215  0.92105532630831433
  0.92337502298839291  0.92569878926056104  0.92816591413511151  0.93067054286589823
  0.93331624090905185  0.93597983023348541  0.93880638589742915  0.94175905283336125
  0.94484343464536069  0.94799748292576214  0.95123841251608610  0.95468515983990487
  0.95845860982139375  0.96270636574451074  0.96733027997675813  0.97236145929787232
  0.97818021110934317  0.98632051935711273  0.99041427328432419  1.00000000000000000
 -0.00234038739095767  0.00882494711336989  0.01872853580838521  0.02935387764184431
  0.04013096749746214  0.05105755671420389  0.06196681395753206  0.07293783280570162
  0.08372480789185444  0.09425392578179752  0.10471399695644167  0.11545705627683672
  0.12642316988313412  0.13753934103520776  0.14834030860453823  0.15880376181232822
  0.16904217978895281  0.17945224688778411  0.18960970156165483  0.19946647427287345
  0.20915239052185666  0.21888973036747500  0.22860103610961421  0.23838350952261564
  0.24836759294779751  0.25864789658023085  0.26896091867290789  0.27964847388714398
  0.29044185037122572  0.30140217159935884  0.31236658897460945  0.32388081785178263
  0.33557719829634580  0.34708387233717020  0.35806328415993394  0.36807257265778670
  0.37801775842229240  0.38790910024888031  0.39777171485867213  0.40760915364278977
  0.41765006283088535  0.42832053320030600  0.43921925988818905  0.45008356994968529
  0.46076142295877393  0.47168115066316796  0.48244239321421334  0.49322789165378611
  0.50386256762427151  0.51470596700026405  0.52527386042871715  0.53607809747724400
  0.54682562025905157  0.55786087094193204  0.56864855535899050  0.57959188254470695
  0.59086124710416965  0.60227909793105117  0.61325110599360244  0.62410111093272391
  0.63474477630841486  0.64556754316151188  0.65595410923757758  0.66616871333698358
  0.67632608065143118  0.68653428897912105  0.69669019227156137  0.70674524700988961
  0.71638073848021888  0.72601314396509820  0.73536090542047583  0.74504870814405666
  0.75557427890417439  0.76680350057860802  0.77765999548803866  0.78808273245160476
  0.79868933573929268  0.80941202091718856  0.81990619352141936  0.83060590866282213
  0.84171258089691303  0.85258015986763058  0.86311940653899288  0.87380215909012726
  0.88468100802709160  0.89555627264048243  0.90637529242270720  0.91700078791232154
  0.92746504641502048  0.93772173021458183  0.94817604617352058  0.95893215801469989
  0.96945846623545473  0.97986428316510943  0.98978337605283395  1.00000000000000000
 -0.00240721711274789  0.00925098463960889  0.01950376785010977  0.03020121164153345
  0.04078680557284051  0.05135369598964066  0.06184374182249584  0.07234853546675510
  0.08314949839899131  0.09379069349499380  0.10468732650361909  0.11554232442128226
  0.12634212288682833  0.13676120865025188  0.14672684885017578  0.15670208031216953
  0.16708585490573857  0.17767108383465913  0.18777869498039867  0.19784679503477651
  0.20781940155653225  0.21818222381237537  0.22848067125158145  0.23877749833389678
  0.24907801743619576  0.25961809828972082  0.27027810536395058  0.28055524051672059
  0.29046999230127063  0.30037694650570573  0.31022823437163471  0.32014138576170320
  0.33051885241908302  0.34174162637506611  0.35254213050957078  0.36310990875488086
  0.37318477055792071  0.38384701883673533  0.39450142527947063  0.40550720124884143
  0.41646847608293297  0.42741016508052054  0.43841871659878784  0.44946346797327102
  0.46036106062539595  0.47116579772126171  0.48207931540578425  0.49308806937454369
  0.50369031489508287  0.51405456164563579  0.52445833137322939  0.53521549521065248
  0.54598140370159509  0.55640993825622764  0.56678719676944544  0.57702133903024966
  0.58741353501285276  0.59736974672073928  0.60717640832491315  0.61723758677642226
  0.62776141445599343  0.63837784747348958  0.64873560898166305  0.65911139602161206
  0.66933030434095464  0.67979434075599610  0.68988672713056975  0.69994401839927556
  0.70989580960942233  0.71983924343871319  0.72970879851787540  0.73967749939883531
  0.74956765868898434  0.75961833975899740  0.76994043995457695  0.78103622167468134
  0.79206835388837804  0.80317272818970087  0.81457893851787366  0.82672974791695408
  0.83849630644777573  0.84901463221513185  0.85938568884409272  0.86947891739865801
  0.87972161405471982  0.89017824750533803  0.90103698016154243  0.91241022890486567
  0.92380686783333310  0.93518273175014144  0.94624327597131974  0.95750135305860862
  0.96865971680813223  0.97975896041838328  0.99002002419429758  1.00000000000000000
 -0.00261046565786310  0.01105096840274251  0.02192153041129406  0.03312466723188615
  0.04391294734179123  0.05450487314045156  0.06511162526761033  0.07622571063709170
  0.08740404624903993  0.09880432636430424  0.11054731921778649  0.12257115002271264
  0.13302449030363223  0.14332200676208617  0.15368759776043678  0.16407088716131221
  0.17447547384068510  0.18480108063406395  0.19574769299339995  0.20695346174772031
  0.21805313777951446  0.22945417147435238  0.24092224819494412  0.25173631115220479
  0.26204107175168084  0.27238684334920221  0.28334308671601910  0.29408853037780841
  0.30425678704061065  0.31385826043128467  0.32332801086539975  0.33310649030412415
  0.34309017252522050  0.35359031709494487  0.36450322990812739  0.37514511752350094
  0.38534863170316019  0.39512208961779849  0.40515157365710208  0.41545081147862195
  0.42583400923820403  0.43640542875938931  0.44746075183063660  0.45857491121348493
  0.46962473365004187  0.48030340009188149  0.49117861403576818  0.50193047541514213
  0.51240835463709056  0.52239158079171644  0.53233577851493941  0.54226569316291906
  0.55218803349247936  0.56232830240904386  0.57227226412428833  0.58231113123212053
  0.59194775704023916  0.60165130777852538  0.61163065049162479  0.62177630367878012
  0.63228625481087486  0.64276939436822778  0.65324653753138040  0.66329309826490346
  0.67340013954742151  0.68372715411800711  0.69434180270281998  0.70461025921996312
  0.71441226996876572  0.72416467073072022  0.73411020922932779  0.74447806915462822
  0.75472056119388076  0.76531076413958055  0.77607978839277048  0.78713299139362713
  0.79823805816954885  0.80940768541893870  0.82028238049195690  0.83053115418398060
  0.84053657128141435  0.85083680398571082  0.86127591794298930  0.87160732443912015
  0.88164672832986857  0.89173675462372115  0.90220087889470324  0.91289777168725772
  0.92377100374169363  0.93434515801347051  0.94528183039563041  0.95588215868932502
  0.96676972635813652  0.97750062984146713  0.98875940945053076  1.00000000000000000
 -0.00210214101366071  0.00777979039803550  0.01634601430379080  0.02536491215599977
  0.03481086971992220  0.04409020638437342  0.05393984910304302  0.06361953411932536
  0.07426927726195545  0.08462229544892440  0.09583437368145988  0.10702390397503340
  0.11809441461290777  0.12890115540458605  0.13957485964105049  0.15029314917685849
  0.16124543959983581  0.17232838156539154  0.18299111427574713  0.19362191766759043
  0.20427197388236704  0.21522548679110309  0.22651381996811659  0.23762733654535798
  0.24840907183665997  0.25888778995542433  0.26965731481615252  0.28017823106082190
  0.29092967024852717  0.30217476138879451  0.31327025927429020  0.32374781643924461
  0.33407701462725881  0.34498803784499582  0.35567612582227509  0.36642933649917669
  0.37712845182877663  0.38797341266656582  0.39849630089943910  0.40828105132141124
  0.41848311480159361  0.42910600198731741  0.44002132076834849  0.45118309766558018
  0.46192011550585388  0.47276825591253557  0.48354713082386119  0.49533757270033668
  0.50647234510785089  0.51762177242243890  0.52905182333269241  0.54073076215413385
  0.55182822813419630  0.56245854273046325  0.57232006461306140  0.58258264706595897
  0.59260773997405947  0.60207718647409592  0.61163323980923745  0.62145496922877574
  0.63182948375503090  0.64283632090716814  0.65389345519019026  0.66484374733634821
  0.67530122647090229  0.68535462682108039  0.69546773294786346  0.70584501767366281
  0.71667365243173664  0.72759020237866967  0.73773093952294322  0.74758419053222147
  0.75773679354997803  0.76799016366641371  0.77827821482855819  0.78848965656442482
  0.79924506871180168  0.81009767860134896  0.82056833615587366  0.83078182498298092
  0.84126306357035951  0.85186908432917097  0.86268840913413858  0.87329938268734009
  0.88398623562782719  0.89456894428850653  0.90499880250288944  0.91515182721850641
  0.92515865878042947  0.93521578561689378  0.94586313120540777  0.95715501338675002
  0.96837783338193983  0.97956780065373494  0.98981321137339529  1.00000000000000000
 -0.00304531865301659  0.01121301841477241  0.02296554292831624  0.03438731690412387
  0.04530484466609228  0.05583236707673558  0.06604767885856201  0.07615457837683604
  0.08647097542405573  0.09734461338195939  0.10829395295820833  0.11908890790874305
  0.12935695653673426  0.13937470824880072  0.14969896511791514  0.16036937671631613
  0.17122673984499337  0.18172267365205180  0.19180220019059854  0.20170049333065002
  0.21166300877209976  0.22179104303775826  0.23161703831316799  0.24175858885964210
  0.25168425391405946  0.26226498839864870  0.27275921382883339  0.28343292419345384
  0.29372782532583858  0.30426991701023370  0.31481202311397677  0.32569087387466278
  0.33611419471256532  0.34631043914855503  0.35672868778534750  0.36767309804659037
  0.37898665051132380  0.38976337881742945  0.40030297913839530  0.41097253439863174
  0.42236950273620716  0.43366826014804105  0.44450332681690119  0.45497478982814782
  0.46533177114918400  0.47544462517127495  0.48528094040733477  0.49499058938818441
  0.50527792778701131  0.51598393096004247  0.52715657049056530  0.53850479201461277
  0.55015798088576628  0.56116708963586914  0.57186987147117163  0.58231380725945303
  0.59279997331027212  0.60320003231170194  0.61349715560769913  0.62388436920634571
  0.63410038655441658  0.64405523190931113  0.65410045230069702  0.66439994123489154
  0.67533994175488832  0.68588058189718348  0.69655113565235161  0.70749514589876106
  0.71923398266858429  0.73061397233079017  0.74165470610040896  0.75218516485741971
  0.76283914118231178  0.77329863742685789  0.78398633877634782  0.79402201222123781
  0.80385745026523681  0.81384855317069704  0.82443445365145662  0.83535032480461990
  0.84611782191239759  0.85653487810730056  0.86684022079094780  0.87710205608687197
  0.88694603246500714  0.89678458436807362  0.90662116395460624  0.91671750419478026
  0.92685638382437319  0.93689841644419813  0.94751877208890523  0.95797053034412161
  0.96812459471821333  0.97835831071958068  0.98912077662340447  1.00000000000000000
 -0.00229201184112481  0.00967378550367705  0.01986906536951116  0.02985722405265133
  0.04004203615890155  0.05032826494606790  0.06027081484385600  0.07007319360669369
  0.07988371532219025  0.09038748899241054  0.10129678231911990  0.11202749172053117
  0.12256981083990739  0.13252540008297384  0.14252870431756887  0.15290375265456796
  0.16349094791772315  0.17413073718119049  0.18448635494168450  0.19516934082783327
  0.20612599387290290  0.21737592825087543  0.22879080625537682  0.23931237918877785
  0.24961658760401398  0.26004942130529796  0.27018630062023669  0.28021508034558196
  0.28986151670367255  0.29952435471168537  0.30939072439043042  0.31990993268082230
  0.33092308598854803  0.34232152258816606  0.35330469712514168  0.36415523691816742
  0.37453287984998196  0.38461810622722109  0.39458109090239757  0.40509672648087108
  0.41569371226155427  0.42685207388150387  0.43779483608876796  0.44863992367847899
  0.45951693829975171  0.47078532764382358  0.48235634239038500  0.49330002850163523
  0.50407409573416218  0.51483946152859894  0.52585749141680393  0.53653236800502402
  0.54669426958853884  0.55682418346869844  0.56748270750491236  0.57884598226692430
  0.58973799003728034  0.60016406438127234  0.61085601921873212  0.62151474545676810
  0.63209060952225582  0.64239222527178508  0.65264754622256893  0.66274546958318625
  0.67280801199150420  0.68285808849719931  0.69301375175565927  0.70310967925066070
  0.71337234273855255  0.72399719523422001  0.73478408352441604  0.74547414907466969
  0.75604440826134023  0.76659295808854344  0.77718018732435257  0.78750938778973811
  0.79770680853832221  0.80809231180019125  0.81884718267363465  0.82981601973068830
  0.84020916908183796  0.85029978611504109  0.86042935781355145  0.87040711049391684
  0.88037834491405809  0.89056760817500968  0.90111082653802621  0.91177442196696179
  0.92215435808767909  0.93261514393448275  0.94333219263918633  0.95449732139196763
  0.96566329157548225  0.97705898953720294  0.98837857177905641  1.00000000000000000
   1.2107885743278573E-017  -1.0000000000000000     
 T T T T F T T F F T T F T T T T T T T T F T T F F T T F T T T T T T T T F T T F F T T F T T T T
