  0.00191918690898018  0.00194237535664241  0.00198532287990328  0.00202013902923342
  0.00205632924718697  0.00209789250112770  0.00214382156296803  0.00219421945740289
  0.00224537149771457  0.00229754201416565  0.00234836449199272  0.00239887995283621
  0.00245286097685266  0.00250970799145665  0.00256685181136426  0.00262419700212333
  0.00268298122145351  0.00274448904784500  0.00280972822933883  0.00287855303246946
  0.00295135840461935  0.00302639794171605  0.00310609601033134  0.00318361196959373
  0.00326712830754792  0.00335402786063233  0.00344108672568126  0.00353156286696844
  0.00362587725781042  0.00372298548125195  0.00382257603493332  0.00392478433462872
  0.00402781548202884  0.00413157383386579  0.00424085106101460  0.00435028125331896
  0.00446689441445986  0.00458641675758921  0.00470695074678244  0.00482859696257197
  0.00495226851326410  0.00508785579648942  0.00523598274343427  0.00539206409102445
  0.00555400094095407  0.00571103391259808  0.00587159344250541  0.00603335326015393
  0.00621065365637659  0.00639742208156569  0.00659892653451556  0.00681597051888626
  0.00704537882191814  0.00728066751856520  0.00752328980285876  0.00778089284694124
  0.00805666622490414  0.00834825107277804  0.00864967296276642  0.00895417451611517
  0.00926763123521456  0.00960508951793381  0.00997958321208533  0.01038548399533060
  0.01081554884966569  0.01126925895808817  0.01174519657450171  0.01225843674044743
  0.01281431429959168  0.01341457607311659  0.01405339803364215  0.01474974790106948
  0.01551238782309373  0.01633739624120916  0.01722598314431522  0.01817331098361577
  0.01918061310291494  0.02027120740283780  0.02146739101579350  0.02278736815815876
  0.02423716196888580  0.02586339926145724  0.02778422655248953  0.03005292248461103
  0.03272000375182087  0.03581483764908656  0.03946064372401477  0.04379746960295718
  0.04907868062889707  0.05601213306177986  0.06566777603546713  0.08046108571967443
  0.10587859453196184  0.17701233067981950  0.91723918565953932  1.00000000000000000
  0.00402223918278665  0.00499723450195050  0.00595753124148110  0.00683272521999543
  0.00764098456980496  0.00844632767761538  0.00922942196610751  0.01004811346518089
  0.01089012419468757  0.01176407728421338  0.01269659777686687  0.01368356075771444
  0.01466897356771645  0.01571637362031287  0.01678437440479443  0.01791782605643748
  0.01907261306796634  0.02021530542814294  0.02142194025548007  0.02270797474085852
  0.02405722778699820  0.02543712558226319  0.02685999793848917  0.02831935682083844
  0.02984269318450737  0.03142879346628694  0.03309272004192577  0.03480146486144127
  0.03658377679902406  0.03843884788611818  0.04036898869497416  0.04240405886413483
  0.04446575116705355  0.04654712392598783  0.04871420306561073  0.05094290642041174
  0.05325969954792860  0.05565991110021034  0.05819213933566208  0.06086686117560043
  0.06360412899990966  0.06644014320831824  0.06939761850386027  0.07246648375525003
  0.07586965903487998  0.07925870319775757  0.08259345179490754  0.08616005766053808
  0.08991549601275210  0.09388256078754352  0.09793172488915028  0.10205707024101232
  0.10620832171670423  0.11045035917808788  0.11488290587400384  0.11963149718405394
  0.12467338935734350  0.12991743786609977  0.13533800266048154  0.14092262510303347
  0.14665745042706999  0.15256891676990300  0.15861775114620319  0.16494091510230985
  0.17169903861399019  0.17887151935601298  0.18645587866159272  0.19437047284156012
  0.20264395798312224  0.21101121201880557  0.21947189143002910  0.22818772528692971
  0.23728831054942381  0.24681922159949271  0.25699778240706783  0.26794454897180792
  0.27962014533621271  0.29255023199322183  0.30657134038851719  0.32187722412034891
  0.33859682295853166  0.35666539683343818  0.37590164492346634  0.39653897927523818
  0.41792049891008742  0.44060471081050318  0.46525781577310693  0.49226554451092858
  0.52288670187085473  0.55743137118295538  0.59541667296598466  0.63972883632618793
  0.69075781058259766  0.75491940728698159  0.84782403761106806  1.00000000000000000
 -0.00256555873858015  0.00986246684356573  0.02027950741986521  0.03077493181478524
  0.04128600408505986  0.05169091763043793  0.06219202198728272  0.07266786992657180
  0.08271014316616998  0.09302544629842646  0.10311749991796815  0.11348810912731093
  0.12423822329559613  0.13534431054030144  0.14673818518789017  0.15772086890939566
  0.16858426387316053  0.17966051875975741  0.19069607869162092  0.20198341052946631
  0.21280662748164217  0.22325426074239552  0.23342168265008920  0.24321882083159233
  0.25284491406776677  0.26267262604574454  0.27293466685153578  0.28369457976072471
  0.29450384117984180  0.30485339448241738  0.31565892774198639  0.32633165046806734
  0.33693123610710979  0.34711230842344121  0.35739598064809491  0.36837851700607033
  0.37941627420989127  0.39035338308076284  0.40098138869093908  0.41183238019999863
  0.42250966702034820  0.43342717448639567  0.44413613197840501  0.45482256495105389
  0.46539915003538457  0.47568924450899031  0.48569668862647014  0.49580032292529380
  0.50630701244267484  0.51730244534279979  0.52795026659808308  0.53847476409989492
  0.54820045245601634  0.55781884292448103  0.56767257884270739  0.57817354178146518
  0.58866237672385979  0.59907966363197107  0.60948792795196594  0.62003349571374100
  0.63073817711008640  0.64067451312757528  0.65047709296702727  0.66037782442049564
  0.67033244524836977  0.68061786710385541  0.69057374366207980  0.70105858329063087
  0.71164598553246017  0.72253138333171485  0.73330218076438758  0.74405415649649398
  0.75469771078930248  0.76573580639845529  0.77707857099372868  0.78831195608914328
  0.79905081648414067  0.80975343061396909  0.82042195776821270  0.83148362621254490
  0.84211847277657348  0.85275331972271950  0.86327995714989902  0.87387320009787217
  0.88439720315931436  0.89467145569709305  0.90494065503347931  0.91541853023043906
  0.92586440607986609  0.93637912539082502  0.94717228957647126  0.95789565253219167
  0.96902453047015547  0.97962809997868283  0.98986859584191866  1.00000000000000000
 -0.00239183316010406  0.00956801610633956  0.01951287927947465  0.03030923719281547
  0.04027834529031754  0.05103737440315282  0.06182570789742364  0.07294569000260531
  0.08356459259728094  0.09436759630738924  0.10474546894516928  0.11463279523464442
  0.12479589798434117  0.13474694375483776  0.14498577036106752  0.15514504915179078
  0.16520868295764865  0.17562650693830581  0.18625913065834016  0.19706787627882655
  0.20774155747464118  0.21821498260836397  0.22939851875652087  0.24033672668801556
  0.25192552473874491  0.26202545692730789  0.27235931515079348  0.28169834866999127
  0.29204479152278523  0.30276632971353495  0.31318261693181398  0.32315280963108428
  0.33302893715144100  0.34333976776471992  0.35351419562535957  0.36333450598441064
  0.37306678562070311  0.38326911625540289  0.39394168265647445  0.40488672622251654
  0.41599215561634323  0.42762526877804813  0.43954436972033117  0.45154738393353017
  0.46312436461102063  0.47384906807995264  0.48431196200168869  0.49491678776091114
  0.50615642642961134  0.51741773614697040  0.52812257943467178  0.53832461562208078
  0.54832399388076525  0.55802429552037724  0.56803223173881656  0.57780702727809674
  0.58797962955703720  0.59794271650364184  0.60830104890712833  0.61870640090340789
  0.62914790643298457  0.63957093105022500  0.64973023930372564  0.66008548905245679
  0.67072172198364943  0.68152742563306601  0.69201089204340616  0.70260998882443082
  0.71357201870720088  0.72427715529606951  0.73490065273419403  0.74525401933651003
  0.75563460488564549  0.76621296500026692  0.77724342091181353  0.78834243010344218
  0.79892288161693648  0.80919238880919919  0.81969670675176531  0.83046729183230716
  0.84138353219730544  0.85207709036165202  0.86224830894084636  0.87214928735704711
  0.88198899937961062  0.89224041511374208  0.90306779798522929  0.91423561075740689
  0.92514996272933003  0.93620668260622830  0.94735434290201437  0.95874124420543705
  0.96919100867783736  0.97946632373053955  0.98950395331663543  1.00000000000000000
 -0.00230188992982876  0.00896326729964936  0.01936794850697615  0.03026831562250830
  0.04154504734536177  0.05272057717540939  0.06350583976416305  0.07425655579133715
  0.08496339043253281  0.09554852756472451  0.10645165137902605  0.11753644736317638
  0.12889665366962183  0.14039989612323947  0.15083682777434901  0.16103837812837885
  0.17082090921014581  0.18106486033202396  0.19164599823797585  0.20232024093168280
  0.21307659499303636  0.22402080677590475  0.23468152699527012  0.24519813317396419
  0.25563229066558590  0.26624660251878074  0.27685395515636341  0.28744559584462459
  0.29810357373918195  0.30872147595368798  0.31923570773600840  0.32974499992755929
  0.34038137773850291  0.35084201138036114  0.36101054450451997  0.37126328692752053
  0.38148717275689858  0.39227848057166292  0.40266386763671314  0.41296770233445163
  0.42310814117823092  0.43352417466150150  0.44395778605548919  0.45391838587581368
  0.46403323519851303  0.47385651989119465  0.48363065545154105  0.49332696654782293
  0.50356012958632379  0.51450841595121977  0.52494916634927047  0.53532813645819521
  0.54546721441397072  0.55575129855040961  0.56628721900124634  0.57711231711481026
  0.58808209668802203  0.59909427830529172  0.60987428774067354  0.62049984648688683
  0.63068355101097995  0.64088957982540007  0.65119478690499288  0.66125107945599815
  0.67160888995420920  0.68216018934016454  0.69338996329875580  0.70487043795129933
  0.71650166493114376  0.72840252475286416  0.74018213523402654  0.75129280668614795
  0.76199002327135934  0.77240199143234922  0.78271190533307333  0.79289125886093792
  0.80277598769461844  0.81291779769242534  0.82274627215464702  0.83249099351130240
  0.84239638833953367  0.85267650733936962  0.86378640050963695  0.87537338954591948
  0.88615198883513235  0.89663936836010616  0.90683449907203351  0.91719761433370905
  0.92743973158980675  0.93790431028583976  0.94826856233960710  0.95834689305997534
  0.96800967793381842  0.97796754305690692  0.98875254121749179  1.00000000000000000
 -0.00227057261294926  0.00930024213435870  0.01918435363772900  0.03012938125026243
  0.04133213968871439  0.05108254945819454  0.06104234372827286  0.07113591536361041
  0.08182102102533949  0.09177226774308098  0.10133947590551234  0.11112781159280541
  0.12137888784345327  0.13160779788462276  0.14127289299179371  0.15101719820100609
  0.16126197712165224  0.17146007532247859  0.18188007301501000  0.19246100471692371
  0.20328411416477940  0.21402768774224559  0.22484087842533090  0.23538164799098094
  0.24588491471592849  0.25653604364054716  0.26740470804946520  0.27798941052213305
  0.28840928855617270  0.29898377537982851  0.30960436190305862  0.32028574106318308
  0.33121058854235585  0.34229841934213018  0.35321781942894825  0.36394491013006441
  0.37470593905537491  0.38541413045745770  0.39571142972552298  0.40566204381059501
  0.41563799223227738  0.42608182469928313  0.43694974676323606  0.44815039118785954
  0.45904419569255095  0.46982573077851070  0.48054361691272579  0.49121991983468427
  0.50180242062643532  0.51227687871398564  0.52289556593213748  0.53391907649466563
  0.54481918938363338  0.55525265219573960  0.56594767389146106  0.57680551549718684
  0.58827135717889611  0.59904510526426469  0.60995589860569566  0.62059231927668967
  0.63146352865516020  0.64178390659767193  0.65226020128840856  0.66261193979621547
  0.67288807658284178  0.68324781429832870  0.69363630418320232  0.70420718397401261
  0.71497711537229447  0.72594548247541479  0.73750819777817000  0.74841621222907873
  0.75912690193361565  0.76902838583761268  0.77904926675453656  0.78895868549871795
  0.79905540780355511  0.80904676402022513  0.81903463301109003  0.82891271428249147
  0.83897862863142647  0.84935566347262270  0.85988424246758233  0.87079715272908664
  0.88182113753666824  0.89319537281718930  0.90469638082127990  0.91566473017153682
  0.92577812021867334  0.93580519607813251  0.94617656369098535  0.95706693007843890
  0.96807400947845124  0.97894773834201321  0.98958067802828575  1.00000000000000000
 -0.00242221136105973  0.00939688099929631  0.01947063868587693  0.02999202416618681
  0.04058624874274348  0.05152061000600751  0.06244906913363580  0.07273533182240098
  0.08242429683963179  0.09267337970965425  0.10318762149279034  0.11420413593394255
  0.12496628190787909  0.13542578180957326  0.14581488453516342  0.15590971257913233
  0.16627214721594899  0.17614476721675090  0.18629297480757501  0.19600190750851265
  0.20630045707313657  0.21614256190057346  0.22633041716509406  0.23682047820473148
  0.24767674106723009  0.25881538262568310  0.26980468413278202  0.28060606980525032
  0.29110095521407664  0.30109041764728856  0.31147485126118185  0.32215895480026002
  0.33326996222302530  0.34423059015455132  0.35516689269637486  0.36622751663172121
  0.37716274364448349  0.38793362674723636  0.39891465041468860  0.40995339046567558
  0.42060882400746824  0.43099995220123538  0.44155572325984110  0.45240577539364435
  0.46294399884118004  0.47338274844462908  0.48357821572568932  0.49413595247395287
  0.50412407637332357  0.51372810332184771  0.52326235602358906  0.53294896247614698
  0.54310915628049150  0.55287565546131745  0.56305765739212643  0.57368061759315658
  0.58445274767903610  0.59460850898072737  0.60490700006457132  0.61485689995859172
  0.62503201365101579  0.63535068456546617  0.64608807862510531  0.65672957703758394
  0.66687261055427538  0.67711175678863467  0.68732158087053741  0.69832718323622600
  0.70908686038442625  0.72016476857913081  0.73068553867091712  0.74154216240254434
  0.75248606053057854  0.76358670296434983  0.77429411047643992  0.78507146555674645
  0.79600658003825364  0.80708926726010732  0.81799324933337036  0.82856098056905225
  0.83890185401133954  0.84886149881815309  0.85869500774657070  0.86891702114101044
  0.87942019340421984  0.89048895056902755  0.90135623724658931  0.91246613191936032
  0.92313024889858974  0.93404985829464460  0.94470945613726387  0.95561854588176176
  0.96659370906857700  0.97793963319438026  0.98906008303872883  1.00000000000000000
 -0.00252140467489251  0.00965984453047071  0.01998732249845003  0.03050277692676022
  0.04089856970773977  0.05109469954296909  0.06120625000969708  0.07169200999852379
  0.08253207640633310  0.09384698517564539  0.10494086731461602  0.11599715207208129
  0.12633168829474489  0.13725108456919516  0.14799877631043529  0.15966841078847821
  0.17087975621674686  0.18172612191668849  0.19240335605095427  0.20262248854244369
  0.21278539504393690  0.22252695770656086  0.23216962796703278  0.24206720662717265
  0.25184182932740856  0.26190971098711019  0.27199168814317248  0.28220262502980514
  0.29241592634162605  0.30256750468079902  0.31316920841931334  0.32422976634460560
  0.33508361731914782  0.34581054192193844  0.35606539321801944  0.36623841206675994
  0.37649988265426310  0.38691310363130738  0.39756287461250994  0.40798185233499723
  0.41870680809889066  0.42901076207660221  0.43926182110638512  0.44919024738138691
  0.45928310891865659  0.46954526396629387  0.47994893280211670  0.49028420136940654
  0.50066999055287520  0.51137744091442372  0.52187625604897692  0.53266526797777458
  0.54308961823617175  0.55378434359613993  0.56408124164840268  0.57364343366271342
  0.58337082684889785  0.59284530136222369  0.60243479001543221  0.61192061253593832
  0.62178779048367327  0.63194831108494454  0.64240624468426244  0.65277262181162421
  0.66344466005373448  0.67422001938299070  0.68516106706204816  0.69608839909571940
  0.70709470522975948  0.71800434432327920  0.72877915972562213  0.73959036521746579
  0.75004456073863557  0.76046549042153688  0.77086829009149971  0.78146102768839432
  0.79219385185457580  0.80295142134330622  0.81342014100776239  0.82432327222498925
  0.83521926843401684  0.84713170474822330  0.85882892385427434  0.87043008577150571
  0.88136330913392180  0.89193029012555358  0.90292104738348822  0.91409216562834306
  0.92513838040599905  0.93586222281347486  0.94629332943353939  0.95694638202238214
  0.96758599104241849  0.97856507033861151  0.98937687457568912  1.00000000000000000
   4.2222590724449583E-012  -1.0000000000000000     
 T T T T T F T T T T F T T T T T T T T T T F T T T T F T T T T T T T T T T F T T T T F T T T T T F F F F F F F F F F F F F F F F F F F F F F F F F F F F F F F F F F F F F F F F F F F F F F F F
  <DiscreteSampler_grid>
  grouped_processes
  1 # 1 for a reference and 2 for a running grid.
  10 # Attribute 'min_bin_probing_points' of the grid.
  1 # Attribute 'grid_mode' of the grid. 1=='default',2=='initialization'
  0.0000000000000000 # Attribute 'small_contrib_threshold' of the grid.
  0.5000000000000000 # Attribute 'damping_power' of the grid.
 # binID   n_entries weight   weight_sqr   abs_weight
    10   10   6.284557922217574E+004   3.665400395190428E+010   6.284557922217574E+004
    16   10   1.916917564556878E+004   2.635723042803314E+009   1.916917564556878E+004
    22   10   1.916917564556879E+004   2.635723042803317E+009   1.916917564556879E+004
    28   10   6.284557922217576E+004   3.665400395190431E+010   6.284557922217576E+004
    34   10   6.284557922217576E+004   3.665400395190431E+010   6.284557922217576E+004
    40   10   1.916917564556878E+004   2.635723042803314E+009   1.916917564556878E+004
    46   10   6.284557922217574E+004   3.665400395190428E+010   6.284557922217574E+004
    52   10   1.916917564556878E+004   2.635723042803314E+009   1.916917564556878E+004
  </DiscreteSampler_grid>
