  0.00000003753656121  0.00000100228632624  0.00000253605200004  0.00000427979618701
  0.00000618533702207  0.00000799127263301  0.00000970430077680  0.00001136973972634
  0.00001287793356314  0.00001430860820918  0.00001585910596890  0.00001725671315540
  0.00001853962525699  0.00001977903349822  0.00002103301103514  0.00002225059070753
  0.00002311498906211  0.00002391199136915  0.00002469199667195  0.00002546916222392
  0.00002624690607464  0.00002700697638193  0.00002776287448822  0.00002847339896062
  0.00002914360897841  0.00002978966653709  0.00003040521817397  0.00003100723854640
  0.00003160269525602  0.00003216159543100  0.00003273489479171  0.00003330128919383
  0.00003385459336061  0.00003438843648648  0.00003489716952745  0.00003537472573348
  0.00003582417623793  0.00003624955588461  0.00003672340458371  0.00003725050677298
  0.00003793150314496  0.00006205575647100  0.00006309041041720  0.00006381760766188
  0.00006441685251017  0.00006498017814408  0.00006553975176049  0.00006610255747868
  0.00006667085900597  0.00006724109419076  0.00006780707019500  0.00006836536835615
  0.00006894151029092  0.00006961463252877  0.00007035389474124  0.00007113981888253
  0.00007199158429468  0.00007293914123835  0.00007393415040272  0.00007502590067003
  0.00007622634373258  0.00007749883360516  0.00007877871269643  0.00007999126958943
  0.00008118313686902  0.00008257176674872  0.00008445881724366  0.00008643387544391
  0.00008819144867161  0.00008990591321631  0.00009167454232051  0.00009351813323430
  0.00009549165109820  0.00009775342855833  0.00010137408866017  0.00010608695701353
  0.00011104106045065  0.00011659618521152  0.00012269984619622  0.00013061918701468
  0.00013798246597003  0.00014643559550138  0.00015513219108289  0.00016373739209361
  0.00017347742509911  0.00018675741811292  0.00020476724418467  0.00022896621821186
  0.00026548940733138  0.00032001878886067  0.00039162358059745  0.00049433910535141
  0.00058218670880621  0.00073744755407640  0.00723802989113955  1.00000000000000000
  0.03100736608311051  0.03621041071468342  0.04176113679994870  0.04859866285280332
  0.05760325102099909  0.06888554930532395  0.08046757370564991  0.09330610549286111
  0.10629901371097888  0.11934229182009122  0.13214834889670427  0.14356146067916145
  0.15421248090226095  0.16524806476374421  0.17500565383774344  0.18379215216697575
  0.19318223683649202  0.20174455110919612  0.21077456838928266  0.21989513084689272
  0.22907806298941613  0.23818632970963804  0.24760937935817720  0.25930475040300821
  0.27391216654588990  0.28898092405032499  0.30261893873842166  0.31656168603991819
  0.32967797802737214  0.34105637375649167  0.35091236071797499  0.36097341678612060
  0.37218512307447521  0.38022666200491240  0.38769139535124314  0.39607679707809107
  0.40351240893603135  0.41054829942632332  0.41715355629312684  0.42363951150566265
  0.43057263866842016  0.43827618698044007  0.44756160698168912  0.45756569196337094
  0.46882152577399683  0.48035445374209673  0.49087424501597116  0.50167227578014673
  0.51321805503719042  0.52398326985961918  0.53349145098051376  0.54215717343821646
  0.55094273982310460  0.55983673882357810  0.56753201729264802  0.57495210205723746
  0.58263067647106093  0.59017092325046028  0.59777157626726740  0.60515351088534031
  0.61227424519056095  0.61971205515990113  0.62794932111817137  0.63681142899173393
  0.64518178485574440  0.65406370887599707  0.66315488474159656  0.67186073329181739
  0.68074071703407224  0.69069979998165709  0.70143037029168087  0.71197507597668186
  0.72183402555431420  0.73134013625361527  0.74137901467023282  0.75209445149957044
  0.76371988480171249  0.77828941448095845  0.79341572865255494  0.80753900578874616
  0.82036325908634733  0.83248821092528791  0.84451695390050252  0.85593432360885802
  0.86933277776366180  0.87862503290933791  0.88600220260069640  0.89338240172319194
  0.90099409156177612  0.90864830888492076  0.91605944649989002  0.92411984650959988
  0.93384229664833152  0.95048872468317969  0.97276869075921546  1.00000000000000000
 -0.00002203127173783  0.00030906872127757  0.00096792353229725  0.00186125822221592
  0.00326236811651248  0.00524763386073744  0.00779048393046429  0.01052723980520566
  0.01414833103540123  0.01826213690074443  0.02297425141666391  0.02768635038816394
  0.03278775838784524  0.03838313175751547  0.04436387170811772  0.05066730986793496
  0.05793124524849114  0.06717040076290819  0.07883912091321550  0.08725112556455454
  0.09487038510481491  0.10239664573696804  0.11010536988568193  0.11895887610170858
  0.12907088901977012  0.13841014362063087  0.14750766554438674  0.15813680278350814
  0.17022028530478292  0.18226259146885945  0.19764599558219650  0.20937552489826070
  0.22113988609952306  0.23316215092535503  0.24572510163270106  0.25906952434090103
  0.27156952003964580  0.28568339187001207  0.30060611433400808  0.31598136116585651
  0.33270957422522718  0.34903989680872538  0.36507138782276688  0.38109559941570648
  0.39796791649322605  0.41546734070072983  0.43285606101282681  0.45022824336933909
  0.46651877209534759  0.48056753698561111  0.49234539922079917  0.50447913120598553
  0.51741770627370220  0.52993942322662935  0.54195832144598877  0.55334345636196336
  0.56522232063193922  0.57697545331687905  0.59094855968410842  0.60496636517790359
  0.61789985276858772  0.63037550978278278  0.64225910721150625  0.65441908762903545
  0.66851675208562389  0.68543418347009200  0.70341696033365309  0.72055185594080084
  0.73559232905765792  0.74873418106253875  0.76134480655463721  0.77363528508715051
  0.78510927636515870  0.79627578387041320  0.80669217822725847  0.81697783840776295
  0.82663892315790377  0.83602841033216990  0.84558236335065085  0.85551424307475377
  0.86594185182346228  0.87701811680609809  0.88782363371703388  0.89737463835774711
  0.90624230171724285  0.91475953732207560  0.92318141512452523  0.93233123896809467
  0.94071598208615970  0.94871239117750028  0.95642294594522803  0.96420170880221157
  0.97261841799187454  0.98152537732139988  0.99075301054364373  1.00000000000000000
 -0.00194757386312903  0.00798293570534222  0.01576631662052225  0.02379658553913340
  0.03175969499782681  0.03993428303540421  0.05159778622284912  0.06521437659093335
  0.07834832950847906  0.09360995721826632  0.10704121272684469  0.11957403435730643
  0.12943961032473303  0.13812981861551615  0.14649610286956294  0.15380193791673905
  0.16214815951125208  0.17072538865512291  0.17886599961771071  0.18677117942110544
  0.19477756556055856  0.20278836741015566  0.21270645635679430  0.22661216513423310
  0.23832287259385440  0.24980964186665727  0.26277394983291041  0.27752451185634114
  0.29460780474720338  0.31413490495768576  0.33255258909721530  0.34810733878229011
  0.36069650885881521  0.37093226954846148  0.38190703437833073  0.39558090008675473
  0.40552791196823301  0.41676763286841867  0.42958788645406004  0.44254260606040313
  0.45426582949267624  0.46627800247799295  0.47882682779376329  0.48957117417968776
  0.49995343866595493  0.51118608503231433  0.52281118374055668  0.53300665364306932
  0.54289747941938282  0.55371928222265643  0.56519421000203052  0.57889492981964619
  0.58923224897773085  0.59751867292851513  0.60603945407216442  0.61529887747712630
  0.62456580560919361  0.63359707913559338  0.64178817924630072  0.64886634514238983
  0.66089614510811467  0.67056665727160825  0.67848298446300770  0.68710677523634234
  0.69668737516085599  0.70678828430674068  0.71695887383866119  0.72778811725580062
  0.73620631479359810  0.74429157998108253  0.75221172643541356  0.75966066551356770
  0.76708839071557322  0.77479872399395633  0.78264681392363655  0.79034003811832754
  0.80203796442759967  0.81217766160461036  0.82518748550765120  0.83495629727804044
  0.84130899153474958  0.84851618853342003  0.85595158262889171  0.86355268818630770
  0.87142740816171815  0.87958747804663329  0.88696478889519759  0.89503666868401022
  0.90778558083080407  0.92414891800847421  0.93985008371325862  0.95262336389224289
  0.96546743555545189  0.97785830699622456  0.98943826775857024  1.00000000000000000
 -0.00382335150470708  0.01356898756690439  0.02617260509869390  0.03855233255399064
  0.05196765358903225  0.06449584345023847  0.07468765676236774  0.08478378357932577
  0.09594906340583799  0.10891846856813892  0.12338756458493085  0.13926984217158225
  0.15568856365107131  0.16992045733004946  0.18161560612268768  0.19286882201738756
  0.20433894882272591  0.21690966811371437  0.23020891553351891  0.24356933865735497
  0.25620490037844390  0.26797620597297411  0.27991564435326244  0.29193595712861176
  0.30408881755313100  0.31594224835000845  0.32657235068089868  0.33551117379112333
  0.34309742939136112  0.35117391887936134  0.36012294911005327  0.36992822368946465
  0.37957680520566572  0.38892166845421144  0.39882986573375923  0.40902368994385035
  0.41786620621766357  0.42473268341283388  0.43145820961930148  0.43918815211381707
  0.44741012751208503  0.45589006272379878  0.46303660777734723  0.46985056086926191
  0.47632132526297050  0.48296133700364519  0.49055021433077095  0.49840040611052039
  0.50620880471867125  0.51365289993911467  0.52147192733858894  0.53144814731454304
  0.54406093166140956  0.55757165958256794  0.57100713672638659  0.58211900233864489
  0.58994964022490903  0.59726501014305977  0.60547443620077723  0.61328096975588819
  0.62094884104689951  0.62885890902456254  0.63775310716714351  0.64641824689174598
  0.65727751030941906  0.66952780559918845  0.68114694177483892  0.69236588992553783
  0.70330497136261383  0.71525700369758616  0.72871191675153857  0.74221323033215914
  0.75705650612284259  0.77476549772240400  0.79145955766494491  0.80779066778982123
  0.82385480265529731  0.83829212609367310  0.84980477493351614  0.85999422768940692
  0.86967714249830907  0.87965626927147922  0.89013950131627650  0.90040909884860287
  0.90768094315587700  0.91424721153413480  0.92095888316912022  0.92816905040785136
  0.93582669314244815  0.94349615654919161  0.95092073740658678  0.95719949907013857
  0.96640406067557438  0.97686920041725733  0.98817303963066117  1.00000000000000000
 -0.00310372411198067  0.00942913784377577  0.02214090166474771  0.03596404668190881
  0.05124475046486697  0.06583808435034492  0.07784916591895577  0.08866628604947289
  0.10001847298024505  0.11197217857340987  0.12253330556950723  0.13287424955240515
  0.14399244558708874  0.15620288091819334  0.16920166374383647  0.18021526284464351
  0.19097132687940094  0.19928307286148600  0.20756635139996885  0.21593794874355557
  0.22317002777141270  0.23223120254417487  0.24182854053121736  0.25160321783776757
  0.26365930567805790  0.27555973150755991  0.28731091232993400  0.29924930211868256
  0.31083841762218301  0.32326762558803968  0.33406864895891480  0.34116271021360950
  0.34714697014021118  0.35367274076986249  0.36113248795954089  0.36879284460784278
  0.37621153701116217  0.38341614488653625  0.38951101255972392  0.39546358265675619
  0.40353289427004918  0.41199449124082088  0.42024727574775611  0.42815023679502573
  0.43621141154096105  0.44777489141647975  0.46171027667444092  0.46924913781793387
  0.47796312787544937  0.48688578212609018  0.49596289928792908  0.50487579972994157
  0.51378927585237733  0.52388737280522835  0.53540308547796045  0.54584038547951175
  0.55647494425507871  0.56620668141968267  0.57574384257635458  0.58562785282960816
  0.59488441929261038  0.60430113659953688  0.61479146199382895  0.62684646500101160
  0.63888945390915941  0.64912411615296151  0.65803313256746865  0.66630039049422396
  0.67388561910251044  0.68121895133952426  0.68952838269680861  0.69889042106571964
  0.70819507539282356  0.71796926699492758  0.72677246299808473  0.73788429613519169
  0.74968307340598006  0.76180052596084680  0.77342333094775761  0.78566863340779181
  0.79927988264850958  0.81345010354715885  0.82736725918551313  0.84508514720736061
  0.86032807863813154  0.87510785653591494  0.88776383466308062  0.89915823768134995
  0.91127934572814984  0.92425836868341371  0.93842360398210434  0.95192891621036424
  0.96310985088083012  0.97444762790440853  0.98524049307811590  1.00000000000000000
 -0.00236724621194547  0.01164695063937023  0.02212221346164309  0.03283447837375962
  0.04620143965238849  0.06242619419889942  0.07802328726591619  0.09292250154735344
  0.10695248536437683  0.12103262808886789  0.13219530747097166  0.14209800153997471
  0.15295791116474053  0.16353607237786769  0.17471371797978580  0.18509923168614384
  0.19847668497403931  0.21279111755777919  0.22555830734545598  0.23510749989917032
  0.24187144879112349  0.24938945787669944  0.25802294908079376  0.26707856235494498
  0.27527369579929173  0.28285860845048444  0.29044160212254128  0.30125977263919762
  0.31242374081884627  0.32272385986804214  0.33191234404179271  0.34222821159558159
  0.35342410896754128  0.36468286592966509  0.37626784095821969  0.38743325879584334
  0.39751236582075661  0.40797091353506110  0.41948433174173311  0.43269162002641764
  0.44431305426896250  0.45335234085431547  0.46187834681616557  0.47043757650379886
  0.47941997642581835  0.48891029142678594  0.49800518784766518  0.50621435416620286
  0.51401069074053618  0.52089560543452929  0.52831110486035748  0.53569737408719842
  0.54440986155709070  0.55232590295907480  0.56008281562080375  0.56894279960639371
  0.58151866796436968  0.59446228383451805  0.60491503493325760  0.61154581865216673
  0.61799216074299057  0.62520233439617268  0.63312462316577145  0.64108103487880830
  0.64900604728381017  0.65644740808772051  0.66334724451063320  0.67169332830005246
  0.68359380816855264  0.69512652912295181  0.70657487513076966  0.71856605802383877
  0.73120531551298995  0.74357024651334502  0.75654944945645441  0.77007479259856915
  0.78242347877266560  0.79435631784411365  0.80712142874065462  0.82029697137290869
  0.83233109184579002  0.84172715752883975  0.85018800236644987  0.85889942018528198
  0.86730375180820474  0.87599555139871432  0.88507136262158426  0.89566570577474769
  0.90993024422474911  0.92512252184595600  0.93991695511072215  0.95377563904037177
  0.96696291949878166  0.97802803118054382  0.98968343518708091  1.00000000000000000
 -0.00235871376215125  0.00911484073304423  0.01920168378764643  0.02868681175836425
  0.03876605460946313  0.04976188496580544  0.06156406520577260  0.07276234021323934
  0.08400912317278049  0.09580465971682020  0.10707024755865079  0.11776595882811870
  0.12827659520092624  0.13914296020039665  0.14843187045871684  0.15513195867382315
  0.16335670739174329  0.17177602414433091  0.17974809390262445  0.18772687625974485
  0.19657274222570958  0.20644164589119698  0.21977286539724025  0.23100776766986444
  0.23891523586231159  0.24663295908130090  0.25362199772059291  0.25963606303312059
  0.26561075245441557  0.27333750475817170  0.28081884248313155  0.28776897866466677
  0.29560050400202831  0.30447214138351214  0.31423280486980149  0.32923740530140932
  0.34230615457426206  0.35315761477581048  0.36295311592617324  0.37358143695701290
  0.38568634090056947  0.39838669781070485  0.41144706123365321  0.42407852531317497
  0.43619175319933984  0.44785584087356978  0.45857656177256123  0.46979509531029823
  0.48249110064781409  0.49657647990400955  0.51113758141357668  0.52390467081952374
  0.53291844674676103  0.54217975222930259  0.55314390666143354  0.56292200113213786
  0.57195285060676693  0.58175797087208692  0.59357791388257464  0.60708803824394542
  0.61951317292691654  0.63178065330883293  0.64509988611751190  0.65861114132216303
  0.66870631709847705  0.67377750350891430  0.67933899416242582  0.68516595950823489
  0.69099681173263861  0.69678056863176085  0.70262709387447797  0.70890578325663289
  0.71513066906964773  0.72142354401108899  0.72855704567297253  0.74156743824396731
  0.75914463769656948  0.77302847017449872  0.78376818369867396  0.79342047766099022
  0.80331861359794876  0.81380972487276326  0.82486050418921997  0.83638599884870579
  0.84834140687940551  0.85953766819268651  0.87086493917413821  0.88183418119897061
  0.89272065916367693  0.90537594059566429  0.91918884397168243  0.93439094573417891
  0.95006515451103957  0.96669887339278793  0.98380968783595790  1.00000000000000000
 -0.00822915597814199  0.18042993941521443  0.25472805452981567  0.29762231673717110
  0.33884063692868976  0.37625260339428673  0.40900900588163269  0.44129234675172624
  0.46276171428026902  0.47881052317976192  0.49364165876624733  0.51117660992931835
  0.52528040460205239  0.53724249238339394  0.54698694621761557  0.55645781382267656
  0.56499561838520440  0.57403176169947800  0.58285180505807266  0.59147671767859666
  0.60014187271602715  0.60819166711268180  0.61473765278586701  0.62111919371166791
  0.62634485815291696  0.62966743176887985  0.63370545287011926  0.63810495472251871
  0.64263793774942590  0.64706211926941914  0.65120597840329242  0.65500918521007478
  0.65873317815627397  0.66267694839904423  0.66633050939756400  0.66947362522566289
  0.67215743003024853  0.67491651373171357  0.67780634821744534  0.68078826365503675
  0.68427570549306826  0.68775266131751633  0.69153570850891222  0.69543088045053114
  0.69919337353929789  0.70271561716363962  0.70609613142838212  0.70942889138265841
  0.71268657246080436  0.71582955385145397  0.71905199717320711  0.72261877806538555
  0.72625012060749672  0.72988484057566649  0.73369598503520883  0.73751416562625793
  0.74126140377719574  0.74508503275497950  0.74877435031223183  0.75253631273500621
  0.75635331992432253  0.76014114777934927  0.76393755893785731  0.76781637328855901
  0.77160639690601440  0.77546584043798950  0.77907620850959336  0.78287798623942406
  0.78677379259498781  0.79097372878189320  0.79587997159536128  0.80012074868932570
  0.80396085330387390  0.80769632053589568  0.81149251012922652  0.81625386119683829
  0.82164133186368504  0.82683229667641678  0.83158644424693184  0.83615972359254609
  0.84069666104737040  0.84507783969134109  0.84967564911846327  0.85514086898012731
  0.86114227952069056  0.86734310419276117  0.87399669722780249  0.88177604447114988
  0.89014616778808064  0.89934352611174406  0.91015470325217795  0.92137748750857418
  0.93311612395103583  0.94783629251925194  0.96616958958019683  1.00000000000000000
 -0.01967086546427513  0.10506379759070072  0.14082596526097407  0.16208345346451966
  0.17619101595621414  0.18833068337547010  0.19872806504979723  0.20798462878885418
  0.21700527352802632  0.22626013332063105  0.23788098609273683  0.24869285082700637
  0.25980960879840709  0.27045549059565166  0.28099728407610225  0.29191302553725135
  0.30336306652823852  0.31407397933133341  0.32284826344159034  0.33032705622920916
  0.33642813819368939  0.34179347464970755  0.34743609302772704  0.35318871400875895
  0.35898748657639140  0.36467238520681983  0.37002108297658248  0.37550081034688398
  0.38123567620372567  0.38705861400655245  0.39286819749831564  0.39954954277306426
  0.40787810990275530  0.41705818374040210  0.42491898121013594  0.43305728281961275
  0.44120371212255299  0.44920624380584334  0.45668259301507746  0.46203107024557999
  0.46657584906472166  0.47133348691361704  0.47608913479451209  0.48081264301212939
  0.48548053312834355  0.49022378477930878  0.49516139632423550  0.50010789618152895
  0.50482971796065612  0.50934648795708659  0.51359753055552904  0.51742237505242239
  0.52153960428407931  0.52551182061136181  0.52963685424726548  0.53411983931015272
  0.53840051576966352  0.54260744232115399  0.54668423009783540  0.55074573713662922
  0.55495203542099425  0.55936737855186380  0.56390326861021567  0.56859783944383135
  0.57336294507896968  0.57789716371707744  0.58253415569696820  0.58748255617747425
  0.59498432927136569  0.60216269449346393  0.61015017698809138  0.61907944737937137
  0.62844015510417117  0.63768611580546630  0.64651994214152464  0.65483655885448888
  0.66296706090522561  0.67064286837611797  0.67859504063462073  0.68680684960005933
  0.69503788308344794  0.70363329519870277  0.71295322065597266  0.72254259464434822
  0.73178201292118761  0.74069158687864534  0.75087449743068413  0.76355358137442197
  0.77860197169554324  0.79439984719297463  0.81179161247822540  0.82632019146103741
  0.84214280816538190  0.86135384920094804  0.89508661557933566  1.00000000000000000
   1.6539212525995744E-013  -1.0000000000000000     
 T T T T T F F T T F F T T T T T T T T T F F F F F F F F T T T T T T T T F F F F F F F F T T T T T T T T T F F T T T T T T T T T T T T T T F F T T F F T T T T T T T T T F F F F F F F F T T T T T T T T F F F F F F F F T T T T T T T T T F F T T T T T T T T T
  <DiscreteSampler_grid>
  grouped_processes
  1 # 1 for a reference and 2 for a running grid.
  10 # Attribute 'min_bin_probing_points' of the grid.
  1 # Attribute 'grid_mode' of the grid. 1=='default',2=='initialization'
  0.0000000000000000 # Attribute 'small_contrib_threshold' of the grid.
  0.5000000000000000 # Attribute 'damping_power' of the grid.
 # binID   n_entries weight   weight_sqr   abs_weight
    10   10   1.683111098488304E-003   6.616846641854261E-006   1.683111098488304E-003
    11   10   1.683111098488305E-003   6.616846641854268E-006   1.683111098488305E-003
  </DiscreteSampler_grid>
