  0.00000009310621515  0.00000009636954451  0.00000010052143147  0.00000010531929655
  0.00000010942876010  0.00000011388699770  0.00000011833938401  0.00000012299614265
  0.00000012792241919  0.00000013314380783  0.00000013870811543  0.00000014525680202
  0.00000015210360665  0.00000015928241857  0.00000016687672422  0.00000017469687950
  0.00000018197810904  0.00000018924793970  0.00000019659153617  0.00000020405294633
  0.00000021182058975  0.00000022008711204  0.00000022864977812  0.00000023786985242
  0.00000024939482037  0.00000026220794161  0.00000027555828776  0.00000028953274923
  0.00000030480270306  0.00000032089386774  0.00000033633669561  0.00000035220527547
  0.00000037398998217  0.00000039500389231  0.00000041595243346  0.00000043797429993
  0.00000046264739330  0.00000048927773912  0.00000052134669665  0.00000055885664785
  0.00000059481343601  0.00000063386055208  0.00000067796842764  0.00000072773089696
  0.00000078366256136  0.00000084547983168  0.00000090504115405  0.00000095013882168
  0.00000100072667448  0.00000105009319935  0.00000109906132456  0.00000115391400945
  0.00000121786009909  0.00000128595907917  0.00000135537376503  0.00000142824042284
  0.00000150173309986  0.00000158077053234  0.00000173811805234  0.00000191442068981
  0.00000209955422499  0.00000229063442189  0.00000249335411817  0.00000272747176367
  0.00000299623508987  0.00000327006163022  0.00000353122671645  0.00000380731489038
  0.00000415557427068  0.00000461490144936  0.00000515618156118  0.00000578730368799
  0.00000654182702560  0.00000753408989329  0.00000870489803779  0.00001003271547032
  0.00001157100621404  0.00001349932775998  0.00001631298628408  0.00002035405494436
  0.00002540656325371  0.00003147500460901  0.00003834185848810  0.00004699259449006
  0.00005747918142720  0.00007077731487576  0.00008992342286435  0.00011124664987651
  0.00012907179089858  0.00014871274853305  0.00020173005998208  0.00030936582158542
  0.00082161351094510  0.00205076142802992  0.00317783278958452  1.00000000000000000
 -0.00539249756110253  0.03144800747543911  0.05275824969915702  0.06852701140682797
  0.08144981421837397  0.09406181254645503  0.10691098595852340  0.12015110574734017
  0.13223500195222301  0.14282813033764394  0.15249271620786423  0.16253870761591979
  0.17240029863739900  0.18210273968047352  0.19157295453201303  0.20134194006284570
  0.21181388771881068  0.22287867661953065  0.23522769556887341  0.24813291088832096
  0.25999204872348097  0.27050742642670200  0.28071381852900101  0.29161874315157532
  0.30388626358407406  0.31598467758341953  0.32671893300706240  0.33681093240091858
  0.34690778807308303  0.35649937805161758  0.36564730001733664  0.37563220707664169
  0.38684582483252261  0.39793433293129721  0.40849782913508476  0.41960610168747736
  0.42928971558795476  0.43895489112761321  0.44823398157330990  0.45716054737167422
  0.46552705909561348  0.47482155626060923  0.48441453263190615  0.49543288844518268
  0.50653899106386846  0.51684874386021773  0.52689254615518188  0.53688318996320883
  0.54715608464755228  0.55788388950503676  0.56836041442997753  0.57729160636327514
  0.58556883251012060  0.59423850503600595  0.60361168922732922  0.61326272322816855
  0.62237753465826251  0.63114559357191380  0.64008794198287045  0.65016201376809180
  0.66091098384962310  0.67210728463456992  0.68289397151414843  0.69408865924447305
  0.70499923915812268  0.71513889297936017  0.72519847172985119  0.73614465883846036
  0.74885814964722264  0.76175767885267576  0.77376299349639088  0.78601191104366275
  0.79782767883996608  0.80799234701217149  0.81754083354270091  0.82675891366224652
  0.83652350311903367  0.84755120927911043  0.85997385481784228  0.87201619550460319
  0.88251860877797383  0.89312821856103475  0.90266980977179034  0.91198839303200785
  0.92101732040156126  0.92992008589575414  0.93963947478076804  0.94797117377361950
  0.95680483821604922  0.96501767364538571  0.97236851189737539  0.97892679170673558
  0.98534028777735416  0.99081008048190722  0.99553943846087956  1.00000000000000000
 -0.00000000008288903  0.00000006061609258  0.00000008308465185  0.00000010041556995
  0.00000012277973798  0.00000015232433578  0.00000018812121670  0.00000023382941248
  0.00000028767526520  0.00000034294873498  0.00000040170146019  0.00000046774953340
  0.00000054710657562  0.00000064335411900  0.00000075962803552  0.00000089898159630
  0.00000105299441721  0.00000121806170966  0.00000140655142853  0.00000162450917523
  0.00000187586334918  0.00000215251276513  0.00000246645520978  0.00000280283630652
  0.00000315357318859  0.00000352446493231  0.00000394993391649  0.00000442703920968
  0.00000498631329059  0.00000564791415147  0.00000640199119743  0.00000717993761500
  0.00000788022249928  0.00000855473150681  0.00000925744230426  0.00000998113974377
  0.00001080951463594  0.00001175113946314  0.00001263448063608  0.00001427039213683
  0.00001567824476745  0.00001711618641256  0.00001855282316643  0.00002015995028729
  0.00002199944925608  0.00002397268772254  0.00002603295865278  0.00002793490945622
  0.00002992207591743  0.00003206966149282  0.00003447560495542  0.00003722145450330
  0.00004031229832754  0.00004366067621578  0.00004710454597868  0.00005114574209853
  0.00005570723627444  0.00006050054461313  0.00006570470862914  0.00007072621100160
  0.00007631533477883  0.00008257581149119  0.00008895458776749  0.00009558715368033
  0.00010227625551992  0.00010862873819187  0.00011538842995846  0.00012326631149494
  0.00013236184499264  0.00014204991721078  0.00015128588587702  0.00015988373404917
  0.00016862908909101  0.00017791151987931  0.00018738144125840  0.00019707977865407
  0.00020762107222861  0.00022042463573272  0.00023508504434142  0.00025095554878128
  0.00027151950465009  0.00029093790434668  0.00030452992274994  0.00031678890497080
  0.00033708050851890  0.00036094292781656  0.00038054165329267  0.00039232031483862
  0.00040660979696508  0.00042255112223760  0.00044458156060923  0.00047182512977391
  0.00050632852362182  0.00055015304649607  0.01234683987617429  1.00000000000000000
 -0.00314079409153179  0.01576651691949115  0.03090439158766013  0.04575728280697542
  0.05852570928959804  0.07032894914884763  0.08250382611911265  0.09367473257774568
  0.10579838612303753  0.11632740833492526  0.12688223665897322  0.13771878089629172
  0.14725704040690069  0.15801851332573877  0.16907317166232907  0.18094495608252714
  0.19274097152714920  0.20459646513334345  0.21655404177487853  0.22888439041249578
  0.24094472985568594  0.25204725693633195  0.26295956507093343  0.27349908468904949
  0.28425261342427327  0.29389547135013566  0.30322468432668254  0.31339502290218824
  0.32407575768554947  0.33370463621252694  0.34215509662048732  0.35009911138937477
  0.35850277639692596  0.36780655780320526  0.37760982244977259  0.38724931057409340
  0.39781898471460880  0.40959885679599084  0.42198615418021562  0.43340163488197775
  0.44178921954458006  0.44883282702631427  0.45715542383105379  0.46512723225953356
  0.47210392578987603  0.47888758122129244  0.48553924558559730  0.49201215067314175
  0.49841247850296305  0.50623687351743774  0.51485699817720232  0.52320766965236376
  0.53224519283092797  0.54094760605370773  0.54981168085966603  0.55849137269344673
  0.56686777297653124  0.57544415918197478  0.58406985602560091  0.59179107813947018
  0.59929775542524921  0.60693985286932561  0.61483864038660785  0.62312149834103669
  0.63212871426459372  0.64069744418668018  0.64849132269885545  0.65653963777161906
  0.66499282438926721  0.67554503489339990  0.68552525900340378  0.69476406854586448
  0.70281418264657103  0.71113428293928271  0.71976262573701111  0.72969205048231023
  0.74127339256810476  0.75368022714651373  0.76611831029174304  0.77852384383423068
  0.79097121295496109  0.80299613798771952  0.81498116437585377  0.82734049416648825
  0.83999719057599731  0.85263047413919268  0.86737664252913338  0.88136859358737607
  0.89448689115640057  0.90677923612615774  0.91962835254419673  0.93430146707857098
  0.94825187995714921  0.96311518204047841  0.98030117435679986  1.00000000000000000
 -0.00275202144169229  0.01103837960746264  0.02223266732547068  0.03208413099653986
  0.04180615603134320  0.05163447802314634  0.06223740183614399  0.07365819053472257
  0.08600256348915003  0.09751874257966872  0.10794491307448251  0.11806977406211756
  0.12856283707422955  0.14017771556051614  0.15358051440196824  0.16626062345926715
  0.17755426743032518  0.18692085287736737  0.19374718443894362  0.20029203375878141
  0.20708572805036543  0.21397697396537849  0.22126868172122521  0.22915009912875156
  0.23674478657743941  0.24424877426689104  0.25356969393443202  0.26478626895163815
  0.27588024865546751  0.28621733765637147  0.29633434437322320  0.30657714402624653
  0.31724687940523161  0.32875853325162185  0.33939507884329517  0.34887589656122592
  0.35721873096667955  0.36398929816965653  0.37085039647721740  0.37797756780623648
  0.38655476026059560  0.39528014255096167  0.40364919525526599  0.41285833413302719
  0.42271626928130979  0.43348150238593891  0.44424859225979663  0.45490910178250127
  0.46563821320183535  0.47625248746367549  0.48701002748324412  0.49751130366672403
  0.50718003495670194  0.51709562612332194  0.52832300790347086  0.54089491956557600
  0.55432672724011334  0.56730305630116917  0.57944137470182733  0.59242993794988941
  0.60627805065166174  0.61970786987468662  0.63118204395954336  0.64131982594963577
  0.65133382422508335  0.66173711402769519  0.67182723027825064  0.68107382576498843
  0.68959595240263949  0.69816079119241248  0.70745056908479631  0.71796291988815231
  0.72832726532089520  0.73966501026115739  0.75094495280509521  0.76167207839176831
  0.77242597986906802  0.78400967883129735  0.79612672976670074  0.80786402853220762
  0.81934449130249964  0.83068736614662131  0.84203555867692736  0.85423338644222657
  0.86707995678105232  0.87931973191638102  0.89130467828703142  0.90427360589860273
  0.91762390789139825  0.92969778560638738  0.94115631160154312  0.95274156983878444
  0.96449703618849525  0.97615451805304365  0.98798878044417737  1.00000000000000000
 -0.00300407759773278  0.01119730348520792  0.02273563254309188  0.03295611629728266
  0.04239437338170814  0.05089737330554178  0.05916358326441991  0.06782345852169648
  0.07696794311484402  0.08696797202380316  0.09783974952476245  0.10857951923630085
  0.11968377028467880  0.13045367073585989  0.14118703107775046  0.15236354784350867
  0.16284621108161929  0.17364390783788708  0.18467320112254246  0.19656566977172107
  0.20868910888125186  0.22135400957855714  0.23266380568229708  0.24502918986753888
  0.25358624860475287  0.26153587914981985  0.27018398969739477  0.27923775473530160
  0.28800981973902623  0.29598726032217276  0.30386584191932953  0.31323420102163041
  0.32576567153469727  0.33871623915390542  0.35083773001590024  0.36363463123052214
  0.37642520721092654  0.38981305587189052  0.40301605811710250  0.41712707031849133
  0.43179107199261613  0.44633162805814464  0.45944407465479176  0.47097733227532002
  0.48116826935386164  0.49070018078412747  0.50070418955947615  0.51168596875276040
  0.52385409431634899  0.53623106133396781  0.54681400419202486  0.55624961776016624
  0.56571226323938539  0.57618620778580310  0.58674459602581563  0.59718846974436124
  0.60733019443568725  0.61788564464782847  0.62972264361337504  0.64350270870221149
  0.65776628823705441  0.67166872425466739  0.68466574579038419  0.69606178305140598
  0.70666976765568401  0.71773717128481518  0.72887898948480412  0.74024049598437736
  0.75099383515481599  0.76129289911088383  0.77195399174958068  0.78344315907918438
  0.79507388505873811  0.80665476650781920  0.81788319143922783  0.82897192978601786
  0.84015837735588095  0.85156621530017917  0.86227761804979741  0.87228741359608952
  0.88117950125684996  0.88923035325530342  0.89705823280043173  0.90467680492381497
  0.91169946009177039  0.91937236866027450  0.92709426323801492  0.93529838981858882
  0.94382707118697140  0.95153691679282437  0.95911221196255103  0.96678868208177804
  0.97447499473292620  0.98321583216859798  0.99152486345864799  1.00000000000000000
 -0.00229913151857082  0.01007708468056925  0.01902404429560015  0.02682087844132582
  0.03472537768706074  0.04341586152408871  0.05521182386037785  0.06785449758334856
  0.08044911554629584  0.09266234561981057  0.10506316717082018  0.11673039251549418
  0.12908411559052552  0.14146887153670007  0.15397534567268489  0.16578158872594076
  0.17681956492651474  0.18862347772228563  0.20080332393046252  0.21167657933024153
  0.22169300386831359  0.23035966705230876  0.23764657528614905  0.24506411138256104
  0.25195243481605428  0.25888213123604620  0.26599144292117799  0.27383730469991940
  0.28187363348352829  0.28975899891435064  0.29893000323548691  0.30905769237706682
  0.31932184449892248  0.33029036587606220  0.34161344939721094  0.35200414098736516
  0.36150280991759920  0.37152339946429097  0.38285947501409551  0.39453019395199451
  0.40494706916142259  0.41485630974737614  0.42395215478116405  0.43419831251045565
  0.44561571216187695  0.45738737390622852  0.46864585053525415  0.47884058451180977
  0.48849777632644814  0.49819068140918327  0.50751966899326351  0.51645234499709058
  0.52541033061195996  0.53499413213006719  0.54643797682477369  0.56013196452955283
  0.57452144152252771  0.58784427683099039  0.59985224899799583  0.61059691288677931
  0.62009682304955893  0.62952731455242594  0.63860758753978553  0.64723641835457502
  0.65595104513080671  0.66459273141112718  0.67596575308458584  0.68762912594260073
  0.69713573357200376  0.70555557104466660  0.71436676633803387  0.72400881655063676
  0.73450735370190889  0.74464593809389845  0.75712427383359948  0.76930221064488591
  0.78042852495163151  0.79128671981167908  0.80256024940906356  0.81456920598114091
  0.82687103546862784  0.83936185269097063  0.85210019391449299  0.86416101311428961
  0.87514278630392617  0.88522570969683978  0.89490314323476661  0.90500949390850405
  0.91685506166044772  0.92960475259396824  0.94160957588101357  0.95343794709059548
  0.96438939978504101  0.97606429059247890  0.98740931351650685  1.00000000000000000
 -0.00267929274428658  0.00924110089270315  0.01926671843766932  0.02845364191829830
  0.03837849774718271  0.04995697188606080  0.06206704163827993  0.07319300354499848
  0.08408847424683924  0.09518449678692588  0.10676471766025060  0.11887565262999664
  0.13067194269032772  0.14236326918767958  0.15287302491688137  0.16350264655680255
  0.17367741746516704  0.18388800989725038  0.19498934975292967  0.20698474472360723
  0.21956190597764974  0.23220445945391044  0.24447570466971763  0.25480231672615000
  0.26169018495750918  0.26811515934002350  0.27451525941797716  0.28232824421531566
  0.29249335489116990  0.30304641922730036  0.31358662408018140  0.32677417355756039
  0.33961077539728168  0.35128829658457500  0.36171136843305590  0.37232032093290490
  0.38350676846695070  0.39629046326243844  0.40930895742494633  0.42152652531330786
  0.43346313340650122  0.44517481527491148  0.45679954849657534  0.46871448351352513
  0.48003192361731434  0.49139878420717359  0.50246222541021557  0.51473890407680145
  0.52419952383638535  0.53198677591279320  0.53995508413673055  0.54758743619461470
  0.55509186194045612  0.56255295997126775  0.56967329319347015  0.57697897973511203
  0.58482517632411990  0.59695672258715538  0.60793632068361070  0.61872430875675744
  0.62955732336538561  0.64003329701359613  0.65057368590747899  0.66054356318280516
  0.67016113789540754  0.67964959915071921  0.68944774029575073  0.70097029493053364
  0.71193658089657630  0.72376915216292093  0.73397099737390603  0.74206903270444391
  0.74959357006060501  0.75704816547856757  0.76570428706278004  0.77563906359103929
  0.78574958264130168  0.79636481860194386  0.80758053718104472  0.82012290840152391
  0.83346320340109636  0.84812625784596130  0.86247165911431478  0.87544139175349289
  0.88815271800966245  0.89999791709761967  0.91068910770428135  0.92028424212094462
  0.92943822077471661  0.93915024436375705  0.94920865524378117  0.95917542304530268
  0.96947775453572882  0.97884924657441352  0.98943433224588306  1.00000000000000000
 -0.00244428290308372  0.02679010195564326  0.09148303609722466  0.18618674992832546
  0.25687420900968994  0.30568302323626251  0.33849877510229204  0.36222135015357593
  0.37892398858655263  0.39143502723094420  0.40012656430506782  0.40684033561776728
  0.41243050558345323  0.41749122345692596  0.42253552239990511  0.42791091039433055
  0.43312036667365372  0.43831199887305711  0.44342688198508379  0.44837335552161889
  0.45351579512868717  0.45881182209757621  0.46415515317917144  0.46947571182779613
  0.47469452932433703  0.47973533078849478  0.48448720309712290  0.48912844031259717
  0.49331284975975725  0.49733567219534414  0.50125484026060996  0.50513915311322977
  0.50961595732551457  0.51459379641719505  0.51978669978740821  0.52493548206505281
  0.52998267859754411  0.53494476699526716  0.53990581678635763  0.54523589300112618
  0.55065869739455264  0.55554096823236809  0.56001022881335216  0.56446501275942851
  0.56893589775350406  0.57328001555933816  0.57769184276958885  0.58255045428870222
  0.58778571710570748  0.59251655570060713  0.59782156128973063  0.60308816078587213
  0.60834960319777720  0.61400432194848931  0.62007220432608445  0.62639786649033813
  0.63257151338812601  0.63824601822519067  0.64427908930319666  0.65095049872526389
  0.65768062172078878  0.66470445023496239  0.67171814946537867  0.67952891047512731
  0.68768970346122393  0.69582890660736263  0.70309370138338612  0.71055709417798352
  0.71809040505899924  0.72630388065769091  0.73485196309520051  0.74389962080964678
  0.75398214015657494  0.76407521431076564  0.77379428001999118  0.78294740144568464
  0.79197231419169711  0.80112637103808126  0.81047909377249983  0.82016877080229778
  0.82996618468408190  0.83925400636601699  0.84864276106446990  0.85806262131962652
  0.86771459406263973  0.87683026286326138  0.88557054287195658  0.89437153710867334
  0.90384612621145577  0.91385173397446096  0.92420954161058844  0.93491577353416999
  0.94648147382853187  0.95958890696231069  0.97681427771256069  1.00000000000000000
 -0.01538874697854405  0.10896369816914445  0.15323063025139158  0.17931233362936422
  0.19909687372657425  0.21708050178864260  0.23344317753466651  0.24847302926758980
  0.26383427125970571  0.28309285939044337  0.29942884506357303  0.31198811625750072
  0.32331521565022581  0.33322049948678439  0.34325701469952002  0.35390875185642123
  0.36490856509049840  0.37592576494571744  0.38657988041444047  0.39747418894058950
  0.40808464900691505  0.41777307446311096  0.42772085802738197  0.43738915424347863
  0.44700683149308340  0.45635565459640692  0.46512440334278177  0.47300674746786175
  0.48081630160448324  0.48902337786877825  0.49716675087578166  0.50568461304522705
  0.51339713026922895  0.52160464993527123  0.53091581849839387  0.53962384032716848
  0.54721805059085615  0.55429836582011605  0.56192226985208482  0.57002188723927871
  0.57770688837498030  0.58520206970697042  0.59285212905558349  0.60029979224329777
  0.60729101036244526  0.61394891485218761  0.62031663305741491  0.62650321296556721
  0.63286898911377931  0.63911582396792133  0.64508211327896725  0.65095098669858287
  0.65717847656627093  0.66375236213262256  0.66978645366453360  0.67553203007136009
  0.68166665567977947  0.68736026503480308  0.69266601140415907  0.69785924401387134
  0.70318569658586949  0.70893413477983891  0.71527422261521523  0.72093620104798806
  0.72646709728477765  0.73183920618068243  0.73751813692879897  0.74328805569407130
  0.74875030967385692  0.75480782180497907  0.76106340298316844  0.76796889063038609
  0.77555537389477702  0.78286802112848597  0.78965779354071652  0.79593654267911940
  0.80193346165112322  0.80911243120043630  0.81542329854289208  0.82027312858958135
  0.82496200747312443  0.82967862978882623  0.83452902551253538  0.83971971382450683
  0.84397636541777610  0.84835175747091751  0.85295839219000902  0.85843416730987698
  0.86455824810974014  0.87089272531601059  0.87834332175719265  0.89019690726284029
  0.90250945388882908  0.91854447359382496  0.94334265221899316  1.00000000000000000
   3.1847343875202253E-008  -1.0000000000000000     
 T T T T T T T T T T T T T T T T T F F T F T T F F T T F T F F T T F F T F T T F F T F F T F F T T T T T T T T T T T T T T T T T T T T T T T T T T T T T T T T T T F F T F T T F F T T F T F F T T F F T F T T F F T F F T F F T T T T T T T T T T T T T T T T T
  <DiscreteSampler_grid>
  grouped_processes
  1 # 1 for a reference and 2 for a running grid.
  10 # Attribute 'min_bin_probing_points' of the grid.
  1 # Attribute 'grid_mode' of the grid. 1=='default',2=='initialization'
  0.0000000000000000 # Attribute 'small_contrib_threshold' of the grid.
  0.5000000000000000 # Attribute 'damping_power' of the grid.
 # binID   n_entries weight   weight_sqr   abs_weight
    10   10   7.267616891374089E-001   4.667103726808298E+000   7.267616891374089E-001
    11   10   7.267616891374084E-001   4.667103726808287E+000   7.267616891374084E-001
    16   10   7.267616891374087E-001   4.667103726808294E+000   7.267616891374087E-001
    17   10   7.267616891374080E-001   4.667103726808283E+000   7.267616891374080E-001
    22   10   7.267616891366766E-001   4.667103726807704E+000   7.267616891366766E-001
    23   10   7.267616891374082E-001   4.667103726808286E+000   7.267616891374082E-001
    28   10   7.267616891366764E-001   4.667103726807701E+000   7.267616891366764E-001
    29   10   7.267616891366757E-001   4.667103726807689E+000   7.267616891366757E-001
  </DiscreteSampler_grid>
