  0.00191697010932511  0.00194594534166818  0.00198543052147104  0.00202379407529847
  0.00206430794430375  0.00210723008351616  0.00215108426716128  0.00219501602959440
  0.00223994652976518  0.00228727235506375  0.00233651655048911  0.00238617555361277
  0.00243654991160044  0.00248849086064838  0.00254145347849501  0.00259577769258114
  0.00265214768608464  0.00271086819782154  0.00277251456879304  0.00283554577716799
  0.00289838360482756  0.00296096681951660  0.00302654989275245  0.00309506326908135
  0.00316509144563791  0.00323946694736947  0.00331836758754458  0.00339985806274563
  0.00348457440060408  0.00357175631480248  0.00366195951311747  0.00375787970675078
  0.00385819566205263  0.00396116295661199  0.00406586101202542  0.00417209896114551
  0.00427818266172236  0.00438669976079104  0.00449698271921439  0.00460771466224461
  0.00473215921657014  0.00485897996849707  0.00499425371485016  0.00513691798472458
  0.00528635660992615  0.00544051839299463  0.00560143800669776  0.00576705786640711
  0.00593900257171289  0.00612139148176050  0.00631571836091106  0.00652227329088811
  0.00673546911296185  0.00695592037860727  0.00718843779819908  0.00742576278998990
  0.00767372977016563  0.00792909291135804  0.00819668745003781  0.00847950721273688
  0.00877040787201811  0.00908448209458393  0.00942755024385234  0.00979016932971793
  0.01018157123216606  0.01059851597730139  0.01103992342879949  0.01150303254186537
  0.01200432746600234  0.01254762005703095  0.01312168925602904  0.01374954311014324
  0.01445076142387817  0.01520159104896168  0.01599905046588085  0.01684168589890518
  0.01775385033204252  0.01875984079078371  0.01986205671706538  0.02104334379974364
  0.02233712322547303  0.02380294586403758  0.02547550387922013  0.02739971363889349
  0.02962778487619375  0.03220736589954876  0.03527871138503885  0.03900913941267897
  0.04350320260750801  0.04896674544250128  0.05612031542549918  0.06614214282819392
  0.08072839024026579  0.10616825182215955  0.18222093057827343  1.00000000000000000
  0.00492517416434724  0.00569348656389986  0.00642195843914013  0.00713657110589125
  0.00786282103485888  0.00863326963794662  0.00944630363510970  0.01030244524506460
  0.01120433136632383  0.01217278700524243  0.01318750618164725  0.01420117305385142
  0.01523409888958987  0.01627384361857135  0.01738623780184535  0.01857678975766760
  0.01982878430322841  0.02108345684392400  0.02235397801150445  0.02367654767116912
  0.02507739558305025  0.02655643583746954  0.02806697855652919  0.02964227551146334
  0.03128334799850581  0.03297143047714989  0.03473265074184393  0.03660039377620099
  0.03855369795113608  0.04060979632566008  0.04275989703152993  0.04492541352119817
  0.04710754156756251  0.04936282227062051  0.05178018298183335  0.05430705073933503
  0.05689151964909243  0.05948342997715265  0.06206306437577418  0.06478385628752197
  0.06757203302138465  0.07044228214935129  0.07346749018929899  0.07673871460105458
  0.08020173610181304  0.08381324010012887  0.08768188324298720  0.09170274243519329
  0.09575262081790049  0.09979207973979766  0.10383575791463390  0.10803673203966255
  0.11249201133241418  0.11720808149424713  0.12224629703576209  0.12752410319294449
  0.13301846073645818  0.13872640422596832  0.14458023448496518  0.15065193949098638
  0.15658004678778562  0.16265977095627104  0.16906553769727536  0.17586110687200524
  0.18273673626929096  0.18972687929454585  0.19676850920083683  0.20407327620913451
  0.21184380495900390  0.22015585807142116  0.22898237848825273  0.23830736136768724
  0.24824234316266575  0.25872242232612863  0.26964517307479224  0.28123082716932413
  0.29326734441557667  0.30660745113950283  0.32103623568113099  0.33661590921704165
  0.35301857146064719  0.37037028264955396  0.38877482745502512  0.40817737573549390
  0.42895122072909242  0.45107971338798680  0.47460184777001629  0.50093553727625495
  0.53087133758673621  0.56464040192211862  0.60250118176336498  0.64515908445165326
  0.69429907210807140  0.75458711675757473  0.84692965963659028  1.00000000000000000
 -0.00262481179933784  0.00976380204572913  0.01979312554736701  0.03039507944810063
  0.04098252827057135  0.05208900268249769  0.06332551505026750  0.07419703031308199
  0.08463699110619875  0.09494918779798718  0.10518568304612069  0.11549341399417122
  0.12585323440109281  0.13626915561552705  0.14681158989892182  0.15728531690786637
  0.16769878328733548  0.17818302832432742  0.18876791551214628  0.19964169617872105
  0.21101850660760244  0.22189887718092444  0.23253015146698752  0.24310986501009627
  0.25408145381913311  0.26542685089554541  0.27622095216419618  0.28634188954244288
  0.29634854703699709  0.30614991935120001  0.31609144498793723  0.32580541163176907
  0.33595599609607962  0.34708835008156153  0.35830751218310836  0.36890107392010291
  0.37918846313953181  0.38966803740176198  0.40016991936461077  0.41073290770682053
  0.42139818007467023  0.43221951946265286  0.44260689611264764  0.45263778625848683
  0.46301839802036115  0.47381984538172967  0.48473904087509295  0.49576739522350133
  0.50705807509797352  0.51825654114485620  0.52894476835225768  0.53922770181183766
  0.54907491339013736  0.55859588643311875  0.56820343253740113  0.57820151314558654
  0.58867048452870685  0.59905339765759325  0.60950498240864637  0.62019540336755974
  0.63115597369152387  0.64233912116970027  0.65288932517925069  0.66302622413249324
  0.67308724670517717  0.68351858725350034  0.69415878335455494  0.70464896488768958
  0.71513918527552101  0.72571108222211156  0.73638203697814253  0.74719812231417360
  0.75778888947820322  0.76826113502318782  0.77851676937735148  0.78878525907686170
  0.79913527857072764  0.80967331073492910  0.82013279209465828  0.83047228881961788
  0.84086141016818272  0.85146712168929217  0.86232282142707606  0.87301394227916729
  0.88333611030943726  0.89354587898218218  0.90411830642448054  0.91493219950890337
  0.92598879349276131  0.93694880308661288  0.94805592945068007  0.95876979244160276
  0.96883951240713984  0.97909886027149196  0.98935672681018183  1.00000000000000000
 -0.00221549924710231  0.00892856859952763  0.01873530580230112  0.02876406210598949
  0.03942345606572308  0.05051050109442405  0.06182805610902269  0.07309163500559102
  0.08413993050852943  0.09495197160390166  0.10567271557370245  0.11636968168381442
  0.12667133003890871  0.13661460428883324  0.14652781452613417  0.15646137159641554
  0.16636724033252970  0.17621778496370796  0.18647796385265844  0.19750680065877879
  0.20856891578512229  0.21930199633692046  0.23012329506582083  0.24119403666726152
  0.25250044760939877  0.26357326138590620  0.27469146041716347  0.28566280013916934
  0.29639885087725432  0.30692840428905621  0.31760590771024438  0.32862034289731679
  0.33995671124370530  0.35142613270098100  0.36243180038598316  0.37300402195898713
  0.38346903409114719  0.39382461091346133  0.40396788485157592  0.41427514809156585
  0.42537867298629117  0.43677685483545653  0.44786487020607452  0.45836063343062416
  0.46899639001844529  0.47963619443348970  0.49030787791940150  0.50070911588606637
  0.51094829040490286  0.52146750313384771  0.53175177778611216  0.54194500677896396
  0.55202052623279352  0.56249435853840557  0.57326271172376975  0.58411714806061799
  0.59481377128121093  0.60550521328491924  0.61606425904798667  0.62599564430129895
  0.63563473079816313  0.64535898407554482  0.65573415523149303  0.66607180902695795
  0.67649369162389084  0.68693222048831126  0.69752134915598007  0.70773404039167431
  0.71750521638245790  0.72713873661653072  0.73687098201814694  0.74709414386636697
  0.75764189863470033  0.76849219645061784  0.77953364559421434  0.79058331911018109
  0.80164744129927290  0.81236994201439572  0.82296406197760985  0.83364016625177928
  0.84468526435054425  0.85576548157191012  0.86656016644097333  0.87671185595308987
  0.88613725934814247  0.89543003691183254  0.90524379007837141  0.91515932583503512
  0.92542429969149820  0.93543979099516339  0.94617187964146909  0.95719896615645805
  0.96821105462553636  0.97900849979114368  0.98953286813849817  1.00000000000000000
 -0.00234760998294366  0.00868860282951421  0.01846263190979363  0.02842871366489779
  0.03884487269883310  0.04969079557434639  0.06073302817963482  0.07132189156627147
  0.08195860279523677  0.09266730729175969  0.10323095264051943  0.11323960037354243
  0.12335085312476758  0.13372495590382072  0.14437086645166361  0.15497794885956329
  0.16555821873041202  0.17658477799409439  0.18740554448789359  0.19815027321633913
  0.20864092146285629  0.21937795888381320  0.23018383200350798  0.24065308572976218
  0.25092024511530509  0.26094262846837063  0.27088711438036034  0.28086373058057867
  0.29110172387343469  0.30185790449033756  0.31298496438147527  0.32432361389935499
  0.33545881767193586  0.34645417987182986  0.35724099377259494  0.36797269955406980
  0.37867854657746319  0.38918290826643420  0.39970189027146708  0.41027156296314765
  0.42086466899844421  0.43150329696311596  0.44268940593003930  0.45395927494828431
  0.46498308156072760  0.47587637546955303  0.48648817183960991  0.49726102968042651
  0.50794707612982304  0.51839254156210279  0.52870057363679457  0.53883790780503582
  0.54927306995658876  0.55988062935267757  0.56988768311822535  0.57968419576283803
  0.58955859849526981  0.59928068585262617  0.60909312210220201  0.61894245621726152
  0.62950671455526186  0.64070161696725658  0.65211999454209835  0.66281233927784344
  0.67319545091261845  0.68347625191437411  0.69388900892330163  0.70461181505263382
  0.71560103899383487  0.72669606681638776  0.73792139462446860  0.74898851746507999
  0.75973162298000485  0.77019978905121256  0.78069510006948095  0.79142805633641122
  0.80189980802835725  0.81213445782474714  0.82235147650898688  0.83284194245741905
  0.84301215869544976  0.85327660580704001  0.86349903819788032  0.87379306786728228
  0.88392249413956192  0.89429668754050340  0.90532298682776136  0.91633973846644323
  0.92710318713447026  0.93770840891392981  0.94844181825844132  0.95898777243993505
  0.96938740581418381  0.97940011040313146  0.98971096338606213  1.00000000000000000
 -0.00249699589039882  0.00950155185880090  0.01962748076367645  0.02993792229190013
  0.04004961463836890  0.04990088428326390  0.05989705597264511  0.07014355873653409
  0.08029038550253051  0.09016742766691158  0.09991819623754103  0.11011502469923647
  0.12053825444814524  0.13099528602769714  0.14157146048055091  0.15218333841867440
  0.16332755530505225  0.17437943048206686  0.18547716258606056  0.19603016567391884
  0.20660159958178961  0.21750708229154950  0.22835127271443986  0.23916694178015119
  0.24997736031471887  0.26094436098579388  0.27181030270462320  0.28198885422220471
  0.29187344832215689  0.30188237713704263  0.31204813748069293  0.32257531523955635
  0.33336369812448058  0.34460525256838132  0.35600614576734946  0.36709067188746936
  0.37786645476486225  0.38861101348846444  0.39901208456026993  0.40954791616087377
  0.42000218816771345  0.43046478241381458  0.44080358948875242  0.45103101987228023
  0.46141923506145482  0.47184271711522452  0.48221912559226932  0.49274864482045139
  0.50378247862854142  0.51531617559481069  0.52655346116529433  0.53721562213896912
  0.54758516425913784  0.55771872029975722  0.56805092853657302  0.57879521104058340
  0.59025611410909073  0.60161932853896205  0.61243222970340316  0.62301675260631717
  0.63317818045712437  0.64299043466996930  0.65275554411665071  0.66286820059712293
  0.67336925489751298  0.68376833677919291  0.69408054961820709  0.70430035978056815
  0.71465554557773470  0.72516334019047146  0.73556577647113008  0.74578890010081766
  0.75613530619728953  0.76681740838060097  0.77793944885141619  0.78906357894246348
  0.79986726039486467  0.81018462956376669  0.82028634580361748  0.83049902844798873
  0.84086502838679900  0.85154059453097708  0.86230585433686968  0.87275370473048708
  0.88308467442508076  0.89322419046997037  0.90360608203861104  0.91377742440785559
  0.92404399713500385  0.93443403311412687  0.94498960413612998  0.95561436120227161
  0.96663521902303107  0.97743176568474988  0.98880587512358131  1.00000000000000000
 -0.00244429738396499  0.00980097843945475  0.02020492369609910  0.03080815144621251
  0.04121328439988080  0.05158801396085932  0.06164209674960930  0.07194536156190938
  0.08255860746060725  0.09334273073554826  0.10429926502101178  0.11488624416507950
  0.12547896653784632  0.13556331906690125  0.14541881300077181  0.15552056333506695
  0.16557618675768157  0.17614234253240382  0.18629455042007118  0.19622184466921821
  0.20597784965608457  0.21605573235083067  0.22658913510318091  0.23720063304746278
  0.24769879523776253  0.25811411769537823  0.26860805868447685  0.27914742366199979
  0.28997593079206108  0.30080080084473348  0.31150311326982044  0.32213875875131603
  0.33293425686067879  0.34399887349191488  0.35467080418933716  0.36516667410833714
  0.37549886775730607  0.38598260315914990  0.39654004625947220  0.40746266865511854
  0.41834932090811588  0.42881275250405299  0.43948917474706228  0.45024904692272505
  0.46107861317703130  0.47158361635131979  0.48215862517610636  0.49351424584571285
  0.50449644847674313  0.51495263750817510  0.52535511645053734  0.53607744466985574
  0.54706899936246289  0.55803979128160386  0.56870838175914562  0.57960604111004255
  0.58994081757214223  0.60075494316860845  0.61060797017391555  0.62084162871332493
  0.63088667350242178  0.64149802725449423  0.65174264691956019  0.66181933077387378
  0.67232188432178941  0.68336808767851964  0.69490852252941304  0.70631079350337778
  0.71779495075270772  0.72871360186372647  0.73921140582950595  0.74949209222051127
  0.75965898379351560  0.77044077865562000  0.78159727808789603  0.79281954369357976
  0.80371721732924628  0.81394257709562234  0.82392761644989143  0.83387388683040908
  0.84409680447845159  0.85458326479630642  0.86520116815928427  0.87586188255090214
  0.88633679380879593  0.89647650256255174  0.90634516751072614  0.91651169152762357
  0.92729450940831126  0.93822334556619913  0.94879980912151252  0.95905416185456294
  0.96931297905479519  0.97943868888979890  0.98960201367092437  1.00000000000000000
 -0.00222142547686192  0.00902325076193917  0.01837423612606098  0.02850179021682415
  0.03838680523421040  0.04903424824042692  0.05981586777902738  0.07088972884368745
  0.08190053950042971  0.09273255594683266  0.10323619152104209  0.11373164097770587
  0.12480186228556263  0.13618721399912070  0.14712677236247115  0.15768079250994582
  0.16811730697769356  0.17882078884907018  0.18933339030285742  0.19961678766930943
  0.20969461284832616  0.21973092167689595  0.22996196802971355  0.24042976867070970
  0.25092925052376053  0.26147897616941712  0.27201669456990651  0.28273626896146220
  0.29341639474752385  0.30403118578310823  0.31461169284248064  0.32535584893457076
  0.33652618308451177  0.34796720834635253  0.35929040942662355  0.37023067910593915
  0.38062972215849089  0.39071299879578908  0.40084349115778584  0.41100195669222483
  0.42106072982086667  0.43088210400853072  0.44086329092745447  0.45137754982284473
  0.46183424114309640  0.47221119303873171  0.48285952033954199  0.49389437707611206
  0.50461148654525623  0.51502504838649632  0.52567209959714656  0.53642077639785768
  0.54694984314632067  0.55740123761571569  0.56778960104008036  0.57825647996074425
  0.58866528765690018  0.59915757911906542  0.61002743490862421  0.62083724102952331
  0.63153297394242003  0.64204821730726602  0.65294076144103530  0.66395988183548649
  0.67471729619555865  0.68494236290886978  0.69499611340535927  0.70549830862854679
  0.71563625161503375  0.72604924875731669  0.73627369498315554  0.74677184509366901
  0.75695889770233937  0.76707675388725372  0.77721000589043443  0.78757823818479700
  0.79826137156801269  0.80857714245888634  0.81846212833108800  0.82838196266186226
  0.83858286928420644  0.84898055124953109  0.85937933495932972  0.86993183483823322
  0.88072988691570719  0.89158144218909652  0.90276246924845860  0.91412746288130320
  0.92537450731496385  0.93665548465531023  0.94780600955940741  0.95881912403473812
  0.96923525979491809  0.97935243768014668  0.98960645684130966  1.00000000000000000
   2.4435549428842317E-012  -1.0000000000000000     
 T T T T T T T T T T T T T T T T T T T T T T T T T T T T T T T T T T T T T T T T T T T T T T T T
