  0.00191642963035869  0.00194935363613668  0.00199095164020357  0.00203269278923144
  0.00207594770715716  0.00212424859042573  0.00217351729704001  0.00222179879901623
  0.00227043441137659  0.00231988457979657  0.00236867500343673  0.00242187594531847
  0.00247701290929651  0.00253324288720725  0.00259141410011014  0.00265027285276186
  0.00271111410664871  0.00277422637236420  0.00283816584477091  0.00290493888285322
  0.00297256147654134  0.00304339845293843  0.00311862040087326  0.00319502418762539
  0.00327561690978189  0.00335761060242722  0.00343767080822069  0.00351750401951057
  0.00359729321073482  0.00368388139924478  0.00377696045543456  0.00387454883649806
  0.00397343796680507  0.00407380677952890  0.00417937434653914  0.00429154962154903
  0.00440999479680509  0.00453370477235794  0.00466018037458172  0.00478700349224808
  0.00491750481839083  0.00506062740474479  0.00520529922892224  0.00535547995365775
  0.00551171488918445  0.00567252417535380  0.00583685960937002  0.00601400241692874
  0.00619194447501427  0.00637617032269513  0.00657359748892878  0.00677996266612778
  0.00698743773283175  0.00720991136063545  0.00745288891849712  0.00771132386577071
  0.00798651111857492  0.00828280388833278  0.00859995900914099  0.00893182827158431
  0.00927624530373442  0.00963637835457123  0.01001549470434116  0.01041604641076045
  0.01083442282133653  0.01128037122493650  0.01176246151920611  0.01227491595102626
  0.01282023113069456  0.01341140118378683  0.01404673465052362  0.01472333856854796
  0.01545642564377103  0.01624942134905085  0.01710560122613210  0.01804384971920345
  0.01907694781660278  0.02019829509837631  0.02141613974589305  0.02276752861027903
  0.02422488576180535  0.02588657859832269  0.02784780115355365  0.03014882594185411
  0.03279583093078299  0.03583784163734596  0.03950612879757716  0.04394946270527884
  0.04935784073349440  0.05609218909313312  0.06614133873803030  0.08025874667624920
  0.10469625029460101  0.17556249181501449  0.91795415966101934  1.00000000000000000
  0.00484196786581516  0.00593464907261033  0.00684295151097008  0.00769987918837744
  0.00857385774145652  0.00944955018172913  0.01033842153661196  0.01126911460101415
  0.01224502478612773  0.01324112069508038  0.01424931402346233  0.01524605422908780
  0.01623384713842784  0.01724699002966575  0.01827615099262751  0.01936229943473007
  0.02053940075204659  0.02179740318243332  0.02310828561927189  0.02447691268892651
  0.02589598430394669  0.02734067083942547  0.02877836473661720  0.03025823344897641
  0.03186690561164527  0.03355125152493525  0.03523154128354178  0.03693344379140291
  0.03870413666274958  0.04058616559938224  0.04258334479929595  0.04464155753587992
  0.04673117729872504  0.04895579756461763  0.05129220726034431  0.05370549716556226
  0.05596835485980640  0.05826884057772107  0.06067839740296718  0.06326978376861764
  0.06589367922908476  0.06865251203139258  0.07147207444559590  0.07457107031234107
  0.07783139414545906  0.08113687816003745  0.08457072321978379  0.08820287169472606
  0.09198399661855233  0.09591045921784314  0.10005643255727117  0.10437335193874869
  0.10879305361553676  0.11334189494968516  0.11809787375447230  0.12312776119732315
  0.12835243107158834  0.13361257386833372  0.13901549589368684  0.14461677885146498
  0.15035105373998392  0.15615398513927486  0.16204988065021655  0.16882840591870563
  0.17590925934177565  0.18350610530253808  0.19143544657929901  0.19931477986312746
  0.20729507508343503  0.21555774972925767  0.22415054598684317  0.23324396791482171
  0.24285458334175028  0.25285748503227551  0.26345007863840297  0.27452685647198777
  0.28657651509660775  0.29988749445007529  0.31417131224271211  0.32890409493400141
  0.34441035407110282  0.36085863729510070  0.37847041182561580  0.39763436680794867
  0.41862846674930115  0.44127136236130377  0.46526522274906462  0.49125408270081450
  0.51995765773712899  0.55235525206046243  0.59150696923974366  0.63647966044083559
  0.68933928045907056  0.75181598302502006  0.84301547726157344  1.00000000000000000
 -0.00267544101118323  0.01037579557492981  0.02112135063198578  0.03186985977225627
  0.04227459720760295  0.05293037675085204  0.06377946834044973  0.07451867918315321
  0.08482907140932086  0.09535686424215624  0.10596981268011493  0.11683290452425021
  0.12771850577642677  0.13797804883497500  0.14803501062168023  0.15830703145253833
  0.16849297610151676  0.17839422404003558  0.18829531731989951  0.19890284860745466
  0.20974941507742370  0.22031722311383356  0.23058188840524677  0.24097275544337082
  0.25080285658570661  0.26045920325495181  0.27031972659663356  0.28070185436574324
  0.29171642618567817  0.30325763050739624  0.31466764654019008  0.32566776042460355
  0.33647015078872100  0.34731184312410412  0.35829771810337097  0.36860106110138635
  0.37880370718978301  0.38893212418422274  0.39917254691158943  0.40982026174144703
  0.42039966846681670  0.43110555793981425  0.44174006958876233  0.45242891772614524
  0.46344358372376376  0.47471656654566696  0.48601196831585108  0.49718918263256701
  0.50855455210683020  0.51959404830691358  0.53000070034587743  0.54013917354143060
  0.55042825129106598  0.56070127040047590  0.57108331492033326  0.58149207973485395
  0.59237821714962680  0.60337073805299457  0.61501255845694713  0.62672023615134931
  0.63800969962053466  0.64880796505793670  0.65947015750600080  0.67004299490500885
  0.68063270734579484  0.69128339782222292  0.70250449064909715  0.71349432777176380
  0.72405543696905839  0.73425418538308995  0.74443427187370881  0.75453653092611717
  0.76454377650539962  0.77453938748674012  0.78451058454631728  0.79472433188278369
  0.80493083968621248  0.81533037406401376  0.82591027883152612  0.83633823644804894
  0.84694131736754008  0.85744115842439028  0.86828485450728576  0.87910762676804388
  0.88881200965771856  0.89825883503203330  0.90754950931861644  0.91768232319710796
  0.92791016686724126  0.93787181282057142  0.94744071890405324  0.95709054021206086
  0.96729082194494886  0.97806543996065576  0.98912790963113773  1.00000000000000000
 -0.00251809103443035  0.00949002670798269  0.01967517054279314  0.03071199726407309
  0.04141919158081479  0.05155388573463254  0.06176787679224793  0.07221687169557206
  0.08282838776901377  0.09322357126487694  0.10339672037918764  0.11392720112595212
  0.12432730639914998  0.13494455827144344  0.14502951991009061  0.15553036237043860
  0.16605773321896752  0.17678238324345916  0.18779549873358964  0.19878280703754997
  0.20987113560047549  0.22053909060638230  0.23100755339426396  0.24141722856799480
  0.25198388178057818  0.26271304028882347  0.27320475088757029  0.28366193997315980
  0.29430509481980882  0.30557262243532712  0.31696271640204515  0.32782045504411977
  0.33831875973067449  0.34885601460967391  0.35942764173946146  0.36994326139057448
  0.38066971614598888  0.39180547142905464  0.40262650863130878  0.41280723071857994
  0.42267631701311853  0.43252989204042641  0.44243997978052441  0.45218817275396889
  0.46210171072976325  0.47219960382635973  0.48253900283214535  0.49261176276066232
  0.50248427792441475  0.51206609835681294  0.52173785383782922  0.53197680986393125
  0.54276670952411510  0.55391768345475068  0.56513971540352492  0.57635199291766348
  0.58797923936002849  0.59989752116700312  0.61156472652255434  0.62265856250536034
  0.63347633413709181  0.64355562400685873  0.65374828016762598  0.66334602673499887
  0.67344539823748817  0.68361906026121833  0.69417007479312842  0.70446444529996577
  0.71456695502588952  0.72473077249294093  0.73576770702858718  0.74687522919383209
  0.75807926675651716  0.76900915713987705  0.77945776376051401  0.78991733678142517
  0.79982883787873194  0.80911555197015173  0.81835248390092508  0.82774148489927279
  0.83848778490893572  0.84920072762099741  0.85948238280412792  0.86985450672727826
  0.88017856390503857  0.89116324231691790  0.90245393646268357  0.91407928853695564
  0.92501038351947840  0.93543533410999735  0.94601057221694296  0.95704092118464912
  0.96768491483448138  0.97843506922805801  0.98895279925390256  1.00000000000000000
 -0.00203266120912116  0.00838590648192666  0.01764910165650214  0.02813210071786850
  0.03879490230734001  0.04948426594725574  0.06001073705058386  0.07039225450250861
  0.08081915402665761  0.09165453081476060  0.10218792934850636  0.11245072467383185
  0.12254807304687329  0.13349115632641076  0.14495189466799571  0.15619506589463691
  0.16759064996038370  0.17843325911034827  0.18903059203066053  0.19918260021109396
  0.20886823941471175  0.21875370573814362  0.22871571446847713  0.23869188140250999
  0.24843864010732800  0.25834322400289933  0.26880792829218642  0.27897659049620210
  0.28921057283774521  0.29979822544588963  0.31068450772451606  0.32094860899283545
  0.33100070433114903  0.34166876049399597  0.35262234246427021  0.36345458674279851
  0.37377490989766082  0.38427082791481776  0.39477302417900739  0.40562052295622975
  0.41635356309619120  0.42690518154149071  0.43735913652734715  0.44785978534272086
  0.45836719976068541  0.46890209335730759  0.47910400901421712  0.48924763630477563
  0.49929048460749664  0.50906662018963322  0.51878234936001910  0.52822102740860710
  0.53800555548821771  0.54799796975257686  0.55848111736442752  0.56935062930627989
  0.58005105948954194  0.59032327403214169  0.60005626083869712  0.60986017862665842
  0.61963629667817344  0.63006531261370924  0.64087578547495161  0.65178796104122827
  0.66247833789354782  0.67337677891686964  0.68473690373125407  0.69601547734567804
  0.70721851257995727  0.71826242456863909  0.72909196091409678  0.73990577615244602
  0.75067322463445407  0.76192460348069269  0.77269957439422221  0.78326937645310923
  0.79383565910382359  0.80454112423080759  0.81561069342396197  0.82619977197331285
  0.83653994880369353  0.84681866805052841  0.85713629413707304  0.86823931940155208
  0.87961565978409251  0.89119600766006324  0.90318446826803767  0.91467545390374949
  0.92578955911056127  0.93662933665516768  0.94727494723883665  0.95736801583005871
  0.96749095340428348  0.97798568198439206  0.98889669610269848  1.00000000000000000
 -0.00245807239408076  0.00986408181430330  0.02042601507899046  0.03049007046581215
  0.04065906097808859  0.05075985324331817  0.06117570593501711  0.07119439704627847
  0.08142272844388194  0.09211861369463342  0.10317106572040408  0.11375626001117492
  0.12375757534920186  0.13389859991588188  0.14410926281982181  0.15465035993140150
  0.16511825206620040  0.17556814170105448  0.18604058953064950  0.19675988793693849
  0.20755769865821694  0.21832159670010420  0.22849699295743728  0.23891013434199829
  0.24903079241549403  0.25978272059232754  0.27077117865781203  0.28192781060913741
  0.29303761209311063  0.30389354787257833  0.31494516893550345  0.32614391170056622
  0.33717368056220559  0.34801298834630601  0.35919091748396531  0.37060351935713265
  0.38165195484000591  0.39217102999807502  0.40233201935131485  0.41235381089122636
  0.42260460228386537  0.43317169280602441  0.44362536934387431  0.45357575590604993
  0.46360597461827874  0.47408171540352295  0.48465380809933645  0.49497597704804969
  0.50513757676821514  0.51554641423910386  0.52614342681822479  0.53680321763002825
  0.54740240018837416  0.55795903685403681  0.56846440998616199  0.57858138238276191
  0.58833419073439042  0.59801135751966594  0.60818236076323151  0.61856652504910681
  0.62891830495275314  0.63891869658800138  0.64900700445240200  0.65925122070331199
  0.67001704039700571  0.68106576112722028  0.69240729542940893  0.70351522647547204
  0.71430857349298105  0.72487476558842001  0.73557305344808643  0.74651897629107333
  0.75782182801998721  0.76924146612248978  0.78028916679377980  0.79110637253417637
  0.80178448533393054  0.81211463052903599  0.82266296916106574  0.83313126950249849
  0.84404990879406128  0.85427701557391900  0.86469123025096928  0.87532463567932717
  0.88593045607415133  0.89652837884217618  0.90675012949904465  0.91761225941257052
  0.92859058554336049  0.93949456644431484  0.94939763385054865  0.95958135837442138
  0.97020347038555488  0.98067263419809170  0.99039665493420148  1.00000000000000000
 -0.00269757937376770  0.01030625367698657  0.02130671921560486  0.03234501624108146
  0.04339082562167830  0.05405262185511573  0.06501078376800230  0.07584243458337901
  0.08711346712894406  0.09857215424339123  0.10949859145975221  0.12007277078079980
  0.13010748578568637  0.14021135421281905  0.15094897503337287  0.16176090597836817
  0.17293907773970235  0.18350995630949499  0.19364602539644812  0.20363871134771996
  0.21376236858424896  0.22418515644028800  0.23488776635993672  0.24584182159740908
  0.25681790125777404  0.26724169191987474  0.27734210718024066  0.28753840280508042
  0.29818427827423422  0.30920107689704585  0.32016646280822375  0.33122261888542870
  0.34203406884590315  0.35307371188506570  0.36375153290502188  0.37453354665359456
  0.38500430985353368  0.39512010876335529  0.40522938666194980  0.41547079747901533
  0.42631915536271475  0.43720352992318640  0.44731966771012671  0.45720440259293305
  0.46698787920846135  0.47726917742233277  0.48738712705993947  0.49723066523233372
  0.50749960665655625  0.51771105007452201  0.52779963364050653  0.53757213114435343
  0.54758994423399776  0.55801280612428650  0.56843657093712363  0.57888629851943907
  0.58923388134204169  0.59928140398686236  0.60915835198210522  0.61915576517130044
  0.62947792876472186  0.64000291768093365  0.65074009225409890  0.66135215535939240
  0.67263632768243009  0.68395042355077529  0.69536397596513377  0.70647759206457084
  0.71731814566913277  0.72830247015179750  0.73889594744038900  0.74950690389566532
  0.75993435908559182  0.77037814895983114  0.78054988016255700  0.79093032499715954
  0.80122841820179647  0.81185629565061157  0.82218141906632691  0.83272544252223180
  0.84325739129672539  0.85397635559240603  0.86378983503573459  0.87369686237031097
  0.88323614478434509  0.89347477117620744  0.90350273657629376  0.91404758797711461
  0.92461918524146003  0.93507443329308537  0.94565212923145103  0.95668811662499198
  0.96752595486094906  0.97858376827807225  0.98915479080663982  1.00000000000000000
 -0.00224392097484336  0.00926898654016414  0.01918109094752662  0.02995466582639434
  0.04048666671287066  0.05108302794213055  0.06143066940052086  0.07128694080952699
  0.08168820244520877  0.09198837627645344  0.10274566126733450  0.11313391427991566
  0.12379374937758431  0.13450081464590460  0.14509866354917117  0.15518298998801558
  0.16520667704858349  0.17563707902510145  0.18616752949498402  0.19629605246136736
  0.20656374439328487  0.21744477464368717  0.22862144364454745  0.23914271800207201
  0.24962014355898626  0.26076951145077687  0.27242178065679318  0.28336003022601636
  0.29409361723957100  0.30472280884383257  0.31516295757906515  0.32534488010209844
  0.33559029088289571  0.34650992894476373  0.35765505034405748  0.36820945468238137
  0.37832630733044254  0.38845453757203469  0.39882415703573415  0.40941409527124056
  0.42015794223410502  0.43091167407265318  0.44146066993641142  0.45177211379720955
  0.46183253834825738  0.47178566230966701  0.48175261493507465  0.49171118035856565
  0.50180506583050410  0.51198882135528967  0.52209580505086461  0.53208565351341730
  0.54230784151474831  0.55288452960434242  0.56351772746293272  0.57392880939029833
  0.58418538200851100  0.59456633876326126  0.60521959341088027  0.61642532340177270
  0.62776915209028983  0.63898154256840678  0.64984001112241585  0.66074134619565195
  0.67163317569037095  0.68261002593799935  0.69332865490401008  0.70348094328595090
  0.71350203331762285  0.72387250818137083  0.73509556415023025  0.74626794639639638
  0.75746757435348910  0.76826464467505207  0.77864081567810994  0.78870614342616729
  0.79920109507399306  0.80994131731899000  0.82081126546908567  0.83169450045994064
  0.84240040448955555  0.85339777400704320  0.86423603077840250  0.87514585051478277
  0.88584548970278487  0.89692838329619562  0.90789168391996511  0.91823346641370529
  0.92808854418559261  0.93828955454194896  0.94913990490126598  0.95999836192186405
  0.97048731249929410  0.98036557579873940  0.99034146493915642  1.00000000000000000
   4.2177781811545812E-012  -1.0000000000000000     
 T T T T T F T T T T F T T T T T T T T T T F T T T T F T T T T T T T T T T F T T T T F T T T T T F F F F F F F F F F F F F F F F F F F F F F F F F F F F F F F F F F F F F F F F F F F F F F F F
  <DiscreteSampler_grid>
  grouped_processes
  1 # 1 for a reference and 2 for a running grid.
  10 # Attribute 'min_bin_probing_points' of the grid.
  1 # Attribute 'grid_mode' of the grid. 1=='default',2=='initialization'
  0.0000000000000000 # Attribute 'small_contrib_threshold' of the grid.
  0.5000000000000000 # Attribute 'damping_power' of the grid.
 # binID   n_entries weight   weight_sqr   abs_weight
    10   10   3.012013440225003E+004   8.421924866365736E+009   3.012013440225003E+004
    16   10   8.788706686575755E+003   4.738384391809176E+008   8.788706686575755E+003
    22   10   8.788706686575755E+003   4.738384391809176E+008   8.788706686575755E+003
    28   10   3.012013440225005E+004   8.421924866365743E+009   3.012013440225005E+004
    34   10   3.012013440225003E+004   8.421924866365736E+009   3.012013440225003E+004
    40   10   8.788706686575757E+003   4.738384391809179E+008   8.788706686575757E+003
    46   10   3.012013440225005E+004   8.421924866365746E+009   3.012013440225005E+004
    52   10   8.788706686575755E+003   4.738384391809176E+008   8.788706686575755E+003
  </DiscreteSampler_grid>
