  0.00191699656081466  0.00194761708546894  0.00198807163758492  0.00202744177483016
  0.00206798484112162  0.00211160556147728  0.00215734225332083  0.00220553556074807
  0.00225581556463257  0.00230809569534943  0.00236143037599756  0.00241601260971422
  0.00247373036588233  0.00253375308456037  0.00259434033973045  0.00265570461518107
  0.00271827022347437  0.00278237945626111  0.00284908482879991  0.00291627187251633
  0.00298322673865648  0.00305014279849437  0.00311798375145224  0.00318837812116591
  0.00326196746087655  0.00333877026444632  0.00341789934944125  0.00349857181398857
  0.00358418595138434  0.00367397063735022  0.00376562474861648  0.00385655393871901
  0.00394895327643157  0.00404657321280844  0.00414894355533243  0.00425393519178452
  0.00436356214616190  0.00447419217301152  0.00459062058720606  0.00471305028202214
  0.00483799890869420  0.00497060705108863  0.00510545441897938  0.00524507605423039
  0.00539354586580371  0.00554903449223532  0.00571220491977588  0.00588443723949473
  0.00606535365389333  0.00625408346101383  0.00644942293506426  0.00665545179093839
  0.00687181659580514  0.00710117010036914  0.00735230560399136  0.00761002488350517
  0.00787481317864405  0.00814999662879316  0.00843356447685019  0.00872952788760556
  0.00903851515457130  0.00936952261937185  0.00972631533615838  0.01010793295092849
  0.01051184870560720  0.01094055119738018  0.01139174086097014  0.01186672024141096
  0.01236279544744061  0.01289103113079729  0.01346879528752781  0.01408617987482640
  0.01474765602489973  0.01545488386141375  0.01621216008433247  0.01704775716760858
  0.01800069858153780  0.01904144063085749  0.02012547601131329  0.02130165216065243
  0.02264334194334769  0.02418683230970711  0.02592020711586468  0.02787723811543005
  0.03007178311832156  0.03259786403422910  0.03559672575835578  0.03915122662435325
  0.04338788916193663  0.04857137321249816  0.05551611353293293  0.06515020956390286
  0.07939276221303745  0.10426490280115287  0.17749725602678690  1.00000000000000000
  0.00518843874755809  0.00587621865612837  0.00645920337979921  0.00708264925954470
  0.00773289818443497  0.00840455500207159  0.00909742413172237  0.00982604956890556
  0.01060153726349074  0.01141639610927532  0.01223277178618993  0.01306139094294404
  0.01392044717440785  0.01484194518056783  0.01581818146626054  0.01682478486002294
  0.01786275940741355  0.01893389562094680  0.02007395898609491  0.02123791428350731
  0.02248822957559728  0.02378894145202784  0.02517576093269345  0.02664088747791177
  0.02814743141648987  0.02967644046663363  0.03122634183160758  0.03282670019354019
  0.03448011752480206  0.03623815685461777  0.03810880435101974  0.04007178476490744
  0.04213637234277259  0.04431760163859419  0.04655841851931361  0.04882584182894834
  0.05109094135408580  0.05336483179992245  0.05568871816784781  0.05811375675041315
  0.06073262322879730  0.06353159782552791  0.06642252864672078  0.06950554695632763
  0.07271862960912823  0.07596445046375754  0.07934381648882428  0.08294212079743517
  0.08673004258064530  0.09059586544039797  0.09446211480196599  0.09839983145710038
  0.10249596812267621  0.10678042148607216  0.11128014309215940  0.11600112077203853
  0.12094577251975437  0.12617791372009315  0.13151215911584482  0.13687404639455478
  0.14231838295299068  0.14820842404046794  0.15434282123523974  0.16075623397466543
  0.16732444168592397  0.17417010882631409  0.18130635900937792  0.18876130371404015
  0.19663362124497138  0.20502024297120444  0.21386377501888851  0.22287281441398579
  0.23219595270584142  0.24248666556720552  0.25352677909215854  0.26468768121506625
  0.27647546680906931  0.28893934221248763  0.30276252547880100  0.31780494618682620
  0.33421149097310376  0.35202709532686072  0.37117010268660539  0.39153449977869248
  0.41263027301704214  0.43523762580743036  0.46006064367892291  0.48732087038507921
  0.51795100852626952  0.55208855749531782  0.59179689103941524  0.63733800008056263
  0.69031806448958588  0.75374737709108808  0.84834277463075980  1.00000000000000000
 -0.00256752356145109  0.00980509208064046  0.02055429716798091  0.03094743345719794
  0.04152779342747844  0.05218425735648686  0.06325128643328737  0.07378984057997423
  0.08379188498127386  0.09366870998899089  0.10384894468205839  0.11402199407856475
  0.12431526660633774  0.13449801010367923  0.14477835105654280  0.15487803058306593
  0.16485722627647281  0.17490527469280168  0.18500199991294008  0.19539302524078095
  0.20577171146115969  0.21622736632958570  0.22642481309555537  0.23662761848716779
  0.24685209234261632  0.25708073871639658  0.26743917817470175  0.27771176053844487
  0.28781460102996642  0.29786681156526329  0.30806029407666619  0.31849524281564423
  0.32884002109145793  0.33873781912267414  0.34855827529651318  0.35889227104147570
  0.36974897505944987  0.38049937739803791  0.39068283752172184  0.40095046503018678
  0.41142614254039928  0.42190793412226923  0.43240300142434451  0.44309832191456816
  0.45417658045717235  0.46521763652341458  0.47600082289279061  0.48680996676825522
  0.49786173542289164  0.50882981734021293  0.52005658730149351  0.53165743142681721
  0.54322692107547521  0.55455901163380505  0.56546154649682834  0.57615372244079233
  0.58633739391203499  0.59645068976740423  0.60679573154602506  0.61800413615718608
  0.62858926082140598  0.63941737612187677  0.64989728441508632  0.66063881648799627
  0.67124609673761737  0.68161108378106083  0.69177675381362314  0.70200238967751472
  0.71294066649289645  0.72399322929931542  0.73438558185308189  0.74450048097531418
  0.75471008103584503  0.76501529230450893  0.77511624649119948  0.78502492351561182
  0.79482100742799433  0.80492455114923123  0.81535913935728377  0.82652847277771757
  0.83781387614198999  0.84891848155488159  0.85982866769900934  0.87059687928575624
  0.88129419198655456  0.89185880205741641  0.90257255681160120  0.91336759281958435
  0.92403734191854048  0.93470595761828967  0.94526623847458324  0.95577756523752733
  0.96612413025911048  0.97685841973444276  0.98814844235999300  1.00000000000000000
 -0.00244802052002291  0.00949117198436221  0.01952822027243697  0.02996191413859010
  0.04061964025139251  0.05204313216900257  0.06362940676168460  0.07462624995864024
  0.08551098409176923  0.09638173254510495  0.10735854375616721  0.11811530163163386
  0.12873507307134133  0.13913722211824489  0.14934037035565795  0.15901445932184713
  0.16878317811864499  0.17856859273782932  0.18867956327472896  0.19883352662686538
  0.20908504840828782  0.22000141882844701  0.23071055672345794  0.24098981988877821
  0.25129659389675596  0.26194283006079710  0.27258028480127300  0.28324192651958813
  0.29379191441953473  0.30470247639168513  0.31527119035370627  0.32582560257173726
  0.33614259178609113  0.34675662074572583  0.35737347250919610  0.36812373140954158
  0.37895614992912963  0.38971397781642797  0.40060822732743590  0.41125670567867506
  0.42175787397495568  0.43184969562461750  0.44212721287100742  0.45263218370363628
  0.46317563361904029  0.47381674928353273  0.48414144080936156  0.49480744079975580
  0.50525580369130207  0.51602623554883620  0.52687323615969528  0.53781465049603816
  0.54875770716970185  0.55950711720771529  0.56981878962668242  0.58019664472248467
  0.59069460077311442  0.60166931295901271  0.61241476081855728  0.62318300053252196
  0.63408538996378350  0.64486355905992099  0.65518451729034044  0.66550236840887500
  0.67586344373522800  0.68621445613548815  0.69662238382017716  0.70727305067549784
  0.71814242196075484  0.72911916435529056  0.73982781156207789  0.75053696433581585
  0.76112117631084397  0.77183635744349477  0.78233911919958643  0.79275159321237632
  0.80321395374189575  0.81371592636300671  0.82429379535978509  0.83464975883624548
  0.84479055932359570  0.85499723281586992  0.86541736675562431  0.87589664869484996
  0.88650609712334949  0.89697468582553619  0.90719236161692396  0.91732671620718420
  0.92748135664676312  0.93758884958311073  0.94756443471675011  0.95748806418433241
  0.96816342894264629  0.97888883771671498  0.98950546839586517  1.00000000000000000
 -0.00242801415679711  0.00979272245817655  0.01961374691178614  0.03047190920478655
  0.04068508343985892  0.05126649664042218  0.06122936464996430  0.07179691477925712
  0.08185765875226318  0.09214769930541250  0.10236495812651519  0.11310915939738352
  0.12382761828315551  0.13405065889911583  0.14412155662543144  0.15419871695230175
  0.16464675428597694  0.17528716581447742  0.18608161273931298  0.19648109551017362
  0.20693505572723839  0.21736453706284534  0.22801439788031294  0.23857212351744184
  0.24866867287779590  0.25907385820377477  0.26953870452899265  0.28041929059714732
  0.29118166188947475  0.30208283970336325  0.31307285409849001  0.32451927353018373
  0.33549751805605155  0.34601530413559023  0.35634000840187008  0.36686380563703030
  0.37723476302090497  0.38731768837046787  0.39718998533665617  0.40732261785209839
  0.41713589226956588  0.42685309566725044  0.43679662757538079  0.44744958900026205
  0.45842744797120455  0.46883774837280445  0.47874022242910907  0.48864537279614784
  0.49874173003285754  0.50909081958101399  0.51993128331320027  0.53105553387944127
  0.54223679577804718  0.55315337646227702  0.56388529645996344  0.57462172453048332
  0.58549911490137252  0.59691043757475415  0.60847068961494222  0.62000341239936096
  0.63112121489521411  0.64202921890848630  0.65276324235378602  0.66337645150258040
  0.67388673678508038  0.68443780841089408  0.69510533080601711  0.70572785691184903
  0.71628524804635552  0.72731144363388012  0.73865278278012392  0.75004589175498704
  0.76071262079979807  0.77141200064122961  0.78222089050539156  0.79276971344992342
  0.80296871951653681  0.81323500296536644  0.82387352655953761  0.83426766801224506
  0.84444554394927762  0.85473242769418445  0.86508684155363058  0.87536405690393926
  0.88545264023394676  0.89552990358643125  0.90578867866573765  0.91627270439019426
  0.92725668642877723  0.93777130430438105  0.94778865620279751  0.95770695424730889
  0.96796664646300912  0.97854941002251572  0.98914577047840146  1.00000000000000000
 -0.00232023405261032  0.00921324874877291  0.01971786126084888  0.03018279507549090
  0.04045636634265450  0.05082201569857013  0.06123397504423440  0.07203863916770903
  0.08282989573137223  0.09391334697722177  0.10476020998068650  0.11542151510955563
  0.12620949719215563  0.13685455912504188  0.14764051143522905  0.15844660297835905
  0.16935407736233768  0.18021091397487243  0.19025737281373334  0.20057513071865024
  0.21110671568325579  0.22202680119634158  0.23228198694033084  0.24250393968868578
  0.25267119084866341  0.26315955708740907  0.27343096195540689  0.28390296303091800
  0.29476674752369064  0.30606830085034165  0.31649080592407569  0.32638737978211868
  0.33606386472088207  0.34636630658311129  0.35700151993054990  0.36772593510634416
  0.37826600270098104  0.38849762475022220  0.39866024897867086  0.40893200865521717
  0.41934551414428933  0.42978802625472512  0.44038865432569213  0.45101333717143116
  0.46186227482780728  0.47248033868528477  0.48296875053142757  0.49321431634261265
  0.50336039868350868  0.51347315552403172  0.52342393876142168  0.53332039127216768
  0.54339111900715209  0.55377498896685096  0.56444305743491585  0.57499356170596039
  0.58538749925083233  0.59583786889031176  0.60634334459379891  0.61683714058501460
  0.62725503225448198  0.63774864415720067  0.64822391174975214  0.65870037263008518
  0.66900486564267769  0.67940543424242406  0.69004351959388066  0.70099513033722849
  0.71211877816414881  0.72292535221264809  0.73320335277262882  0.74314977900117718
  0.75334468154025258  0.76415900482571009  0.77504306967734971  0.78609567393927049
  0.79708481288311783  0.80861631226762432  0.81962684178513512  0.83025220396057642
  0.84069529482807537  0.85108061795947842  0.86195111502614774  0.87255765227732396
  0.88330074444821516  0.89391536035064290  0.90471011770820609  0.91546136752102014
  0.92571699501041338  0.93580286456588258  0.94563385628446106  0.95578093027145672
  0.96617531757656738  0.97713987783263412  0.98848670455460663  1.00000000000000000
 -0.00232284185314412  0.00908061332345069  0.01842915876094333  0.02871650719122935
  0.03896765870614748  0.04903421443613187  0.05906262868453360  0.06946028445217546
  0.08008314307435992  0.09062970138414159  0.10084177299999203  0.11139255601545199
  0.12239423960766674  0.13360715908651766  0.14467559895344378  0.15518932643974631
  0.16559994090235847  0.17626233268409602  0.18741228761318138  0.19839840709317147
  0.20878749705104432  0.21862918389961034  0.22839494136171293  0.23835077587313241
  0.24844754432923052  0.25850011579194682  0.26830002137757480  0.27833684107719964
  0.28870820664446917  0.29935830899535082  0.30978192123406695  0.32017453056277978
  0.33078425039078413  0.34157575781150179  0.35219649705296457  0.36279414209554578
  0.37351449008275972  0.38431992386478986  0.39507914376978959  0.40571350979815696
  0.41640826886772536  0.42701803384421261  0.43761314979001459  0.44852202028514937
  0.45975395108180117  0.47124650785316541  0.48239442791896725  0.49314423186770734
  0.50357671057266240  0.51381990303759684  0.52415767508477218  0.53469880682388626
  0.54541342244927271  0.55611059164331089  0.56659668628243243  0.57704254237493180
  0.58791097630743383  0.59883694954806455  0.60975397517432273  0.62014314309987884
  0.63052142204947181  0.64065793122962311  0.65082454362852249  0.66092341272743815
  0.67123249844850430  0.68166779302898350  0.69228945715582746  0.70268808624501800
  0.71301126472634868  0.72351526535820621  0.73430458482174610  0.74495668198518050
  0.75551097475714579  0.76590497560552584  0.77621809703687450  0.78654067104395664
  0.79697136251892875  0.80763617134514076  0.81812107517146149  0.82856192575588183
  0.83886452851699633  0.84935928152760942  0.85975512777441687  0.87073143335871805
  0.88142022738810732  0.89182170151336793  0.90209840993769963  0.91260341612683171
  0.92349891614254709  0.93461318326563847  0.94592110975346388  0.95708687962700867
  0.96775324926141881  0.97830274330426903  0.98910225144703989  1.00000000000000000
 -0.00247549388083227  0.00900146165491822  0.01910933697607727  0.02973378541946910
  0.04066581036359408  0.05141800207071228  0.06208185447627425  0.07244523479301748
  0.08249113608772972  0.09253891752995456  0.10288773428944913  0.11352036146468307
  0.12423788425660551  0.13481248214146893  0.14527173060432433  0.15585871885604510
  0.16656233514612329  0.17736128433920584  0.18753007189715065  0.19722769939918611
  0.20676679511332513  0.21696418851860744  0.22732757686661384  0.23807998700120747
  0.24858355427657339  0.25905331897468137  0.26968537774839313  0.28017823258414537
  0.29061407226637970  0.30128261360585123  0.31207475486296804  0.32304249062568280
  0.33399803835118530  0.34514592257642451  0.35654039563978118  0.36780891866499305
  0.37924907757652693  0.39007751424191217  0.40097268249046014  0.41146320424499733
  0.42204358964797734  0.43262872792396173  0.44345015835202156  0.45403031558499329
  0.46455122816537425  0.47496504492185049  0.48545273043029008  0.49579133419280796
  0.50599523380704237  0.51597895173401886  0.52599065668195710  0.53626607006764904
  0.54683181632615041  0.55760930079471493  0.56860981090362106  0.57981707209956190
  0.59109639646537415  0.60208310222242023  0.61274361685252188  0.62320307955098575
  0.63371055578244317  0.64435593026053062  0.65521056157478696  0.66602607780474554
  0.67668560924143006  0.68702165131100523  0.69720190206783372  0.70744583586573417
  0.71789927117695540  0.72865763589611998  0.73973057440315726  0.75082309257409097
  0.76155619284902132  0.77182192857808762  0.78193684182644230  0.79198236945999745
  0.80192467120073629  0.81211680964684152  0.82280639289232094  0.83363926617044770
  0.84441311252301432  0.85500136373091362  0.86573950134066935  0.87622138881922262
  0.88615953685740090  0.89567215588752891  0.90537638490627059  0.91530662381516481
  0.92565878054624406  0.93596172017573009  0.94642405604848057  0.95722470985296748
  0.96791366525877798  0.97880223575422365  0.98946633894936920  1.00000000000000000
   4.1278480221230712E-012  -1.0000000000000000     
 T T T T T F T T T T F T T T T T T T T T T F T T T T F T T T T T T T T T T F T T T T F T T T T T F F F F F F F F F F F F F F F F F F F F F F F F F F F F F F F F F F F F F F F F F F F F F F F F
  <DiscreteSampler_grid>
  grouped_processes
  1 # 1 for a reference and 2 for a running grid.
  10 # Attribute 'min_bin_probing_points' of the grid.
  1 # Attribute 'grid_mode' of the grid. 1=='default',2=='initialization'
  0.0000000000000000 # Attribute 'small_contrib_threshold' of the grid.
  0.5000000000000000 # Attribute 'damping_power' of the grid.
 # binID   n_entries weight   weight_sqr   abs_weight
    10   10   1.926691730635014E+003   9.624531786328528E+006   1.926691730635014E+003
    16   10   3.026339393294211E+003   3.131527275069268E+007   3.026339393294211E+003
    22   10   3.026339393294212E+003   3.131527275069271E+007   3.026339393294212E+003
    28   10   1.926691730635014E+003   9.624531786328521E+006   1.926691730635014E+003
    34   10   1.926691730635015E+003   9.624531786328528E+006   1.926691730635015E+003
    40   10   3.026339393294211E+003   3.131527275069268E+007   3.026339393294211E+003
    46   10   1.926691730635014E+003   9.624531786328526E+006   1.926691730635014E+003
    52   10   3.026339393294211E+003   3.131527275069270E+007   3.026339393294211E+003
  </DiscreteSampler_grid>
