  0.00000008387696271  0.00000018399798311  0.00000028815784725  0.00000038984588282
  0.00000049056443141  0.00000060875107070  0.00000072623617542  0.00000083598751771
  0.00000093628615626  0.00000104066266216  0.00000116302345105  0.00000129752221689
  0.00000142796793502  0.00000154156348617  0.00000165210783429  0.00000176090996576
  0.00000187252143764  0.00000200071829881  0.00000213396921433  0.00000226159888230
  0.00000238684222757  0.00000251513726652  0.00000264520147421  0.00000278600810010
  0.00000295024049317  0.00000311953063590  0.00000327579167407  0.00000342153069518
  0.00000355752870794  0.00000370138238040  0.00000385588853385  0.00000402228681967
  0.00000421244793333  0.00000440293030710  0.00000457313116550  0.00000474348477596
  0.00000492342455539  0.00000514380184547  0.00000536916906494  0.00000558809133085
  0.00000579966026162  0.00000602944972876  0.00000629485006143  0.00000658643339823
  0.00000689768729942  0.00000722762866537  0.00000756100411011  0.00000789916004763
  0.00000823974911761  0.00000860023446059  0.00000902551526956  0.00000949569116721
  0.00000993690709422  0.00001033240836059  0.00001071747570668  0.00001111808919263
  0.00001153049367009  0.00001193464377353  0.00001231879706986  0.00001275850258771
  0.00001323656668043  0.00001373239413810  0.00001422128544569  0.00001470795401168
  0.00001521332075276  0.00001575661413768  0.00001633014281370  0.00001687053224047
  0.00001739861113312  0.00001791351784250  0.00001843880476688  0.00001896290185963
  0.00001949004124809  0.00002004670953180  0.00002063265571597  0.00002127153282145
  0.00002187472099070  0.00002251834698633  0.00002317449856376  0.00002384771237118
  0.00002452498067458  0.00002519378234335  0.00002586662100911  0.00002654142258304
  0.00002729571875374  0.00002809314196635  0.00002890808421880  0.00002974973272448
  0.00003063604601039  0.00003158111887677  0.00003263113419087  0.00003380740399881
  0.00003511109001952  0.00003644541819395  0.00003710928184214  1.00000000000000000
  0.00000008018532762  0.00000025468202838  0.00000041178292242  0.00000054345968868
  0.00000067420502466  0.00000080706132627  0.00000094364709863  0.00000108139703658
  0.00000121210511367  0.00000133873953385  0.00000146392139977  0.00000158534908613
  0.00000171458612626  0.00000183667663066  0.00000196165064948  0.00000208917616485
  0.00000221419626999  0.00000234653232764  0.00000248681001523  0.00000262004160237
  0.00000274967377426  0.00000290616157177  0.00000307157839202  0.00000323666085513
  0.00000340805002289  0.00000359307633135  0.00000378744324847  0.00000396602925762
  0.00000416201989487  0.00000436652630515  0.00000457333003389  0.00000478819535094
  0.00000500115991339  0.00000522175271989  0.00000544250747573  0.00000565628750625
  0.00000587085786453  0.00000610407967919  0.00000635462114737  0.00000660598124199
  0.00000686370539473  0.00000712719960592  0.00000740357805750  0.00000771383330175
  0.00000806170754327  0.00000844801181124  0.00000885366497547  0.00000926816168861
  0.00000966240114946  0.00001005410509468  0.00001043417117937  0.00001083246327255
  0.00001125411865795  0.00001167341683408  0.00001205287793249  0.00001243031176228
  0.00001283000476308  0.00001326781817910  0.00001372713340639  0.00001418682184074
  0.00001465890490300  0.00001515759790004  0.00001567643105082  0.00001618208017557
  0.00001670281839593  0.00001722364761930  0.00001773103033629  0.00001822103728125
  0.00001869982333980  0.00001917795409549  0.00001966156696548  0.00002014583067825
  0.00002065437710558  0.00002120477526340  0.00002179104424130  0.00002239622850525
  0.00002301568566865  0.00002369136911628  0.00002429598974864  0.00002487947452669
  0.00002546504276055  0.00002604439996968  0.00002663319682512  0.00002745767380170
  0.00002835308512108  0.00002934712799019  0.00003035345337849  0.00003134541430049
  0.00003242075354894  0.00003378299931403  0.00003547467524273  0.00003736838901945
  0.00004003344017724  0.00004339320879215  0.00004493223630210  1.00000000000000000
 -0.00295511380483320  0.01035684753125672  0.02052663518606953  0.02894615512880160
  0.03716900451714242  0.04555921866698060  0.05454111217158975  0.06389130881297947
  0.07380576607546724  0.08212877838800337  0.09094944288916620  0.09961561231689869
  0.10905158312048674  0.11991889604066154  0.13095040469482463  0.14112001331820184
  0.15102867704078821  0.16102090171738459  0.17128000279167765  0.18181765318550569
  0.19283043607971154  0.20426069888701748  0.21470746272792909  0.22400564930571637
  0.23323188463709563  0.24257545775096029  0.25217664280597546  0.26211701329395726
  0.27242398803252793  0.28385801826483015  0.29625862260750085  0.30961471884522052
  0.32309696911244395  0.33730656842376816  0.35187239161467709  0.36582869997419043
  0.37847951195819629  0.39058505739288624  0.40306764857007882  0.41525160739419298
  0.42774052840810661  0.43986680514650639  0.45417840202001297  0.46857566680971763
  0.48373679436812778  0.49869229639202922  0.51291313761464052  0.52586615721143426
  0.53857129845895013  0.55129523432071426  0.56482709498494310  0.57808996679063729
  0.59404051248972989  0.60820456421085756  0.61972612006291150  0.63062723819574951
  0.64188062978334481  0.65208681255755008  0.66216933882123952  0.67223396627061849
  0.68264264240569861  0.69280822086109750  0.70353267167846023  0.71521284525056372
  0.72770106682286040  0.73933448767528132  0.75078432614832946  0.76195245156307556
  0.77350992997038992  0.78523697191021169  0.79582008039440377  0.80516664261053505
  0.81411626769026590  0.82291780676613280  0.83152951453331025  0.84011643936767932
  0.84842731968812901  0.85690848838228806  0.86554393851136979  0.87403222753905119
  0.88239149213272283  0.89121929600734617  0.90031118549766942  0.90847698938015820
  0.91622094571102874  0.92364253119019479  0.93114782854336153  0.93900641679002517
  0.94736041026920581  0.95593126674384699  0.96354727756494618  0.97128400825528471
  0.97902684483057156  0.98612975191597851  0.99315340669109253  1.00000000000000000
 -0.00222650417180699  0.00889977205694841  0.01847336089336866  0.02906005980159787
  0.03976742414689759  0.04957168819437657  0.05891651903428873  0.06879342413120924
  0.07937156644168289  0.09023306638440536  0.10104008269634125  0.11212112622284236
  0.12288114856613119  0.13314887628470051  0.14322007868721501  0.15283133749810540
  0.16287431820730475  0.17359878422434244  0.18515083788622919  0.19748864892482040
  0.20976745434528479  0.22145613341944215  0.23261718693613781  0.24306553853095894
  0.25314107634783833  0.26307951341153829  0.27264880586861373  0.28220404859826620
  0.29216142930486244  0.30278213063529885  0.31402643968742383  0.32576111807199537
  0.33713888616974513  0.34781578382310574  0.35829981201828076  0.36942801510590084
  0.38024579911565914  0.39081378951424878  0.40149255596059991  0.41254619226134537
  0.42265455945940306  0.43302820670510661  0.44354907552597661  0.45401794540786655
  0.46430472425021518  0.47390762664478447  0.48425254367579956  0.49428667766879741
  0.50488680243154715  0.51623839591632548  0.52771444507473775  0.53897847101130958
  0.54858015180114872  0.55735665931898426  0.56692642957562167  0.57719551725481877
  0.58753617350148979  0.59786861243753409  0.60748135397762648  0.61903254000415286
  0.63128296296352493  0.64515352072504051  0.65893358227814747  0.67138399679802618
  0.68220729539384173  0.69187078815799308  0.70106240147042309  0.71002873012151657
  0.71888710034636483  0.72792034173879272  0.73810595872538853  0.74968880864615728
  0.76106634674289708  0.77144771915153698  0.78097928016799389  0.79056095630437939
  0.80058010014578873  0.80965107711895257  0.81885856348994479  0.82816078705783391
  0.83901303436314922  0.85079068238651445  0.86269457116646231  0.87444268618839827
  0.88553719351111160  0.89712226330576106  0.90762116095149459  0.91747293732897572
  0.92669872240729600  0.93614311955571983  0.94612914351057475  0.95629984450697469
  0.96671427408026023  0.97751564562336468  0.98875705406416958  1.00000000000000000
 -0.00261307439956996  0.01050519647150949  0.02143065494322253  0.03085555428178688
  0.03986927416017534  0.04876611799796883  0.05753732299825973  0.06734058637627766
  0.07781754389411545  0.08835043959784017  0.09983807376149260  0.11062470870237519
  0.12131172648245894  0.13171986453755893  0.14158565374563861  0.15168449603367423
  0.16178636875742849  0.17192492190578609  0.18222991280871459  0.19277230751568633
  0.20320376320923464  0.21429400954847744  0.22519713059531707  0.23651208762487164
  0.24791575219599674  0.25991041311075846  0.27105564647057595  0.28197453926023047
  0.29289586491419356  0.30460533391022476  0.31654814484361571  0.32784284012052189
  0.33851517967858341  0.34853556578634581  0.35930559573541043  0.37014184536126304
  0.38059167667930704  0.39114192168935652  0.40239042253391905  0.41382969522027407
  0.42427312729303990  0.43413304180919859  0.44476709362752581  0.45614769705073605
  0.46791147061413313  0.47927619856678350  0.49004068795739780  0.50018833989813982
  0.50996076299618931  0.52003148606376459  0.53058716013791196  0.54162140182686391
  0.55331448499455682  0.56538469668624580  0.57814836946804382  0.59082056285597340
  0.60276834494246045  0.61378403922001168  0.62395828673228904  0.63394013121352566
  0.64387397833394977  0.65398130155216527  0.66445140914050760  0.67477389556120293
  0.68484764183956581  0.69463042145572118  0.70434947576553653  0.71413417161270121
  0.72347980841616055  0.73367744817914793  0.74486623115822004  0.75597421330115122
  0.76625045057942209  0.77622283912557033  0.78646172530487879  0.79753716907353556
  0.80875548908565431  0.81989961416512813  0.83140385276043716  0.84219107153013062
  0.85281329669891848  0.86308007685879351  0.87256685286969271  0.88192516499526108
  0.89147705856304271  0.90231411382302618  0.91358082013276742  0.92511078482391795
  0.93642057825530267  0.94628265176129900  0.95636015190861079  0.96613935793555195
  0.97523120329841173  0.98348214807491008  0.99164126357847582  1.00000000000000000
 -0.00283479978720084  0.01092262710494952  0.02188445049516720  0.03424189348456179
  0.04587387543456334  0.05731383308915309  0.06862460838459626  0.08027533542563940
  0.09080632272295834  0.10102737517656839  0.11037415655885918  0.11939927507064904
  0.12838388751322433  0.13746060934632831  0.14663269099690607  0.15554468942834376
  0.16433084652091354  0.17412459513391434  0.18481272687218822  0.19515206527605858
  0.20564814870633827  0.21576265168266293  0.22552476355925472  0.23499153642713114
  0.24461426851800389  0.25493785539366193  0.26545588650665641  0.27606679753288604
  0.28749851863485681  0.29995951373506780  0.31243167542146577  0.32390989642672746
  0.33493840631912647  0.34609672939430214  0.35725728732237427  0.36676524995829557
  0.37705865216940193  0.38714255912852052  0.39773158530328029  0.40917916001485671
  0.41968439679892250  0.43124730793536570  0.44103163358613717  0.45070246320709056
  0.46058216898824533  0.47046288513686163  0.48017065159642042  0.48917410261811411
  0.49839514939297169  0.50784371357064628  0.51809291055347306  0.52828399004180338
  0.53882409435882461  0.54930135624359155  0.56002890947125605  0.57145471811737414
  0.58371393549630646  0.59598888245092008  0.60723986529749807  0.61757001832056990
  0.62855676343660294  0.64027049510279588  0.65136521354074572  0.66100417874461492
  0.67055340777176875  0.68137701556716057  0.69340854428746879  0.70565502844182459
  0.71705529040836202  0.72727024151858088  0.73675212045004612  0.74636511835867902
  0.75560608908916327  0.76460403139826760  0.77396659757709563  0.78440901756605230
  0.79650902339218166  0.80880377028101902  0.82059706325361403  0.83199103193596036
  0.84325048853399209  0.85484613052816039  0.86624013063511618  0.87700028377416983
  0.88736261571613462  0.89738656417047713  0.90712718739697973  0.91651325440131992
  0.92589873439254222  0.93588907540733668  0.94610491458897972  0.95487695659982186
  0.96402053938936227  0.97389764289892122  0.98641290921570368  1.00000000000000000
 -0.00144873895496115  0.01040727552959016  0.02093701313769532  0.03258636811778119
  0.04448431603372061  0.05671987666983027  0.06870956939771584  0.08135616147853897
  0.09490963308071727  0.10777280965500972  0.12002374733380336  0.13249530344642327
  0.14457530333457719  0.15571965948385758  0.16604644616864328  0.17619744478878049
  0.18651219760515311  0.19662900309149167  0.20664048070257693  0.21689863875545770
  0.22808193922140022  0.23950491156397466  0.25057779848638145  0.26033843016324165
  0.26931645369255819  0.27875040656521982  0.28862444540108079  0.29869683667882591
  0.30882760728321962  0.31919486977033273  0.33012096916881895  0.34072912489660201
  0.35125365673049286  0.36170391718002354  0.37184839598540836  0.38235366828214579
  0.39271670143149839  0.40245627141130619  0.41220213182185372  0.42247503121835400
  0.43257499516653614  0.44195615731731536  0.45092785443346445  0.45955587979100643
  0.46991547624167107  0.48029446617457633  0.49107933952896510  0.50160908525999870
  0.51186229548279261  0.52232934103431072  0.53295155019916518  0.54485548141677798
  0.55611008953896690  0.56753262620147449  0.57809627849170797  0.58896395835439330
  0.59987218989323787  0.61005736285265943  0.62009644338672820  0.63011473440540833
  0.63971088210404159  0.64866762451709947  0.65686373797734499  0.66523200256342130
  0.67426784511145466  0.68354534406296263  0.69287949502240398  0.70207935061847482
  0.71178057997853661  0.72392696118517785  0.73699894694230228  0.74938816906273875
  0.76018822129514796  0.76979136242666291  0.77961445468931723  0.78927099372885035
  0.79940456732013276  0.80891527657659379  0.81959004311896111  0.83192430339483281
  0.84406492669890920  0.85573964257741830  0.86594148383683778  0.87597651696838019
  0.88534036265984739  0.89492898208049187  0.90439824017418069  0.91385308051916692
  0.92401381626343537  0.93500121368342171  0.94735456896482928  0.95971910437420860
  0.97123474257479825  0.98173858922018864  0.99110355297357944  1.00000000000000000
 -0.00135510187006505  0.00967348942540950  0.01996755315285612  0.03024162182647715
  0.04157462657932677  0.05219935603345859  0.06307335076755792  0.07435462945595205
  0.08508829880150412  0.09507897185044703  0.10466301408177053  0.11652937357210504
  0.12732407415842253  0.13620758683958273  0.14532934591308547  0.15471384473984762
  0.16476768362682850  0.17451882867168000  0.18352510415919945  0.19413903750216757
  0.20763760855627925  0.22070315386605999  0.23501858016697477  0.24991496422517168
  0.26199631080647628  0.27345921389804634  0.28528824510332296  0.29690113552171593
  0.30761634727553483  0.31774216575533365  0.32730336549382522  0.33642455859843579
  0.34514636894964001  0.35395698659625657  0.36297186661306341  0.37200674100754400
  0.38202166825494038  0.39297146068587019  0.40409473367901877  0.41503576281982568
  0.42547903126383158  0.43594861136966495  0.44626799133744632  0.45635657668622776
  0.46617169627926758  0.47634178956582890  0.48735556390904111  0.49835835747469687
  0.50861390653326521  0.51850750145787605  0.52927265005466517  0.54033356042171266
  0.55113923798728615  0.56161977495489590  0.57284216090465967  0.58485750415286608
  0.59705570767149330  0.60942395788845727  0.62149174859447986  0.63221633595839621
  0.64384372674288159  0.65524436657009577  0.66694943259283646  0.67835360142206846
  0.68912183709598229  0.69983719814590795  0.71129556331815857  0.72315645902938186
  0.73450180671702547  0.74494291520041900  0.75477622952407841  0.76490427242389369
  0.77512956960122514  0.78555230074028326  0.79601441256813554  0.80666554019385595
  0.81710802334543486  0.82702772946679748  0.83684646340777968  0.84686387648656125
  0.85780284711625077  0.86928480588754409  0.87998962584558205  0.89009743224769200
  0.89929155674703065  0.90808650024958204  0.91675986626206463  0.92504001741669462
  0.93299943881919356  0.94109688905990174  0.94952891265949990  0.95850362701111391
  0.96847755639988742  0.97874463699952530  0.98932056876065144  1.00000000000000000
  0.02364709794303348  0.03754262492902941  0.05152964116526499  0.06499622863739851
  0.07856133204549191  0.09117305483069783  0.10312436894573469  0.11476592219167264
  0.12580215366823438  0.13637946074483565  0.14725664841077143  0.15906958145571537
  0.17082428059088015  0.18235198500333788  0.19373369313075703  0.20535261191156379
  0.21721395734423851  0.22828801525060288  0.23847457611623302  0.24833148976317859
  0.25842046914647432  0.26907070683931344  0.28021088695855889  0.29097936128263568
  0.30134191641513952  0.31210344018917069  0.32371121784693507  0.33586634781268110
  0.34780523902378213  0.35882272337889759  0.36908745567322138  0.37953456641035427
  0.39041239731483096  0.40125421789956267  0.41173774207875080  0.42159537546347575
  0.43164866298107696  0.44178217689250154  0.45138433304781606  0.46063158032353180
  0.47006104846044811  0.47983055128015756  0.48973935415072051  0.49940379706278532
  0.50984131358335394  0.52129166719090869  0.53339356777370550  0.54541000080432944
  0.55740305375652544  0.56877835861459314  0.57952476155048138  0.59080979694939229
  0.60210741911766708  0.61307151486726241  0.62354582136353065  0.63308100435534576
  0.64186196252415595  0.65065328917704246  0.65986347761099617  0.66992962937483846
  0.68091683419356563  0.69145960095606418  0.70145393184486993  0.71223140233507232
  0.72247911625539785  0.73219958215689740  0.74148433663540603  0.75076333661378147
  0.76037761359271039  0.76982212930854632  0.77922446877922036  0.78924600532127387
  0.79800859717356909  0.80620391154904258  0.81411600334915568  0.82261663538908614
  0.83091476914709583  0.83895849013635904  0.84684641607313382  0.85405412493340505
  0.86229116380819659  0.87062535108094918  0.87932522346530895  0.88840432258563862
  0.89803356124633305  0.90809218665460911  0.91755723874771822  0.92570151966586633
  0.93344644006296174  0.94039600913222876  0.94657734390726678  0.95338263329409623
  0.95994586748999633  0.96539292116047670  0.97095456795622792  1.00000000000000000
 -0.01542755364826865  0.08562536728869086  0.11886655569504474  0.14198213284442224
  0.16098940935878694  0.17771637779583027  0.19217468937090543  0.20473840860032180
  0.21630451860687536  0.22712845487503580  0.23652587012004544  0.24511708748087149
  0.25372980211116219  0.26184781889372338  0.26982266736640553  0.27693602101803982
  0.28418876135105692  0.29143520648009952  0.29849196523577315  0.30498059435098090
  0.31115087715608541  0.31752971272586089  0.32403923942739155  0.33160847922773645
  0.33930766972366011  0.34754159879351787  0.35525118934581040  0.36209939870638336
  0.36829710313604613  0.37452268670634636  0.38086382205302344  0.38702814549456116
  0.39301033946180264  0.39857567687845546  0.40458823036570551  0.41087622378057553
  0.41689210682128736  0.42252009259132134  0.42790292838309574  0.43321436434753541
  0.43859729798037206  0.44408927059927350  0.44971029636285204  0.45564627284291442
  0.46147016956405729  0.46725385751671561  0.47278306487656974  0.47814817389811559
  0.48355600447990799  0.48884629795344087  0.49456112707185990  0.50045670280797350
  0.50654205606350788  0.51277685491901048  0.51872772277362666  0.52519847079269988
  0.53201514735271294  0.53848862311350709  0.54478997764905290  0.55117808804653179
  0.55778224246980690  0.56495283814769881  0.57283054527480115  0.58066238827154903
  0.58743891897592904  0.59380643423894164  0.60025844590505284  0.60697844626878850
  0.61378028740190627  0.62047856539180124  0.62703970365799888  0.63349928050998183
  0.64003818716252658  0.64611469386628573  0.65358290215607562  0.66101609197752698
  0.66859980263892427  0.67578527887242978  0.68297192359602465  0.69126573654775370
  0.70043924345879638  0.71042631387016097  0.72057756161461239  0.73171147224343558
  0.74347033936108631  0.75468652285612337  0.76591511881688101  0.77811542781517540
  0.79258227371649981  0.80691473966530713  0.82120985758699305  0.83704771433742753
  0.85651270402530089  0.88197232213216081  0.91847409733831376  1.00000000000000000
   1.5535983944992116E-017  -1.0000000000000000     
 T T T T T T T T T T T T T T T T T T T T T T T T T T T T T T T T T T T T T T T T T T T T T T T T T T T T T T T T T T T T T T T T T T T T T T T T T T T T T T T T T T T T T T T T T T T T T T T T T T T T T T T T T T T T T T T T T T T T T T T T T T T T T T T T
  <DiscreteSampler_grid>
  grouped_processes
  1 # 1 for a reference and 2 for a running grid.
  10 # Attribute 'min_bin_probing_points' of the grid.
  1 # Attribute 'grid_mode' of the grid. 1=='default',2=='initialization'
  0.0000000000000000 # Attribute 'small_contrib_threshold' of the grid.
  0.5000000000000000 # Attribute 'damping_power' of the grid.
 # binID   n_entries weight   weight_sqr   abs_weight
    10   10   2.625296894129608E-010   5.248631563357855E-019   2.625296894129608E-010
    11   10   2.625296894129605E-010   5.248631563357839E-019   2.625296894129605E-010
    16   10   2.625296894129610E-010   5.248631563357863E-019   2.625296894129610E-010
    17   10   2.625296894129606E-010   5.248631563357843E-019   2.625296894129606E-010
    22   10   2.625296894129607E-010   5.248631563357851E-019   2.625296894129607E-010
    23   10   2.625296894129606E-010   5.248631563357842E-019   2.625296894129606E-010
    28   10   2.625296894129608E-010   5.248631563357856E-019   2.625296894129608E-010
    29   10   2.625296894129606E-010   5.248631563357845E-019   2.625296894129606E-010
  </DiscreteSampler_grid>
