 -0.00250013570696494  0.00954298754453970  0.01971859820972459  0.03024028774600096
  0.04077486668074237  0.05130983641816445  0.06184733295962727  0.07239876095082716
  0.08295167883461838  0.09350503856177907  0.10405876459891041  0.11461329953397947
  0.12517012927985949  0.13570966906579301  0.14624680922341937  0.15677589679166315
  0.16732064524977464  0.17786513401936691  0.18841052547620671  0.19895611588716353
  0.20949081385475943  0.22002603190237130  0.23056192108084705  0.24110871383011781
  0.25166348669784322  0.26220535285135543  0.27273289439555570  0.28325677009490696
  0.29378719342728665  0.30433260379122784  0.31487950968842482  0.32541728138986320
  0.33595632187266788  0.34649507599878460  0.35703042720596390  0.36756170479166905
  0.37807769815418929  0.38861354577232882  0.39915236156969741  0.40970451036658095
  0.42025526376644073  0.43080735448257984  0.44136090840930220  0.45190930925203210
  0.46245158570310951  0.47299261304839119  0.48353839501450652  0.49408400551272424
  0.50462982180543614  0.51517593880576584  0.52572614436883902  0.53627750668497398
  0.54682857119851935  0.55738012091150924  0.56792652493788320  0.57845471054734887
  0.58898515245491245  0.59952022811931105  0.61006942621333260  0.62061670930313029
  0.63116451943245322  0.64171625575141222  0.65226758871369206  0.66281744308643964
  0.67336813961670927  0.68391838456044285  0.69446878422038472  0.70498977694324039
  0.71550176184357805  0.72600913393616806  0.73654540939404345  0.74709197421988605
  0.75764531557494830  0.76820048170385180  0.77874911728087470  0.78929331012068504
  0.79981861315305136  0.81035893202358167  0.82084564243619162  0.83135497187053342
  0.84184190698640204  0.85238531028693343  0.86291845011694746  0.87345897670363337
  0.88400031188717221  0.89454027104155487  0.90508716817413071  0.91562673859840771
  0.92617143682441094  0.93671404248087475  0.94726432486259304  0.95781436102807815
  0.96835878687261367  0.97890192392969855  0.98944712299011728  1.00000000000000000
 -0.00244186384359223  0.00951086870321775  0.01966224963274221  0.03017501553473035
  0.04071425690086087  0.05127099900906618  0.06182501696131560  0.07236690190531235
  0.08289542502581253  0.09342867618339269  0.10395796127440290  0.11449441525267244
  0.12502915309259741  0.13557991136494371  0.14613602738095730  0.15669204979491153
  0.16724831911978852  0.17779836462220794  0.18834313946108303  0.19888805312419403
  0.20943868138288266  0.21998929218736138  0.23054043329262403  0.24109148171226405
  0.25164807577448900  0.26220472532984040  0.27276013565150486  0.28328861080301065
  0.29380062076748276  0.30431422340764086  0.31485515294384769  0.32541255259632496
  0.33596825495307647  0.34649978283449201  0.35702674910519072  0.36753881909999458
  0.37806213415903828  0.38858957604933925  0.39913452831610263  0.40968667373872880
  0.42023832264236566  0.43079139876508843  0.44132799350093699  0.45186654232290124
  0.46238303753136067  0.47290667917694701  0.48342863460340252  0.49396478139980293
  0.50451571765605308  0.51506704636621292  0.52562437424668784  0.53618106631736129
  0.54673417179907347  0.55728782229585094  0.56784207078946125  0.57839994732135969
  0.58895623339601400  0.59950826957358749  0.61005576924421123  0.62059885175479901
  0.63114533401601725  0.64169261839170422  0.65224041145842504  0.66278873528463911
  0.67334090310964678  0.68389140899918555  0.69443800400732858  0.70498436959300292
  0.71553672779082278  0.72608815535335780  0.73663956018193888  0.74719103993442315
  0.75774751967583698  0.76830395140211316  0.77885681516480443  0.78939491064597189
  0.79993092362708396  0.81045268475492638  0.82097057931111883  0.83149251389610690
  0.84203312579224732  0.85258835610985295  0.86312773154241174  0.87366695595560484
  0.88420996011868402  0.89475905401662137  0.90530292659987399  0.91584682503048642
  0.92639836668060471  0.93695449647933626  0.94750935212540277  0.95807829106766451
  0.96855614085746256  0.97906139147313020  0.98952635510480136  1.00000000000000000
   2.0821192800020460E-006  -1.0000000000000000     
 T F F T T F F T T F F T
