  0.00000003878695286  0.00000036571856785  0.00000054163794575  0.00000073901142231
  0.00000093204554003  0.00000111537033510  0.00000128735898058  0.00000144961287156
  0.00000157377739085  0.00000167409424530  0.00000176408230234  0.00000188723309789
  0.00000203750542184  0.00000217426477717  0.00000229793990713  0.00000239553443741
  0.00000246994895033  0.00000254693831178  0.00000262600805478  0.00000270890829897
  0.00000279171527846  0.00000288019670370  0.00000297878633940  0.00000308568131421
  0.00000319873472218  0.00000331256358641  0.00000339717340811  0.00000347266609737
  0.00000354836050128  0.00000362178307330  0.00000369486200252  0.00000376793545388
  0.00000383871467364  0.00000391160110718  0.00000398668935032  0.00000405882405309
  0.00000412793191992  0.00000420156142846  0.00000428205225480  0.00000436640445823
  0.00000444283114763  0.00000454694882437  0.00000463545309382  0.00000470854094728
  0.00000477205832959  0.00000483427815379  0.00000489676427397  0.00000497935573728
  0.00000507237217382  0.00000516079312272  0.00000524362588791  0.00000531590642723
  0.00000537082670247  0.00000542535042069  0.00000548083042642  0.00000553274361945
  0.00000558304717701  0.00000562798582163  0.00000567521507757  0.00000572460146222
  0.00000577439263629  0.00000582980983817  0.00000589807719698  0.00000596269660881
  0.00000602107209425  0.00000608045974732  0.00000618036739273  0.00000630670984312
  0.00000642698191973  0.00000655965972767  0.00000671389354999  0.00000690041311156
  0.00000716844442621  0.00000755678511089  0.00000807920720384  0.00000882839414828
  0.00001022441015331  0.00001362501664102  0.00001820120517123  0.00002225601076233
  0.00002606923350269  0.00002915436781069  0.00003170271400150  0.00003382145802519
  0.00003554561968381  0.00003912258746563  0.00005194640168646  0.00006121739155936
  0.00006569844794622  0.00006799310420077  0.00007187058068946  0.00007671772705323
  0.00008618790775238  0.00009857968299330  0.00710017005986149  1.00000000000000000
  0.02200435393118452  0.03884607683766641  0.05477653980981814  0.06998483071000178
  0.08486295469622984  0.09933693296637006  0.11140683717718683  0.12375160192055214
  0.13635923564760088  0.14819336815840176  0.15774871572160740  0.16464907670785214
  0.17104367365181158  0.17768981106134160  0.18381474609439399  0.19076012051282373
  0.19816666670038585  0.20323522839451766  0.20884822563752642  0.21727345503600135
  0.23001866528265144  0.24161142049788320  0.25174182037950005  0.25986387836789487
  0.26709966482967268  0.27522733445157649  0.28403178235887833  0.29245426971995925
  0.30041530250433796  0.30816072633019603  0.31627237830224691  0.32817757558604604
  0.33843065005198314  0.34856363540649010  0.35844366653115961  0.36780915891426658
  0.37589239034185667  0.38321298416230520  0.38983074949441177  0.39887166082009612
  0.41037387368979616  0.42352247185808117  0.43345433714341347  0.44020022148954413
  0.44579095690030990  0.45186738333520299  0.46105904729776293  0.47108188914281507
  0.48174413646119973  0.49431439496813478  0.50482245852302443  0.51366561589422155
  0.52234515912413204  0.53201255619195453  0.54087786438677121  0.55002240781066447
  0.55941691416992601  0.57033337903113168  0.57995815085254410  0.59086703545529495
  0.59972316457054342  0.60777769709165397  0.61633046629568522  0.62749469745962005
  0.63929274536044933  0.64964810245217453  0.65898619576165940  0.66997246050782600
  0.68185133688371435  0.69288752337465387  0.70219928112076113  0.70926037821138743
  0.71577550481437058  0.72243479519039622  0.72908177217950587  0.73573592008534838
  0.74894403390544650  0.75881747772117847  0.76618722200101341  0.77247467719664009
  0.77956681981495046  0.78781315781671157  0.79808541786932874  0.80845173652036428
  0.81919680557944918  0.83120311762112720  0.84312826645813432  0.85681877048951560
  0.87088722343749136  0.88502140816723052  0.90038752363129360  0.91943579487433857
  0.93928447431924489  0.95997929284169758  0.97214317664130145  1.00000000000000000
 -0.00026317587176119  0.00261209959569651  0.00700517378373454  0.01503783935556188
  0.02548943189792276  0.03527883070375683  0.04713684864244085  0.05290839942215955
  0.05985117088764863  0.06592629011302990  0.07258249172453400  0.08128872171768013
  0.08571188436216212  0.08981248523828765  0.09339097464392947  0.09687261035518684
  0.10015388438673629  0.10777916873911877  0.11642638236212630  0.12483349650284226
  0.13238872078603228  0.14076811002279077  0.15184036966999498  0.16426361921798349
  0.17721934731285999  0.19002312678255281  0.20114143211578916  0.20993012929797392
  0.21794852884092331  0.22598981471944707  0.23408780215625866  0.24247336622873716
  0.25174334486838168  0.26162020296098920  0.27076279111521295  0.27880802851796793
  0.28623622059450876  0.29369108720126824  0.30206826637377598  0.31127033304015922
  0.32045648947873423  0.32957444171137412  0.33835897941241100  0.34632595897887103
  0.35657182562540829  0.36767000646948533  0.37946399622864269  0.39173965506625552
  0.40332641020959942  0.41533964504485110  0.42613669945198812  0.43588443202893734
  0.44437466142961557  0.45193805860212138  0.45913459279800944  0.46724787773552795
  0.47570868137438549  0.48245992881796895  0.48941494783139927  0.49612788140602809
  0.50361267309083380  0.51231697788242136  0.52132030843429644  0.53124910425645622
  0.54171710916574689  0.55252635590134702  0.56390353372920243  0.57584643273752978
  0.58707406250865313  0.59892675716513055  0.61039566819930857  0.62478278229118989
  0.63802360506252787  0.64877067471968297  0.65981655879839463  0.67092366371087075
  0.68245999454441053  0.69540114791481433  0.70958200196656773  0.72468813954571332
  0.74064652623742455  0.75524931502630865  0.76895875461688845  0.78249772840865728
  0.79689769236847396  0.81192781265538594  0.83012094914867907  0.84835111237507022
  0.86401833868047273  0.87855593538850374  0.89392767753656999  0.91014672016394316
  0.92582371083884862  0.94295898676199230  0.97011213454558998  1.00000000000000000
 -0.00109942046237384  0.00569774423907127  0.01162043782193273  0.01798854790725960
  0.02636416822728432  0.03657817786456626  0.04773304430205278  0.05940499809437388
  0.07167382727955532  0.08461205535906188  0.09619720628327952  0.10634926462200078
  0.11535491044734984  0.12354490161891814  0.13158864111062404  0.13943922763658820
  0.14851202624603524  0.15675402320047474  0.16494603465484708  0.17336607430519504
  0.18225479488943977  0.19089388838653529  0.19973837499294342  0.20771116752875532
  0.21191150039433229  0.21499655343707536  0.21834054034425562  0.22229242920758460
  0.23203974079138065  0.24573642532728074  0.25839836856400783  0.27029158255065028
  0.27970757998457779  0.28852883732178353  0.29717575854176081  0.30652567167478623
  0.31734646295359092  0.32953003619113530  0.34248080337114511  0.35551051666168204
  0.36814819178422920  0.37987955296256531  0.39208793337799197  0.40354474592716244
  0.41429956985239147  0.42677167747228351  0.44009300312281729  0.45257367710241114
  0.46369116537029442  0.47591171234340074  0.49058942722223897  0.50576503471878431
  0.51820020336497108  0.52625801063087119  0.53400378364133416  0.54318479757214000
  0.55415904258959536  0.56647813871417563  0.57807146339272752  0.58833659024195606
  0.59734678277288178  0.60589840690281627  0.61564147929619417  0.62423238123840707
  0.63257995491872099  0.64255757052194729  0.65346878258399976  0.66370292785290552
  0.67701578836827014  0.69170209149996209  0.70710017838016925  0.72282225397677691
  0.73841997469265830  0.75188918681753980  0.76387870437468719  0.77429600510409413
  0.78494008658774783  0.79701228249583811  0.81176642641480068  0.82478834182758076
  0.83514259742217167  0.84359212518818827  0.85567432399324073  0.86852318319996913
  0.87847535287045564  0.88527831948610447  0.89200777936305953  0.89911971368378985
  0.90725637905065792  0.91751456464130854  0.92939049612712654  0.94315938204629035
  0.95820450616716590  0.97266935330191728  0.98589412789296471  1.00000000000000000
 -0.00412750565488622  0.01276429535512001  0.02811660606376543  0.04003491199403843
  0.05177364217976750  0.06276711570215052  0.07292264308805058  0.08054042646600271
  0.08656729231592859  0.09307146915057385  0.10043144853203784  0.10907417168796353
  0.11906676921023969  0.13112082194609329  0.13987908759264059  0.15045471404356334
  0.16074302943492205  0.17296807160720787  0.18543525753153764  0.19760839826609761
  0.20911553441236735  0.21998900857275458  0.23136646845491010  0.24409338776764516
  0.25758300504900888  0.26764367164869990  0.27408751782312063  0.28141067512931150
  0.28913538049926107  0.29803886203595825  0.30672111640769728  0.31594297227672691
  0.32412058920816839  0.33209957998381545  0.34046424091436456  0.34966650514552194
  0.35859151888526003  0.36733265924311476  0.37865089928002849  0.39409531961519723
  0.41198409143540282  0.43035378250574019  0.44524358260956359  0.46003848648239493
  0.47482828562421553  0.49099942008137931  0.50673632813582636  0.51774522925196842
  0.52505009871436925  0.53211009282011923  0.53914865570889636  0.54574241450637773
  0.55705632985123388  0.56908438920297866  0.58386377316623039  0.59890413929656716
  0.61196918428314295  0.62335480919538522  0.63262698019163699  0.64013819135765015
  0.64757184474347140  0.65472131875931194  0.66142028895456495  0.66846879875262888
  0.67562352125334724  0.68285931964367230  0.69170117375275642  0.70165677625547784
  0.70855782113259047  0.71455523538248000  0.71993714008651788  0.72619430246382488
  0.73432987288644103  0.74351133559070270  0.75240956978156648  0.76062861842428642
  0.76878030506414363  0.77741579746909395  0.78618797988008093  0.79526268503520969
  0.80472636177517909  0.81414785596201777  0.82233103492568937  0.83129690758502339
  0.84347870890520305  0.85822331022818776  0.87156281596712548  0.88263100577493847
  0.89206994848178256  0.90062806908268911  0.91066065685961117  0.92462235210596477
  0.94152630377660451  0.96066974572660957  0.98082651348887162  1.00000000000000000
 -0.00270784517650956  0.00981047308561106  0.02174546144354908  0.03364756267604477
  0.04335529032829410  0.05160574511316222  0.05930416985509025  0.06752583105036285
  0.07371381383081785  0.08021542953009277  0.08762372320669479  0.09616429512173032
  0.10535232989414538  0.11467557822108083  0.12558188021324496  0.13786324148163340
  0.14969314649341742  0.16300610758169129  0.17848334386110548  0.19198639184205984
  0.20612226041179382  0.21956327865795183  0.22952535463145854  0.23537606033944383
  0.24291154571950827  0.25207437127573690  0.26240944803404020  0.27111347603640784
  0.27851998709707249  0.28599765656132559  0.29452154590241464  0.30499789871290933
  0.31532719305890694  0.32328485764033593  0.33044488783714021  0.33716925948114373
  0.34373300280553665  0.35297870538531029  0.36355035203539038  0.37522732742974196
  0.38536364159197195  0.39245948026270511  0.39716769963594634  0.40315679328596571
  0.41011462815016303  0.41669106412729923  0.42265604960923264  0.42638416913321964
  0.42962223639605607  0.43386490081972462  0.44955602881015821  0.46216404044700760
  0.47155216443383019  0.48184825700321210  0.49449664587636616  0.50563138813371733
  0.51702438936089457  0.53342248628492439  0.55371469846352694  0.57181309645875111
  0.58834783793147105  0.60366579235612250  0.61781319921493516  0.62975032285565680
  0.63877411930003380  0.64855699162897862  0.65827078554888940  0.66882952263698214
  0.67905747577997466  0.68670943114389171  0.69468317512368094  0.70370548817196299
  0.71498177664234519  0.72972885217020889  0.74933784158830441  0.76312684223597071
  0.77582820611599745  0.78814653934841306  0.80043509701744386  0.81282368029880969
  0.82500352957726142  0.83798035099388501  0.84977077522200550  0.86283422199450288
  0.87739428486664528  0.89133327472661228  0.90246615204540925  0.91014541206908905
  0.91751414264764186  0.92524210913752281  0.93442738613067522  0.94676495779371217
  0.96022466042798837  0.97357275433864088  0.98690358039457304  1.00000000000000000
 -0.00307091421155253  0.00815060703358758  0.01862635985436298  0.02852657950605811
  0.03800332169081113  0.04740689014181932  0.05779203145232211  0.06879907645118488
  0.07797897952503190  0.08789461465382858  0.09896366004617049  0.10935227664918955
  0.11942631503208039  0.12952499319453079  0.13897225087257664  0.14900660552819681
  0.15878810310672015  0.16757342791305166  0.17697557678767034  0.18760041778721870
  0.19882735501322241  0.20964376715804084  0.21946016669383345  0.22848710706621056
  0.23836525216421978  0.24951229777465786  0.26092426639899124  0.27309477618439520
  0.28671219634683703  0.30027478651326844  0.31324382610242096  0.32705765141798232
  0.34312683883260953  0.36193268973379722  0.37954619904994646  0.39202353450288324
  0.40197635047146280  0.40980835723810016  0.42032013808886820  0.43044941337427561
  0.44212894952773257  0.45423888817829550  0.46336311808517044  0.47165552288079038
  0.48137649529789922  0.49286810098323641  0.50782113866099277  0.52356504621617772
  0.53761085252496099  0.55129492265858204  0.56416784657404118  0.57551904056029823
  0.58913462070057054  0.59862989276636935  0.60930959068973189  0.62183724972485765
  0.63639899162143598  0.65618753425933485  0.67419537446317457  0.69039689551853056
  0.69936177731315474  0.70768456381735168  0.71546342287189424  0.72288332456676674
  0.73178072269901828  0.74201782306470876  0.75267464098283499  0.76514358095760560
  0.77820744795572261  0.78939576319356963  0.80051711719310414  0.81040183687624268
  0.81831086982692725  0.82617968500704053  0.83444564014210654  0.84225370983336911
  0.85086819940779757  0.86189603117683089  0.87143719059033409  0.88276824860889413
  0.89583243669240964  0.90973465032567524  0.92369858841378916  0.93621748180030584
  0.94456142855425651  0.95069138873834769  0.95672159884426067  0.96313137660813308
  0.97184211630556794  0.97987064306367766  0.98504338884703491  0.98744247904851612
  0.99063163905472262  0.99367281580535449  0.99655484520628268  1.00000000000000000
 -0.00436467065002940  0.01619896531773261  0.03093822408749908  0.04254608025861741
  0.05193411596984618  0.06145568378662563  0.07324819221207267  0.08470696900860089
  0.09361186984451653  0.10230663002152783  0.11342095354107537  0.12339393105254261
  0.13162199099548666  0.14043330922805819  0.15221121918545419  0.16816912386614394
  0.18303136329311046  0.19572705106868810  0.20457462477703386  0.21108243397188775
  0.22015640585812066  0.22960412415295078  0.23676405491620317  0.24692123109344652
  0.25919265403269187  0.27273481751761791  0.28670287796003968  0.29989382037347306
  0.31270894972432822  0.32446221543547882  0.33279105698271388  0.34111730505001847
  0.35011059447667781  0.35790403128140352  0.36473450542873920  0.37328485120787058
  0.38189286725421595  0.39118086334660107  0.40103968445994698  0.41066843407767567
  0.42132177557487066  0.43464741044770450  0.45009589159457430  0.46349814475019074
  0.47390639474621654  0.48396431751299829  0.49374057217761441  0.50285995598712385
  0.51103753224634918  0.52014822970242858  0.53032848459151471  0.54031398806642972
  0.54978944097861004  0.55919295821449255  0.56863964138554435  0.57771075410499761
  0.58805609724631447  0.60157594898202782  0.61391129011304879  0.62569656767216786
  0.63568061773081774  0.64640846663663976  0.65786837126122966  0.67008778712651251
  0.68310622279912558  0.69630216475842188  0.70489071788787905  0.70930575914626670
  0.71462184750977831  0.72112819355665114  0.72625597679007670  0.73154592665945894
  0.73753914776690654  0.74411679984552603  0.75110125724460408  0.76063451801684323
  0.77196307145074561  0.78720378432408633  0.80056924663798890  0.81284529652236270
  0.82577033066873895  0.83935128870405218  0.85458500146972605  0.86732962266234637
  0.87705338407502742  0.88685973120441142  0.89667196698829266  0.90701374204313800
  0.92016930019493526  0.93909324142793227  0.95537795418958993  0.96713558419192835
  0.97586015486286093  0.98343542736961198  0.99156067810146165  1.00000000000000000
 -0.04728251415238562  0.51699880207989524  0.53854345533679560  0.54687872008137617
  0.55149594880649222  0.55352398574267481  0.55427353243967969  0.55476897525486724
  0.55522379515450915  0.55561202608284821  0.55592106297373034  0.55616093458446991
  0.55634645695385876  0.55649957795443095  0.55663278644529335  0.55675203562358233
  0.55685923623498301  0.55695936051194317  0.55704761793011159  0.55711472043678634
  0.55717245569506968  0.55722350322999681  0.55726934027431940  0.55731074860526664
  0.55734716204266266  0.55738163015817566  0.55741319682215251  0.55743868003253694
  0.55746205809607197  0.55748445540038516  0.55750496078589129  0.55752359267846130
  0.55753605034899678  0.55754846543606496  0.55756083495729114  0.55757281673828651
  0.55758465002719504  0.55759575438946996  0.55760676247179963  0.55761742456670604
  0.55762803666532101  0.55763858092871799  0.55785782032811426  0.55787962816977710
  0.55789800450115212  0.55791418260049663  0.55792910525850703  0.55794314059857730
  0.55795756860227974  0.55797302285619577  0.55798877954520021  0.55800544871238034
  0.55802321421729062  0.55804285505638573  0.55806339127138627  0.55808451755619459
  0.55810864160204288  0.55813415004108213  0.55816137938493970  0.55819132172722630
  0.55822421318707838  0.55826011969925349  0.55829880318470548  0.55834057244659874
  0.55838705255840193  0.55844028405194579  0.55850265960188861  0.55858136547256509
  0.55867404255201236  0.55877678475554160  0.55889978637289162  0.55903516478245974
  0.55919548975527400  0.55938448239368410  0.55962832649339356  0.55992974487233038
  0.56034699216030359  0.56102155740671278  0.56201116165283682  0.56340764248977304
  0.56547287191373052  0.56852935614588362  0.57373131925203114  0.58139121119860482
  0.59815910371072833  0.62810550817159905  0.68026314302203650  0.73237000867289692
  0.75986563451078060  0.78374203675537191  0.81310554564848680  0.83912269111774529
  0.86468062760768216  0.89115672867508866  0.92764750176921629  1.00000000000000000
 -0.02318701784025882  0.11286502168469212  0.14588746099528338  0.16910280756777288
  0.18560233060208439  0.19937848814863871  0.21447988030611542  0.23156725131215508
  0.24742597835884536  0.26022738739628554  0.27082604297649648  0.28284308010738268
  0.29559184318580967  0.30874882915526441  0.32098294084294393  0.33016372532409671
  0.33410463369953097  0.33704125130178897  0.34056029631548645  0.34397608757667414
  0.34731032970636866  0.35059270999330860  0.35340537637196967  0.35629519994129161
  0.36045161479470894  0.36747918090145854  0.37586553261645700  0.38397279539482349
  0.38946942442257076  0.39335887244883500  0.39756086094332688  0.40253897636630498
  0.40714991137601930  0.41157228433549242  0.41687303994209263  0.42308546324532254
  0.42954443378584517  0.43488696473993110  0.44033399278643670  0.44604291584251854
  0.45165385497703142  0.45755977289018157  0.46395568272646676  0.47008037963738775
  0.47628825783814671  0.48246268153824079  0.48828494591043170  0.49405201511090496
  0.50063541303907666  0.50959066731325287  0.51704275478503881  0.52341090038524574
  0.52950981250715878  0.53523057236289939  0.54051074734195514  0.54564248007431637
  0.55035955231052491  0.55619521607532008  0.56407831762926830  0.57187006032606558
  0.58022467037311187  0.58941226298912341  0.59732444219689751  0.60412131149548021
  0.61026349685508974  0.61537888541662189  0.61934785702460171  0.62474390102196264
  0.63057541679678220  0.63610623702449898  0.64105769063607720  0.64634781751726100
  0.65264053767459762  0.65999037973537134  0.66775021792070044  0.67507609881883468
  0.68200762448033714  0.68830292711642171  0.69415618918242816  0.69970623170048718
  0.70670106246003239  0.71445111201580469  0.72231732491552558  0.73004028135540255
  0.73753514708960122  0.74532887357263022  0.75450376594700663  0.76601982337893926
  0.77998477171712277  0.79748840125803167  0.81673886121267225  0.83528160739432844
  0.85553669644869235  0.88218761379716681  0.91785707063299149  1.00000000000000000
   2.1659923952345566E-014  -1.0000000000000000     
 T T T T F T T F F T T F T T T T T T T T F T T F F T T F T T T T T T T T F T F F F F T F T T T T T T T T T T T T F T T T T T T T T T T T F T T F F T T F T T T T T T T T F T T F F T T F T T T T T T T T F T F F F F T F T T T T T T T T T T T T F T T T T T T T
  <DiscreteSampler_grid>
  grouped_processes
  1 # 1 for a reference and 2 for a running grid.
  10 # Attribute 'min_bin_probing_points' of the grid.
  1 # Attribute 'grid_mode' of the grid. 1=='default',2=='initialization'
  0.0000000000000000 # Attribute 'small_contrib_threshold' of the grid.
  0.5000000000000000 # Attribute 'damping_power' of the grid.
 # binID   n_entries weight   weight_sqr   abs_weight
    10   10   2.090930320440649E-007   3.550596006004722E-013   2.090930320440649E-007
    11   10   2.090930320440648E-007   3.550596006004720E-013   2.090930320440648E-007
  </DiscreteSampler_grid>
