  0.00000008363496722  0.00000020623321746  0.00000031823754466  0.00000043814392393
  0.00000057301171512  0.00000070547293644  0.00000083654069581  0.00000096283856964
  0.00000107595469725  0.00000118778693005  0.00000130431916024  0.00000142816341618
  0.00000155570540638  0.00000168701052059  0.00000181264564328  0.00000193505559195
  0.00000207553236581  0.00000221712746442  0.00000234978278780  0.00000247704044504
  0.00000260677797520  0.00000273947127033  0.00000288070508682  0.00000303375657616
  0.00000317899282178  0.00000332844715857  0.00000347280516474  0.00000362218362251
  0.00000377377582960  0.00000392623271355  0.00000407905042991  0.00000424735538249
  0.00000442810559911  0.00000459947430694  0.00000475970447829  0.00000492163335743
  0.00000508706250356  0.00000527485033578  0.00000546936494871  0.00000567958609594
  0.00000591260805087  0.00000618270943628  0.00000649895928143  0.00000680906993813
  0.00000712478983758  0.00000747348231632  0.00000783479320945  0.00000821325046914
  0.00000860558655165  0.00000911669934868  0.00000962986849782  0.00001015091446177
  0.00001064794232531  0.00001114854784817  0.00001162811825336  0.00001207922209404
  0.00001253552504104  0.00001301006825020  0.00001348851593742  0.00001395502413652
  0.00001440218830151  0.00001484289111635  0.00001531319165759  0.00001580305483341
  0.00001628706315471  0.00001675599095500  0.00001720329099072  0.00001761145349555
  0.00001801828231989  0.00001843733984955  0.00001888992167512  0.00001936492008801
  0.00001983905789382  0.00002031413152159  0.00002082008036451  0.00002133382960244
  0.00002184756813288  0.00002236423581621  0.00002288899839784  0.00002341597354672
  0.00002397465067600  0.00002456795161927  0.00002520497183790  0.00002586998496142
  0.00002654649133179  0.00002727745285436  0.00002817581940651  0.00002908472370590
  0.00003002724454710  0.00003096687382722  0.00003199529807732  0.00003324505521763
  0.00003476564484300  0.00003627159337095  0.00003714213415279  1.00000000000000000
  0.00000007917959604  0.00000026840657082  0.00000042962079758  0.00000060437168121
  0.00000076422188669  0.00000092437313119  0.00000107618784838  0.00000121835422747
  0.00000135187272019  0.00000148291452361  0.00000162035345473  0.00000177374066177
  0.00000192284721119  0.00000207804955079  0.00000222949312178  0.00000238273575252
  0.00000254409557881  0.00000270581049835  0.00000285812705295  0.00000300168332407
  0.00000313922867509  0.00000327829936901  0.00000342204474365  0.00000357471472644
  0.00000373053021560  0.00000388555089213  0.00000406103231290  0.00000426290544181
  0.00000446881136210  0.00000466379721391  0.00000485729164918  0.00000505816917958
  0.00000526972004369  0.00000549322365689  0.00000572183519627  0.00000597244821494
  0.00000623883956831  0.00000652542684598  0.00000683057123196  0.00000715239909382
  0.00000748687748767  0.00000784968841083  0.00000821287622975  0.00000861904547402
  0.00000907370713935  0.00000956921670869  0.00001007197492997  0.00001056662216654
  0.00001101552153637  0.00001143988141196  0.00001185405709819  0.00001226830725246
  0.00001266278502421  0.00001305099216566  0.00001342768966870  0.00001382084002817
  0.00001422433186346  0.00001464251454143  0.00001504391243107  0.00001542956681291
  0.00001580540082734  0.00001618869789870  0.00001657173743660  0.00001695212822605
  0.00001733853195193  0.00001772339328295  0.00001810433351957  0.00001851914425563
  0.00001897128956613  0.00001943658158310  0.00001988044904819  0.00002030970706485
  0.00002073898056232  0.00002117430027005  0.00002161358090340  0.00002203734926498
  0.00002260627451175  0.00002324512632361  0.00002388135406170  0.00002453242617940
  0.00002516582582266  0.00002576788366095  0.00002633015202303  0.00002697142201624
  0.00002765102283081  0.00002835039816044  0.00002906616694890  0.00002980714041534
  0.00003062914557862  0.00003156377573518  0.00003303557251316  0.00003488407497559
  0.00003697935859356  0.00003968258369688  0.00005253510913219  1.00000000000000000
 -0.00289320988145184  0.00877187164325892  0.01866780183466911  0.02829863354824040
  0.03824879756745644  0.04871392546474501  0.06000136114765231  0.07147313524873240
  0.08093290561208587  0.08999954935474994  0.09905159446183953  0.10945753396647244
  0.11995096790834639  0.13034482884638132  0.14084430275385315  0.15094277204984993
  0.16059611891906769  0.17029688299898540  0.18073442005615786  0.19156794948755015
  0.20216503335528060  0.21265569613147006  0.22328781654174168  0.23415611716178486
  0.24561582711998040  0.25788376206468089  0.27000417917045755  0.28191307001444288
  0.29349490437397502  0.30495507208968570  0.31611028245511752  0.32723497087271747
  0.34076455892375718  0.35410261540326021  0.36735353075820665  0.37992888555344384
  0.39268216846824100  0.40556660150096985  0.41899845994374518  0.43245019283183367
  0.44657035930891098  0.46154037473804638  0.47577997589123444  0.48911014507502298
  0.50218122657026032  0.51525105096865698  0.52784818891159446  0.53982828222309021
  0.55223909460388043  0.56412956726270957  0.57568933074346729  0.58821388963723487
  0.60260468060552941  0.61734274530733146  0.62951095593849038  0.63953298290904226
  0.64990252306888974  0.66052247719689583  0.67029692842352906  0.67943506447557778
  0.69023294386108924  0.70307858610394902  0.71586836259039754  0.72787601174455885
  0.73883571232673728  0.74976700415928421  0.76081232179546932  0.77196037679435714
  0.78304776018076594  0.79370784584586096  0.80357746684141640  0.81323506284346958
  0.82275011949015386  0.83233910367382269  0.84101851277687378  0.84939839064268996
  0.85707647339096327  0.86462201279205098  0.87188478589958851  0.87897961805716007
  0.88587629715574934  0.89287886253216686  0.90030742140723052  0.90801307661449249
  0.91569530864219073  0.92336720637065961  0.93103163182934279  0.93879943677135813
  0.94656273747311370  0.95411435978938075  0.96146067411107716  0.96902092661083838
  0.97720330343480744  0.98511974908787336  0.99295984285637362  1.00000000000000000
 -0.00183102782514753  0.00849731540598092  0.01711511423584600  0.02591715871245819
  0.03507238898209339  0.04444556454109316  0.05382646423845794  0.06314488935171529
  0.07324698370969726  0.08449809373019175  0.09676428870752837  0.10887789243156842
  0.12041235076843264  0.13149344117711140  0.14230575781405627  0.15314337225366340
  0.16424740313740227  0.17526388972208512  0.18594277780287377  0.19671605949963833
  0.20769713801051645  0.21934935008462395  0.23191057115255925  0.24435846165204514
  0.25554614015984556  0.26486419494279739  0.27422684985410062  0.28365078698153506
  0.29338127520120599  0.30217195994560775  0.31024430246290347  0.31904644582970043
  0.32914909920347529  0.33933736511559465  0.34991864396913153  0.36126001666650648
  0.37177885328414123  0.38147575684124113  0.39022643904330634  0.39965199163168541
  0.40987465736018625  0.42067267778114242  0.43082787049958682  0.44150193982209646
  0.45189427689324485  0.46363378549746459  0.47452066092477829  0.48561094764471902
  0.49707517692728959  0.50830543954526597  0.51954278844087343  0.53022179613170561
  0.54008784366809670  0.55016992930372388  0.56034426159950113  0.56991566841803010
  0.57965779559368780  0.58924380445074820  0.59853120444260532  0.60757027924379758
  0.61706813076030242  0.62683574176248191  0.63776165575785881  0.64862739228586752
  0.66061334650600634  0.67289048279441732  0.68504561081919257  0.69733446312379410
  0.70975249346329705  0.72170360722857463  0.73393778941804155  0.74676711039046917
  0.75937711828748067  0.77141415739193520  0.78232807871623089  0.79321597050189585
  0.80500569116808462  0.81641748734477915  0.82770148664318721  0.84026659038693619
  0.85286804480100353  0.86389700727118979  0.87374237090400042  0.88326529725941938
  0.89224269270943513  0.90081807417377391  0.90915947565847888  0.91748817623095891
  0.92700726283264356  0.93650036750980858  0.94597367885785755  0.95602835426299781
  0.96588211797737078  0.97587264235355375  0.98711171826950606  1.00000000000000000
 -0.00200287242119270  0.00915845464317049  0.01930764135294010  0.02897826517490711
  0.03930951849269410  0.05118954359819143  0.06326851190569782  0.07329465948920950
  0.08230433114335386  0.09182672292677305  0.10248234387829204  0.11385875766069410
  0.12525615523050571  0.13722136338000218  0.14831759998704677  0.15998323666104663
  0.17153041983741898  0.18328739159656685  0.19522956151732757  0.20725970831576337
  0.21989859437928114  0.23221346463430434  0.24340199267376922  0.25397274132331399
  0.26412677021328584  0.27422827761233098  0.28493560748931868  0.29642151752702434
  0.30839785062790620  0.32050395784661867  0.33220917541353362  0.34368923820671149
  0.35466144793880539  0.36394724165644760  0.37302046298346758  0.38280519293374066
  0.39315595467600423  0.40334486344602277  0.41306828023848280  0.42282228258187604
  0.43252524362341732  0.44208189082072252  0.45157096100479011  0.46206462046514912
  0.47289644166686734  0.48415671439403740  0.49506798432632487  0.50662523798196502
  0.51768188575938667  0.52826101127757352  0.53842525711091360  0.54908319856060972
  0.56021552663387153  0.57171493806878604  0.58350751423825642  0.59497601386713339
  0.60693644323110452  0.61896532333290455  0.62986047662583611  0.63960520055713299
  0.64880759584075998  0.65768235117777529  0.66652553736539766  0.67565361284497105
  0.68498514547806955  0.69463029421626732  0.70501707812683878  0.71547699501092643
  0.72621239003328342  0.73600868990484769  0.74542211706105976  0.75540673382905077
  0.76577095712267218  0.77629097940448222  0.78609540139678202  0.79580451216466430
  0.80559594902249099  0.81553806775348603  0.82559659793018192  0.83598249233849697
  0.84428132041012882  0.85292140754729640  0.86133608378605830  0.87056875176350390
  0.88002944295008068  0.88960490193624209  0.89977977440662615  0.91141783090065742
  0.92341276455560373  0.93520132517531551  0.94622920661865662  0.95750073432638028
  0.96963214135934628  0.98072948377653180  0.99075064884961961  1.00000000000000000
 -0.00305356810897076  0.01144899519287510  0.02254215283402028  0.03345517188297893
  0.04405693631425104  0.05496171245896562  0.06616420236488660  0.07749349322700663
  0.08824175243052895  0.09808889252279984  0.10788831788014679  0.11809413814137150
  0.12753301199968267  0.13667782256487776  0.14552541382239098  0.15513816334361547
  0.16505527723796415  0.17539195691625298  0.18611860301669128  0.19720646190477420
  0.20765397867305221  0.21696012567064943  0.22603312654338925  0.23580316773513055
  0.24603325063243953  0.25612655510281046  0.26662943767383346  0.27737603338587818
  0.28805396103004832  0.29842206190587373  0.30810519678318110  0.31797254933086128
  0.32781882837594273  0.33738238854997005  0.34605775598485433  0.35438531430028258
  0.36321290287355101  0.37280761717654987  0.38290235879915580  0.39272273523074402
  0.40428775254162125  0.41670308668158601  0.42794168988388659  0.43810217324956718
  0.44805707412661661  0.45810131447567010  0.46785251187526172  0.47727294857300612
  0.48733200458279780  0.49815664438317425  0.50981160611310394  0.52058426600009278
  0.53063835499790601  0.54050664114059199  0.55015712926658533  0.56052488826574154
  0.57206024055805094  0.58435488137952385  0.59651985058521106  0.60806766865052153
  0.61902639226199629  0.62988298821612554  0.64053893473072998  0.65065078499518592
  0.66026829395465592  0.66956994432804529  0.67891049097177203  0.68827845562462608
  0.69817253991991091  0.70821757566387233  0.71790188245389830  0.72737416534065680
  0.73664196941515159  0.74583395413223019  0.75527609197511547  0.76535763275672242
  0.77701506344658677  0.78890990919932058  0.79986468635244234  0.81028969923092109
  0.82128599624459331  0.83321801517287808  0.84508346755033958  0.85664175744602244
  0.86903284455063257  0.88159558134968274  0.89310606215619803  0.90417840390037274
  0.91542594822578571  0.92763092590731200  0.93984948898301790  0.95178555634833206
  0.96355678942715839  0.97600098740115671  0.98768657327192122  1.00000000000000000
 -0.00288939644712952  0.01148630099229709  0.02208987558589432  0.03350094544503648
  0.04597236638355995  0.05916088794439925  0.07138343150486505  0.08197526317873580
  0.09241132100222543  0.10324667636749021  0.11398429708406195  0.12565504726863924
  0.13851456196540424  0.15090328960512264  0.16254649403036875  0.17361082918422246
  0.18448435953299960  0.19528020917110328  0.20558033028764833  0.21497816105013781
  0.22428742580392552  0.23371585325695160  0.24466265340160862  0.25495406083521172
  0.26584013019329139  0.27681108021441708  0.28763310504535622  0.29754632351530935
  0.30768400360671261  0.31789149890223484  0.32922345454416541  0.33989132380656450
  0.35049634655482786  0.36083390860054815  0.37023348157404734  0.37922145417369263
  0.38817333120476011  0.39759667329033854  0.40743126169222199  0.41755870952047680
  0.42767447778043660  0.43811146476441853  0.44882424495823131  0.45926249221088034
  0.46956363810428947  0.48005238741804679  0.49265178580783620  0.50423334205297210
  0.51460594704641793  0.52450802690312526  0.53379749280712085  0.54310521055742345
  0.55267554083853498  0.56196291524299202  0.57096233690563625  0.57975202814265681
  0.58901036818935881  0.59924539542120403  0.61047994481509238  0.62234034725737286
  0.63257654913817363  0.64233729872564238  0.65144910377931464  0.66017345036042541
  0.66896936846571819  0.67841877974101039  0.68809038904101105  0.69847872073917194
  0.70869030510116870  0.71844270353170481  0.72849802713571166  0.73890783346326583
  0.74943703602669343  0.75881630976766812  0.76865106773859915  0.77963251665284350
  0.79079271909241078  0.80117181031339768  0.81089999456456408  0.82199318391652576
  0.83332202317254633  0.84423738118852831  0.85495987738862522  0.86474753636346635
  0.87434160192517918  0.88476523554133668  0.89549308230598379  0.90646896206515548
  0.91703794139325367  0.92788400768469470  0.93912652356574899  0.95076675873247785
  0.96271999160015653  0.97450257637634141  0.98677363169963606  1.00000000000000000
 -0.00222324750450096  0.00799417689677209  0.01745161146645138  0.02664941166851273
  0.03593547572255451  0.04598611740373076  0.05616365964822280  0.06669821710523187
  0.07703780567677482  0.08851790485225221  0.10051848178921861  0.11104792283487497
  0.12046632328379499  0.13066527207962059  0.14118214871689716  0.15215500058892548
  0.16284358957786968  0.17304349653875986  0.18302624946535556  0.19275205626878561
  0.20237829562195875  0.21303203202911294  0.22284827956486147  0.23272680294078643
  0.24291744338261728  0.25267826127337023  0.26317427487611700  0.27387790364704656
  0.28592007357176746  0.29700126036518643  0.30769091153421302  0.31818289924634452
  0.32897793364789923  0.34056511720358840  0.35208729011136669  0.36289112156139491
  0.37390294105155131  0.38522146457258238  0.39652713486566143  0.40768358384422620
  0.41849466804017033  0.42973727834046110  0.44041373286433044  0.45120687405213189
  0.46192647751416893  0.47285562010118126  0.48352404286907208  0.49470406275762524
  0.50686921130523321  0.51839531943767669  0.52838071766877426  0.53763071792704142
  0.54634438153978049  0.55465278360196946  0.56270026644760451  0.57142815349523979
  0.58088066905863900  0.59190739681585824  0.60376430636236678  0.61451599814909819
  0.62423981644857751  0.63388238893598237  0.64282905447585648  0.65187065832304791
  0.66110478018510344  0.67182636837878307  0.68271429782924653  0.69332352626946014
  0.70436254569258150  0.71501006665565980  0.72591296033928077  0.73707744556542576
  0.74792872283007428  0.75787769442556208  0.76831706245669229  0.77936818320497947
  0.79004501196438737  0.80066195235856874  0.81115418687801311  0.82162028051779734
  0.83185741936055124  0.84195272941544719  0.85239662000212835  0.86242828046629239
  0.87241708230255766  0.88288275561240004  0.89321848211761246  0.90302302612996832
  0.91327308367634907  0.92493805861581591  0.93782349677860943  0.95144448105633228
  0.96463155605377848  0.97775102683010340  0.98942744430238672  1.00000000000000000
  0.02369885771897562  0.03804071411919781  0.05208774334399724  0.06561364393797883
  0.07812230840798171  0.08946567962379438  0.10024967635852568  0.11084383563117618
  0.12143536169783223  0.13317464249152774  0.14598894012913602  0.15859991575036156
  0.17112144096205717  0.18270353136966430  0.19347462276342295  0.20357704343020644
  0.21402967599050221  0.22490631215937168  0.23622884676141909  0.24807073577464112
  0.25942346601511235  0.27050069699910340  0.28140368897259771  0.29243065831002146
  0.30321533497068903  0.31436147635678258  0.32627365728400765  0.33725078720621920
  0.34736798806238889  0.35820527259422003  0.36998807403002792  0.38166848386891145
  0.39269288004050806  0.40364077222776923  0.41495388126695343  0.42678892594409673
  0.43897701757272917  0.45096937876534349  0.46266223885574365  0.47416082027675766
  0.48536404242766795  0.49618125234935762  0.50631108561971394  0.51592012672973853
  0.52598044933177379  0.53583357802710541  0.54533750638520428  0.55474437898773665
  0.56455188814173463  0.57426398235641141  0.58332057505976143  0.59175524527423651
  0.60019931059322051  0.60939796743454799  0.61895017057251756  0.62890616209205108
  0.63919554392251920  0.64971411860661099  0.66024616778055190  0.67030678909750607
  0.68000895343077405  0.68908327978811179  0.69728737639160498  0.70566164061604264
  0.71407546281136869  0.72262490712262939  0.73163390739875789  0.74107447872394661
  0.75067685925468042  0.76099811286058083  0.77177277470267147  0.78212655581222101
  0.79198778240173218  0.80143210799331244  0.81105613542947874  0.82059526574996100
  0.82949720848557285  0.83826420728473261  0.84726339759529590  0.85670293107571971
  0.86667563675356929  0.87594048692870419  0.88296841623535793  0.89058864926153736
  0.89903509992582042  0.90704113539123354  0.91444526647553548  0.92210352224651870
  0.92977784615870540  0.93719374021024071  0.94561652934837948  0.95366086021333818
  0.96086718403387006  0.96690580429523088  0.97108936555703784  1.00000000000000000
 -0.01335996337934548  0.08143460751836003  0.11672797927660578  0.14057415768613088
  0.16087139970831812  0.17825753206723852  0.19298864943194258  0.20569710429416727
  0.21705524908481896  0.22792238500845508  0.23847147108334404  0.24841444041874883
  0.25776958490483254  0.26645352557297103  0.27523925002197863  0.28461982993796964
  0.29358239100987621  0.30095660573892724  0.30867279536246933  0.31598413851076185
  0.32308370582741663  0.32993413426245405  0.33639382260682260  0.34260225331258726
  0.34902152698175132  0.35573834816581323  0.36279992738181960  0.36974132240264107
  0.37640529200822043  0.38259379731481225  0.38867664899231424  0.39516312204130333
  0.40199478455970178  0.40847359514510939  0.41448728191192896  0.42035114922090028
  0.42615864405435294  0.43200705795440097  0.43829946287483174  0.44483683394759393
  0.45156121267702637  0.45765084393623823  0.46327267009193679  0.46886712683678911
  0.47429999335559181  0.48022737773315571  0.48679571251575016  0.49351625068821386
  0.50003518541628589  0.50585802378218203  0.51131917558015916  0.51696149136985503
  0.52306548952564424  0.52957841721401311  0.53608219955237257  0.54230763915812186
  0.54824804386415216  0.55401257732122400  0.55969439052911740  0.56534721393404375
  0.57118074097470850  0.57697163814430130  0.58298696818311735  0.58846128235585771
  0.59399795811923706  0.59989510220748132  0.60609500644842385  0.61266400199666793
  0.61925509688744940  0.62594243366893987  0.63353148801232995  0.64091636154434428
  0.64894653651705048  0.65741956187099670  0.66569579528206990  0.67409451487079974
  0.68227167658117671  0.69040138182903432  0.69956223529317973  0.70914772547076543
  0.71926026597082637  0.72894401648176033  0.73855820585484055  0.74777693952128643
  0.75691429660406651  0.76557055481196057  0.77580052348352357  0.78711229034193186
  0.79924110744692545  0.81259751493965748  0.82683467974902025  0.84221479129761656
  0.86046816355304168  0.88437498409313431  0.92258440723512947  1.00000000000000000
   1.9003817876034010E-017  -1.0000000000000000     
 T T T T T T T T T T T T T T T T T T T T F T T F F T T F T T T T T T T T F T T F F T T F T T T T T T T T T T T T T T T T T T T T T T T T T T T T T T T T T T T T T T T T F T T F F T T F T T T T T T T T F T T F F T T F T T T T T T T T T T T T T T T T T T T T
  <DiscreteSampler_grid>
  grouped_processes
  1 # 1 for a reference and 2 for a running grid.
  10 # Attribute 'min_bin_probing_points' of the grid.
  1 # Attribute 'grid_mode' of the grid. 1=='default',2=='initialization'
  0.0000000000000000 # Attribute 'small_contrib_threshold' of the grid.
  0.5000000000000000 # Attribute 'damping_power' of the grid.
 # binID   n_entries weight   weight_sqr   abs_weight
    10   10   6.582378915840295E-010   1.841250201277387E-018   6.582378915840295E-010
    11   10   6.582378915840291E-010   1.841250201277386E-018   6.582378915840291E-010
  </DiscreteSampler_grid>
