 -0.00211147325238472  0.00804716290068468  0.01643367703464120  0.02501296384491753
  0.03401748873361864  0.04355912721266331  0.05360850167090477  0.06377274269174138
  0.07390194405502531  0.08377745340457844  0.09338963621525027  0.10306041617603831
  0.11330821016706467  0.12387194712228537  0.13441432959409355  0.14495139732056825
  0.15547822503756148  0.16605631549963584  0.17644071353782603  0.18690636265592281
  0.19757241198894979  0.20843218728433882  0.21939384746369234  0.23046768800928510
  0.24162855558560553  0.25294558513538878  0.26396027345289202  0.27484530679203412
  0.28575110665353298  0.29617015294681154  0.30640042993960687  0.31619897458997165
  0.32711681949845262  0.33895208049323317  0.35170706500499277  0.36334095663973903
  0.37456584890786215  0.38574339938411012  0.39692963259078690  0.40778529464917834
  0.41890230450432925  0.43009729674473696  0.44112325558302451  0.45188592898696156
  0.46238083442013328  0.47290323818038177  0.48352696701245340  0.49408201519923473
  0.50455894593817519  0.51505716009675051  0.52565350790923104  0.53649136052315149
  0.54739270413404650  0.55828377570685217  0.56920125388118625  0.58007991139497761
  0.59054609103754951  0.60059628804445964  0.61071624133841296  0.62058378306491158
  0.63013640585827768  0.63969800641438368  0.64964927317744470  0.66007875202923649
  0.67046278233541745  0.68108501044280301  0.69225482736240718  0.70325232200928978
  0.71378095521043994  0.72412569061869125  0.73462349870772359  0.74501263414956564
  0.75518831274656384  0.76536721897629767  0.77556838379047688  0.78599442260306995
  0.79634720844381601  0.80734524356097515  0.81845510856643500  0.83003343546414088
  0.84169166737258028  0.85374379348159246  0.86558735102886131  0.87680776059316057
  0.88737852995804412  0.89796125815891770  0.90909942905468832  0.92050016675092894
  0.93164193227688386  0.94254674819344841  0.95295388176481599  0.96341648595893858
  0.97308685706030706  0.98235128592105492  0.99102788992692414  1.00000000000000000
  0.00000798122580193  0.00000864885395585  0.00000905070811188  0.00000960293117433
  0.00001022186881500  0.00001070169877670  0.00001113305257826  0.00001151245189469
  0.00001185193736303  0.00001217318978842  0.00001247041341522  0.00001275069935914
  0.00001301729874010  0.00001327301637920  0.00001352266107832  0.00001376996461327
  0.00001401661768347  0.00001426100578590  0.00001449776307917  0.00001472588973757
  0.00001495525322988  0.00001518771493955  0.00001542508349946  0.00001566722843078
  0.00001591057726181  0.00001615617953348  0.00001640483702484  0.00001665760092321
  0.00001691832953944  0.00001718941761982  0.00001746859489078  0.00001774815521434
  0.00001802772684530  0.00001830031195332  0.00001861750626567  0.00001894290427739
  0.00001926451396908  0.00001958997867835  0.00001992367601014  0.00002025784072286
  0.00002059687618370  0.00002094078416296  0.00002129519760507  0.00002165848931994
  0.00002202775529005  0.00002243915178161  0.00002291919332475  0.00002339281611138
  0.00002388587121844  0.00002441601491005  0.00002495494197664  0.00002549188508900
  0.00002604373352594  0.00002661386223532  0.00002726849067344  0.00002795451853413
  0.00002865112416198  0.00002937527503716  0.00003010568675282  0.00003085229958891
  0.00003162424341454  0.00003249219286375  0.00003349992462440  0.00003448798814874
  0.00003545305281873  0.00003641669095651  0.00003739143844801  0.00003842624167144
  0.00003962612180014  0.00004099814947724  0.00004249271378099  0.00004418576064010
  0.00004632757104376  0.00004880504601655  0.00005092812918297  0.00005290163520320
  0.00005481828099568  0.00005689335689913  0.00005874849278687  0.00006063678183355
  0.00006272355613684  0.00006495871639560  0.00006736478494089  0.00007072576522172
  0.00007316938170377  0.00007512267771475  0.00007698210094179  0.00007862713221887
  0.00008098342895222  0.00008377463379777  0.00008992955998795  0.00009195859793679
  0.00009367332343629  0.00009663168142275  0.00010312782176534  1.00000000000000000
 -0.00185936654014753  0.00843824396402678  0.01765072879379086  0.02832019547343542
  0.03958403357525306  0.05035930872918219  0.06059429811225590  0.07072842471760930
  0.08139161825308631  0.09195855292138772  0.10226796686438828  0.11224622115441696
  0.12246132627754365  0.13256738932550952  0.14317153614411959  0.15403867706226318
  0.16551275458981193  0.17621556188134890  0.18700711871155129  0.19754440410490998
  0.20790691482684656  0.21807663388367354  0.22790288552942339  0.23802453677974869
  0.24833340093886799  0.25864112127513872  0.26965579910270976  0.28125790100353082
  0.29278491284869457  0.30389640852139271  0.31483952754160371  0.32622653659357564
  0.33772725957427480  0.34885130347896037  0.35953767825347949  0.36982896545311977
  0.37998305771214241  0.38997893122440314  0.39988395914624097  0.40979559867776871
  0.41953747837285005  0.42907152468275228  0.43889704402691210  0.44874777205288957
  0.45883275720020017  0.46866329875371998  0.47908378493878662  0.48906735461421214
  0.49883880724945495  0.50867776693000899  0.51895214773668163  0.52941230451646082
  0.54008901577716928  0.55141877024775088  0.56246246785027754  0.57315764510728551
  0.58391052378057162  0.59505852702509643  0.60618694891548441  0.61641657536896011
  0.62665469303795296  0.63711359739712503  0.64789580541024083  0.65838582262655421
  0.66892716031758270  0.67968901252838410  0.69071174309827610  0.70195180983586036
  0.71334588560502943  0.72478286719321239  0.73592667069544171  0.74648865712270762
  0.75668550063658191  0.76681794677104742  0.77716839693544526  0.78792883388558399
  0.79833842131984567  0.80870231307273988  0.81900625980743746  0.82939848789465986
  0.83943494786087669  0.84992471168421946  0.86159144769703389  0.87300452518889127
  0.88368274339529740  0.89383224120800631  0.90407997944961738  0.91416446909571192
  0.92381270307704499  0.93349149389826092  0.94358274994037583  0.95475793940726228
  0.96676909319702808  0.97865746484190186  0.98963141319625147  1.00000000000000000
 -0.00166058166379158  0.00985224129536329  0.01952996751715915  0.02943889160195490
  0.03914736951697896  0.04979755390742561  0.06047231651013671  0.07128664062514378
  0.08202483562100810  0.09333951553845250  0.10459093542791631  0.11532347817725758
  0.12579574442498515  0.13610342763823069  0.14603684530569083  0.15588671868176635
  0.16602266535095028  0.17691565222780217  0.18766915300400147  0.19772384907018917
  0.20775991282421769  0.21774959997776122  0.22820157993314996  0.23941146929178989
  0.25052845546863284  0.26183859937680526  0.27256631992014091  0.28367187358129792
  0.29491173765833800  0.30614617576454606  0.31727922255617391  0.32795077571372172
  0.33857821906460578  0.34920068296305912  0.35965970584106105  0.37030227505542335
  0.38089472521107387  0.39170773490888694  0.40177451403455045  0.41169923904392147
  0.42142558428762472  0.43144517875684163  0.44188250822553310  0.45262844416942927
  0.46339256538183160  0.47377502132682930  0.48376556042397434  0.49376444469925579
  0.50364868524079776  0.51360219087805303  0.52365104000445661  0.53366381568577148
  0.54379223189655113  0.55397855561944498  0.56445805890369460  0.57531317784470959
  0.58597095530442633  0.59666222770173061  0.60718547133762690  0.61797122994467346
  0.62891059295605911  0.63976758884839025  0.65075826017971772  0.66198153308138374
  0.67309832744593834  0.68383997444305566  0.69398868572305172  0.70455671337259029
  0.71497255955697214  0.72524509832217010  0.73545454104923436  0.74620163075332313
  0.75765514438076720  0.76932502153820903  0.78031100623202776  0.79131964216552586
  0.80197095318010769  0.81294613065195787  0.82331025241693112  0.83322411580359301
  0.84289916609125737  0.85266311152455410  0.86261175776277532  0.87239216046947454
  0.88278718048907767  0.89315525017686759  0.90397269343319675  0.91463667013976568
  0.92585478274595934  0.93705562685554622  0.94733947628951365  0.95796885247027641
  0.96861187927501069  0.97945097321192887  0.98973393289173439  1.00000000000000000
 -0.00306592745138625  0.01269331842783052  0.02507967792738300  0.03743326779236923
  0.04912871776159435  0.06085313205950890  0.07244931762048214  0.08351853405347896
  0.09448006146766065  0.10529690225215878  0.11680353184644569  0.12926840214993079
  0.14209407536647839  0.15384472410035163  0.16468315910715547  0.17527672985121981
  0.18596510048244766  0.19672561978534989  0.20687064571364575  0.21670375538657227
  0.22625617243300178  0.23628596368116669  0.24647982802005658  0.25671197421706538
  0.26691360313230161  0.27721560597026801  0.28720245218298579  0.29766634319580659
  0.30858626958492008  0.31959909090589356  0.33044616406371485  0.34035434662632613
  0.35041362297415407  0.36038464647727575  0.37021105766282236  0.37999020117280757
  0.38906139350310487  0.39780880775397925  0.40623562100573635  0.41487209022024935
  0.42414003251319193  0.43368215524317177  0.44347436374860721  0.45325020606682692
  0.46312159212006693  0.47314239884494258  0.48296024191218417  0.49279038176621687
  0.50264998104842573  0.51264758308240310  0.52270278079329624  0.53252409273283730
  0.54220835208726192  0.55168224922358666  0.56128526498065656  0.57096914635714646
  0.58071619392699936  0.59063817231280846  0.60066524165295165  0.61088452991953079
  0.62101520699525758  0.63098761725781616  0.64131369285671080  0.65196041874713551
  0.66199400316398038  0.67171873184797271  0.68137649729178440  0.69124310149018886
  0.70131394341165254  0.71156411887305127  0.72195432880642818  0.73229880601036867
  0.74252683749962733  0.75268494339104774  0.76292171319096524  0.77316961574465470
  0.78356417826055724  0.79392383749255557  0.80424096472195117  0.81437273593412696
  0.82388423666310151  0.83322845337895912  0.84290938428482864  0.85358251145451203
  0.86499764124752065  0.87685163678011357  0.88862165829270567  0.90018888896516758
  0.91151270346034952  0.92261196658594313  0.93419299524948529  0.94658110157662201
  0.95987666639652747  0.97322714352470929  0.98648213187532363  1.00000000000000000
 -0.00231945900109039  0.00938511410837682  0.01950578872459644  0.02953754844778900
  0.03976361262774594  0.05007983349441054  0.06085189968887714  0.07162726396488377
  0.08195258081178074  0.09248508551499705  0.10337067528166193  0.11440004882648132
  0.12553475057059166  0.13633606800136430  0.14680163634011878  0.15725222597419608
  0.16759419047129537  0.17852314034522412  0.18903188660808015  0.19930085966542679
  0.20987836191362846  0.22088436509296144  0.23194712716177782  0.24282034168423550
  0.25369832778489193  0.26503441797365029  0.27617448469215528  0.28679785059513901
  0.29661528532100190  0.30608517615714775  0.31600824947216127  0.32617289208825601
  0.33623553974128007  0.34618956138362311  0.35652201098305336  0.36720459973572234
  0.37800443803227390  0.38853229393130789  0.39893592384730270  0.40902382634359491
  0.41876015498929553  0.42848163185135990  0.43878853029616660  0.44893974723433477
  0.45844848316116044  0.46789051117650488  0.47747789724867834  0.48807179402428297
  0.49892760230573330  0.51003168864499793  0.52116433286016728  0.53149594634084218
  0.54196938108981729  0.55258960400231538  0.56387727984265201  0.57530441198858351
  0.58617847794372069  0.59592174176806911  0.60589549688607591  0.61595854705721398
  0.62635394520072030  0.63643016031387933  0.64624372958823528  0.65629935229630421
  0.66641235629731177  0.67629719569887525  0.68638391379701746  0.69667288924034443
  0.70713487654496032  0.71808228718125267  0.72864323111732943  0.73911971414688782
  0.74995371795816534  0.76095742556761770  0.77247570991887160  0.78354036695632312
  0.79463861999933449  0.80565369576719670  0.81649329479551802  0.82728996183904580
  0.83818242156447786  0.84950697755783466  0.86073874595596989  0.87152659984420155
  0.88250750065702344  0.89380657138845054  0.90510183998482774  0.91586051559840354
  0.92625595744873457  0.93695253778948617  0.94787166410086776  0.95878315669297354
  0.96884001376568829  0.97903355938051062  0.98940285914999893  1.00000000000000000
 -0.00184655277817877  0.00705678223396876  0.01488726141487806  0.02310268940224268
  0.03160647878674950  0.04081981242825077  0.05070622655233442  0.06085774768741742
  0.07063552331765842  0.07992168393144043  0.08910731664104643  0.09833799147616439
  0.10771036470439635  0.11715069016403548  0.12651417951364130  0.13592205446416353
  0.14547025718067050  0.15508548290310958  0.16507189184451151  0.17562509970133341
  0.18658716766986805  0.19739154199587849  0.20742541523897384  0.21802264974551566
  0.22849349531196433  0.23855592550226712  0.24873110222895678  0.25862068576162306
  0.26903313245460453  0.27895315229391443  0.28929535478224100  0.30003625336295392
  0.31105512770783900  0.32221393825865280  0.33353129451251823  0.34575627179502610
  0.35828263277902817  0.37086027558633194  0.38330234981875150  0.39568347301475471
  0.40773932353139747  0.41978256140109271  0.43208964167085390  0.44500938399346990
  0.45797195303358090  0.47046923817679948  0.48242102409615711  0.49386127438608080
  0.50521933775935612  0.51602505992122383  0.52684325453049730  0.53814683042609590
  0.55049023771745120  0.56349153202946345  0.57556342620501355  0.58797058676901781
  0.60029645841810519  0.61216696652764624  0.62377703459111822  0.63552945825483254
  0.64735029838697122  0.65894912319948185  0.67008934153356692  0.68096580794400685
  0.69218072739607772  0.70390807682974910  0.71556074171378348  0.72698354999749537
  0.73843237987158261  0.75004580905597928  0.76165590614854839  0.77297897573618590
  0.78322461121070586  0.79353738141171681  0.80386978125630781  0.81431324034794006
  0.82456530982022314  0.83469811271169114  0.84475232424751101  0.85472286748865411
  0.86432671010288753  0.87349214894189187  0.88241947398182818  0.89169212884029847
  0.90150454032864891  0.91126430305168860  0.92065541098578263  0.92990847408184996
  0.93933133448398742  0.94896120917394533  0.95842607921020917  0.96723411215284616
  0.97568156122479255  0.98392984697988461  0.99188909965253980  1.00000000000000000
 -0.00278838387705191  0.01104696116769001  0.02182281579333220  0.03244121147281702
  0.04288954563216202  0.05315972812575506  0.06323695115005959  0.07276772293817142
  0.08283115632791375  0.09286860054988301  0.10290553018257562  0.11293278836039294
  0.12273240639273707  0.13238544340867001  0.14214838986037009  0.15254461451433221
  0.16355182664811344  0.17415693831668122  0.18470663706142340  0.19484071103496314
  0.20461257987387446  0.21415844429272979  0.22417146711387859  0.23536893913146689
  0.24691540088932998  0.25835514454058128  0.26946946078461037  0.28026235920776038
  0.29044459256250876  0.30032884990958797  0.31039645876411942  0.32098155043307453
  0.33204684583789268  0.34328752187538336  0.35376500236547914  0.36330617292680040
  0.37248787653865828  0.38196399402016445  0.39218504045262975  0.40266932246757103
  0.41357108506149737  0.42484545976611721  0.43571637867455076  0.44615536450210169
  0.45654342283852595  0.46729470216202595  0.47808115390854372  0.48845023299932128
  0.49875797567495606  0.50942727786303221  0.52004595847823110  0.52995951261321295
  0.53947404384273179  0.54938696479347371  0.55989361628322809  0.57036249001168504
  0.58052732121804107  0.59080850686031805  0.60124835409796829  0.61145849967080967
  0.62175816975069187  0.63239441148429265  0.64328123886435185  0.65394555538550947
  0.66399634575694488  0.67381379388324969  0.68404968175971614  0.69477382379085872
  0.70596709114527467  0.71736723924433021  0.72863464405511391  0.73944670596543793
  0.74984635162976088  0.76028144531823627  0.77085797675090184  0.78149774405776917
  0.79191461426524801  0.80229219332544621  0.81272639807471869  0.82384940075245183
  0.83539474052709517  0.84664123948500203  0.85801015415132709  0.86935608350338922
  0.88038879431444705  0.89089711225787915  0.90148483853594807  0.91247934806467479
  0.92374833575413839  0.93557889476481504  0.94677778499561116  0.95738266309738640
  0.96801178883171868  0.97862615082998827  0.98948902239570480  1.00000000000000000
 -0.00044351570144585  0.02183548521900489  0.03895247693301158  0.05279132258620575
  0.06528811679649077  0.07753008767106401  0.08997313421217436  0.10222200135030618
  0.11406613063182047  0.12592836649805722  0.13801912197233990  0.15011219700048958
  0.16196034295479195  0.17331012118429975  0.18462500725708872  0.19622657077827879
  0.20823921008197713  0.22037802933776260  0.23223926626598601  0.24388088363673038
  0.25494191144095735  0.26607301817824647  0.27735073365302448  0.28892383260091381
  0.30040221888298480  0.31222379319387145  0.32418446441553617  0.33570824361975948
  0.34650809087361756  0.35653791225597475  0.36633491721793021  0.37601189115700279
  0.38607980094459982  0.39665906872602535  0.40702078665368052  0.41741771651240700
  0.42749935443594395  0.43816918929089477  0.44918954399825439  0.46026697400380046
  0.47116333651974962  0.48240708667547988  0.49360904716435361  0.50522092256669537
  0.51667329772156623  0.52749857284904089  0.53784177358865126  0.54851162654725405
  0.55941542778695530  0.57039873563216614  0.58104691074988790  0.59144449674476007
  0.60153093776385902  0.61119164367867029  0.62098657574541205  0.63100586348672949
  0.64141376712204257  0.65209707101173986  0.66256937977107233  0.67331087496552278
  0.68396643492670339  0.69447324891674334  0.70505901929818493  0.71566492658978176
  0.72644746358777823  0.73695232093417529  0.74711070177134542  0.75724456664120809
  0.76734604523588246  0.77740355784273707  0.78734076675476783  0.79686916952776632
  0.80644768482250950  0.81580721094253905  0.82504582831195239  0.83431848910110296
  0.84397875023161228  0.85388897492340965  0.86425492983924634  0.87454054107138113
  0.88461338103871345  0.89441946091187241  0.90371932658921483  0.91280227364161326
  0.92170141430796415  0.93067916266791351  0.93991141908861264  0.94896646391599992
  0.95751763771102760  0.96503450531579360  0.97192608699625893  0.97868683509784804
  0.98474664344382989  0.99015662740293020  0.99524381853215760  1.00000000000000000
 -0.01368975348038666  0.08380454815002919  0.11877056491461706  0.14116664557835049
  0.15959670831238723  0.17476113440903615  0.18837467186951115  0.20135768680541152
  0.21371910944788103  0.22569861650361844  0.23790890356427857  0.24951086838808692
  0.25963907188304797  0.26935766858197657  0.27848614741907957  0.28730779196698569
  0.29509270455643627  0.30270726617005950  0.31013154400923271  0.31743134172290355
  0.32448935364900222  0.33127638509766533  0.33825153784236961  0.34533437196705524
  0.35244488180461309  0.35918841099222110  0.36577510963311122  0.37236886605178027
  0.37885832386597057  0.38514231576497554  0.39120949989838294  0.39721680947332760
  0.40319040612112433  0.40911036508013293  0.41525000327175610  0.42143489908664999
  0.42778355323825079  0.43409731362930282  0.44025371781409917  0.44638300027744543
  0.45257688080493330  0.45850763681796497  0.46414015789035340  0.46973982673585341
  0.47555079888672047  0.48160922109096582  0.48789402017822997  0.49404454087593597
  0.49971834133767506  0.50543197202598600  0.51121242738614814  0.51725452358087765
  0.52346262487997042  0.52943703677573384  0.53526077277204098  0.54082575332918392
  0.54630117393409450  0.55184908103345687  0.55754082275929473  0.56340887357219127
  0.56941241873140092  0.57536605694761433  0.58135586081486179  0.58777527031891785
  0.59441363762166932  0.60092911546307348  0.60740667060712739  0.61392650285446904
  0.62057884383734463  0.62751797181032654  0.63470851685139928  0.64200268346725586
  0.64936228140850527  0.65685212106386082  0.66486351242491160  0.67301342267529318
  0.68121016361318398  0.68955504663893685  0.69810456866763215  0.70666618658651448
  0.71487856639691594  0.72314186023198934  0.73173155328774153  0.74080269219074901
  0.75008316141057907  0.76001582470475948  0.77071531278152483  0.78245520343282871
  0.79512248167127697  0.80903554393964439  0.82455356077099540  0.84038459226730167
  0.85828562157145716  0.88138697362021856  0.91746975626062166  1.00000000000000000
   1.6795193294912395E-008  -1.0000000000000000     
 T T T T T T T T T T T T T T T T T F F T F T T F F T T F T F F T T F F T F T T F F T T F T F F T T T T T T T T T T T T T T T T T T T T T T T T T T T T T T T T T T F F T F T T F F T T F T F F T T F F T F T T F F T T F T F F T T T T T T T T T T T T T T T T T
  <DiscreteSampler_grid>
  grouped_processes
  1 # 1 for a reference and 2 for a running grid.
  10 # Attribute 'min_bin_probing_points' of the grid.
  1 # Attribute 'grid_mode' of the grid. 1=='default',2=='initialization'
  0.0000000000000000 # Attribute 'small_contrib_threshold' of the grid.
  0.5000000000000000 # Attribute 'damping_power' of the grid.
 # binID   n_entries weight   weight_sqr   abs_weight
    10   10   1.362830400313143E+002   3.278688426653716E+004   1.362830400313143E+002
    11   10   1.362830400313144E+002   3.278688426653728E+004   1.362830400313144E+002
    16   10   1.711550516409490E+002   4.975598259479582E+004   1.711550516409490E+002
    17   10   1.711550516409504E+002   4.975598259479624E+004   1.711550516409504E+002
  </DiscreteSampler_grid>
