  0.00000003985918307  0.00000119579254498  0.00000271902985063  0.00000457314870839
  0.00000674886946750  0.00000890099590415  0.00001083696687424  0.00001267970476457
  0.00001441249342009  0.00001604869010262  0.00001745796910775  0.00001876550494821
  0.00002005015874671  0.00002131696113695  0.00002259390118584  0.00002383069365727
  0.00002494246910661  0.00002564161711946  0.00002638536606272  0.00002713497290683
  0.00002786231563682  0.00002856467100287  0.00002927805270014  0.00003011336968162
  0.00003092413480211  0.00003168372814305  0.00003241591798867  0.00003306434464464
  0.00003367756949381  0.00003428015216554  0.00003488390987166  0.00003548267556886
  0.00003602788282005  0.00003646144250840  0.00003685783213208  0.00003728331862366
  0.00003771492559084  0.00003819151341076  0.00004397375478355  0.00005510874430011
  0.00006180537381810  0.00006308941939428  0.00006420922455411  0.00006513617660003
  0.00006604585807819  0.00006691602323933  0.00006784088647634  0.00006881496944171
  0.00006987867651905  0.00007101692481513  0.00007218810921286  0.00007339093081832
  0.00007470058765895  0.00007624211332570  0.00007778604281126  0.00007958060087907
  0.00008126333123114  0.00008293165957060  0.00008471516135513  0.00008665221703074
  0.00008873398570572  0.00009102060643305  0.00009373169100913  0.00009688361006259
  0.00009972025120751  0.00010222186840807  0.00010492253421194  0.00010782495241130
  0.00011080091376776  0.00011361995335238  0.00011646479853586  0.00011971327665826
  0.00012363174386264  0.00012760414054935  0.00013207090426686  0.00013661325427286
  0.00014069314047341  0.00014480807273870  0.00014993647551128  0.00015568541678344
  0.00016106354434956  0.00016662419884559  0.00017277094668953  0.00018668121526626
  0.00019984006015718  0.00021147654110020  0.00022372438659645  0.00023763696108784
  0.00025498567515044  0.00028839941878522  0.00033768362970135  0.00040046202365953
  0.00050090073906356  0.00068137754721846  0.01075183884347274  1.00000000000000000
  0.03064296701052629  0.03642854309639864  0.04343636218814917  0.05193180829945316
  0.06248883808314673  0.07158801423631259  0.08133348119630281  0.09097832998248517
  0.10229611477836553  0.11371277625219951  0.12662833760275841  0.13937470626173226
  0.15230392399610745  0.16572120774406432  0.18009296998052249  0.19110024455995256
  0.19933098757929119  0.20623966965427137  0.21198634222339569  0.21754960023243475
  0.22378935348283993  0.23013426711140508  0.23648356049175079  0.24207341657956405
  0.24816002000987106  0.25957165433141832  0.27821670698330142  0.29393649638343899
  0.30618396407039866  0.31918036158455887  0.33172408122818686  0.34265536813530917
  0.35140622574082708  0.36289251998919297  0.37403585799922201  0.38207763314429954
  0.38991886436398210  0.39951589156901202  0.40923791379467195  0.41763132919902424
  0.42530276254501498  0.43197863131538061  0.44171875868154981  0.45764893073705204
  0.47502482739374224  0.48963384402303523  0.49942282067289540  0.50845403498494557
  0.51738475707095677  0.52546221755927613  0.53399164103564578  0.54525804712388204
  0.56093111946683449  0.56858639873131955  0.57572303588250640  0.58292956666169660
  0.59018936073374539  0.59516158352597115  0.59951638805083007  0.60405624879124520
  0.60920300659031501  0.61542456421912739  0.62272281282168884  0.63550457343699240
  0.65179563344493419  0.66719130365391710  0.68049889805551755  0.69313621952674420
  0.70596064411839243  0.71622001311280781  0.72699154970778623  0.73821626022009201
  0.74836071873294585  0.75688341833564654  0.76457898112385736  0.77154944291943772
  0.78237196099152317  0.79291566964249771  0.80470344476064792  0.81759589674185784
  0.83050964356688839  0.84331043376872528  0.85669962936410304  0.87225347032998857
  0.88788453732487871  0.89915727120535915  0.91023063759929190  0.92030176398804819
  0.92991632005552138  0.94084093073131714  0.95119585489602421  0.95877297187498323
  0.96373075398510932  0.96712596750249280  0.96869278193744135  1.00000000000000000
 -0.00002354119904774  0.00035207542440630  0.00123592764565741  0.00254543855947680
  0.00421506535038637  0.00618263860428659  0.00801670249713435  0.01096838815356231
  0.01557029606177249  0.02023426912806647  0.02547739044659180  0.03017896510142306
  0.03476093774231713  0.04077961229657025  0.05003727647234877  0.05882414831414451
  0.06741068875072140  0.07598572311426456  0.08502163986716300  0.09283364301084263
  0.10116218838636902  0.10946534993694813  0.11796918261325302  0.12618104865852231
  0.13235997925888035  0.13992283555752358  0.14745382178615285  0.15780960179963729
  0.16889411387507364  0.17904951094988403  0.18770630305452021  0.19682900131954176
  0.20847029649467927  0.22366230041570845  0.24227515226566482  0.25934777792220737
  0.27509909307995284  0.28857816682387299  0.30040678950504501  0.31176901205636182
  0.32339853538104013  0.33592531930907332  0.35067613887729926  0.36685152199795645
  0.38108540875141045  0.39341200016202615  0.40583859486874568  0.41878619113357562
  0.43178050399853929  0.44383775872060865  0.45436799595374422  0.46562030451585124
  0.48163139476847605  0.49595785187975366  0.50860453105722758  0.52128140705311887
  0.53554054773725468  0.55099354963558778  0.56544330572545842  0.57992210360874274
  0.59409464190001138  0.60826467011552687  0.62202875794231705  0.63503015527604356
  0.64732160059463273  0.65918837721438561  0.67019487475699113  0.68140377457912771
  0.69223765433073037  0.70195183647929138  0.71194610858472029  0.72314016214669441
  0.73622504358173668  0.75250803790583642  0.76933053501872228  0.78665968586555357
  0.80172200126434423  0.81409254955988297  0.82474998567354174  0.83501115312320062
  0.84552819620124453  0.85809203310666604  0.86952421202402708  0.88207840096814960
  0.89269207550188590  0.90171855811608725  0.90987195541686783  0.91760584263244693
  0.92542029723813524  0.93400760192984400  0.94385991863673502  0.95467855888580544
  0.96520610681298546  0.97607066689238742  0.98749988187163829  1.00000000000000000
 -0.00412753424857945  0.01649678817336615  0.03238475918633020  0.04716821632320993
  0.06311350499175759  0.07839849320187754  0.09306822786628435  0.10769826876479947
  0.12177425210273028  0.13384977783125676  0.14630672784454057  0.16068858797464483
  0.17637265020558726  0.19224272530140760  0.21106352533318606  0.23140009967170078
  0.24947518322109377  0.26190183024043862  0.27230399092591412  0.28361530333246721
  0.29495111525295892  0.30670129644355398  0.32096581624671855  0.33554434712490844
  0.34849629701933660  0.35936035801960925  0.36886978508405699  0.37808693888012940
  0.38768568607176623  0.39938498201013956  0.41098954766229850  0.42219670304022122
  0.43490509966942109  0.44331827720897427  0.45196530795818918  0.45951123169033165
  0.46747246739254206  0.47709634412580032  0.48790623086976509  0.49787434144909209
  0.50573541789560450  0.51334938845651601  0.52091135356808682  0.52849812744071289
  0.53440646689264981  0.53990380311730046  0.54623026684748588  0.55284789698230163
  0.55940201307629622  0.56989792620885138  0.58478450074212518  0.60150789072030453
  0.61808107164910797  0.62972192463305510  0.63976716897635599  0.64851932265304313
  0.65746890261899027  0.66690519177442575  0.67481966078051991  0.68056025463970427
  0.68583244311421820  0.69146514818946236  0.69730341990622657  0.70430309737355090
  0.71349503615574728  0.72766157543869425  0.73216231062424808  0.73574676455494270
  0.74059705506355500  0.74505093299597358  0.74959644379573409  0.75594821269955870
  0.76290149504292259  0.76785458272442830  0.77279446629801130  0.77890898047240009
  0.78510408955005873  0.79053520782208475  0.80214655531449264  0.81585038143040622
  0.82797824403721276  0.84041099887449144  0.85637154783417757  0.87939862400677482
  0.89607373852425720  0.90418673823286799  0.91168160413419319  0.92132834908886629
  0.93061469518575990  0.93913562361687619  0.94580847273851554  0.95183442651308137
  0.95762880842126408  0.97267178453357717  0.98685622626509684  1.00000000000000000
 -0.00591461017712653  0.03080141170137141  0.05324082414602219  0.07293575759797147
  0.09163054954099954  0.10990887602283547  0.12658287571943747  0.14350386021307301
  0.16363813490397616  0.18295572216237274  0.19884788993821886  0.21323859467772832
  0.22827903882264142  0.24519234691495023  0.26165281522537998  0.27810442402567054
  0.29528124249604998  0.31241180880572578  0.33069098274858971  0.34734561493154043
  0.35736376255341112  0.36395561508014684  0.37130856466926970  0.37954450686406538
  0.38815477431908074  0.39628149018412384  0.40381346222055903  0.41114041140464769
  0.42068418904063765  0.43519703466725468  0.45383144894910549  0.47245500935752122
  0.48732137830642508  0.50046484261351809  0.51112473215200660  0.51937559381243337
  0.52519144343993718  0.52874377076055701  0.53390581119282943  0.53911539920353924
  0.54377647369674809  0.54828577704085357  0.55356143052227558  0.56102300439220321
  0.56758885103336276  0.57304203248404217  0.57829242021093430  0.58392444692689605
  0.59667811208595511  0.60912256354838101  0.62241064440627580  0.63304882374275218
  0.64226692471039326  0.65137593782820191  0.66019805924890607  0.66855875317964808
  0.67413997568558048  0.68137242628216643  0.68741198336004805  0.69276207067479412
  0.69759001082373850  0.70211423802144124  0.70677175049970653  0.71172172523125776
  0.71674912131341240  0.72245313709426273  0.72668413270084053  0.73217187727246824
  0.74254078641167121  0.75421358578277431  0.76584304474375564  0.77708523062312751
  0.78678226358279690  0.79493616736519834  0.80305905132419486  0.81091386952561162
  0.81927539712150577  0.82801380466113594  0.84259620377196165  0.85882854356301019
  0.87435507497889076  0.88628221011470154  0.89596399774900881  0.90561437837284775
  0.91348185675214688  0.91957514771080029  0.92548348782906220  0.93173648268336651
  0.93833730719995623  0.94478174671158066  0.95265188765345099  0.96244536492624366
  0.97299761937007645  0.98236748030428467  0.99134198825998787  1.00000000000000000
 -0.00256375581519739  0.00897214070182431  0.01910838725180209  0.02889107069301143
  0.03858247071455034  0.04903554172978575  0.05719026716811901  0.06404576746076170
  0.07103915372269722  0.07759624643443178  0.08706277054296380  0.09736768309941560
  0.11491589153300229  0.13041742233019141  0.14311389781466252  0.15437783547269160
  0.16335160335648577  0.17269211403528201  0.18207255204895723  0.19253950940550799
  0.20499140040537187  0.22064211764247491  0.23752717771034404  0.25137841715237436
  0.26065997057312834  0.26798991962523128  0.27283823518484557  0.27613589019411672
  0.28026618361715744  0.28627001451341316  0.29202794086934269  0.29674676764262153
  0.30177366002664746  0.30785707658150913  0.31540429482741444  0.32169687394898355
  0.32750325528950730  0.33519710015166793  0.35354068612257955  0.37414185628521351
  0.39091378904336183  0.40622230509998558  0.41948745461821607  0.43199106646374230
  0.44616866039539804  0.45998810289785852  0.47598841541985537  0.49104895838760038
  0.50500888539220712  0.51808833321415459  0.53046408711968174  0.54187138595330053
  0.55251116363609254  0.56191031510900724  0.57023188651736356  0.57889834369798654
  0.58647893169592624  0.59297109718264385  0.60054146755519333  0.60934231296545127
  0.61576972817560782  0.62166681167324944  0.63069208121367037  0.64321128899270175
  0.65948939764050496  0.67085373507195867  0.67836019051876528  0.68496667310110804
  0.69132990265188254  0.69796404126782219  0.70494142993522924  0.71140060090924317
  0.71729186346253027  0.72371879601914657  0.73134882537172718  0.74127709054570756
  0.75156427164449724  0.76267894829480776  0.77575364085958087  0.79197575790448671
  0.80884667056462212  0.82435748460984215  0.83663352663893353  0.84774756530147943
  0.85759888111751947  0.86639760358313744  0.87587941054851037  0.88599407408073505
  0.89863746504862729  0.91289954282423624  0.92742503381947783  0.94158217460143967
  0.95562821084698912  0.97087002003771938  0.98589583518270774  1.00000000000000000
 -0.00143054429474973  0.00976043233351776  0.02045663826684374  0.03067546779651731
  0.03851062859972025  0.04743904595892492  0.05696424551417326  0.06634777473230913
  0.07798353830672154  0.08951367192343762  0.10039043980071903  0.11050553141838845
  0.12055254829987877  0.13116777639137014  0.14281117837190366  0.15604975012843414
  0.16891057515331628  0.17999669619134798  0.19135797773020882  0.20219843329159659
  0.21515212313260082  0.22630823921129059  0.23463277060862220  0.24039051884196619
  0.24642592914230343  0.25314589335426585  0.26173481499902934  0.26934572377476756
  0.27646627605156737  0.28302504179503907  0.28991748724155636  0.29966866724057617
  0.31475179775555828  0.32837247848641193  0.34245699511580785  0.35555434783422568
  0.36900436751769827  0.37807160226383080  0.38553394046117551  0.39320516867236549
  0.40064334106761829  0.40907825849094198  0.41870033289611996  0.42588850865057143
  0.43262145715948497  0.43943837689458620  0.44504703411678609  0.45043697589518539
  0.45788812160173892  0.46561316618814041  0.47320303685431614  0.48048112634114387
  0.49317125355555097  0.50876009863409322  0.52421120473736549  0.53912872686094937
  0.55319058968756341  0.56741779763668265  0.58269477663437852  0.59762131801471818
  0.61189923955355208  0.62666131583911733  0.64324307960602722  0.66003942306485708
  0.67475232301921173  0.68809173992601391  0.70209722182434986  0.71773625320628764
  0.73256298944972054  0.74739939661152666  0.76287900152622434  0.77838150840399933
  0.78940046170372724  0.79913430639865579  0.80861059385475920  0.81804870996480583
  0.82896811962171690  0.84071612623904479  0.85290771044346059  0.86743296991861052
  0.88160058915920636  0.89444053465462003  0.90485838821017439  0.91717550271770509
  0.93158805455082572  0.94508910956672088  0.95437887853378489  0.96080634737601622
  0.96610922028340895  0.96942269773956646  0.97346968312308624  0.97793390350233111
  0.98260293651205022  0.98711393197079023  0.99142836572900483  1.00000000000000000
 -0.00338744718070974  0.01112779017481409  0.02230804117600734  0.03278177723922723
  0.04326821349724563  0.05348633016385149  0.06416547924751805  0.07767381121316404
  0.09280518896984659  0.10560134519343281  0.11663245860908161  0.12779526936155033
  0.13837240207696488  0.14950595200112002  0.15549570067895777  0.15991530846341273
  0.16412545661432912  0.16956870883464667  0.17596718806700898  0.18090124559745177
  0.18540785383444994  0.19092884401801746  0.19691286385433454  0.20254702313072634
  0.21005675376216276  0.22297454745207726  0.23979335282951270  0.25677879028812989
  0.27213743419236652  0.28772107586658691  0.30072899755255655  0.31261843193675676
  0.32304047422606635  0.33344328649984756  0.34429982099768369  0.35575733187165870
  0.36781811484248728  0.38087017162834291  0.39515850775189842  0.40928634950882409
  0.42222949351115763  0.43444601953333933  0.44652755656651144  0.45878144052455749
  0.47367136745434801  0.48724264363035158  0.50148922185255940  0.51646736929882076
  0.52812028849130277  0.53750161748648750  0.54903121328971183  0.55891804246805510
  0.56655542817130689  0.57498907244120157  0.58861064766183391  0.60414641748765097
  0.61702254757661834  0.62562247787399439  0.63473557205845288  0.64378616249163789
  0.65162804445980504  0.66005585701615688  0.67025441423736498  0.68189444942576571
  0.69244472151039049  0.70285440803543242  0.71293700189344344  0.72313307838933927
  0.73345657339450343  0.74362845331262650  0.75614287679530112  0.76814722747270381
  0.77983621518102020  0.79031367415426101  0.79630929461485878  0.80151317153605950
  0.80770239963736967  0.81392958397986825  0.82047520016827491  0.82585719614614195
  0.83132483234227661  0.83773134936227212  0.84487640237686723  0.85165249230016449
  0.86192783059871181  0.87669269249813186  0.89035784007690366  0.90458059715436812
  0.91894851026838009  0.93160949844237517  0.94553740573606193  0.95802678953390497
  0.96827720956170726  0.97911791845776330  0.99039374722241635  1.00000000000000000
 -0.00523608841659817  0.15850387779197234  0.24773722716733595  0.29933975041782895
  0.33208978113642407  0.35984112520628064  0.38369411740956466  0.41379208649306065
  0.43762653093340848  0.46447969663010297  0.48236678538385452  0.50214011227120026
  0.51401229766257450  0.52605770986293288  0.53704831022512090  0.54772981815746968
  0.55709875038400802  0.56499548327217319  0.57384662505948913  0.58139454300557625
  0.58612861581369713  0.58987245154067414  0.59367307212765619  0.59726381443418308
  0.60055269669672673  0.60348673860199042  0.60616502090608937  0.60892721246927917
  0.61176314989875502  0.61516904579767118  0.61875867685578556  0.62281432944573756
  0.62521731006590509  0.62754438296159454  0.62996438602630078  0.63247034670022129
  0.63498315450373943  0.63781003231174627  0.64150465422523184  0.64543924414706344
  0.64953187866478401  0.65452195984936778  0.65990614435360773  0.66594145417256434
  0.67327114252766840  0.68176769877046806  0.69002036497906793  0.69728953221399981
  0.70348044692462430  0.70928968079121046  0.71526319263499916  0.72065021371695548
  0.72528651638305863  0.73020924082807570  0.73498319906079712  0.73955436134657770
  0.74389648706455058  0.74774327502249449  0.74996179530164586  0.75258744791092413
  0.75556931900091362  0.75887512564369664  0.76219584469628288  0.76552862951511647
  0.76903035606210324  0.77277030382544365  0.77683548596728269  0.78109320466632848
  0.78512477758492016  0.78864168424689640  0.79160909797346590  0.79418455890043516
  0.79692675080352593  0.79997391892030034  0.80314156940593429  0.80632362493525400
  0.80984198831944954  0.81372529463799326  0.81757798951863947  0.82144170936179717
  0.82585054172556660  0.82994855902248510  0.83345026021114321  0.83686736265323836
  0.84027085008821789  0.84370828984998647  0.84743818123326065  0.85169355262327340
  0.85782253476030768  0.86663774225293155  0.87624546016353644  0.88966150010804690
  0.90444576145773325  0.92273394235305217  0.94669692074893774  1.00000000000000000
 -0.01998491356229786  0.14697650114028638  0.19454329786412675  0.22932388126295392
  0.25410883466350082  0.26469381205139597  0.27562891878869999  0.28727155221594225
  0.29748064999606549  0.30490597069137748  0.31612373116744147  0.33579864635775164
  0.35568359880825551  0.37189461277927088  0.38694248575137413  0.40205358170893440
  0.41588763618775887  0.42837133496586588  0.44145636585394710  0.45526596759456439
  0.46715636097362762  0.47922425788453643  0.49624178588424828  0.50882964811066933
  0.52020722954185372  0.52848651245544853  0.53529952962514982  0.54180929511478360
  0.54779113751681030  0.55371952867897356  0.56145506668024836  0.57067211810688456
  0.57911832988951628  0.58692228870244489  0.59495447275188496  0.60293153382355369
  0.61227495256995446  0.62243074377506402  0.63319585365080588  0.64426841562869031
  0.64812510064242823  0.65209669488583355  0.65615835607256534  0.65964796872819065
  0.66316157281175703  0.66684024971948408  0.67055628208147788  0.67443138912927325
  0.67842908422224024  0.68161059584042860  0.68441583010072060  0.68739932517593794
  0.69162940068886347  0.69589692765066935  0.70010650924466589  0.70390186172513802
  0.70750234136182633  0.71179971778144213  0.71806205526888234  0.72469190156722540
  0.73078206744072771  0.73625707825480169  0.74129028739035951  0.74615392546800885
  0.75086468277216523  0.75574322331152499  0.75958230901064205  0.76332964316172247
  0.76706334792343356  0.77133472073509846  0.77614446597228348  0.78016208097096784
  0.78302075086519241  0.78593766532606757  0.78903698985851745  0.79387253698816607
  0.79864468555063695  0.80480185415794225  0.81189018142316627  0.81979312699110940
  0.82721823876133704  0.83507001037731921  0.84271728621855058  0.84987768823512244
  0.85730845689297908  0.86390088898399897  0.87107710958220808  0.87871257455170970
  0.88670942411824305  0.89485909308306533  0.90178829421846163  0.90916489984638116
  0.91660028951660766  0.92451518651026010  0.93797513703051683  1.00000000000000000
   3.7951030228151416E-017  -1.0000000000000000     
 T T T T T F T T T F T T T T T T T F F T F F F F F F F F T F F T T F F T F F F F F F F F T F F T T T T T T T T T T T T T T T T T T T T T T T T T T T T T T T T T T F F T F F F F F F F F T F F T T F F T F F F F F F F F T F F T T T T T T T T T T T T T T T T T
  <DiscreteSampler_grid>
  grouped_processes
  1 # 1 for a reference and 2 for a running grid.
  10 # Attribute 'min_bin_probing_points' of the grid.
  1 # Attribute 'grid_mode' of the grid. 1=='default',2=='initialization'
  0.0000000000000000 # Attribute 'small_contrib_threshold' of the grid.
  0.5000000000000000 # Attribute 'damping_power' of the grid.
 # binID   n_entries weight   weight_sqr   abs_weight
    10   10   3.546514852666950E-007   1.009502983744366E-012   3.546514852666950E-007
    11   10   3.546514852666956E-007   1.009502983744370E-012   3.546514852666956E-007
  </DiscreteSampler_grid>
