 -0.00175734170713966  0.00747005321628011  0.01610296321251460  0.02518588811263388
  0.03437616895760447  0.04372087872748490  0.05320917962395527  0.06288510341750334
  0.07273625125717607  0.08271613243199992  0.09283365061187702  0.10312153325510030
  0.11361698102967087  0.12433785286851412  0.13521025632620787  0.14631257210348655
  0.15766504621123520  0.16917386827792771  0.18082969098045840  0.19268978962169617
  0.20479323261197921  0.21707477648486886  0.22946602922173628  0.24210322442225488
  0.25484334452164720  0.26780946713380704  0.28093164767698781  0.29422765828975517
  0.30767993042772840  0.32131339083961541  0.33510576403685460  0.34897402516650217
  0.36284919950742778  0.37675110864471278  0.39072071909105577  0.40472624720890038
  0.41873873936538192  0.43274668361056939  0.44674469868591249  0.46070690368674982
  0.47459733618881023  0.48837958693565597  0.50204059546187507  0.51558679089699189
  0.52900540985904132  0.54231002284553875  0.55551763812168087  0.56856439062957476
  0.58137210192341293  0.59394662194573777  0.60632714434814861  0.61853694970989503
  0.63057978424922068  0.64245065864921092  0.65413518672896065  0.66562129171825601
  0.67689473625089758  0.68796278590216264  0.69882042766616770  0.70948557242848276
  0.71996516638131325  0.73026024807552969  0.74037201909243744  0.75031058880113199
  0.76008124721804338  0.76968347533631809  0.77911499840467080  0.78838357042395479
  0.79751358652959392  0.80651793996118759  0.81539087401442190  0.82411728411257346
  0.83270421181413234  0.84116641618969290  0.84951382863123603  0.85773229498215531
  0.86581428914288561  0.87377555982572330  0.88162006719952779  0.88934620703281908
  0.89696058125444278  0.90447484371484344  0.91189450854035292  0.91920261460308283
  0.92638893136648548  0.93348648250260269  0.94050472985074718  0.94743614005771004
  0.95427179042613297  0.96102477013696341  0.96769011889980661  0.97427823375396672
  0.98079654369042479  0.98726420564307860  0.99362590277765872  1.00000000000000000
 -0.00229665473104632  0.00911082619107582  0.01916757404196020  0.02979801171101574
  0.04030507757587069  0.05090900510801054  0.06150534803789403  0.07204810539244219
  0.08258579778452375  0.09322284595591519  0.10386419122594011  0.11444960405772604
  0.12506768620737727  0.13561086434468811  0.14619510665947724  0.15670199570661569
  0.16727379947807955  0.17787184035800069  0.18838307123454145  0.19891632793590083
  0.20942420644419849  0.22002819416986485  0.23059932831501281  0.24119671288651467
  0.25175908004392833  0.26231809526228733  0.27286404323483882  0.28338976701031549
  0.29391141902496509  0.30445741473449905  0.31499345818699603  0.32559768288300550
  0.33619046536317054  0.34674234561090006  0.35727091439543668  0.36778802386463788
  0.37835379011248094  0.38885842378151991  0.39941624818884042  0.40998006548571303
  0.42053516555057341  0.43103462814299887  0.44157030359647081  0.45219266094868504
  0.46274147474442251  0.47327496500630267  0.48377674793687903  0.49430022628621001
  0.50480270117960424  0.51526379644382081  0.52581946081765862  0.53646621180694098
  0.54704056639379062  0.55758873369987372  0.56812759170780003  0.57869678077896591
  0.58921407701625428  0.59973020036104596  0.61027021305490781  0.62083336154762281
  0.63133586112737072  0.64182432758928609  0.65226926758870829  0.66276389923480861
  0.67326425459945394  0.68381055543826907  0.69441371821416042  0.70498515721587862
  0.71551729926002783  0.72599441098887452  0.73651546814689228  0.74708020097010441
  0.75758008312639180  0.76824959020975403  0.77875668014927724  0.78941513585745449
  0.79991693376168083  0.81062687397909383  0.82113214479881991  0.83168235245988897
  0.84220891449376978  0.85273874431410124  0.86324610159741144  0.87375878376169591
  0.88432786134937957  0.89485391108070567  0.90530075961012291  0.91577085019015059
  0.92626845794719315  0.93676816002899133  0.94732521003367365  0.95778333709054431
  0.96833338909570832  0.97883772980097961  0.98948855662213198  1.00000000000000000
 -0.00143307875893364  0.00538081570915769  0.01269678683695784  0.02131870425143740
  0.03061746630983864  0.04022527907748258  0.05003426804594512  0.05997677878958797
  0.07000208683416767  0.08009653571243794  0.09021233904197862  0.10038058260121833
  0.11059358502871230  0.12084752503062200  0.13112216178392885  0.14147049828209968
  0.15188874350535517  0.16233989939407367  0.17275999024903974  0.18315759856264036
  0.19353723041679122  0.20396535178366143  0.21446520157843083  0.22499794307243914
  0.23549921404301200  0.24596847573344571  0.25643660020187092  0.26692570824700296
  0.27745752897321080  0.28803511760926781  0.29861411198711874  0.30917766870726027
  0.31974990952665322  0.33032149315403797  0.34089952044716659  0.35147507054853283
  0.36205809401714500  0.37263624402835022  0.38315764799744512  0.39365614276940236
  0.40418307213966054  0.41473974848052680  0.42533711630717469  0.43594553816544740
  0.44654597099409127  0.45711866908540899  0.46764570476272838  0.47819084573083487
  0.48877347613983463  0.49941121464600452  0.51007610364407197  0.52074176580075149
  0.53139756475470257  0.54201581692452883  0.55261160200713666  0.56320444686758642
  0.57379253539440755  0.58437599754210157  0.59496498355441407  0.60558579556853498
  0.61622693196863720  0.62687355599080752  0.63749730618814016  0.64811374318531856
  0.65876469306150021  0.66943564893013818  0.68010435213790299  0.69073178322865048
  0.70134146687020338  0.71198117237035952  0.72262532747608088  0.73327663629611306
  0.74393957034505709  0.75463006902591578  0.76536287931851055  0.77604493048138312
  0.78671893688452921  0.79743127106255629  0.80818750057731126  0.81892786500238302
  0.82962757130627329  0.84038454357553316  0.85118642035450753  0.86199423269398334
  0.87278987480860637  0.88366726936915185  0.89456638981680026  0.90547887276584027
  0.91642994911318088  0.92745458369132927  0.93859043329997960  0.94980040584380199
  0.96119044773769236  0.97272007606501121  0.98564999017950727  1.00000000000000000
 -0.03164651696962843  0.13613374468652095  0.17979195764440334  0.20695700835683617
  0.22878113027260394  0.24743813028392522  0.26397429801200456  0.27904247035039198
  0.29300724646012771  0.30612961108712727  0.31857523572308394  0.33045798060657283
  0.34185378830783186  0.35283302454349258  0.36345302764405440  0.37376897759003669
  0.38381775299303189  0.39362150592473072  0.40320340066767635  0.41258969825612124
  0.42178801450616399  0.43081700565712122  0.43969799453601455  0.44845305338814012
  0.45708993330799785  0.46560020323901458  0.47399557057595743  0.48229077600432380
  0.49049495559468137  0.49860947570626479  0.50662577446740342  0.51455355467572883
  0.52240578047025543  0.53018316517094732  0.53788650437675423  0.54551213284850508
  0.55306146326104366  0.56053992530741881  0.56794957113352518  0.57529438655004705
  0.58257903527746446  0.58979578999253301  0.59695085927315916  0.60403442349630709
  0.61102522862645359  0.61794596646120192  0.62480085025415000  0.63157787976801916
  0.63828101725485353  0.64490526442335416  0.65145301423504098  0.65793496129256590
  0.66435434601112242  0.67070688858884475  0.67699231998464227  0.68321754145960967
  0.68938161269426490  0.69548084399034249  0.70152131394067563  0.70749870092426526
  0.71340424812795089  0.71924545540014306  0.72503281591037505  0.73076863400388037
  0.73645058153710397  0.74208415998298638  0.74767574054385644  0.75322137255850408
  0.75872740968229380  0.76420861924515548  0.76966681823421490  0.77510292321497165
  0.78052606102935085  0.78594030575376173  0.79135592632941198  0.79677014747782482
  0.80218119472651206  0.80758925236203505  0.81304994907451689  0.81854235045501089
  0.82408493121523163  0.82968085903217514  0.83537624726048842  0.84118569571001134
  0.84711152370602927  0.85319451051262651  0.85950105701525592  0.86606988516793970
  0.87297497252617651  0.88033936565802418  0.88830046907333093  0.89715994634001217
  0.90743050217741350  0.92025725208781339  0.94150878887415301  1.00000000000000000
   9.9940993988522448E-004  -1.0000000000000000     
 T F F T F F F F F F F F T F F T T F F T F F F F F F F F T F F T
  <DiscreteSampler_grid>
  grouped_processes
  1 # 1 for a reference and 2 for a running grid.
  10 # Attribute 'min_bin_probing_points' of the grid.
  1 # Attribute 'grid_mode' of the grid. 1=='default',2=='initialization'
  0.0000000000000000 # Attribute 'small_contrib_threshold' of the grid.
  0.5000000000000000 # Attribute 'damping_power' of the grid.
 # binID   n_entries weight   weight_sqr   abs_weight
    13   10   2.300723994123121E+008   7.262564257144349E+016   2.300723994123121E+008
    14   10   2.300723994123121E+008   7.262564257144346E+016   2.300723994123121E+008
    16   10   2.987717547777964E+008   1.252702531082699E+017   2.987717547777964E+008
    17   10   2.987717547777964E+008   1.252702531082698E+017   2.987717547777964E+008
  </DiscreteSampler_grid>
