  0.02499959422283331  0.02802981192891158  0.03177418302252524  0.03596991402041270
  0.04054311466197490  0.04555559365709001  0.05101550773250615  0.05681509971548481
  0.06276452863679480  0.06879782057910050  0.07499084785646083  0.08132924965687678
  0.08814942432665726  0.09548442530355176  0.10294749397693524  0.11049356932690550
  0.11815169506947773  0.12605157074403625  0.13402899568535317  0.14195123292457998
  0.14985717868729170  0.15782299484897500  0.16590069040249295  0.17398538690521226
  0.18249836987678109  0.19137995501430402  0.20076374575919304  0.21033402163518966
  0.21959549697681169  0.22878066763411897  0.23789556191207939  0.24696845888506372
  0.25647869901681103  0.26601921952187207  0.27637240287017761  0.28694138774888717
  0.29732940874775571  0.30716766691404462  0.31644291617193737  0.32541869229335429
  0.33452928603285303  0.34403874014769420  0.35379428486590631  0.36366200540787275
  0.37339666210948225  0.38333228892910609  0.39348332859106794  0.40358904518877292
  0.41336598436592004  0.42273242840828990  0.43224965225146195  0.44181900782741335
  0.45169305340556570  0.46156291958229090  0.47132710738384714  0.48130845066974892
  0.49200598237346149  0.50315943473255254  0.51451396733534505  0.52551309170517946
  0.53641881969742389  0.54707673603591078  0.55798794808544427  0.56891216564017988
  0.58004233169419039  0.59093520014277656  0.60210025907554854  0.61361261423125457
  0.62513255102128762  0.63668209639603113  0.64846525944893019  0.66066212071545494
  0.67228218380333271  0.68374839583701374  0.69484926059459151  0.70601211164648625
  0.71697532650250462  0.72790586130218338  0.73873715129453987  0.74968531798018001
  0.76136671389692523  0.77358884748944567  0.78641824361450008  0.79941295951260682
  0.81268355167813544  0.82539232138498908  0.83770983165607460  0.85040515218785417
  0.86392610458052688  0.87839018926779744  0.89342471784315558  0.90947881769343808
  0.92787034203602248  0.95089013801248712  0.97284180972767986  1.00000000000000000
  0.00000008554230224  0.00000016608926586  0.00000024050927179  0.00000031478409674
  0.00000038974030644  0.00000046420841697  0.00000053788220634  0.00000061028669670
  0.00000068484464008  0.00000075956006545  0.00000083475160262  0.00000091189527010
  0.00000099211372276  0.00000107175849292  0.00000115171461625  0.00000123101678225
  0.00000130950492396  0.00000138992712834  0.00000147250299402  0.00000155469274885
  0.00000163845116121  0.00000172180412252  0.00000180269146921  0.00000188335748015
  0.00000196537026760  0.00000205376225442  0.00000214166348334  0.00000223080996685
  0.00000231868851735  0.00000240774769172  0.00000249495539486  0.00000258156655590
  0.00000266984535556  0.00000275991724778  0.00000284920875032  0.00000293894504153
  0.00000302769556237  0.00000311749629380  0.00000320709220054  0.00000329568489925
  0.00000338612540801  0.00000348054964655  0.00000357601931333  0.00000366986877277
  0.00000376395912361  0.00000385889092499  0.00000395512007965  0.00000405169812947
  0.00000415925812155  0.00000426601262119  0.00000437175890955  0.00000447686632341
  0.00000458196340847  0.00000468872260795  0.00000479816676785  0.00000491069735074
  0.00000502862759333  0.00000515288131926  0.00000527411575497  0.00000539677446477
  0.00000551917905944  0.00000564269262860  0.00000576552453390  0.00000589339241841
  0.00000602608650131  0.00000616167474584  0.00000629823745416  0.00000643555121428
  0.00000657444021808  0.00000671586170408  0.00000686153109317  0.00000701084826383
  0.00000716307461220  0.00000731985061976  0.00000746784772222  0.00000761111389918
  0.00000775726923439  0.00000790120117536  0.00000804451781840  0.00000818803361682
  0.00000833176408559  0.00000848506815525  0.00000864317994116  0.00000880947507494
  0.00000898461363067  0.00000916444369514  0.00000935956664299  0.00000955220099362
  0.00000973297241231  0.00000988962075945  0.00001001552027579  0.00001014639506669
  0.00001023433990139  0.00001032253526511  0.00001037544053484  1.00000000000000000
 -0.00197869405208809  0.00924234306941925  0.01900832139151656  0.02950924471117812
  0.03953340405263935  0.05038947615761578  0.06102417657446767  0.07155800815552024
  0.08204449639797608  0.09306734556527888  0.10394117940953870  0.11454870525263415
  0.12517372987128880  0.13649925856648629  0.14799826398300595  0.15930161513159222
  0.16994020653520681  0.18056153055842100  0.19057620316146034  0.20054501829065302
  0.21031954561488361  0.22029777742768245  0.23025534394912328  0.24049390288720934
  0.25086997591725263  0.26172911709668684  0.27257424081506637  0.28343099527740739
  0.29429765657420492  0.30553723546276329  0.31668432725720919  0.32751241430135619
  0.33742011310215220  0.34646200307753089  0.35529788956845337  0.36432777506286695
  0.37391196939213545  0.38388073279506740  0.39374636032936911  0.40450378018347649
  0.41537066556858854  0.42677396102447451  0.43796710440393644  0.44864428824731523
  0.45923506321225377  0.46981802371307169  0.48077968391879872  0.49133364799626267
  0.50175526246600644  0.51225826110134753  0.52283170065639817  0.53361468482141738
  0.54463790287152725  0.55539829584122580  0.56559647262470159  0.57515457688395133
  0.58505367067769320  0.59527934786523640  0.60575556945269771  0.61621145226154983
  0.62687725993743793  0.63776088713159218  0.64855551988358051  0.65911700277079954
  0.66968069292794008  0.68005218255110578  0.69037323289192887  0.70043027092160326
  0.71083063317891870  0.72138971255560325  0.73171894950050076  0.74180288486090540
  0.75216697483078032  0.76303268569409632  0.77349963422866375  0.78341878547562727
  0.79333456193090113  0.80357073764839615  0.81369931512043370  0.82369970185346653
  0.83377471668701930  0.84406014589338141  0.85465860327908560  0.86539921727210112
  0.87597831843370189  0.88628148455030076  0.89653430301871262  0.90770343643018803
  0.91933649642792303  0.93112630551020137  0.94269195282471907  0.95410316108902804
  0.96487963770737739  0.97590194580897127  0.98746420815087599  1.00000000000000000
 -0.00254656405527761  0.01075332377042164  0.02161945107820820  0.03229526011410305
  0.04272351390954651  0.05270674869228901  0.06256704031422874  0.07289705458507872
  0.08297234406898003  0.09330590842510089  0.10338415511602836  0.11368061798847022
  0.12454034162793068  0.13588471582216541  0.14791428057322159  0.15975758275622548
  0.17090002525404507  0.18127036801623006  0.19141045321082922  0.20190522269528402
  0.21270413930473073  0.22364148504372450  0.23467149752792624  0.24580412973022930
  0.25661381939643257  0.26698005199746561  0.27746341615654441  0.28764060281724912
  0.29740060203910240  0.30681468010693219  0.31708201982189960  0.32813672897089297
  0.33887755633836986  0.34913570902105645  0.35930143021971273  0.36954260175946357
  0.37958442950462074  0.38959268543758002  0.39997954329174690  0.41060282478391402
  0.42124271382258388  0.43169978913673807  0.44193045386537122  0.45218849505874026
  0.46238996077190225  0.47242994792793486  0.48257051174793686  0.49297866937168289
  0.50353388941202026  0.51402983488622678  0.52433274412680497  0.53462114507550673
  0.54532692474764466  0.55602541378752157  0.56682288038761075  0.57744219435884125
  0.58839425212278640  0.59953760878507922  0.61087524614452093  0.62223074075584883
  0.63314625729333573  0.64373016554290596  0.65437960055962097  0.66513715804169560
  0.67565481802864646  0.68594086155107392  0.69622580382107424  0.70667197384111513
  0.71719955434041383  0.72778017591375721  0.73871673409974425  0.74975363837608588
  0.76067339207962903  0.77144142003520055  0.78223153334289575  0.79292526943655228
  0.80329131986340685  0.81356562156448697  0.82403057124046131  0.83465292213921694
  0.84534505078209954  0.85605795080266145  0.86657441005128766  0.87692353358901276
  0.88734695506861194  0.89799894213205989  0.90832279439491337  0.91799888465936996
  0.92755904861356320  0.93658336211463655  0.94595129811770762  0.95490143415952899
  0.96533826234249531  0.97604825650174099  0.98811330775560124  1.00000000000000000
 -0.00232341070641909  0.00859785165524241  0.01831686861924932  0.02804632004523774
  0.03842713795193429  0.04983452711020391  0.06156661709095648  0.07248805294744355
  0.08293259246262563  0.09339595728694865  0.10419860249557321  0.11469972021604662
  0.12509596597977735  0.13525438221300237  0.14536476170606619  0.15589147785141139
  0.16683040447953176  0.17824807677049948  0.18964974794322600  0.20081234789624303
  0.21164610497011152  0.22211399750516608  0.23202271825394591  0.24186379009386261
  0.25189501870010106  0.26207299653294530  0.27230257848469780  0.28252850477564811
  0.29284222904177787  0.30293382238394523  0.31300818438236699  0.32332298001053644
  0.33356872483046263  0.34318050702374947  0.35304350534304652  0.36329403390438597
  0.37346988047708235  0.38326248623328152  0.39342105991458054  0.40461652189367969
  0.41643211940224012  0.42753222758117815  0.43857803603999607  0.44992164402961898
  0.46111579390567509  0.47183950850926087  0.48302544268407194  0.49439569684731960
  0.50535141534225114  0.51633473959957599  0.52759550859644211  0.53886307917012366
  0.54953364570496854  0.55990025494534090  0.57048576239359750  0.58077884118016709
  0.59079227643887589  0.60073208255480037  0.61078861012252406  0.62086855467159818
  0.63100759926491690  0.64140206446238135  0.65192816982038981  0.66222811768087253
  0.67245051787087173  0.68295096859927518  0.69347460718472764  0.70418300597755867
  0.71523212722677998  0.72637618869918097  0.73741619506821898  0.74825952980089883
  0.75904746963399705  0.76936824309836582  0.77932057215071338  0.78878092732933358
  0.79850327783266284  0.80859510024777914  0.81932757155924429  0.82993487662057464
  0.84039810363702516  0.85093613737721874  0.86138973431283017  0.87194132785158263
  0.88261559414553170  0.89381901914316897  0.90511253983239970  0.91599303359880990
  0.92710494084464901  0.93793762431285310  0.94843530707366819  0.95900429167748158
  0.96998720422617335  0.98088052313493190  0.99053949931349539  1.00000000000000000
 -0.00239112206517813  0.01014090205813994  0.02034192200045480  0.03104422717721733
  0.04137250688985732  0.05253266426242697  0.06330617862469591  0.07388068850251386
  0.08453666767336852  0.09573541279668372  0.10688524146637440  0.11805839925317281
  0.12910476104242755  0.14020636186969562  0.15055348568422008  0.16069530789883679
  0.17107040391555359  0.18201804378065889  0.19255799248373451  0.20370797013301081
  0.21505167836949857  0.22672906494576270  0.23757444519602133  0.24780525228067382
  0.25789498369026503  0.26792154593546308  0.27761247594086585  0.28730389947529295
  0.29713676211346618  0.30729090582069812  0.31758390877200354  0.32733650741513315
  0.33708771105361462  0.34707715442616383  0.35768322964216587  0.36897615001026635
  0.38025405435676229  0.39112721618252583  0.40173718340662812  0.41219680352338883
  0.42295372229650741  0.43385677852018878  0.44423361041664156  0.45461825682653473
  0.46463266672571241  0.47435435089827283  0.48393413787354983  0.49388924693185121
  0.50412586548330152  0.51412132376057640  0.52432385196130382  0.53483288671709217
  0.54522632641988000  0.55569662323974023  0.56574443013720199  0.57587063897303725
  0.58551346243039692  0.59515508275071682  0.60484300952845371  0.61496145765189614
  0.62533695487278373  0.63652479318812583  0.64748263968191777  0.65813525753070423
  0.66900244630703443  0.68007149808391010  0.69154141625442800  0.70180710597045304
  0.71220175799440943  0.72233137798940950  0.73299010234254258  0.74369444148060038
  0.75447099380490057  0.76528289299597274  0.77657290608556462  0.78833505289024441
  0.80006348199201105  0.81139176702646443  0.82167001115551874  0.83158734306448467
  0.84148241946442259  0.85120856971431502  0.86087133830735041  0.87085903383183016
  0.88137681905871224  0.89199467139944777  0.90251167855596426  0.91334846363104927
  0.92464176059310221  0.93552185375185259  0.94616305523650623  0.95641223967187028
  0.96723232368883549  0.97817275757872657  0.98921315988258440  1.00000000000000000
 -0.00230968815722260  0.00914851347444408  0.01903363987937058  0.02973248535151751
  0.04057000937494130  0.05129833454647057  0.06189879423123387  0.07279824037121847
  0.08375032336158650  0.09481781800567965  0.10521744202128740  0.11570241151352993
  0.12596325270505962  0.13598766407470897  0.14571867289079857  0.15522575039523542
  0.16507085655826928  0.17538971040017307  0.18580150761670558  0.19616487547735192
  0.20630743176897165  0.21640866577688894  0.22660277754415006  0.23705519390795549
  0.24788432786653702  0.25873769578815381  0.26939856935833650  0.27986709640446034
  0.29062996110092243  0.30168901141118415  0.31277335139755363  0.32361611660352330
  0.33420946828779519  0.34503732065797582  0.35626553587711879  0.36790480015930788
  0.37921152993155977  0.39062882435366281  0.40261226382418758  0.41486458533810938
  0.42543298828749226  0.43572741489787514  0.44585170403183838  0.45570885253003085
  0.46529863452517850  0.47516614270046109  0.48548877250736505  0.49622831123477534
  0.50713541207288326  0.51843489351651817  0.52964399184516642  0.54033293000164917
  0.55058407225670303  0.56058406722316034  0.57085714851628389  0.58183787464486747
  0.59322182973426663  0.60462750414945332  0.61564807707035196  0.62619002614439989
  0.63636691401943846  0.64664402471615612  0.65742692339354569  0.66861388060799576
  0.68022882304782772  0.69197374308139281  0.70325888776967693  0.71392554967153254
  0.72414688122585458  0.73388277108439803  0.74336671107889840  0.75279822530482987
  0.76229781939463892  0.77209958299619730  0.78213042478771078  0.79263493269360263
  0.80300349905648616  0.81318582512281612  0.82341890943166562  0.83342288809819165
  0.84468445684601501  0.85591500093147466  0.86716579185540843  0.87856654644422116
  0.89028092099356382  0.90132827154269579  0.91146500713863354  0.92169966622203159
  0.93222365044292721  0.94277408536648810  0.95269113165147179  0.96223688778735283
  0.97145902789016247  0.98078919232225181  0.99040292221506787  1.00000000000000000
 -0.00211055704703066  0.00804140028198811  0.01772107495268658  0.02742919335918237
  0.03745875995426898  0.04771014335995595  0.05878946738053433  0.06958701135733709
  0.07965030620273737  0.08969375560495786  0.10013291913717158  0.11108306001966496
  0.12247350702275955  0.13350437076232635  0.14424146477438413  0.15416774500955951
  0.16387911844805167  0.17350173861557747  0.18396848938925750  0.19496515379357260
  0.20625457732665045  0.21722316554556412  0.22797172648551722  0.23854891346444101
  0.24858808116364650  0.25859558076353539  0.26874025244503374  0.27962129256323587
  0.29037893104042428  0.30081423922276052  0.31126296144702525  0.32182639961182047
  0.33267273748686021  0.34322589456734065  0.35363605172666063  0.36410427391416261
  0.37479514747799447  0.38619784456587120  0.39724000352817035  0.40772541908636123
  0.41791055932377202  0.42814697874900082  0.43866358615187495  0.44924577644178892
  0.45982672420488319  0.47053552741733584  0.48137021850617390  0.49227374227869936
  0.50269770727133178  0.51282613383821929  0.52288043469047352  0.53338774109146536
  0.54379950335378380  0.55382020066250648  0.56399834559439199  0.57442710426418142
  0.58546230063010651  0.59728687586904972  0.60941527309543930  0.62166217329354545
  0.63295379768507198  0.64391371570433209  0.65445420935301934  0.66503447096848378
  0.67522822329873688  0.68508813892664178  0.69446963847932286  0.70368257290783409
  0.71305810730982966  0.72288159315051581  0.73288323954798840  0.74323456227842255
  0.75326228956433594  0.76342481433922160  0.77372840481335670  0.78421495620461457
  0.79448474931998403  0.80466857024686189  0.81462543402680676  0.82491468475899687
  0.83568237847816029  0.84658911318869245  0.85756598492946545  0.86874503822527582
  0.87973802080219166  0.89022381663634353  0.90073740846630135  0.91137125469647606
  0.92242225604909245  0.93359659427153041  0.94446087119438293  0.95512940805349622
  0.96599327241214139  0.97727239612948036  0.98888324781253190  1.00000000000000000
  0.03096011737553870  0.03739596866635740  0.04719377275800869  0.05844885203190446
  0.06926123801878016  0.08031702096392648  0.09079965409908505  0.10089043869997141
  0.11109736999915722  0.12134196175947250  0.13128091910884482  0.14088345557237347
  0.15019915132008912  0.15965009606148647  0.16943224350409772  0.17918657989441561
  0.18863003452380150  0.19773123343397009  0.20706355548860431  0.21650380437122801
  0.22601981695845524  0.23557628784507781  0.24504916089890780  0.25437556864083188
  0.26321725429539122  0.27205535320177010  0.28121672407004045  0.29058459074192727
  0.30019735749326104  0.31013196708363983  0.32065522536416741  0.33120185907868482
  0.34136223999456888  0.35117117849001278  0.36078755783844851  0.37056323771165506
  0.38048207174334425  0.39042257316250861  0.40067070395749621  0.41131452829169812
  0.42204480246120929  0.43271388715401254  0.44326438425328829  0.45377110260245673
  0.46418693251633614  0.47477679609282453  0.48595217193451223  0.49697131145458978
  0.50742016071564944  0.51762012365698451  0.52774873703242597  0.53781992094209663
  0.54781325979517315  0.55749338522582537  0.56723424461301530  0.57707845772262789
  0.58737214963458040  0.59792010290459652  0.60801351490251510  0.61779185482087184
  0.62731237206220347  0.63651933277728190  0.64579291390204063  0.65537304990511380
  0.66515947212034143  0.67510276890530985  0.68522431286305041  0.69572922219706812
  0.70630680777592914  0.71651051504980945  0.72601476491691952  0.73566459721103517
  0.74484694320221367  0.75398493384012644  0.76310400025347724  0.77253527516415832
  0.78270677904987362  0.79315508556084913  0.80410103605221039  0.81519219365240714
  0.82577101818094023  0.83600994990475885  0.84608890333643660  0.85632627824087115
  0.86670903171075742  0.87712605551961398  0.88774097406870855  0.89812754016185925
  0.90815953508873815  0.91846343428661170  0.92906761778010427  0.93992807936584266
  0.95109878062536390  0.96236429733282525  0.96973676741197878  1.00000000000000000
 -0.01710115837142968  0.09893979294001116  0.13466021525838384  0.15720765057257696
  0.17530537713223696  0.19121535314680713  0.20529121202920050  0.21788107279154031
  0.22943469813460199  0.23991570450060942  0.24974384408548622  0.25878430410827619
  0.26788464030690951  0.27699714740237535  0.28620475313455823  0.29472604949797060
  0.30287427986438853  0.31082201988635783  0.31849001831473672  0.32609005738639701
  0.33317749408857777  0.34005327649171585  0.34690572245682139  0.35389566357053831
  0.36094855651028462  0.36787405697756215  0.37469008088491451  0.38149009103967363
  0.38824909513642381  0.39489431273945685  0.40136284195602245  0.40775534546803094
  0.41410873698779027  0.42040380421994661  0.42663698651448512  0.43285276996690203
  0.43878811081815466  0.44470095333422205  0.45059797124376189  0.45644085470732632
  0.46218166728585963  0.46768309084639442  0.47304755758790795  0.47842185483416044
  0.48399594302920490  0.48961843659694776  0.49533739570230756  0.50089677021338330
  0.50641292531687376  0.51193637345702403  0.51742853604558303  0.52312345440178443
  0.52894749234668703  0.53479725061838834  0.54063801867301209  0.54638625882250336
  0.55193366891198914  0.55759891300131681  0.56328929970874886  0.56910506251543835
  0.57509994720490731  0.58116507516928440  0.58730070300943960  0.59342327215026358
  0.59956857911519168  0.60575894618509230  0.61205346189868659  0.61842321845024162
  0.62471139107203433  0.63093151549778770  0.63712904377479085  0.64354636482932026
  0.65004659736438253  0.65664865437033659  0.66328894528411764  0.67011172737496294
  0.67711983299962375  0.68409145381544378  0.69138520141747262  0.69914697747024823
  0.70697830798152539  0.71561431185446744  0.72467643870778442  0.73356986232998178
  0.74266438006647695  0.75202277445864885  0.76228092740897235  0.77327988698184824
  0.78493518173771226  0.79788375410608503  0.81199669147588949  0.82769915043235331
  0.84514388064933788  0.86646856951245699  0.90057103669729910  1.00000000000000000
   7.8110699769005955E-011  -1.0000000000000000     
 T T F T T T T T T T T T T F T T T T T T T T T T T T T T T T T T T T T T T T T T T T T T T T T T T T F T T T T T T T T T T F T T T T F T T T T T T T T T T F T T T T T T T T T T T T T T T T T T T T T T T T T T T T T T T T T T T T F T T T T T T T T T T F T T
  <DiscreteSampler_grid>
  grouped_processes
  1 # 1 for a reference and 2 for a running grid.
  10 # Attribute 'min_bin_probing_points' of the grid.
  1 # Attribute 'grid_mode' of the grid. 1=='default',2=='initialization'
  0.0000000000000000 # Attribute 'small_contrib_threshold' of the grid.
  0.5000000000000000 # Attribute 'damping_power' of the grid.
 # binID   n_entries weight   weight_sqr   abs_weight
    10   10   2.013358763256583E+002   1.243701958980086E+005   2.013358763256583E+002
    11   10   2.013358763256575E+002   1.243701958980070E+005   2.013358763256575E+002
    16   10   2.013358763256583E+002   1.243701958980086E+005   2.013358763256583E+002
    17   10   2.013358763256575E+002   1.243701958980070E+005   2.013358763256575E+002
  </DiscreteSampler_grid>
