  0.00191698377456713  0.00194688429204310  0.00198875810094903  0.00203040436861213
  0.00207099580994404  0.00211652244282452  0.00216378547808350  0.00221177310410960
  0.00226125775860808  0.00231130487464319  0.00236083611890311  0.00241155842667432
  0.00246304734331157  0.00251570884252259  0.00257055436311702  0.00263061603651153
  0.00269164503205173  0.00275187388400047  0.00281477192077721  0.00287733422865247
  0.00294117287782302  0.00300659320933518  0.00307332682690920  0.00314433069415857
  0.00322138273051093  0.00330291150186772  0.00338654353850156  0.00347260770757237
  0.00356189874849548  0.00365213553760083  0.00374432233392907  0.00384053433842504
  0.00393895808919533  0.00404073354014923  0.00414338955544669  0.00425127739026635
  0.00436618867019003  0.00448635992878091  0.00460968888780718  0.00473620952804526
  0.00486283459838520  0.00499069432673477  0.00512333347172612  0.00526295397847878
  0.00541093189795494  0.00556733993135357  0.00573153771421105  0.00590355340193507
  0.00608225438926115  0.00626809825060580  0.00646192717718556  0.00665897685626456
  0.00686346109244735  0.00708130636057166  0.00731396999750377  0.00756115283692703
  0.00782866304109214  0.00810754986628526  0.00840079289732220  0.00870581539157483
  0.00902125920794905  0.00935159640493208  0.00970445931852193  0.01008156845525284
  0.01047452097269731  0.01088494167360323  0.01132210933870703  0.01178153179292086
  0.01227808458741022  0.01280461190934382  0.01336500769807583  0.01397827226440011
  0.01464204278764481  0.01533576508058093  0.01609155311404606  0.01691435628823254
  0.01781470800425441  0.01880806606589802  0.01993185567435383  0.02116261008131891
  0.02251193158287931  0.02404017129160252  0.02576985608197416  0.02772323276991605
  0.02996256174792261  0.03255126396030826  0.03557020347516308  0.03912417269780722
  0.04350132568095878  0.04893532366236274  0.05594235563439182  0.06556784226606152
  0.08017251359731106  0.10487787443023856  0.17691511371571716  1.00000000000000000
  0.00448696454286851  0.00518688860032190  0.00587196337937595  0.00664153778316257
  0.00736674548277447  0.00805553512189082  0.00878102559168896  0.00955630453873051
  0.01033828047005040  0.01111885422998264  0.01193201530964668  0.01280173347908707
  0.01372982870424060  0.01470865805311198  0.01568302706783938  0.01665481669379013
  0.01764944178775551  0.01870238266698759  0.01984527421975836  0.02105239702028158
  0.02231162274463178  0.02365497429504856  0.02506524300189158  0.02654924622670761
  0.02808679381422502  0.02968347364569888  0.03131348517365281  0.03297354208578247
  0.03464537518632139  0.03636566528927957  0.03812815033520192  0.04000233083724774
  0.04198751813960610  0.04407755083427335  0.04622934421579167  0.04846949888172579
  0.05081814175067953  0.05328517264893309  0.05577750420730769  0.05835048310435753
  0.06101129914048031  0.06388750986426639  0.06678244916285325  0.06977427056540940
  0.07280829003958426  0.07601226888845390  0.07938724921105668  0.08282534419818664
  0.08634978913255904  0.09006914042922844  0.09394656165942858  0.09800998568528814
  0.10226265537431471  0.10670776265267121  0.11135568659576021  0.11624813344174904
  0.12139294432894332  0.12666139808569898  0.13195705454431386  0.13742492869561845
  0.14306967482625044  0.14903650093908738  0.15511087658167577  0.16139157714034449
  0.16793489352291127  0.17477066566112201  0.18191874679144074  0.18948913336886072
  0.19765324814910154  0.20635348383680127  0.21536079936853880  0.22445523883042798
  0.23370867106796608  0.24347981119505860  0.25396214861693567  0.26490115422339561
  0.27648737205835783  0.28876953109503090  0.30161613338760834  0.31548980345614247
  0.33072616969010354  0.34728313054823340  0.36497743975547087  0.38419451525892784
  0.40524526462929350  0.42772353807428359  0.45218115396670494  0.47928965555253328
  0.50858207637419139  0.54189605598335022  0.57968911783991128  0.62388266569585871
  0.67701472244209215  0.74326435097266497  0.83986170847346753  1.00000000000000000
 -0.00220632481208458  0.00880573537414766  0.01901023022510142  0.02939970825434911
  0.04006545893307051  0.05073012239845353  0.06178693126696105  0.07254527762675143
  0.08319018862188370  0.09321426801047049  0.10330372127107287  0.11341862867890957
  0.12357160727410570  0.13392649379966753  0.14467671461655926  0.15570757086397394
  0.16676752720597549  0.17749923876979048  0.18805130753470695  0.19837807656883447
  0.20876404072685881  0.21897072800869791  0.22941109970192192  0.24001244144276507
  0.25110849434795518  0.26247459984640920  0.27380981373645324  0.28482196303955321
  0.29541635941477140  0.30610274124523584  0.31670136316532776  0.32741658963003983
  0.33775355338049068  0.34789811919019686  0.35783208496476338  0.36770112563919899
  0.37804817357238818  0.38859052609308870  0.39929642724062192  0.40984041677728661
  0.42005894431193963  0.42997037941583932  0.44012439012387916  0.45040086563694814
  0.46052194779231809  0.47047862155008247  0.48003025878666283  0.49097736277992599
  0.50166127872476540  0.51300207610784709  0.52390146326891374  0.53557120061402985
  0.54653064360323866  0.55739058387747187  0.56773004711274144  0.57820414301299150
  0.58889335055545800  0.59932585892176027  0.60962513992876788  0.61980812157871057
  0.63017594472942506  0.64040407544211309  0.65062685584818081  0.66085329263491943
  0.67140783716674701  0.68202966408474819  0.69244924951304643  0.70257249457407600
  0.71305294905401240  0.72376081188977759  0.73476004206217671  0.74550425025280642
  0.75609062148773276  0.76665910951549598  0.77759116264814376  0.78890001267709853
  0.80016739736250320  0.81128481157874099  0.82214786311874555  0.83287123672374841
  0.84312771278251264  0.85352101914341305  0.86384205231007916  0.87431819293292146
  0.88462159836306242  0.89507614344925823  0.90596434843152507  0.91707524132277052
  0.92813402385687727  0.93876333269456758  0.94927568441664179  0.95971521858192244
  0.96993708341882401  0.98005033561580490  0.99003185070996091  1.00000000000000000
 -0.00228194340649059  0.00897248317449725  0.01805623534601622  0.02800955306715908
  0.03784614134258933  0.04781858362812078  0.05760893760840272  0.06768675798152282
  0.07806732464687197  0.08855143932241699  0.09921398209876693  0.10936455115452558
  0.11950365120697340  0.12972169975661677  0.14046371147212916  0.15098118272013536
  0.16096507774607405  0.17083960895160785  0.18080348617522807  0.19141806747997556
  0.20224389710428534  0.21294484544676218  0.22342975579424662  0.23433318670085493
  0.24561450103918614  0.25670441228073898  0.26792661751950009  0.27871417764147816
  0.28942509427967378  0.29985714924457579  0.31078353021036864  0.32172402967724317
  0.33237330199568843  0.34287531380428360  0.35371515226420847  0.36497261710897622
  0.37602696726866469  0.38700175442276952  0.39797314115572197  0.40915427726514098
  0.42026915184902502  0.43117558365066422  0.44205905789964861  0.45290062091470740
  0.46365790918597682  0.47425166267650437  0.48490696099354597  0.49559270186818855
  0.50634669675883148  0.51727772078242495  0.52806612804492126  0.53887248613750838
  0.54934723086206938  0.55976284248510910  0.56998775591996509  0.58002214700646704
  0.59020352344472338  0.60055892766805907  0.61102922052067543  0.62172471579403021
  0.63239506583272154  0.64315105984058907  0.65313236219225845  0.66276616320920068
  0.67234617345497683  0.68280645815649355  0.69347939287345250  0.70404713669985985
  0.71429925318355614  0.72467461668169386  0.73494144708859288  0.74538338457527209
  0.75618905866756636  0.76749007486936471  0.77817809603623622  0.78863220986248928
  0.79870325148432642  0.80934035881124700  0.81970760188769842  0.83008984527863428
  0.84022582155370973  0.85074563762856126  0.86139602349917521  0.87207478387201132
  0.88240349072712532  0.89298021667673433  0.90388535662710445  0.91521765137420164
  0.92604497255955309  0.93671530768156586  0.94718914816369282  0.95788098383108689
  0.96842856832718172  0.97888115711879820  0.98946460759445354  1.00000000000000000
 -0.00273873667503801  0.01058922004076052  0.02144036031968500  0.03236568060009559
  0.04302976712398335  0.05363634038069312  0.06383514787483069  0.07373504296501657
  0.08360219949452535  0.09390148492408772  0.10430361142948009  0.11493843740754293
  0.12562622635836762  0.13658367684082964  0.14763099993698048  0.15862026767979534
  0.16953772168444919  0.18044218595138814  0.19120433616532131  0.20190675535291222
  0.21241065645853319  0.22282547785984366  0.23305096782948501  0.24339095855047807
  0.25392372776252453  0.26466606659650949  0.27505199448688150  0.28546178144966766
  0.29573788233071241  0.30630064179789795  0.31655151786500735  0.32653432730814574
  0.33640396596321626  0.34656723664434597  0.35707218924829037  0.36775493746614529
  0.37877453051603693  0.38952893530549471  0.40016552787515092  0.41062087149385584
  0.42132399685398308  0.43225952129254680  0.44323491501509549  0.45417189884866332
  0.46494798709384350  0.47554422116577538  0.48611316850657055  0.49655044351148414
  0.50706929460982497  0.51762678465945067  0.52830861576027643  0.53892462234300287
  0.54917751996705644  0.55946905716398398  0.57002552390614225  0.58082331678472898
  0.59125313638311727  0.60130010172966142  0.61137480680872780  0.62169479250584980
  0.63220096156416949  0.64283474007709873  0.65306104479346638  0.66296722433635491
  0.67294149027722616  0.68291590795054946  0.69319973358593878  0.70350568047397710
  0.71437154643234557  0.72457239558389597  0.73453318518092603  0.74452466281060836
  0.75524889204543555  0.76596897140499820  0.77658544970150523  0.78705534545140865
  0.79766410956235667  0.80830380013917469  0.81916370178950715  0.83007679079081742
  0.84111431619570109  0.85213725490894288  0.86249706232594381  0.87266592607860261
  0.88264497979909584  0.89321218586249362  0.90394240961518180  0.91476466877167872
  0.92573250507170701  0.93678068493381428  0.94776034502692807  0.95838205043381675
  0.96885207069906931  0.97901187918918420  0.98948418220703804  1.00000000000000000
 -0.00251840625487446  0.00966206246960238  0.02010905202005429  0.03020052044266611
  0.04079333802640808  0.05162817109868223  0.06276101438841915  0.07346819561789976
  0.08424378135066039  0.09503523790026232  0.10591061156667934  0.11622584514153730
  0.12637426437242896  0.13665621859989072  0.14707783465064214  0.15823702395295583
  0.16903701084268366  0.17959078558749528  0.18999422680001457  0.20041244532160457
  0.21084495887169816  0.22130687752829817  0.23143460509569760  0.24242074878026448
  0.25252284726045526  0.26309834893620399  0.27311052278175640  0.28386048205705011
  0.29455117401082059  0.30575065212551034  0.31713515963349259  0.32845303651536900
  0.33948145934876978  0.35045789591459331  0.36148165245205616  0.37250816374708418
  0.38342961530556635  0.39412221494265953  0.40475575068863140  0.41552556393847190
  0.42562167242790794  0.43579962990050353  0.44596569242736461  0.45657546206957234
  0.46655479699732483  0.47654266147599383  0.48689139202300896  0.49745306782256599
  0.50789043391612843  0.51809666488414385  0.52848624490320750  0.53930689175719670
  0.55021400801434173  0.56141878156649794  0.57198744877725294  0.58269066048506901
  0.59290014905101696  0.60340814381257091  0.61378983046071656  0.62395325053583572
  0.63375631169063074  0.64366628545523119  0.65394763801515698  0.66448027349534822
  0.67510558808090115  0.68565627343606272  0.69629130735784872  0.70723948086795962
  0.71833963188567718  0.72936636967019464  0.74012380961153323  0.75082003389160090
  0.76144334395422753  0.77188341829884000  0.78241580268653654  0.79287024873860934
  0.80349792576150314  0.81422552172692308  0.82494072984847377  0.83521207350603466
  0.84490280251181293  0.85438088429571157  0.86410766931320371  0.87437004368782245
  0.88498343429085713  0.89556409974018558  0.90621626165364777  0.91686575639057299
  0.92720177947316929  0.93730100994130816  0.94711513225201183  0.95696266821222020
  0.96719477856564517  0.97754912389097381  0.98874933499009543  1.00000000000000000
 -0.00233067509519086  0.00946735523406017  0.01992126244723492  0.03108462964029113
  0.04183890788106823  0.05215259294286057  0.06239638136949179  0.07286258700015721
  0.08338428900559583  0.09437294610323903  0.10559575888493397  0.11697875868770251
  0.12799357040401160  0.13832568572486612  0.14875664184020143  0.15878109901201851
  0.16877161270533067  0.17856462462588599  0.18840280547577429  0.19861394624640238
  0.20903841490719674  0.21963313353473388  0.23030209775215196  0.24083839138659907
  0.25090651717334889  0.26089241049165313  0.27120843022334590  0.28181149187459847
  0.29211364698115450  0.30225499221465812  0.31223541195822235  0.32247643242323110
  0.33255870120361269  0.34282056227604196  0.35305468989847977  0.36362463965198361
  0.37450553864754504  0.38547550294819749  0.39650500870263816  0.40727782107964761
  0.41786304781841510  0.42844447923199497  0.43920092788071341  0.45025830852595194
  0.46139898212263297  0.47236144007571662  0.48277660393644534  0.49277805299181016
  0.50273281195923403  0.51279263489153626  0.52300447125728156  0.53353410797343392
  0.54421677128487689  0.55518459860231684  0.56609223623675109  0.57663628797301303
  0.58676609915822231  0.59684558162958590  0.60730828386644065  0.61806489742045134
  0.62889413727808863  0.63969833947218813  0.65034076318150746  0.66072317353264054
  0.67117129787151708  0.68189999522334532  0.69268366912244139  0.70323112845793589
  0.71351070779846282  0.72366050733683318  0.73373777538985696  0.74390153808389559
  0.75426940105887652  0.76477849243560447  0.77524245483421028  0.78593034268667550
  0.79688807244741344  0.80805792294054701  0.81911685066135020  0.83008868786732481
  0.84072441051469915  0.85133305731860898  0.86211812594053516  0.87315540006008396
  0.88410288930222358  0.89492664566959124  0.90566311976277336  0.91634289520552359
  0.92652361108135284  0.93678443656192789  0.94707912815899076  0.95735291292099156
  0.96769276934783899  0.97827125775996637  0.98919890613305561  1.00000000000000000
 -0.00256901510002968  0.00979076258581927  0.02038449091099246  0.03116087026663418
  0.04205585769381857  0.05289636442149909  0.06369646104280202  0.07445411027848674
  0.08542427568980358  0.09580876330623735  0.10648883945899058  0.11709752997324498
  0.12770772102529590  0.13777783134276497  0.14796748040895766  0.15815361984545692
  0.16854774128430833  0.17888369331188106  0.18939286443832590  0.19985667521733128
  0.20996840843548173  0.22074035651046975  0.23150479020325429  0.24254731766104620
  0.25360388982302062  0.26443431198753953  0.27520064472407585  0.28580804295851592
  0.29657796344928167  0.30744948855248044  0.31823824878350376  0.32893537858849775
  0.33950372208135837  0.34977306214282727  0.35976610560982564  0.36982449127210459
  0.38007146960702937  0.39044367775622602  0.40035955599416667  0.41014432290541386
  0.42018132004870878  0.43062758777454341  0.44154305791803972  0.45266672231157040
  0.46340014032138349  0.47379817935243762  0.48410233091357507  0.49501586693688548
  0.50596485697396654  0.51670672652328897  0.52740240289283380  0.53805614863050832
  0.54879158163756925  0.55911496534922678  0.56979547149640153  0.58076691947414572
  0.59196528002001614  0.60280948294040237  0.61316024003778680  0.62384912685239358
  0.63441994220453857  0.64500630473018306  0.65546557930355498  0.66611023220540055
  0.67656761597234583  0.68694401480458045  0.69705180632635422  0.70772598163599942
  0.71800873530244913  0.72832955734397309  0.73860590784432556  0.74904753993872197
  0.75972847114350095  0.76999295942771517  0.78045317402210335  0.79065208249215135
  0.80145778278136637  0.81249811139785411  0.82394938262965978  0.83564113688093744
  0.84647725575725519  0.85744230842821356  0.86832764285824326  0.87908906247217544
  0.88975429684098040  0.90009262494488607  0.91074759532388672  0.92081826885161544
  0.93060542043626415  0.94065103541595285  0.95068644183039230  0.96093918891887609
  0.97058196337090763  0.98046935317164663  0.99017890777893292  1.00000000000000000
   4.1675780189826605E-012  -1.0000000000000000     
 T T T T T F T T T T F T T T T T T T T T T F T T T T F T T T T T T T T T T F T T T T F T T T T T F F F F F F F F F F F F F F F F F F F F F F F F F F F F F F F F F F F F F F F F F F F F F F F F
  <DiscreteSampler_grid>
  grouped_processes
  1 # 1 for a reference and 2 for a running grid.
  10 # Attribute 'min_bin_probing_points' of the grid.
  1 # Attribute 'grid_mode' of the grid. 1=='default',2=='initialization'
  0.0000000000000000 # Attribute 'small_contrib_threshold' of the grid.
  0.5000000000000000 # Attribute 'damping_power' of the grid.
 # binID   n_entries weight   weight_sqr   abs_weight
    10   10   7.648564835588938E+004   1.934244872344895E+010   7.648564835588938E+004
    16   10   7.696690108707195E+004   2.136902812137729E+010   7.696690108707195E+004
    22   10   7.696690108707195E+004   2.136902812137729E+010   7.696690108707195E+004
    28   10   7.648564835588937E+004   1.934244872344895E+010   7.648564835588937E+004
    34   10   7.648564835588937E+004   1.934244872344896E+010   7.648564835588937E+004
    40   10   7.696690108707196E+004   2.136902812137729E+010   7.696690108707196E+004
    46   10   7.648564835588937E+004   1.934244872344896E+010   7.648564835588937E+004
    52   10   7.696690108702602E+004   2.136902812137728E+010   7.696690108702602E+004
  </DiscreteSampler_grid>
