  0.00191538920879237  0.00195254211009748  0.00199562293987731  0.00203797824952411
  0.00208048538926736  0.00212494032793599  0.00217153550179254  0.00221842880583712
  0.00226602229248606  0.00231573241563863  0.00236752099695214  0.00242059371174820
  0.00247404541864220  0.00252822455604448  0.00258403390839088  0.00264138507316898
  0.00270075965729691  0.00276149740083343  0.00282574050901071  0.00289367113475681
  0.00296415314990123  0.00303845615479239  0.00311500435587146  0.00319165256170404
  0.00326724471202465  0.00334353226450119  0.00342325747772296  0.00350794171977210
  0.00359707086906804  0.00368892401744041  0.00378357664853874  0.00388181245279653
  0.00398357156062672  0.00408740728346159  0.00419242010723610  0.00429981725770000
  0.00440859199918712  0.00452487205134456  0.00464569304714242  0.00477176787492302
  0.00489919564486461  0.00503111105659339  0.00517120660043070  0.00531841627836511
  0.00547217766806860  0.00563479418166408  0.00580548542961244  0.00597855330428312
  0.00615892269482308  0.00634820391463203  0.00654583328623048  0.00674882274955393
  0.00695695253500494  0.00717399420959190  0.00740336299992934  0.00764783074793486
  0.00790733346298834  0.00818139384987040  0.00847065030272152  0.00876579746480983
  0.00907171897453856  0.00939920662369866  0.00975009794436991  0.01012911633823010
  0.01053164152044235  0.01095081654755781  0.01138796895597879  0.01186193334709822
  0.01237747186368121  0.01293688217570237  0.01353532502815470  0.01415807578404139
  0.01482033280538660  0.01553786657168043  0.01631311426030797  0.01715887390979314
  0.01810142545000024  0.01913025687547072  0.02023770823418629  0.02145458886263430
  0.02280091027973308  0.02431680538598967  0.02604268410021402  0.02800725121863296
  0.03024212617113498  0.03283008410922379  0.03587030004057695  0.03940696490328410
  0.04364442840798319  0.04888935820643925  0.05567388962194530  0.06506413186804098
  0.07945291583416773  0.10382101428307121  0.17503371215827190  1.00000000000000000
  0.00552686904205213  0.00646680822729377  0.00719490519057392  0.00788552671787922
  0.00861203231595241  0.00937533247581948  0.01016731897702551  0.01102108784150335
  0.01189893469877205  0.01277620606699052  0.01367304111362676  0.01460166893794420
  0.01556831524881200  0.01655284513184561  0.01754523984068633  0.01858681214110702
  0.01965938433682043  0.02076859895191204  0.02194278969491709  0.02312635531763489
  0.02436847662790179  0.02569010607222159  0.02708265444240793  0.02853363178913399
  0.03004538889481987  0.03163137675283011  0.03328917942621057  0.03499849236113680
  0.03676160493559930  0.03861848456541497  0.04057599885530575  0.04258883890072883
  0.04464502619984011  0.04673289542798430  0.04888182593106236  0.05109833253517037
  0.05340209641810721  0.05578119466429161  0.05827673186940203  0.06082603415566827
  0.06342024034545032  0.06611408523927442  0.06898674714418161  0.07204850777820451
  0.07527881389139553  0.07860196150624320  0.08196585145609707  0.08540590202641361
  0.08894457151357726  0.09262358708699236  0.09643911260321116  0.10035016269052011
  0.10443862768127679  0.10871454440079048  0.11317329580788724  0.11784615166130680
  0.12267331188552658  0.12768115748381456  0.13295879659218518  0.13856522187310383
  0.14432352466962017  0.15037026631067402  0.15661859593919383  0.16295327108523278
  0.16955909433150584  0.17649602654935079  0.18395584516224017  0.19194691169277825
  0.20026922234041589  0.20882631478174718  0.21772865704113334  0.22709579243723793
  0.23690408469014382  0.24725656395474696  0.25777127717990261  0.26883075511731325
  0.28022544365421342  0.29289934506799425  0.30641770347289354  0.32089971656795835
  0.33636422315561326  0.35283886297123418  0.37049436882451164  0.38952726155101663
  0.41023440469494882  0.43317322483971799  0.45861574464405891  0.48607429879706654
  0.51649403607272482  0.54922443310782465  0.58757448641164012  0.63294700556752936
  0.68687224193614593  0.75220702165817799  0.84786415942351090  1.00000000000000000
 -0.00240312902760022  0.00979844543255745  0.01996833243005918  0.03073334165820608
  0.04141028751790931  0.05222607467413579  0.06325422135662044  0.07431845602974380
  0.08540574877919876  0.09534526783494990  0.10558548605145694  0.11549755339528925
  0.12597695656807514  0.13584829765018150  0.14577187933173841  0.15599922198655192
  0.16601801125101945  0.17642780796369795  0.18675332144268336  0.19752544149751472
  0.20799642204417926  0.21863426560423521  0.22910767950477981  0.23990020736352477
  0.25055481218914682  0.26188955862760344  0.27279596323301775  0.28330699976869400
  0.29371910751374231  0.30394069802102747  0.31450485429452790  0.32465573321011670
  0.33520148781796977  0.34577678575729509  0.35631549853143085  0.36671962976822842
  0.37717617967098566  0.38778917188259215  0.39802704000901551  0.40821456746704332
  0.41878337950559530  0.42932236908108379  0.43960057347672266  0.44965373377378376
  0.45988150126963206  0.47032348439242422  0.48078352624537513  0.49137716441492679
  0.50223081643470735  0.51331757771783648  0.52428880004981715  0.53503081327753044
  0.54538222197285868  0.55571738554127403  0.56618698640551057  0.57683121187514674
  0.58753083815598628  0.59814070162294852  0.60875066017756763  0.61958394990263510
  0.63009615258111495  0.64044634585940086  0.65022719474635515  0.65985656723475516
  0.66980641973234056  0.68002134563191630  0.69083070897526377  0.70135866088563392
  0.71205156013195492  0.72244113664097775  0.73313709928199433  0.74333572235611389
  0.75359765507884746  0.76368199643592516  0.77439895721890983  0.78574170503248064
  0.79680077082140255  0.80762663271500079  0.81822010150320734  0.82891149671885578
  0.83981357688372626  0.84996391402621330  0.86044788219979107  0.87114414157553566
  0.88247008617324141  0.89339677715566579  0.90405167328850522  0.91523324764841862
  0.92596873900240162  0.93668050810410997  0.94741706481491350  0.95797466950163612
  0.96836498516604241  0.97819507720583265  0.98909468214632157  1.00000000000000000
 -0.00230796300010843  0.00866018796569110  0.01863948924113450  0.02896153927798608
  0.03955985527144264  0.05004743315274116  0.06054887083049787  0.07112203105864930
  0.08160387857489396  0.09229361274612256  0.10265019684058470  0.11373847035433526
  0.12496176234016261  0.13553147432664370  0.14597986822979073  0.15670421729073861
  0.16767320265433852  0.17840543022958352  0.18859234825000287  0.19874456667556617
  0.20897300494527082  0.21925348759578764  0.22976523794260534  0.24055243090870854
  0.25168742939219158  0.26261689078476436  0.27344378181802487  0.28416555728378212
  0.29491207990995277  0.30537415315145994  0.31571873614381235  0.32575722839285631
  0.33569018595916311  0.34563119274895271  0.35591050202718322  0.36668949235954817
  0.37716196173585687  0.38747960896431438  0.39772741290540364  0.40811481773274305
  0.41826640545254334  0.42856970886811996  0.43909157098333257  0.44994941665721111
  0.46074052694178397  0.47134838294607495  0.48174676281404188  0.49205136808199174
  0.50239589674671126  0.51271879018128930  0.52301969313683472  0.53339316975056816
  0.54378458664128571  0.55420554803782540  0.56458140609707630  0.57519030002293803
  0.58585850772861203  0.59659304677860558  0.60731922417331785  0.61805246839325723
  0.62871549989186704  0.63936884696715857  0.64995012176397915  0.66025572437005331
  0.67040098975051776  0.68071363749023994  0.69148985402417418  0.70240762964756587
  0.71348476010809836  0.72451315475976508  0.73541176398855834  0.74620287969176435
  0.75703243241865636  0.76812287122354594  0.77933924795550902  0.79037634470163709
  0.80124667998273258  0.81189321096387113  0.82278735796859648  0.83363712822336522
  0.84440588931831395  0.85529750113103675  0.86633469644252337  0.87691325982975699
  0.88701588882810467  0.89724408520070020  0.90771638612249217  0.91806211743935096
  0.92816800506258867  0.93823782886876927  0.94834707186746880  0.95848268249606650
  0.96865494324765911  0.97890713392021100  0.98934830948384234  1.00000000000000000
 -0.00248414517638841  0.00925282863570051  0.01950229606110159  0.03005943910293919
  0.04080338896068320  0.05162946094175874  0.06238459152439554  0.07310522608741066
  0.08383694550009846  0.09425265181177821  0.10450187048822757  0.11505816610141695
  0.12577141835479819  0.13655924062545927  0.14684197190999068  0.15703634193209651
  0.16730073911030749  0.17798037102789679  0.18879416955617170  0.19949508512848368
  0.21005807081883240  0.22040422580076985  0.23077620463125767  0.24128204027788458
  0.25190309045054471  0.26216272775913135  0.27236123935514739  0.28278857510107613
  0.29354838927976157  0.30453234560037667  0.31562821518723655  0.32663110428994990
  0.33754124539484209  0.34852824463744064  0.35931999698034589  0.36996392353826485
  0.38042220087042411  0.39128997555097061  0.40167999907251384  0.41215592905728343
  0.42205254897842825  0.43195017377638190  0.44197232661281283  0.45217338031430149
  0.46219825316021651  0.47231415202499027  0.48266916427087114  0.49335750272440770
  0.50411856110756836  0.51461914631721539  0.52510683125769697  0.53591704275625052
  0.54713093531119794  0.55874533025309925  0.57026551864620523  0.58130516206265437
  0.59226387482071718  0.60299484676708415  0.61348514065613602  0.62365376963591168
  0.63400928606597251  0.64435513123920374  0.65464372225733081  0.66470182434718328
  0.67504753992198041  0.68580620542777293  0.69673519547043739  0.70771759728534833
  0.71854429212034510  0.72927481836588026  0.74023761553678469  0.75086308492755693
  0.76139493924255097  0.77159614385543429  0.78184549368546219  0.79195611422860557
  0.80234905554343816  0.81271975899997329  0.82303206048841460  0.83309877666694765
  0.84281516715860927  0.85253619751998899  0.86219572858038451  0.87238350035694201
  0.88297606384811711  0.89366884558588500  0.90435771634778839  0.91450773595750146
  0.92481427583868747  0.93491947550581700  0.94590667281535179  0.95683964631483809
  0.96754951029795222  0.97805091591546167  0.98878707372119978  1.00000000000000000
 -0.00230141003082314  0.00933141992632459  0.01922394713827820  0.02912731034097362
  0.03909400698430159  0.04942995482306103  0.05973742882825381  0.07013604488603173
  0.08040986016283241  0.09105885477122708  0.10180189583975091  0.11285141804279820
  0.12375521726740196  0.13468189419734464  0.14521793229514179  0.15548402264743366
  0.16583789212422795  0.17648294086512156  0.18736932850170848  0.19800465959375282
  0.20826928937027564  0.21872025895913200  0.22906979590589827  0.23962460365442442
  0.25017495197864359  0.26085917536561037  0.27170532413204607  0.28240388916568182
  0.29346681836765337  0.30444837241166156  0.31507000133591634  0.32555149050465992
  0.33615632168167570  0.34675102260208890  0.35713323419939258  0.36727203493925775
  0.37759933393252737  0.38783667408116318  0.39859498602682797  0.40998029555148885
  0.42206642048481052  0.43340923076137933  0.44436614878447189  0.45505815460006027
  0.46583029714168139  0.47660206363067420  0.48694873317018728  0.49696229092018257
  0.50700517821978974  0.51729023645241035  0.52805363938322025  0.53865664184622764
  0.54876602337501812  0.55934713744214259  0.57001689278306078  0.58097165103650739
  0.59153261520307576  0.60188292597816817  0.61225072960052840  0.62271519217341087
  0.63373955235163004  0.64456945237724605  0.65512169878571513  0.66534926191131771
  0.67577594012556563  0.68610059979877003  0.69657048326809767  0.70698275275070432
  0.71738428589230185  0.72776077778093684  0.73821221205825582  0.74901657964390489
  0.76009160716830704  0.77099149353988272  0.78203591041135867  0.79256554222851006
  0.80297570432870435  0.81302744611723288  0.82317793205353784  0.83359355055068118
  0.84392329906102836  0.85429895782586329  0.86451819315612555  0.87531115846467800
  0.88580365719773135  0.89633727327226342  0.90581672747170394  0.91562265925797426
  0.92526698500004145  0.93537589326375159  0.94571866119947934  0.95632067126321230
  0.96708460600096957  0.97804746589175229  0.98892563229167463  1.00000000000000000
 -0.00254410894463746  0.00982696037717643  0.02053147238569899  0.03065825637445067
  0.04087418260652787  0.05119918655463861  0.06151795755539635  0.07175954094527870
  0.08189063436331462  0.09274308105115849  0.10332502626908099  0.11349203358983909
  0.12363092152707343  0.13436952219168724  0.14526542248615254  0.15554057687188555
  0.16560477284576344  0.17635570046703192  0.18709114130206939  0.19764170462768113
  0.20795753450361562  0.21847362763522890  0.22927648358839350  0.23997566624123076
  0.25088870127590834  0.26205642563929227  0.27292288498761652  0.28374838686488851
  0.29423287541256926  0.30495426355648725  0.31546269430868668  0.32623297155430486
  0.33688299047130060  0.34753694592978629  0.35757068981382584  0.36729548314084248
  0.37672252360592662  0.38645132130211085  0.39613666786912011  0.40612793131994163
  0.41641649145118925  0.42716684270371053  0.43800514028124587  0.44914406594198159
  0.46033501401474997  0.47121026238584141  0.48157751041543251  0.49171423847087498
  0.50188148479819716  0.51213941586501588  0.52281517593229909  0.53339093725258746
  0.54373564932294161  0.55365393976573207  0.56373779575185323  0.57411914977976441
  0.58488371460435806  0.59529441923766391  0.60578241713689829  0.61622852608338996
  0.62702910026053527  0.63806509868117056  0.64905290697192863  0.65991157260389677
  0.67030628108998069  0.68087496206853459  0.69153662679107486  0.70244787838678746
  0.71301598845366676  0.72336664063259837  0.73390887353363121  0.74479547589383555
  0.75585440928970482  0.76661059546816213  0.77723231129989567  0.78778880793712780
  0.79815357369326434  0.80853087363675746  0.81859716295687190  0.82917191564477333
  0.83959516407303347  0.85060315830918487  0.86123323851110689  0.87211588183462552
  0.88283671172875133  0.89355216524085301  0.90448257029197998  0.91512429389669459
  0.92606117667893595  0.93670152731911860  0.94753479694423948  0.95807568707232582
  0.96853661743574593  0.97886383569179858  0.98944977418174240  1.00000000000000000
 -0.00271545709129739  0.01017978814957472  0.02097185120147884  0.03165119231258225
  0.04227465529309748  0.05289074769786991  0.06384138760197282  0.07470522101868171
  0.08558033959195538  0.09629092038392999  0.10657484157440897  0.11677039757624649
  0.12716787575306959  0.13802077741979113  0.14920104727457650  0.16042354635042655
  0.17106597965177900  0.18118260473214629  0.19110390676246647  0.20124639032072986
  0.21189577316474467  0.22277930946634167  0.23363270321788526  0.24429154281311852
  0.25467177661558266  0.26489695680166592  0.27526949385094457  0.28547822407616036
  0.29569037484077754  0.30571765999768319  0.31601003730824939  0.32665484394276112
  0.33728359664117513  0.34774826415849952  0.35851200420417295  0.36897437561715457
  0.37938384197543579  0.38959480925804879  0.39969663794764460  0.40989594084889991
  0.41992497652086436  0.43040024286046891  0.44096533910741909  0.45180262992982217
  0.46254417592457431  0.47322729380448197  0.48382717564268407  0.49430295386933654
  0.50458986902018421  0.51497637420009645  0.52530607160768028  0.53582295662196733
  0.54611908907117002  0.55646977115723284  0.56671425456186408  0.57681830926871969
  0.58724672573471981  0.59800495245525509  0.60915617374562914  0.61994077968907679
  0.63058994818481429  0.64093265634647045  0.65127196070722104  0.66138432648522383
  0.67175811169883393  0.68210588027052077  0.69257283765905575  0.70303869729734481
  0.71326771707253178  0.72381884642123728  0.73392063775222416  0.74414416538438133
  0.75414364498499464  0.76472130288249274  0.77567792973743732  0.78677787280892875
  0.79735359675888495  0.80795773637406021  0.81823806091168561  0.82867935461466602
  0.83947361128720577  0.85061840225116003  0.86144700564361454  0.87223843860739203
  0.88342949399878135  0.89439458616039502  0.90477132526284498  0.91490994872663300
  0.92526456349483477  0.93574041008377618  0.94643270289849812  0.95725103062397809
  0.96803126682009255  0.97907823840794117  0.98941689464300553  1.00000000000000000
   4.1567243630356719E-012  -1.0000000000000000     
 T T T T T T T T T T T T T T T T T T T T T T T T T T T T T T T T T T T T T T T T T T T T T T T T F F F F F F F F F F F F F F F F F F F F F F F F F F F F F F F F F F F F F F F F F F F F F F F F
  <DiscreteSampler_grid>
  grouped_processes
  1 # 1 for a reference and 2 for a running grid.
  10 # Attribute 'min_bin_probing_points' of the grid.
  1 # Attribute 'grid_mode' of the grid. 1=='default',2=='initialization'
  0.0000000000000000 # Attribute 'small_contrib_threshold' of the grid.
  0.5000000000000000 # Attribute 'damping_power' of the grid.
 # binID   n_entries weight   weight_sqr   abs_weight
    10   10   9.529938987758212E+002   3.624364344612528E+006   9.529938987758212E+002
    16   10   7.068411176247341E+002   1.504978533100637E+006   7.068411176247341E+002
    22   10   7.068411176247341E+002   1.504978533100637E+006   7.068411176247341E+002
    28   10   9.529938987758209E+002   3.624364344612525E+006   9.529938987758209E+002
    34   10   9.529938987758209E+002   3.624364344612523E+006   9.529938987758209E+002
    40   10   7.068411176247341E+002   1.504978533100637E+006   7.068411176247341E+002
    46   10   9.529938987758209E+002   3.624364344612525E+006   9.529938987758209E+002
    52   10   7.068411176247340E+002   1.504978533100637E+006   7.068411176247340E+002
  </DiscreteSampler_grid>
