  0.00191252237503910  0.00194759374898561  0.00198830305364369  0.00202729140990787
  0.00206728643560054  0.00211160350581578  0.00215698490767923  0.00220305904526164
  0.00225166493195482  0.00230256847669373  0.00235621462549154  0.00241166904580321
  0.00246970452321544  0.00252837490451115  0.00258657144641942  0.00264538476659155
  0.00270624901272795  0.00276851130883366  0.00283533250185114  0.00290397770817437
  0.00297330141060664  0.00304554030341978  0.00312082509979229  0.00319853519772380
  0.00327938521379768  0.00336444906357857  0.00345027754319266  0.00354324539423993
  0.00363645419075953  0.00373173999239567  0.00382974108301318  0.00392943910669310
  0.00403136092528154  0.00413961657163584  0.00425400934066554  0.00437435317462871
  0.00449925894757334  0.00462882038088362  0.00476807420388538  0.00491168284182680
  0.00506108767869872  0.00521637045871326  0.00537772638638210  0.00554718104650463
  0.00572525865459988  0.00591202596804892  0.00610822681243312  0.00631261311106308
  0.00652037844168438  0.00674340157988440  0.00697904037900951  0.00722695165380527
  0.00749011898987355  0.00776262969672392  0.00804104374264381  0.00832736543458925
  0.00862056192477964  0.00892918033116290  0.00925993140609249  0.00962496633559022
  0.01001857821512606  0.01045168752770138  0.01092377798294515  0.01139878416900872
  0.01188885670590714  0.01240334863285871  0.01295571848666168  0.01354141196187932
  0.01417754242989830  0.01485215368348387  0.01557544919741420  0.01635983873655923
  0.01719821201906424  0.01808623088949660  0.01908394157612849  0.02020768989065462
  0.02143414401676971  0.02275945840262500  0.02423158633232574  0.02586064885568574
  0.02768791389964581  0.02970694340126302  0.03195387355095213  0.03450491148282945
  0.03758758448088879  0.04137640613679930  0.04565051513729603  0.05043468977759878
  0.05645278232473774  0.06434964079650700  0.07428274602648104  0.08789512295730997
  0.10949631196516517  0.14981199325685038  0.26530692251352811  1.00000000000000000
  0.00200960766789881  0.00319067843277005  0.00404621211940660  0.00483423459263943
  0.00556286520448076  0.00630851602251230  0.00709086368945841  0.00790130870980139
  0.00872364239466032  0.00957642821554736  0.01047463214143950  0.01143924575092379
  0.01244077762901323  0.01348580490535281  0.01455280749159586  0.01563863563033612
  0.01672140935870423  0.01785729970911075  0.01904208792006321  0.02026883560219620
  0.02158637312308187  0.02299179411984627  0.02446307411443667  0.02595442442457460
  0.02745960339212076  0.02899071566857947  0.03061701387481768  0.03234138027981003
  0.03408562653684426  0.03584036548855576  0.03761426407679715  0.03943750930136827
  0.04138666366106478  0.04353068236883913  0.04578694186143980  0.04805429279163992
  0.05036909437811007  0.05280996680483520  0.05542894573145801  0.05821625935055059
  0.06106589424376115  0.06394088151461813  0.06706990113599964  0.07022233926460558
  0.07342812359740983  0.07670837286192216  0.08017791946564655  0.08389649053876827
  0.08781042889443599  0.09180169617032426  0.09584733501081649  0.09997365380155855
  0.10429263627988737  0.10883948042959510  0.11361936382798399  0.11867264609657749
  0.12396682323777775  0.12942542059202214  0.13506596917597272  0.14084999022167571
  0.14667236549551391  0.15252439149678224  0.15854628063740148  0.16491650796937049
  0.17169204198165683  0.17882974757482895  0.18634398246102823  0.19395744066524509
  0.20201645864766760  0.21107285741416976  0.22081273681247646  0.23127792500017103
  0.24241310076969022  0.25366039804671964  0.26496766267551919  0.27678977376300712
  0.28946202446466790  0.30274306534708512  0.31640108581037596  0.33117038266894389
  0.34696854868007732  0.36357909627569956  0.38243177564767605  0.40183262604764874
  0.42293407733479954  0.44562845875393936  0.46979081030004216  0.49632342118692474
  0.52548591030519876  0.55694182422998062  0.59287409407778802  0.63435593161397463
  0.68502351395929328  0.75012539818650603  0.84143789299806782  1.00000000000000000
 -0.00248619113478617  0.00826323600496504  0.01802708771589829  0.02837996527082821
  0.03889677700852719  0.04993117758474413  0.06124146870351323  0.07232342576541329
  0.08236045649627698  0.09218350228012497  0.10216732139289862  0.11247027034077492
  0.12300297827255012  0.13371037090867516  0.14397557124019361  0.15376597444764198
  0.16380702299595651  0.17472503910790285  0.18604772016946383  0.19623722511151895
  0.20651095730213848  0.21655625636278436  0.22660408662218320  0.23653170138571905
  0.24677443810464506  0.25709346611501271  0.26731100608549030  0.27760196785911279
  0.28783966315110204  0.29828469923195328  0.30890769979739785  0.31975287090354554
  0.33046923358594660  0.34080620723929506  0.35102866870190802  0.36108176980310941
  0.37102068412020822  0.38121282857116379  0.39171673770602183  0.40225921844662971
  0.41272474155488070  0.42303353398875632  0.43337471359482016  0.44385577182785052
  0.45455959556426995  0.46530105327503485  0.47587598468868586  0.48646811744746515
  0.49690838993913761  0.50746621107803225  0.51849494042976751  0.52958096481145367
  0.54056612360015510  0.55140624336630117  0.56215931473627645  0.57280164096741637
  0.58329451931925036  0.59358823629822866  0.60384166537838568  0.61413796761969819
  0.62450389817488383  0.63507755580565273  0.64545427866024496  0.65560436900622254
  0.66598793461870343  0.67681325710197437  0.68793218239619525  0.69900371132348738
  0.71035742664668211  0.72185968427071179  0.73267260756279395  0.74299023836937361
  0.75320762238736505  0.76345097112211646  0.77397832359926866  0.78504899272138229
  0.79642135778144951  0.80760673271511951  0.81889210375768540  0.83030576905946996
  0.84126859414742527  0.85205125223358580  0.86268351922644237  0.87325055935766860
  0.88352354102552333  0.89407089583081945  0.90508662553517227  0.91646532211397591
  0.92767746943715790  0.93853696745101178  0.94887021880133426  0.95895025222832853
  0.96914303426023873  0.97960142950207962  0.98998726816045823  1.00000000000000000
 -0.00231559783626248  0.00934822609520761  0.01926649010075656  0.02949715429729413
  0.03981001053518189  0.04991021929609629  0.06013353240811077  0.07040709854581673
  0.08073689836365956  0.09091228912603934  0.10092756165444554  0.11080768154538120
  0.12036305792480924  0.13004484681716533  0.13973355203328375  0.14995001027824115
  0.16046816491990287  0.17127486369899766  0.18185731350944537  0.19191707477795891
  0.20175973391725810  0.21167639561777626  0.22189769869268544  0.23240645075191441
  0.24308650403169185  0.25338902111970146  0.26354533496865268  0.27389323154947154
  0.28483968457582814  0.29611433212248972  0.30753721386576854  0.31853384935420237
  0.32893755000310287  0.33892519752466138  0.34859100651449476  0.35838422129637304
  0.36816546201535477  0.37826255054104096  0.38869910719337214  0.39929567241974012
  0.41025860241107936  0.42137808005427047  0.43242357686516786  0.44326912735734481
  0.45335735503425617  0.46314950891681733  0.47298000360340814  0.48336092205850278
  0.49406392601208338  0.50473917292031822  0.51544290451850516  0.52605102903139755
  0.53691068624497629  0.54798552094107189  0.55886847589579869  0.56948949768224499
  0.57999494033020838  0.59086136002120238  0.60202433531161925  0.61309802164172267
  0.62374637192731364  0.63413516145808801  0.64515964604048848  0.65657361836885086
  0.66790089751337667  0.67841664480444763  0.68921632432898416  0.70033610073609209
  0.71165080467175346  0.72224844213077066  0.73273077117388352  0.74335374794043996
  0.75401147671153557  0.76452944259748146  0.77506811966307598  0.78555365411873757
  0.79575591660369160  0.80614113234047369  0.81663255725019679  0.82808457290268189
  0.83918687644836976  0.84987958870415725  0.86014697898319858  0.87040732385035291
  0.88052951303555316  0.89082980597140371  0.90121535585254620  0.91213928487892926
  0.92299660158214525  0.93361974433900907  0.94417989902094257  0.95523394102588399
  0.96676678972548458  0.97799379203418502  0.98905867735552744  1.00000000000000000
 -0.00224485164583221  0.00871053454468780  0.01819926714810496  0.02765906148537473
  0.03734870789201061  0.04729125248437382  0.05786586287440804  0.06863463137972975
  0.07909733049441842  0.08978056288844501  0.10048390594610483  0.11163793960655694
  0.12272655592197911  0.13407739760825549  0.14583856416659455  0.15767003461939297
  0.16932955643744052  0.18063813112670860  0.19168877313559035  0.20214605367365554
  0.21274405900870222  0.22330660105586791  0.23443351067468352  0.24591446405072051
  0.25718548614127151  0.26781983993129715  0.27828629349120731  0.28889919500806732
  0.29943081410088795  0.30909119988957029  0.31865412035266089  0.32788960258420302
  0.33732692107735351  0.34691207406509039  0.35653649113997393  0.36615758435638407
  0.37577053235789976  0.38575082102283292  0.39589629760625439  0.40614974294353806
  0.41640988588086414  0.42718760932481586  0.43814244026039645  0.44913507808718006
  0.46021403999669475  0.47103857023653922  0.48207273600223627  0.49352295959918724
  0.50510554573638156  0.51647283930570098  0.52701919196236102  0.53756024382409717
  0.54765546947160770  0.55797362531726713  0.56817595240075880  0.57931256750000726
  0.59080996959090781  0.60238120332097489  0.61249684841581886  0.62204652895327395
  0.63194505035363746  0.64190124787383751  0.65181546387402289  0.66151888907672640
  0.67142690500099433  0.68205854734389737  0.69257959838003091  0.70383436878874628
  0.71532967599436459  0.72707584576039175  0.73800135796691269  0.74862704894270660
  0.75875333279249013  0.76893111268002079  0.77872799681861682  0.78870236462669363
  0.79887173819304313  0.80935565433364909  0.81975534097645031  0.83021359613069967
  0.84107380789988928  0.85194685475194210  0.86224782312027282  0.87215696115310970
  0.88231505956372103  0.89298168272817602  0.90365285798879458  0.91435832678632223
  0.92509910127566874  0.93611647702834744  0.94658457066421831  0.95732908027051900
  0.96788682303182072  0.97897068540516552  0.98943418067897915  1.00000000000000000
 -0.00215191571344370  0.00882470535326712  0.01852383890081095  0.02769286547457395
  0.03685832805514638  0.04623381984690303  0.05622294850766883  0.06630949758485907
  0.07625611331269688  0.08609245726762398  0.09598199827845139  0.10590410990283820
  0.11590522781750465  0.12634640348714565  0.13717467763614488  0.14809575848483039
  0.15882993645710239  0.16948125524057658  0.17967477898901868  0.18953132866695011
  0.19955869824916217  0.20984925211432642  0.22056131762247758  0.23141312781928586
  0.24261677008581575  0.25393724067687934  0.26513524129344229  0.27617627642329706
  0.28722222911851525  0.29811640996662025  0.30877098770746120  0.31912088608207423
  0.32989652092738631  0.34154103557579341  0.35371282842755430  0.36554637128770417
  0.37723180190064198  0.38893831182694139  0.40004922989123037  0.41079882086268604
  0.42076530688908759  0.43065890307658711  0.44040842229878141  0.45068317447543998
  0.46055226045629555  0.47028623699738709  0.47950794100173549  0.48938345373616621
  0.49987744866197542  0.51053223714848406  0.52162483260275061  0.53257998221197567
  0.54320084902446719  0.55370185591746957  0.56417355609810527  0.57547404401836533
  0.58664262429880198  0.59765120396633786  0.60823037925923473  0.61883862895475694
  0.62957256493046787  0.64010426904163553  0.65043866448225485  0.66116591564151728
  0.67198667218151442  0.68305676582125308  0.69339362526095516  0.70376469458557267
  0.71404184492948064  0.72457189467946215  0.73580481205966008  0.74720479897582193
  0.75923520854896065  0.77093174915255869  0.78181923678465215  0.79246677161902424
  0.80266251978658254  0.81305113268636109  0.82327224610989114  0.83396269693050018
  0.84480828758057913  0.85568622039189590  0.86608717563706539  0.87644048050673096
  0.88670772832831934  0.89725721839076433  0.90767039409291694  0.91815303575189899
  0.92839300946139258  0.93857982204048696  0.94849805082215555  0.95833602414581864
  0.96824087095567424  0.97830905806392221  0.98900075517741626  1.00000000000000000
 -0.00233052276764136  0.00910029211803268  0.01861165040379939  0.02886584192762375
  0.03961024626093206  0.05032541719843674  0.06118090407601900  0.07219457277195107
  0.08358433938346432  0.09370504285492598  0.10432254841289347  0.11532861691158948
  0.12706490705247708  0.13798986680377037  0.14845460166720839  0.15891940952606670
  0.17005295306064469  0.18094694762555624  0.19154423216992261  0.20219774887402778
  0.21308982203809806  0.22386773013154609  0.23435780608064449  0.24466706404163091
  0.25491175573890651  0.26510152487666383  0.27508425773806539  0.28482808120920799
  0.29455933752403857  0.30509511795580074  0.31522269808235004  0.32573672191526348
  0.33602294632124163  0.34706965189377403  0.35792779588826473  0.36888136968003044
  0.37921072546224177  0.38922923190956921  0.39904225338487087  0.40934075830755151
  0.41984551393644542  0.43030432106529293  0.44044250341089380  0.45073771165863352
  0.46099093451981282  0.47164920626889001  0.48256027138167690  0.49323693095718657
  0.50326672675439221  0.51286126509069929  0.52243764405604876  0.53247778375686539
  0.54317988666847716  0.55407219343604175  0.56498464959874262  0.57545059758870265
  0.58592252400953171  0.59636842564513892  0.60654789004086695  0.61687742702971493
  0.62747030712667762  0.63839957763451838  0.64908380566653112  0.65928920386221657
  0.66966100640073523  0.68004618078694112  0.69035998650435670  0.70043438256084523
  0.71020798135189078  0.72011211795027863  0.73036896233178017  0.74122680139772068
  0.75243812117814890  0.76319892525543154  0.77368672129570548  0.78445438206139384
  0.79563240713124828  0.80705995128651242  0.81794667935488130  0.82872481541797649
  0.83943859440834956  0.85022458240056809  0.86123051049531829  0.87226084769026646
  0.88257003797521882  0.89272199902763716  0.90276252972614290  0.91306068749100633
  0.92379739981806430  0.93443454414951965  0.94551969758364418  0.95690006452133014
  0.96786001723584181  0.97879350189132752  0.98912377686873332  1.00000000000000000
 -0.00239334914364582  0.00884617366484970  0.01909660142627994  0.02932102374145380
  0.03985302838589129  0.04993931600449120  0.05980170413470799  0.06955157703726311
  0.07950913520203542  0.08973206096824206  0.10030975297546291  0.11072975110018834
  0.12077972452806596  0.13073273954182668  0.14072564642559915  0.15068652761317472
  0.16064713554923657  0.17065668615638829  0.18061495189297797  0.19036248519652874
  0.19989967927361973  0.20944986612226513  0.21917877407436584  0.22940464898156540
  0.24035543668356160  0.25138860065690677  0.26212624453084404  0.27304798333849534
  0.28444359425986737  0.29610720985703975  0.30775090752808398  0.31909088919298889
  0.33043034183744113  0.34149778071729797  0.35226866473338275  0.36305839261265260
  0.37398908060473302  0.38485006064891036  0.39542527506198555  0.40558897540990613
  0.41539071777804182  0.42499330680219782  0.43475481053309184  0.44469284643001034
  0.45464680751673603  0.46472453837121430  0.47506822693161932  0.48585535538619645
  0.49693127236202722  0.50797376353690837  0.51845774591774774  0.52902815579460660
  0.53999324014440320  0.55166494161370028  0.56336849882506757  0.57450433460024308
  0.58523163778814014  0.59588915082715821  0.60683182380078071  0.61783040974851899
  0.62835036878841777  0.63888404938638432  0.64967624740662344  0.66114355988070095
  0.67274195287233363  0.68351998953380044  0.69397079038068632  0.70436673476757439
  0.71510607064783094  0.72613626984701629  0.73731024218090213  0.74852626633780772
  0.75940597558419698  0.76978580909768790  0.78021053423319153  0.79125188921666545
  0.80253540604152540  0.81396048602506044  0.82490728184082829  0.83507252496084650
  0.84457270079904967  0.85398933131993082  0.86393280821657903  0.87450432218917473
  0.88536091590700261  0.89645626036365500  0.90713252714050896  0.91759498298438280
  0.92768651007100367  0.93819325246632290  0.94860253110600712  0.95916165424508637
  0.96942934224681221  0.97953603733112526  0.98991515737994040  1.00000000000000000
   4.0383988773621827E-012  -1.0000000000000000     
 T T T T T T T T T T T T T T T T T T T T T T T T T T T T T T T T T T T T T T T T T T T T T T T T
