  0.03055789774385056  0.03802434971191335  0.04956869196982476  0.06201064664439139
  0.07365042015210128  0.08584031443327764  0.09863659871486494  0.11068666634969859
  0.12168955563582005  0.13178919537515052  0.14138970750457255  0.15047164926308693
  0.16004161442508508  0.17127666729497501  0.18428073997475128  0.19853148222882411
  0.21235122433862672  0.22327029151343136  0.23261244909070219  0.24076276959561432
  0.24936496082297319  0.25846301141796391  0.26781901012423981  0.27768393332336810
  0.28852728003863920  0.29915543059170119  0.30892513658602944  0.31889132476398085
  0.32988460914421119  0.34170209062795581  0.35237992256932454  0.36040664606148104
  0.36759574771377096  0.37528213161872465  0.38306923136298265  0.39063591065209058
  0.39811023643074694  0.40530223703178325  0.41241600861684174  0.42047812389376560
  0.42933382960916799  0.43844680748034559  0.44880666974025540  0.45969263469020227
  0.47069489107959628  0.48133609055192378  0.49212009727617029  0.50233295411328349
  0.51226927120116694  0.52184395649865645  0.53131215136795806  0.54019901820543148
  0.54895797709408867  0.55739258606690645  0.56737534264302714  0.57836316035403401
  0.58977112458134218  0.60112531894918331  0.61185610564364945  0.62193067661374923
  0.63162412537817947  0.64093963225101758  0.64953217536025909  0.65745503741982092
  0.66515587455752589  0.67311614158417443  0.68129709268420846  0.68945713025985578
  0.69749667226422785  0.70573758858574975  0.71546035174832590  0.72645825195902536
  0.73730362432723218  0.74660313039721160  0.75565336661534177  0.76462764960737206
  0.77378239711581198  0.78275171657803078  0.79170678600663213  0.80135140490856394
  0.81197844839120548  0.82283329370977731  0.83366268506464292  0.84422142410348466
  0.85416997436124209  0.86357730415441647  0.87286111717788428  0.88361490511509311
  0.89654257484492872  0.91049703729470011  0.92362401423783047  0.93597896161773642
  0.94961518149625923  0.96206234427753490  0.96996334465974998  1.00000000000000000
  0.00008969825522957  0.00010616432649146  0.00011607050359196  0.00012340529904870
  0.00012966760224210  0.00013542010331377  0.00014078904687577  0.00014589459453028
  0.00015057322828658  0.00015536596973478  0.00016017309212371  0.00016492623890005
  0.00016950432953549  0.00017393750133214  0.00017838781126192  0.00018284630076511
  0.00018751860276092  0.00019235935231879  0.00019734970310215  0.00020272832814373
  0.00020853935830711  0.00021457598328157  0.00022048872209270  0.00022628186039466
  0.00023170568623020  0.00023695546275882  0.00024225129045541  0.00024767574033042
  0.00025320845719250  0.00025859189733493  0.00026406644073706  0.00026948877767910
  0.00027487253884064  0.00028016303573723  0.00028547543910030  0.00029085320318213
  0.00029639548355050  0.00030241571651486  0.00030916839110198  0.00031636137375800
  0.00032343236040316  0.00033057574213896  0.00033811022643919  0.00034566334259604
  0.00035314788134170  0.00036135169925365  0.00036987429421346  0.00038045884439934
  0.00039248842540262  0.00040423008676759  0.00041615051392926  0.00042899029223821
  0.00044288718355710  0.00045396205905503  0.00046581598874714  0.00047787772177136
  0.00049097040424011  0.00050572235900394  0.00052162418269987  0.00053722701046922
  0.00055163767508068  0.00056674219000739  0.00058301978128543  0.00060045195048119
  0.00061608736163722  0.00063262977190052  0.00065171699843261  0.00067406859912412
  0.00069389839926976  0.00071435355601297  0.00074088935083031  0.00077390426479015
  0.00080728931566239  0.00083605275301230  0.00086274823127399  0.00089222644906327
  0.00092670374314807  0.00095959525410710  0.00099130810394475  0.00103042100322312
  0.00108822755380028  0.00117220098456470  0.00127383836307672  0.00135617216336716
  0.00145831995789531  0.00152766958404187  0.00158884772704787  0.00165258090727724
  0.00171582364822735  0.00180964661768452  0.00190912737948334  0.00202657214911886
  0.00255547848322095  0.00333181799794329  0.03383962872704682  1.00000000000000000
 -0.00002113515863912  0.00034894388959559  0.00107760429759382  0.00227610266870171
  0.00405881427594147  0.00634672483241657  0.00890672960959174  0.01206349972507041
  0.01538236440851126  0.01940156578123668  0.02398206332726466  0.02885021894344934
  0.03392217861122167  0.03922118931333470  0.04554679798086889  0.05281759565099732
  0.06011115980971351  0.06682048918277864  0.07364131848742379  0.08066212055883874
  0.08716248532634144  0.09332213485830429  0.09991087213486867  0.10674251498405042
  0.11318337966012841  0.12005287275994476  0.12751091484051522  0.13532237505047295
  0.14327605875211599  0.15107068583304181  0.15903384918038488  0.16708299990705841
  0.17576736673841231  0.18593719913291981  0.19602451288628273  0.20587148815964004
  0.21530113263239728  0.22527640790660730  0.23632138714704004  0.24850120933842113
  0.26096452714584012  0.27176572202471067  0.28238211177838657  0.29252247944207799
  0.30228093518072285  0.31098029706220498  0.31962276944693463  0.32879138020717197
  0.33863723651520949  0.34873015084824216  0.35864496240158705  0.36833888289834965
  0.37729812956579811  0.38600548436702165  0.39469453068070792  0.40347430939207329
  0.41275103502129690  0.42285443585246102  0.43403271839371144  0.44567367874370450
  0.45682126838172871  0.46765827888221773  0.47843667648059746  0.48943209653058867
  0.50026018788711435  0.51113440927317777  0.52243495317630595  0.53412990219661394
  0.54616498387732149  0.55852496157435172  0.56870348414399219  0.57955448506193852
  0.59132729288383279  0.60370034006291029  0.61608274944392816  0.62807238625331208
  0.64123290010335965  0.65490245391692359  0.66952873998855000  0.68486121977652981
  0.69941871244474374  0.71654476108884235  0.73467104025109053  0.75487032620861172
  0.78027971895348702  0.80389736895195174  0.82604695663865801  0.84685670518124445
  0.86692247563372193  0.88694449331087588  0.90647600736279288  0.92551555190907719
  0.94426496977638286  0.96290269361133607  0.98147875564626630  1.00000000000000000
 -0.00331837418774018  0.00938530499250989  0.02040074675438227  0.03130872786828515
  0.04341608441269828  0.05644268422271069  0.06909787484234067  0.08087232473488594
  0.09275301097178132  0.10390996685307938  0.11372503765011212  0.12357539314237689
  0.13348084987556735  0.14410444261849051  0.15555572113174151  0.16643370888617925
  0.17717121764426252  0.18814248922899432  0.19878810865998731  0.21056428967950561
  0.22247231030292702  0.23591786513819765  0.24863873258376010  0.26137042863914695
  0.27241340407788056  0.28209253283923125  0.29133972507495937  0.29996698815665745
  0.30796026046576574  0.31618791253581063  0.32448490160812143  0.33328370433297527
  0.34317624045267425  0.35308671153149751  0.36309210756826421  0.37285586080480287
  0.38311405978880381  0.39435320943378943  0.40582179151933939  0.41615510880226447
  0.42690875975308701  0.43773886272280821  0.44782672637013610  0.45590823010455278
  0.46395420175255059  0.47257547556171975  0.48248194398387378  0.49464398515506769
  0.50629665198180640  0.51796027102735609  0.52961083438328393  0.54139839231193698
  0.55261064587638631  0.56278117342240763  0.57259212584971653  0.58199857696431923
  0.59079121320738825  0.59941387255050682  0.60856404088572214  0.61832700663740492
  0.62815311378491956  0.63798058375073319  0.64833601571239852  0.65918409657964327
  0.67117270474584367  0.68382488202803504  0.69603022960450467  0.70841997153730196
  0.72113364514279821  0.73282637648083282  0.74267425795985309  0.75139508409908684
  0.75952152130422468  0.76773882867476773  0.77617340987803241  0.78498861769842410
  0.79430553413951432  0.80413564972903939  0.81472192888581463  0.82688790955479075
  0.84065646346948819  0.85586424958260399  0.87248460545699580  0.88811657947050837
  0.90102805045761425  0.91178452139546873  0.92170412574396077  0.93095170814520511
  0.93938306496811474  0.94667303060907970  0.95347471338539824  0.96193746843199535
  0.97160713678268162  0.98141792059790545  0.99063944369209145  1.00000000000000000
 -0.00215702880937873  0.00794124019693410  0.01770343422280574  0.02745876312244877
  0.03649984745627931  0.04512533804528016  0.05403966134326756  0.06419244228732479
  0.07530164173999990  0.08648205414282815  0.09905789090659968  0.11083172195113652
  0.12133512084488808  0.13156851491655980  0.14174598800669416  0.15402121896369214
  0.16715373498769329  0.17927035436770303  0.18985364545845781  0.19954139634080223
  0.20897209264014097  0.21796945497411677  0.22680570742785089  0.23597527625164305
  0.24571286024225164  0.25674581702110028  0.26819991264929927  0.27928663008056537
  0.28995245301635669  0.30029454155519547  0.31079704782151496  0.32148263664922816
  0.33286220700676711  0.34429744986585653  0.35439546394417376  0.36393110353959063
  0.37371842512557457  0.38446941227360948  0.39585418845524928  0.40731990412962704
  0.41977580195866004  0.43351641898448284  0.44648178885409290  0.45788563536895038
  0.46814958150816111  0.47783627878970625  0.48705849675227880  0.49617643820930879
  0.50591129648098754  0.51583101246627228  0.52780655794196918  0.54094436237203303
  0.55362443601022471  0.56518486192511896  0.57665010488027213  0.58811208143463634
  0.60007196067770485  0.60899506403144710  0.61667963720846686  0.62390386892819438
  0.63132169800522997  0.63965026744270770  0.64894945542654736  0.65786941366053764
  0.66718246605494325  0.67939431817416296  0.69315056432867705  0.70690453112660023
  0.72037380896737957  0.73264205462762910  0.74408404749918589  0.75453725361997792
  0.76370744349920383  0.77359391290480417  0.78331760150730279  0.79265223718787181
  0.80151273660317957  0.81028626549780092  0.81939201927170557  0.82864335047772175
  0.83795960011387549  0.84733619433197205  0.85685941158850221  0.86622093342728401
  0.87580660934267440  0.88532790008760809  0.89538600186589579  0.90875598018149595
  0.92059324780533236  0.93113410013628850  0.94192336503547658  0.95395771169848032
  0.96601730135871133  0.97700912868639755  0.98784679895535832  1.00000000000000000
 -0.00189173292665366  0.01109458672532716  0.02159624424613136  0.03098777040542971
  0.03978116813055083  0.04837354313107356  0.05727716639441442  0.06587478670452719
  0.07408591257342624  0.08207940168434827  0.08972318850125330  0.09719323206075076
  0.10421743331065768  0.11197660168878036  0.12037808645683871  0.12896740729323522
  0.13692316084638159  0.14463407359353331  0.15846865518864900  0.17146308747007960
  0.18213693065159672  0.19286363330975159  0.20243880261796143  0.21090238570506717
  0.21926096822746932  0.22941873325819601  0.24026212975862096  0.25031797999806721
  0.25988910160543338  0.26899986558695027  0.27960694385541124  0.29126342211436490
  0.30369360639001325  0.31622114114157918  0.32836823526605785  0.33983062669078401
  0.35100644617025900  0.36242648119552556  0.37417727221154573  0.38631788095851671
  0.39836789312174914  0.40969182112988295  0.41998352941928885  0.42903714445652308
  0.43756453958486496  0.44649845874096489  0.45616172190582083  0.46546984305633393
  0.47548013939565686  0.48688227400361245  0.49874064456086470  0.51039788964265143
  0.52186252145375422  0.53283299817366148  0.54335270136751723  0.55189663609035966
  0.56063174916753444  0.56995588020555532  0.57998783994153735  0.58986762010009630
  0.59953297359973001  0.61103029888897753  0.62343077634973987  0.63611199251723238
  0.64843033388046589  0.66099241186546243  0.67373717896905250  0.68631019815403027
  0.69825363424635178  0.71008943703825089  0.72257593081123117  0.73444308556245697
  0.74528603352736933  0.75663584386706861  0.76786059774087856  0.77896963094139993
  0.79017967877344708  0.80225845285768227  0.81467930119022081  0.82665634305596558
  0.83801756682817374  0.84891147345340812  0.85888019873978805  0.86985464233294463
  0.88081508839352629  0.89210447319557518  0.90350125689095195  0.91434732101806615
  0.92531268233759056  0.93624799316845808  0.94677133917937828  0.95696321783453342
  0.96702692311207916  0.97745784085956999  0.98881693232483669  1.00000000000000000
 -0.00241262840554346  0.00929803283430856  0.01930665025107248  0.02855925573698525
  0.03710867850518841  0.04518568566880741  0.05301952609057071  0.06119550175803223
  0.06819831285077282  0.07501704911460316  0.08240288970566161  0.09079385384805415
  0.09940637884505643  0.10925656992019851  0.12056471690671221  0.13215784712356266
  0.14417783294151376  0.15355205298672486  0.16209908793749192  0.17042328176598812
  0.17941450241419218  0.18893291244408569  0.19848000995174808  0.20789814035213350
  0.21731010968878012  0.22677376901991836  0.23583107510941875  0.24491988993305630
  0.25437922882978042  0.26499655095725111  0.27594606471659494  0.28713897882026279
  0.29960454978762091  0.31270846296605065  0.32499024702844975  0.33726554670964326
  0.34994703534229427  0.36216158274032290  0.37370370632287564  0.38611223184891180
  0.39920902344956644  0.41219747228028097  0.42539617523512063  0.43815239302598019
  0.44980160263878732  0.46084011898693750  0.47175384825869460  0.48329493504265836
  0.49679411154382891  0.50977957495563442  0.52234939343308984  0.53354760623359243
  0.54501854735988142  0.55672526117174526  0.56864259185062438  0.58028914830925893
  0.59178771238527716  0.60383979700223800  0.61445124085952874  0.62366871344357988
  0.63356034208068346  0.64409884877918544  0.65381329411423139  0.66433073894296246
  0.67591692744732945  0.68702169063076568  0.69730435016305603  0.70711255242592719
  0.71857788914617171  0.73152362017863437  0.74152243014268204  0.75057407559570544
  0.75920465737921705  0.76779444895801896  0.77632196708795076  0.78512234494468369
  0.79460873408614152  0.80466219655646187  0.81515636243798051  0.82516280229303207
  0.83660174507347262  0.84960927174538581  0.86170012678082319  0.87243174990514771
  0.88256267237863306  0.89155215311217817  0.90217145170644875  0.91227505938205211
  0.92340947907930315  0.93451035531929461  0.94510463982352144  0.95547215327770152
  0.96604945309170931  0.97703051402822105  0.98870534487683692  1.00000000000000000
 -0.00384330260381165  0.01564995695327330  0.02775440909177169  0.03941133969437993
  0.05097846146588154  0.06234154590276228  0.07302424291853474  0.08401600896015730
  0.09525563571726947  0.10716832847671572  0.12081526648833692  0.13327275662087476
  0.14595251130831993  0.15846162330524680  0.17077140871286461  0.18268996691145811
  0.19402821594609942  0.20475486888332103  0.21578842534412468  0.22717139552562407
  0.23831172323439823  0.24939836664679851  0.25978658797068926  0.27009972277211625
  0.28013770663742993  0.28998571428534897  0.29998837135790030  0.31051166719884232
  0.32138471190323109  0.33225674035830588  0.34264647879309978  0.35326926911742468
  0.36448772665368234  0.37543903730910272  0.38489682159768607  0.39413256574873140
  0.40427881956184347  0.41446552654260310  0.42452744764881495  0.43467969416537566
  0.44578269662672337  0.45838019146594056  0.47020554429458999  0.48058201104505227
  0.49055923647826410  0.50091627221557655  0.51222715308374556  0.52376068100380424
  0.53530955664800184  0.54611877859794944  0.55717711354116950  0.56785310626353824
  0.57861898464322858  0.58870082883654085  0.59919209946585372  0.60948992517495404
  0.62032749424477540  0.63116364346615472  0.64233445320908111  0.65370392564046997
  0.66574649104643391  0.67618112509945338  0.68599512713384259  0.69569510043319305
  0.70653223240714058  0.71436737467354894  0.72260440657042779  0.73118305855980781
  0.74017036538324399  0.74894087555786837  0.75752487467624718  0.76581957725434135
  0.77439155530682069  0.78362548836737766  0.79267454794930503  0.80123841772753945
  0.80983937857044985  0.81987626264160218  0.83068011667796104  0.84233527356890348
  0.85266073220810423  0.86115686835118965  0.86876932373873939  0.87676653245202640
  0.88536445930127328  0.89390949843621592  0.90244402749516583  0.91149105391484375
  0.92368571178921499  0.93932638415120639  0.95193640313798344  0.96106187701415446
  0.97033985557000924  0.97936740330044414  0.98812523547150499  1.00000000000000000
  0.06442148288308264  0.25333437666342917  0.32363518857714485  0.36755706225822343
  0.40482997766755729  0.43439939990886256  0.45927230358023158  0.48276450360285067
  0.50441311556936141  0.52259693296897702  0.53802782909013480  0.55223014972765050
  0.56583927869615225  0.57904949570747255  0.59178039940722760  0.60376263702545974
  0.61447313382844859  0.62400365660076096  0.63267083866937912  0.64113160865240815
  0.64986940599525589  0.65881082922355183  0.66727095906546674  0.67526914952509409
  0.68282384205781910  0.68983990812922447  0.69653246100883837  0.70356265109472593
  0.71057304433093316  0.71781089025373046  0.72458779999680689  0.73079112470147789
  0.73647050261959224  0.74222461112085802  0.74797366964312817  0.75394797562160432
  0.75948142511357808  0.76479098064317519  0.76987370530056032  0.77443836482709361
  0.77906794605128837  0.78390530255572388  0.78884454528699144  0.79364808692850020
  0.79807559811770357  0.80219646031748382  0.80630187538343512  0.81033522361071975
  0.81439643821711583  0.81842814879765668  0.82240233508098048  0.82613728216047611
  0.82973803593461315  0.83312957298963819  0.83645804244329303  0.83979354148813223
  0.84341704071636003  0.84715319392637045  0.85078459236675541  0.85431000119584111
  0.85777425521147310  0.86114561788042421  0.86423868176778640  0.86688122795959022
  0.86976069210343476  0.87271863979041042  0.87565196499738140  0.87889490788529323
  0.88234293577960199  0.88588239313815920  0.88933852613196951  0.89269678652315709
  0.89597649469456819  0.89939413775935850  0.90282692943862652  0.90619159998424970
  0.90948740003399475  0.91275631751760067  0.91613138405320738  0.91943261360360162
  0.92275146673031971  0.92616979775528208  0.92965661514457976  0.93342228470499677
  0.93750498972650331  0.94192100992604133  0.94606966996655206  0.94982480360022625
  0.95344320193414112  0.95714859180074952  0.96111255787306105  0.96547549099284691
  0.97043821942185005  0.97627150249913530  0.98581710613636075  1.00000000000000000
 -0.01484074151235470  0.09367929561216259  0.13340294397965813  0.15246272231862912
  0.16821297860708698  0.18266864172556782  0.19676435514380855  0.20971516947401642
  0.22204309300927413  0.23422970784000105  0.24553645786189057  0.25608219735237342
  0.26609592353386624  0.27579113278144002  0.28467186026970548  0.29305648256207378
  0.30084212392698945  0.30876412150864047  0.31692426451223987  0.32507563703332415
  0.33272517201392493  0.33998660259425112  0.34702611768061203  0.35402135158080766
  0.36150161224711180  0.36899454306698248  0.37632626555197435  0.38379042845196421
  0.39130100469515794  0.39891854995648474  0.40684121160022313  0.41475810016079001
  0.42162225312720869  0.42715638447933624  0.43272634392146286  0.43788159723531989
  0.44258196082725487  0.44730199411082988  0.45189207190411229  0.45656652964286876
  0.46177886332691770  0.46757481123957284  0.47342709947148520  0.47904053481389869
  0.48441683091968002  0.48955030435290592  0.49456588099972892  0.49979536340850644
  0.50554238396764883  0.51172433051194965  0.51786060288653857  0.52371889383287051
  0.52930612170299174  0.53473052255862086  0.54015858084215296  0.54586447753593659
  0.55192340533091688  0.55773854091716801  0.56350554379302176  0.56960885414315754
  0.57606975872310640  0.58320115822976160  0.59019288456637065  0.59692375548200471
  0.60318494625954722  0.60870526746343501  0.61391479307392016  0.61912581419154489
  0.62421110199752494  0.62908922477321239  0.63389172550080441  0.63891930410386732
  0.64386020608489170  0.64889079803313798  0.65399359697678006  0.65979714346737472
  0.66664678208001771  0.67517797620043474  0.68334597790292317  0.69179169639687599
  0.70056755176506902  0.71110303160736965  0.72268993574977647  0.73340860975789612
  0.74294475871048515  0.75252702680704275  0.76292224248976837  0.77518808406551576
  0.78674094501077996  0.79916034566056426  0.81228642732344880  0.82692755150454111
  0.84530788895577125  0.86970224382466732  0.90683086362535059  1.00000000000000000
   6.4059263872627156E-025  -1.0000000000000000     
 T T T T T T T T T T T T T T T T T T T T F T T F F T T F T T T T T T T T F T T F F T T F T T T T T T T T T T T T T T T T T T T T T T T T T T T T T T T T T T T T T T T T F T T F F T T F T T T T T T T T F T T F F T T F T T T T T T T T T T T T T T T T T T T T
  <DiscreteSampler_grid>
  grouped_processes
  1 # 1 for a reference and 2 for a running grid.
  10 # Attribute 'min_bin_probing_points' of the grid.
  1 # Attribute 'grid_mode' of the grid. 1=='default',2=='initialization'
  0.0000000000000000 # Attribute 'small_contrib_threshold' of the grid.
  0.5000000000000000 # Attribute 'damping_power' of the grid.
 # binID   n_entries weight   weight_sqr   abs_weight
    10   10   4.656673084193913E-014   4.449089089049010E-027   4.656673084193913E-014
    11   10   4.656673084193830E-014   4.449089089048841E-027   4.656673084193830E-014
    16   10   4.127205104177102E-014   3.198768985566566E-027   4.127205104177102E-014
    17   10   4.127205104177036E-014   3.198768985566454E-027   4.127205104177036E-014
  </DiscreteSampler_grid>
