  0.00179763319074782  0.00294926541180376  0.00414981186653544  0.00555524499767397
  0.00690375840524713  0.00814730136243869  0.00948146447409476  0.01094513407250249
  0.01248016382660691  0.01402287196457364  0.01558496002230648  0.01714138468496425
  0.01878262806041978  0.02047268311609656  0.02210172711879238  0.02370679669225206
  0.02544165196113571  0.02721535292735416  0.02903979955370689  0.03079712807297315
  0.03256768846185615  0.03438626704057651  0.03630934011851557  0.03829919053929075
  0.04032187501535171  0.04227486469962586  0.04431691545623169  0.04634153966696652
  0.04849646153118111  0.05074068361267846  0.05308186449695750  0.05542498769702998
  0.05776007606276524  0.06009292234086876  0.06236736068427289  0.06466351379473681
  0.06702752208431706  0.06950087489181202  0.07200658755176513  0.07449798853856605
  0.07709035266345156  0.07993142093294862  0.08305636637805817  0.08632371549103227
  0.08962601750356324  0.09301351284559586  0.09660933747770253  0.10058601018499035
  0.10509568812094582  0.11005254604006875  0.11512985192434627  0.12039336273238183
  0.12569518457324699  0.13133523450812862  0.13746386897625060  0.14400821081028248
  0.15097808575729033  0.15834211698710518  0.16598567568382527  0.17408354720760297
  0.18306766454952764  0.19277662588930855  0.20251163485241988  0.21223572322583345
  0.22211339811439615  0.23223184151566031  0.24260532761955142  0.25303100420708630
  0.26328766358033368  0.27337311553625521  0.28342965834011796  0.29398661186740199
  0.30465330465581808  0.31529390132805291  0.32624253115719443  0.33697338901517943
  0.34791233886125900  0.35891509472446431  0.37005611355630863  0.38166834727685500
  0.39409215810649501  0.40777142992087234  0.42220140089052588  0.43655131785534806
  0.45158310400559154  0.46781755660092939  0.48521516401110304  0.50501214502309655
  0.52758776543726615  0.55342123910399588  0.58314510397383090  0.61675073802388458
  0.65808305329388439  0.72113062042015574  0.75770069427654452  1.00000000000000000
  0.00180128707792767  0.00550084102234977  0.00863233161050609  0.01195855845205974
  0.01576785065152403  0.02016592676554649  0.02430697538420489  0.02865936216976683
  0.03332291038881283  0.03802937587352610  0.04299156611049211  0.04752213289592990
  0.05228188772458914  0.05712540714452803  0.06207363517452016  0.06717764075395972
  0.07261805290949111  0.07836376648087044  0.08384275125140273  0.08924717748535166
  0.09468866084459980  0.10068815710590452  0.10676873362574972  0.11285224097997786
  0.11884202882057344  0.12469659488591861  0.13043940730504933  0.13614530764662056
  0.14189884040510953  0.14766989602736222  0.15346652936308150  0.15926574326244911
  0.16501647001590430  0.17091410239515520  0.17641279609558014  0.18232876281267718
  0.18818875392032045  0.19443270828052450  0.20081000695821050  0.20733283401844863
  0.21384324024640664  0.22037681467009679  0.22677179370873229  0.23317661895257505
  0.23974381175222009  0.24641808762606437  0.25307898017869979  0.25985230846446145
  0.26711156972724892  0.27431957518871575  0.28185882950205504  0.28954393319717120
  0.29742237777660374  0.30552834824681435  0.31390018721548330  0.32239427057078729
  0.33068711336731965  0.33910233320025918  0.34776015156358508  0.35678087247463525
  0.36605047675697400  0.37572280768407584  0.38539220606984320  0.39517291894921958
  0.40536693984223210  0.41609252746301428  0.42738544830829750  0.43927884749558604
  0.45123057148615614  0.46367375518363840  0.47613278459956049  0.48842682218910100
  0.50077523495814724  0.51310497986443082  0.52553293124861000  0.53855514425375584
  0.55126433376481476  0.56430262684155230  0.57779329233136212  0.59191166597635747
  0.60617686672101190  0.62066356441910997  0.63527981170855496  0.64980755306467630
  0.66549874458281633  0.68214498580350846  0.69903420775521574  0.71718966394542893
  0.73597914500555317  0.75547522052579563  0.77802764003423042  0.80313405427954931
  0.83269818241233340  0.86938002598874142  0.92083605296080051  1.00000000000000000
 -0.00277776339878221  0.00968189944609082  0.02107096676761540  0.03287547428321015
  0.04426070194077054  0.05488660306068304  0.06541390341445980  0.07600390363898261
  0.08609668244552458  0.09606969704916292  0.10629242937337600  0.11668888827800485
  0.12693311046886999  0.13650736357366186  0.14619212449925864  0.15623773978538114
  0.16644468911605864  0.17669469122383691  0.18700989232279860  0.19806178553329754
  0.20989597905861504  0.22150425888577463  0.23275565428188738  0.24376878083175907
  0.25498190050886227  0.26612351929106332  0.27678256858990236  0.28731991331990658
  0.29800698345954363  0.30878802437887981  0.31942209936457261  0.32965205065230013
  0.33973656881864833  0.35011292199264721  0.36072096067108944  0.37166840582768823
  0.38223610270935071  0.39259613835721235  0.40323048975851861  0.41403022511020049
  0.42498595331924227  0.43623156365328836  0.44766054141122069  0.45864311336261554
  0.46886052531547112  0.47903111544980087  0.48959955383846532  0.50011779805777978
  0.51051525838414280  0.52076089153527583  0.53081523448413670  0.54098456495334690
  0.55163315034942417  0.56256293363425813  0.57339443589522765  0.58421349588731586
  0.59503682541296510  0.60573469807562708  0.61636393690883362  0.62713916522335855
  0.63798107315629071  0.64829355124994492  0.65808524500930521  0.66787532065571942
  0.67808113436249218  0.68890311936495197  0.69976307245732650  0.71050419889590533
  0.72078459051511379  0.73085159096780794  0.74090775939213360  0.75145686587846705
  0.76258249457172111  0.77361490852223924  0.78426578517297985  0.79501863989324650
  0.80578312560224918  0.81630516164826339  0.82655443412408802  0.83671745028174127
  0.84703090444752349  0.85704616419135116  0.86678308570068663  0.87644873717198268
  0.88614659665663920  0.89635089044142791  0.90710296277380364  0.91817801056783088
  0.92922206562953868  0.93970422721544566  0.94979822633424205  0.95991078541217933
  0.96994984149915620  0.97979058408080977  0.98983045632555688  1.00000000000000000
 -0.00269628852008181  0.01048656133368498  0.02162341041256507  0.03297676312842775
  0.04414163405304661  0.05559719744499144  0.06692269463092887  0.07757143424298059
  0.08801025732050537  0.09807032671609345  0.10807184335376432  0.11812907499211724
  0.12843297665440004  0.13919509814159764  0.15002217562012163  0.16065902740984453
  0.17097869514065558  0.18134556351372447  0.19251336488650095  0.20434585469270472
  0.21592212243434114  0.22669420705309717  0.23722197720836138  0.24773150358869866
  0.25789487724988752  0.26793806635401640  0.27802030797018629  0.28837046829056645
  0.29872050677410555  0.30846759787066580  0.31818957088445432  0.32809952959337507
  0.33825420010596929  0.34858238528309077  0.35881219218321908  0.36889086063077492
  0.37889093668857460  0.38872831789097312  0.39886920653978641  0.40923503685487550
  0.41901951232387075  0.42863057342778021  0.43775049989919851  0.44736994720624246
  0.45715289199519099  0.46834218831884444  0.47918611621173401  0.49006678998509479
  0.50067130673530524  0.51130723155512647  0.52151577234830848  0.53137953499475377
  0.54173398772260939  0.55226237040929649  0.56286055591109141  0.57298188114736104
  0.58299241721394246  0.59330993325330805  0.60412119088459615  0.61491427700767431
  0.62536635778780825  0.63628884867157909  0.64815261736518515  0.66033259475217421
  0.67226893718191871  0.68364616834312175  0.69524267162965281  0.70697069689508096
  0.71889458490907887  0.73027801431344630  0.74084817695464644  0.75139477487025930
  0.76200734856029817  0.77268374480289193  0.78325812753528667  0.79389495310376723
  0.80414133802578647  0.81424946002794318  0.82448149869327980  0.83492042706310554
  0.84554975513390240  0.85608902947171628  0.86677511038771671  0.87685279180074649
  0.88706238631079981  0.89732224704474828  0.90779995634913058  0.91828298666054209
  0.92862436599810227  0.93915897878808208  0.94956247779767111  0.96017080639904828
  0.97070973449392328  0.98093740729526324  0.99061436410111503  1.00000000000000000
 -0.00249412832884902  0.01033106379107804  0.02142118740232226  0.03351670102814259
  0.04466917504197607  0.05571840330691548  0.06641918163822096  0.07769844641046092
  0.08822728367901160  0.09897735305968594  0.10999598599462648  0.12170555456263743
  0.13315942751170118  0.14445771529320381  0.15547536390536162  0.16691672965038468
  0.17781539714923367  0.18839359733779446  0.19815092673341050  0.20806961791307871
  0.21824557095515279  0.22905807100705011  0.24036503625426051  0.25198890432266197
  0.26370905271401213  0.27492745939191937  0.28598403828069813  0.29671748532798259
  0.30734769475173251  0.31815376996733374  0.32926989780996341  0.34034201444485818
  0.35114140400038463  0.36199285521234736  0.37257794023471846  0.38297284598892867
  0.39327391958645458  0.40379413142551279  0.41455093232852935  0.42537274093188959
  0.43640464606461288  0.44739547621753878  0.45844979459232360  0.46913987733567070
  0.47924907265046590  0.48853285297391036  0.49768727247002870  0.50704095649429948
  0.51678580457021217  0.52681296470851435  0.53718850868575296  0.54822199501271385
  0.55934753134052018  0.57016190839538350  0.58079224917440753  0.59113320737251995
  0.60133325876886679  0.61169356229121630  0.62228096136538769  0.63274630741464721
  0.64270347685770124  0.65248554626809319  0.66244320082089792  0.67231161667184647
  0.68235152292557966  0.69262705407343972  0.70315060649829098  0.71366036811859501
  0.72398551543443990  0.73425502563236988  0.74462246157015211  0.75500066400495869
  0.76540258154277185  0.77589675292956739  0.78680277662696152  0.79784472221946423
  0.80870409616569483  0.81922259753317894  0.82963285442632173  0.83997935959937575
  0.85027433538098773  0.86030853768310334  0.87019205670606858  0.87986009240851926
  0.89006156798352654  0.90010202563451658  0.91044947346793825  0.92030284828811304
  0.92985394235066277  0.93949626791554353  0.94975573716287898  0.95967285448186679
  0.96987088491411311  0.97965722846263226  0.99002123511812190  1.00000000000000000
 -0.00209170945819986  0.00925304169233884  0.01973497188698199  0.03090913595851116
  0.04199297824651140  0.05262100711360095  0.06264446744301055  0.07258573989716859
  0.08237284066708937  0.09262067711267573  0.10277576123670999  0.11278697004419946
  0.12283623328912525  0.13331123239855427  0.14407252245246435  0.15442010079239996
  0.16451563543271908  0.17449315068587160  0.18474199865461458  0.19507598971298201
  0.20572105549627051  0.21663158434425703  0.22806272518870602  0.23966318644313481
  0.25101268273005306  0.26162304847275447  0.27199913843810847  0.28261466042821870
  0.29362666917224778  0.30493127249454399  0.31626981309024216  0.32762168688273141
  0.33849100765258061  0.34881535284349691  0.35889648919671813  0.36938954566351345
  0.38045235047077164  0.39070378319618992  0.40075286023748868  0.41032880722406473
  0.42043806908807818  0.43047746567478523  0.44062095719441108  0.45073133006561433
  0.46057752898356674  0.47083400624591210  0.48207137406576406  0.49445173227944761
  0.50627371810075406  0.51688897089087760  0.52719960468824700  0.53751200082518302
  0.54808662754374571  0.55857210079302544  0.56899434845960439  0.57967274824527182
  0.59063390291110485  0.60169000889801449  0.61202502538039827  0.62206484901832171
  0.63227041575813359  0.64242386774914373  0.65227102881970378  0.66188793493038089
  0.67172236610230318  0.68163606699759038  0.69154990282400297  0.70183739628851949
  0.71258218193294531  0.72349626668451106  0.73435107746099126  0.74474622814815106
  0.75466284150629770  0.76465601593778842  0.77500344069864824  0.78594247263169881
  0.79703434990327493  0.80806232156306756  0.81871214464331277  0.82895324721921482
  0.83915726729719553  0.84949075160655052  0.86026599097087164  0.87075125518859020
  0.88090671379621033  0.89120168419805479  0.90216946684947841  0.91391787949090542
  0.92581262955374810  0.93673309251364478  0.94729056690345115  0.95789052996995028
  0.96811423269986130  0.97846709044516911  0.98851097192027015  1.00000000000000000
 -0.00216936211883003  0.00935253114059638  0.01894424960045368  0.02894794370439632
  0.03876703831891375  0.04886640867907319  0.05937218898114829  0.07015030951099951
  0.08076859883083883  0.09142905538408679  0.10184748736949893  0.11220079218474747
  0.12192658827134506  0.13162503481932714  0.14134604462504452  0.15160647069132618
  0.16149321786396298  0.17150606171509727  0.18123611413300694  0.19140571594063815
  0.20181305028365182  0.21232569012953983  0.22335926708083653  0.23395497419747829
  0.24518276680469406  0.25656122082926863  0.26841729726103047  0.27985058132451240
  0.29110512253671433  0.30202185884862642  0.31282856290708877  0.32327648326650349
  0.33366908978770976  0.34392799125169593  0.35393440119666603  0.36394710830794236
  0.37388102696267500  0.38338952886553884  0.39323163953573564  0.40262686763125843
  0.41265530582809806  0.42279108254326447  0.43273287132534299  0.44243924201647361
  0.45224748364749157  0.46308241231266295  0.47445479081621067  0.48562778938289930
  0.49646423515228960  0.50725546891301576  0.51795056507566661  0.52863618827506198
  0.53947558514583405  0.55029731151524519  0.56096884080006182  0.57181159454176755
  0.58274540325512236  0.59362038242065196  0.60400952527800300  0.61377479184669392
  0.62365921824605874  0.63423692609422422  0.64481451097632558  0.65525712159566885
  0.66553555685727095  0.67665482566352808  0.68756485574654080  0.69822822749728775
  0.70885364576595700  0.71956370713138651  0.73058833320734606  0.74095433554428625
  0.75069452082501387  0.76012659627479440  0.76995022473532970  0.78057384533044372
  0.79134529214231164  0.80181679882154633  0.81213173265013472  0.82302023197647767
  0.83391381855552704  0.84415186318830548  0.85433894109425723  0.86494136849347203
  0.87595197504550915  0.88676661723847261  0.89754099901596329  0.90868825300966594
  0.91975310056078374  0.93125696415409331  0.94308412059659308  0.95518793912442357
  0.96618454377308538  0.97740200469243776  0.98856338502051866  1.00000000000000000
 -0.00223301173081225  0.01029655973324219  0.02009465359117449  0.02901587958856278
  0.03796446436716503  0.04746201475567269  0.05850970011077888  0.06972572929560758
  0.08034807146664769  0.09057779053873471  0.10046104981849016  0.11021599164724254
  0.12005445538828757  0.12992912456051059  0.14004898909300656  0.15058460426741316
  0.16142827517164110  0.17272555842067266  0.18444366414406990  0.19578218880547288
  0.20690561430064100  0.21736519043213726  0.22759257201232372  0.23821332783145333
  0.24991553775340561  0.26105788032728827  0.27161975574968894  0.28115869055834919
  0.29094723941911316  0.30093097351051562  0.31141139655870426  0.32239295022288472
  0.33343706023745412  0.34462916665800214  0.35589645184481239  0.36754735875857297
  0.37936745963179053  0.39123008701550988  0.40260937100073590  0.41338519757028902
  0.42377033711746903  0.43372932877957293  0.44378381420119717  0.45408793180944218
  0.46491925536963641  0.47581792237716525  0.48648905146865462  0.49687228061948002
  0.50717263885567554  0.51781922989002271  0.52855584033918512  0.53926841378040957
  0.55000965449887129  0.56038677048381336  0.57047328558134325  0.58020987971947846
  0.59009229907411087  0.59982410408172959  0.60983853966418988  0.61965764012231939
  0.62938397546670133  0.63929861021023571  0.64956662334540449  0.66017440650769177
  0.67093256532354129  0.68201504700325977  0.69303973781221906  0.70391695487245654
  0.71461713689797957  0.72562172845730644  0.73601486061485311  0.74620529148011405
  0.75658919964946802  0.76729280010138590  0.77810783082552648  0.78892184777978236
  0.80002535356801729  0.81094450038716803  0.82141617255523869  0.83198661324881817
  0.84278526158075040  0.85367010892140061  0.86455974188826734  0.87523677039932102
  0.88550206587767855  0.89550568538328756  0.90585678452656171  0.91649861463968241
  0.92758081079926302  0.93819857424341369  0.94910673427949666  0.95910049346021187
  0.96925971906346176  0.97920033037089949  0.98949442368205764  1.00000000000000000
   2.9143230428185462E-015  -1.0000000000000000     
 T T T T T F F T T F F T T T T T T T T T T F F T T F F T T T T T T T T T T F F T T F F T T T T T
