  0.02490641145238348  0.02711239513829396  0.02993883917811167  0.03342512331796793
  0.03792596648309400  0.04341266870938999  0.04961350522339220  0.05628864275731419
  0.06318093923065822  0.07051426471840638  0.07810455600924099  0.08556299605443592
  0.09281407903434484  0.09991283391182158  0.10675066110937073  0.11332508589748655
  0.11982653089474221  0.12620151329072068  0.13214966667418857  0.13833110308674712
  0.14493454239770337  0.15202463778584097  0.15930024801203321  0.16640364608142427
  0.17379649471931152  0.18161791189665250  0.18968609024774397  0.19787264864522489
  0.20628585989586345  0.21524385419388908  0.22470527012236682  0.23449730276810304
  0.24460266381376095  0.25427952845526897  0.26354322707886946  0.27265517271647322
  0.28210503733405756  0.29167396407546226  0.30031696819117287  0.30899119880217074
  0.31803443962309574  0.32802081448733517  0.33841600526634424  0.34950758313787861
  0.36126443375921446  0.37352965196398896  0.38591242015118321  0.39797099059358026
  0.40955638151645324  0.42044587518726911  0.43038634332133835  0.43957569912895822
  0.44928834493390229  0.45942067830036393  0.47047000925903909  0.48050912938116425
  0.48965222777938483  0.49938908463911486  0.50796618498770085  0.51567801289442050
  0.52315354694834326  0.52997183107445978  0.53699953118225463  0.54545856290501771
  0.55569953744414091  0.56529561252926919  0.57478526917290196  0.58464213954380240
  0.59412544371440235  0.60349281941776600  0.61372301732568546  0.62341474334895097
  0.63399743155633315  0.64504129731852922  0.65692012553752877  0.66869447827218165
  0.67941139192303890  0.69083549817909107  0.70317949246438571  0.71459467530461573
  0.72475738153218305  0.73511738706685514  0.74546413489429308  0.75658211826847410
  0.76744455539420076  0.77949622022850629  0.79234027707425869  0.80508845364427839
  0.81761860729149682  0.82954061836466808  0.84351015877615043  0.85887208403533088
  0.88405217951716986  0.92030931552425066  0.94478169416534463  1.00000000000000000
  0.00003746354048345  0.00003859663668252  0.00003897370583168  0.00003928345828559
  0.00003949302768300  0.00003967917850170  0.00003986394593338  0.00004003831960536
  0.00004020871066711  0.00004039604623771  0.00004060696165086  0.00004081601329714
  0.00004102056607182  0.00004122333417464  0.00004144180611123  0.00004169066669617
  0.00004194288469115  0.00004218622027661  0.00004240645051818  0.00004262253352102
  0.00004283510630308  0.00004304941122986  0.00004326225437763  0.00004347952760205
  0.00004370214940620  0.00004393017323025  0.00004416952751347  0.00004441204135495
  0.00004464580863369  0.00004487753092079  0.00004510536346337  0.00004534580492418
  0.00004558322110884  0.00004580623774354  0.00004601927258505  0.00004623056377996
  0.00004644030656109  0.00004664999440028  0.00004685922622961  0.00004706583803280
  0.00004729329698772  0.00004753196014820  0.00004780496536810  0.00004808596443915
  0.00004831842506915  0.00004853150916318  0.00004874344404994  0.00004894722931174
  0.00004913993692879  0.00004935176839073  0.00004956615740049  0.00004980211899322
  0.00005004370451808  0.00005027027333597  0.00005049154896225  0.00005071904222982
  0.00005095600317523  0.00005119306124416  0.00005142207963003  0.00005164927805605
  0.00005186974792409  0.00005207975701989  0.00005229796395126  0.00005252925510648
  0.00005276992596444  0.00005301755836775  0.00005326871943989  0.00005353612275457
  0.00005379230107685  0.00005404966010094  0.00005429444728460  0.00005453065523688
  0.00005477432145346  0.00005502489431678  0.00005529155039272  0.00005556192601298
  0.00005587046448296  0.00005610683706442  0.00005634604692770  0.00005658055245382
  0.00005682402204759  0.00005708080059083  0.00005738472265555  0.00005771363027707
  0.00005799879052450  0.00005828537780339  0.00005857905996440  0.00005891903398834
  0.00005928763484286  0.00005968997916446  0.00006013442676308  0.00006066581668798
  0.00006127698742009  0.00006179100370270  0.00006196880505328  1.00000000000000000
 -0.00122694403297220  0.00504346049570666  0.01123324743936312  0.01749922262943227
  0.02471194786804103  0.03435168540549740  0.04364781181545968  0.05312119425046435
  0.06232602623729446  0.07037046170272880  0.07742458075762441  0.08414113142198419
  0.09106568907252477  0.09904711362245731  0.10765233477913212  0.11794505647100235
  0.12849747490450764  0.14010982346477821  0.15174477112078574  0.16302830658032760
  0.17366404812926808  0.18386916012863644  0.19410028404889315  0.20502323965423563
  0.21659439120714055  0.22646826286888730  0.23528769307296118  0.24367864393632752
  0.25220211157442929  0.26147322027190645  0.27118581835597699  0.28044711313065973
  0.29035837398749836  0.29998211365090915  0.31061991072967199  0.31976253481847683
  0.32756634901927384  0.33517890678681161  0.34233380756597381  0.35047058580990798
  0.36019822113925298  0.37045860811681824  0.38073735574639050  0.39157714106052410
  0.40349330487975915  0.41590525789387617  0.42753645433390797  0.43841162435339215
  0.44986130913039279  0.46159975430541295  0.47294768155377492  0.48394736314996423
  0.49469728943776603  0.50507031990034756  0.51526925268364743  0.52562769980793378
  0.53715248541787186  0.54896543619402305  0.55883634123852444  0.56774001325296086
  0.57504698725971015  0.58306644401484464  0.59122988074901373  0.60156637665581836
  0.61317670490647191  0.62257097346469004  0.63381919268339693  0.64544065319368427
  0.65834834251277907  0.67036523465093123  0.68239561808203753  0.69503295087089700
  0.70788195744011706  0.72026561963571190  0.73245827456591095  0.74471617673400159
  0.75769198427066675  0.76993423329729327  0.78205533418908801  0.79479920147904992
  0.80847545045650748  0.82009728212171507  0.83097613301898210  0.84193932659480142
  0.85395403715972207  0.86694209943704825  0.88061247378970386  0.89386974478029402
  0.90506600474913290  0.91535886613367523  0.92600930444952201  0.93866754140274633
  0.95299679569062579  0.96888036959504598  0.98472256043988726  1.00000000000000000
 -0.00188610469597053  0.00793186199922728  0.01809882198911406  0.03030001206609437
  0.04372427896208577  0.05626228231342246  0.06843254392514578  0.07883931668908468
  0.08970503979915785  0.09956466499418423  0.10891724145325192  0.11766039942362164
  0.12662354686458385  0.13560683306448465  0.14542993846005969  0.15698445343104594
  0.17037877665582257  0.18371833690963732  0.19646559875604605  0.20806665897509155
  0.21914257084682581  0.23010727039576953  0.24036498404204917  0.25055166605681684
  0.26096966250505427  0.27256073123118452  0.28370739621577140  0.29429951671818616
  0.30429903010047732  0.31472094213666502  0.32443180445804115  0.33314492651869876
  0.34238858637191327  0.35354356406148246  0.36621526669424359  0.37848674867803023
  0.39033499851458203  0.40157140504353961  0.41180361613783745  0.42161016666928763
  0.43127975494855969  0.44125382056937779  0.45056917813172359  0.45886323280664193
  0.46840865047452773  0.47765274334731733  0.48927781569816825  0.50023301431097023
  0.51133028819549720  0.52161721553012497  0.53214337299319570  0.54369325901599763
  0.55327983418528526  0.56260796621191445  0.57221772857994391  0.58302128360674499
  0.59381103005408564  0.60437256427675057  0.61516862971424779  0.62521922398422292
  0.63585337417421062  0.64652327460507064  0.65760028648621427  0.66891286583461396
  0.68025866455038342  0.69125341653214822  0.70119212507260664  0.71003735928985967
  0.71966133077218486  0.72933665852691854  0.73913659343936311  0.74905332392657009
  0.75726796574043287  0.76542263966530799  0.77384757582710917  0.78240599559863266
  0.79117185370285770  0.79968516973116943  0.80789979598069239  0.81772006601941583
  0.82930129220926796  0.84213944985744471  0.85471416249716248  0.86683615205385167
  0.87751342698459267  0.88757948992514746  0.89720715616977753  0.90724397137158497
  0.91781007350684107  0.92896228838106143  0.94073179415206476  0.95305320390542425
  0.96439078565693070  0.97577127231241489  0.98755515199617494  1.00000000000000000
 -0.00160951765669096  0.00698792406882677  0.01592087292093242  0.02594765588735994
  0.03787131700131739  0.04905929323510960  0.05989996420653956  0.07268694509461673
  0.08456991327598475  0.09654779736263341  0.10696268020813228  0.11735672566887277
  0.12807299018916596  0.13986229377235398  0.15068744092002223  0.15962052920813338
  0.16847370840924134  0.17791220166076982  0.18839540319550796  0.19749178334755133
  0.20542307617074235  0.21304015287764808  0.22164395425785663  0.23143321017700727
  0.24060227670180373  0.24859441142046956  0.25671710377856349  0.26489201291052067
  0.27551016773849957  0.28492527056935374  0.29420617671539678  0.30654647905147642
  0.31951309462532795  0.33278243647283046  0.34695098554159814  0.36086299546876338
  0.37404245327864316  0.38426662437616471  0.39363436456159806  0.40300847071744905
  0.41278526862747883  0.42194613830682204  0.43047344659927933  0.43914467374241084
  0.45018300936262662  0.46128357542874759  0.47280093311073440  0.48369420420914538
  0.49598345370394392  0.50789585946213378  0.51997268211143188  0.53158888551292938
  0.54361927886732297  0.55376703647577463  0.56410224606598058  0.57487895840132797
  0.58638406449556302  0.59795628319240612  0.60878247130234020  0.61954754376910792
  0.63002639237403624  0.63922154038671775  0.64828015897343672  0.65767015956504560
  0.66801897601140114  0.68007837929813275  0.69257857174034454  0.70400723812097321
  0.71462823894402550  0.72508658260095171  0.73521331611921514  0.74519893898604139
  0.75477037211404463  0.76491899531425189  0.77478540590216582  0.78376037733901804
  0.79203702526101638  0.80100808704848248  0.81108327996755536  0.82311015206388016
  0.83521611596085543  0.84681817175099272  0.85860958320997605  0.87002729061052886
  0.88140103740705278  0.89255160081513829  0.90293724829505373  0.91324257518227714
  0.92306455104578833  0.93251286923672294  0.94283798481894077  0.95239550221190084
  0.96360623242836074  0.97429764161889920  0.98698963823872232  1.00000000000000000
 -0.00251002789836383  0.01048889380086841  0.02062545208266011  0.03132901067042045
  0.04162740656567224  0.05176595856596479  0.06330030505108629  0.07647370617447244
  0.08912292440449651  0.10237737044074399  0.11530270968371374  0.12782298668357761
  0.13999055377215938  0.15069228629043488  0.16065709399733663  0.17245365328805085
  0.18496155197663561  0.19722845317847493  0.20798629943669397  0.21720654853703103
  0.22608382369340999  0.23459135672590439  0.24273011375127501  0.25124372269943046
  0.26028305054525386  0.26921804710063740  0.27860517856157846  0.28752642912927684
  0.29585232039029008  0.30441088137866540  0.31248679673240259  0.32069243807118120
  0.32919212359521527  0.33822893349986349  0.34818683382909782  0.35787828944484840
  0.36836421983324336  0.37968511736961491  0.39197777451817511  0.40361240429431272
  0.41552516913690540  0.42760235088453202  0.43953977141674178  0.45066790295881642
  0.46213137219456307  0.47449687064923890  0.48613277234707919  0.49679459504919421
  0.50734534846591695  0.51827147423162445  0.52969346938011563  0.54007444054408760
  0.54997404121134330  0.55891952767842845  0.56735867390315531  0.57678507056752382
  0.58674817090359288  0.59706289144218561  0.60661650580609783  0.61587834088965854
  0.62540925364914890  0.63606944865384862  0.64832715623742632  0.66126059397542802
  0.67278752685608456  0.68273712032902567  0.69200984649757025  0.70142684025220881
  0.71130491041267963  0.72109146241393141  0.73109135944507020  0.74154689753464198
  0.75237647767709115  0.76340474904469680  0.77462648163150472  0.78616454595572505
  0.79775334205193582  0.80885968898942762  0.81992216354223391  0.83154468198680731
  0.84300083683881566  0.85444719155697046  0.86517329028177503  0.87551304410177011
  0.88560836011191624  0.89613170252830554  0.90626588812436759  0.91617957408152173
  0.92652814403383810  0.93784589882710656  0.94960600587305499  0.95984140898763748
  0.96925715300294701  0.97866000781320928  0.98887781259839214  1.00000000000000000
 -0.00184393283811957  0.00997379600466525  0.02056758935067905  0.03174559313343209
  0.04264640939473258  0.05329143874010696  0.06333519562571792  0.07314668237603793
  0.08392213090594253  0.09586578096343756  0.10858862829904921  0.12112763356480370
  0.13275921080003616  0.14421695943633236  0.15549802913839314  0.16695570480350386
  0.17812865540272291  0.18953808109918879  0.20170998310317628  0.21330549593204265
  0.22398613777159002  0.23396648289023514  0.24270161126088025  0.25132737868906541
  0.25959612848557323  0.26832005350011812  0.27740072014105910  0.28666443889464166
  0.29598144217608291  0.30598061117373448  0.31713070765676299  0.32693503485920195
  0.33602682063009109  0.34491292257488082  0.35466378431498613  0.36587168048130064
  0.37796902007302474  0.39006830789131647  0.40228426485612906  0.41447492612560222
  0.42632900555441228  0.43754653098474922  0.44816246922697994  0.45845430232305595
  0.46799433321335926  0.47775118735184235  0.48792916943052317  0.49828919530329996
  0.50936613077507753  0.51969957857427562  0.53079896429074369  0.54148387277295917
  0.55190702045142204  0.56143992788425956  0.57083944361445438  0.58142132651788292
  0.59358889165005457  0.60452311944970738  0.61533335195339678  0.62619781147970444
  0.63817710163064734  0.64925765990483197  0.65994274301412925  0.67022221680286020
  0.68076742414405866  0.69192922040276117  0.70375721138318748  0.71502234505612017
  0.72571951687293257  0.73653469448130382  0.74711164173571964  0.75912588247509993
  0.77120202188801168  0.78452847166617334  0.79567174152664633  0.80513835046513837
  0.81515786173561111  0.82485755047343079  0.83371127131830580  0.84245612867675546
  0.85115218552558414  0.86109158583409240  0.87101913182711044  0.88134927003431796
  0.89108877870129999  0.89928277916192290  0.90707270548571550  0.91528196062769118
  0.92548384469166345  0.93646481764792777  0.94728305395465906  0.95810707591612709
  0.96885684251559367  0.97916152570834514  0.98981131526317956  1.00000000000000000
 -0.00316098773340957  0.01202256140787419  0.02310737897099811  0.03358225038504269
  0.04388303715559397  0.05462419784173316  0.06587660357474537  0.07697077703755041
  0.08876354195373348  0.09998739058500454  0.10991257031031343  0.11921165819091870
  0.12933441750950120  0.13987118252692363  0.15107918128274464  0.16273372786402390
  0.17504363425209796  0.18669796912134012  0.19676965170039895  0.20682684916085825
  0.21594665109514638  0.22611042184639932  0.23779583344857316  0.24954880249016545
  0.26100006563489581  0.27316176085163119  0.28576481436348050  0.29776281712930308
  0.30888381496324985  0.31972341382909264  0.33046973493556486  0.34027966605348081
  0.34912327533675008  0.35829051635619785  0.36733732972100391  0.37789231739394025
  0.38868187627340745  0.39959040598820805  0.41046863799207151  0.42019006161517003
  0.42803522412327755  0.43621253683284816  0.44411950022068919  0.45250708510711984
  0.46236734463136447  0.47110469129108090  0.47915977253588055  0.48787836633631593
  0.49790023133289202  0.50864954172644439  0.51985343062009359  0.53151676744956233
  0.54215843547681508  0.55195566807826058  0.56156771845711317  0.57138440143906377
  0.58192735623462000  0.59369943687151783  0.60575431596941998  0.61786368577885153
  0.63064533880939888  0.64365209343759022  0.65452898480110833  0.66394857891973225
  0.67315315325247782  0.68315871723834753  0.69406641612519548  0.70479167601494996
  0.71381381368539187  0.72205318905343641  0.73139414848089546  0.74156275244550307
  0.75063296865106288  0.75965292710653320  0.76985743673843998  0.78144524706827834
  0.79452823476160761  0.80841617315608638  0.82215968198876577  0.83460408656842933
  0.84437623050811628  0.85348604518460114  0.86271781227491429  0.87242105482377286
  0.88229295695280141  0.89194604405345468  0.90418523153196739  0.91600722820221925
  0.92733517242490937  0.93859428070058426  0.94995994539918704  0.96226124603468999
  0.97280255349203526  0.98231751818550916  0.99157293563004467  1.00000000000000000
  0.04149147135639998  0.11016688824578084  0.14894767756738456  0.17685876314399007
  0.20097893144712409  0.22361816135842258  0.24441290259386320  0.26366771944957612
  0.28132015559496654  0.29716623238849360  0.31275001493542065  0.32965426245765705
  0.34657065795642872  0.36077420631739260  0.37487927121693915  0.38872413663563904
  0.40225553610906017  0.41569377672257773  0.42904909486464621  0.44132887700434109
  0.45294013053877952  0.46440732483025698  0.47612357104275643  0.48742213976376281
  0.49814189751612065  0.50940764789776150  0.52106308490968012  0.53157625809983355
  0.54147680140082821  0.55165157565739109  0.56223111233982304  0.57168600363199129
  0.57983911670607502  0.58773961734521352  0.59516139700214776  0.60319281924359458
  0.61128703326021339  0.61948750388646223  0.62817828126550757  0.63724543674902057
  0.64582411336964152  0.65407366003562939  0.66207535430838449  0.66951332804813679
  0.67712648576868317  0.68521767086151353  0.69443199677655509  0.70403041814408562
  0.71207385215525698  0.71915404157123441  0.72593392637607645  0.73256650455744576
  0.73893920861093243  0.74542941409373520  0.75188061820943408  0.75835366640962343
  0.76556165441619928  0.77249310214337386  0.77923059745154533  0.78537881072041471
  0.79088482676911209  0.79629255896825479  0.80194188362882102  0.80845164053471708
  0.81547897612863718  0.82147027755650115  0.82702442849377578  0.83251542570997594
  0.83814245583794955  0.84421629540914256  0.84992227882509352  0.85541404613463157
  0.86087828968846702  0.86605695935370064  0.87115843035899276  0.87641538177341205
  0.88181246294385596  0.88790091451516395  0.89444459351180761  0.90157425823768489
  0.90805776652871384  0.91454503377752616  0.92060781001801462  0.92657072782627026
  0.93257406556293332  0.93822490315082385  0.94330066880753094  0.94810485391561539
  0.95259441655405896  0.95662721838201270  0.95990264848618712  0.96271157208650171
  0.96538342364878948  0.96806904477281841  0.97071403821012470  1.00000000000000000
 -0.01803287454619795  0.11282692043267589  0.16220500400347004  0.19524009125497857
  0.22307464975477623  0.24272513480896019  0.25934056863602600  0.27541740694979050
  0.29171382668776930  0.30816942596211699  0.32435478937433976  0.33932236926790138
  0.35294489812987018  0.36489309165183159  0.37618662435676403  0.38687016982922856
  0.39796673071305910  0.40893092299409378  0.42043715682772709  0.43101720329740045
  0.44192606367899251  0.45100222452151528  0.46105917082554188  0.46872922236208309
  0.47740119279669929  0.48586398667882508  0.49462574515783259  0.50329160981428311
  0.51168307109705946  0.52010168987926775  0.52865848875882859  0.53717911302381871
  0.54489002688178856  0.55300921517065549  0.56230809796918557  0.57217831940191000
  0.58148232708194048  0.59056370297839800  0.59855686912076711  0.60633574414213609
  0.61356235098946632  0.62107481263446862  0.62867831533313712  0.63609108844240569
  0.64294553808997057  0.64943684201232144  0.65624383743702219  0.66280731090968492
  0.66930451265707869  0.67515987820189260  0.68071922234143745  0.68676605794816070
  0.69255881376261319  0.69835093528373759  0.70434361569048953  0.70977487963431540
  0.71535940771890272  0.72100713284309548  0.72717340314578727  0.73321725660117054
  0.73878226499242616  0.74391278157431873  0.74895886638840514  0.75425421047985863
  0.75988349864429106  0.76576915737975504  0.77170101094168297  0.77728902130504729
  0.78250314788026720  0.78765631343281539  0.79274862688636205  0.79810731558059611
  0.80322610638778869  0.80832038284561758  0.81385634652042593  0.82012885061675100
  0.82660141093161754  0.83251015805808948  0.83800975624869356  0.84266155087510664
  0.84727187813455573  0.85213944725262247  0.85727866823331067  0.86367305386551607
  0.87013578676009495  0.87615597273564405  0.88188005255218327  0.88737878249324198
  0.89318806472466450  0.90040802780723095  0.90919226913530027  0.91879070763719728
  0.92958120376773612  0.94192662191812782  0.95976091496328531  1.00000000000000000
   3.4259968264610780E-013  -1.0000000000000000     
 T T T T F T T F F T T F T T T T F F F F F F F F F F F F F F F F F F F F F F F F F F F F F F F F T T T T F T T F F T T F T T T T T T T T F T T F F T T F T T T T F F F F F F F F F F F F F F F F F F F F F F F F F F F F F F F F T T T T F T T F F T T F T T T T
  <DiscreteSampler_grid>
  grouped_processes
  1 # 1 for a reference and 2 for a running grid.
  10 # Attribute 'min_bin_probing_points' of the grid.
  1 # Attribute 'grid_mode' of the grid. 1=='default',2=='initialization'
  0.0000000000000000 # Attribute 'small_contrib_threshold' of the grid.
  0.5000000000000000 # Attribute 'damping_power' of the grid.
 # binID   n_entries weight   weight_sqr   abs_weight
    10   10   2.201423962208101E-003   6.482495749689987E-006   2.201423962208101E-003
    11   10   2.201423962208099E-003   6.482495749689975E-006   2.201423962208099E-003
    16   10   2.131074673802678E-003   6.689897039205687E-006   2.131074673802678E-003
    17   10   2.131074673802676E-003   6.689897039205666E-006   2.131074673802676E-003
  </DiscreteSampler_grid>
