  0.00191514245645934  0.00195150651661412  0.00199414914095697  0.00203724088202558
  0.00208138942657905  0.00212669166629996  0.00217301067498164  0.00222022921438322
  0.00226779083040581  0.00231615434992894  0.00236610323184930  0.00241729262253490
  0.00247235616285508  0.00252799160249441  0.00258521285195664  0.00264398596400360
  0.00270505113553682  0.00276690917343076  0.00283283674195178  0.00289684826473247
  0.00296133832687851  0.00302791863057071  0.00309632098791382  0.00316849675936731
  0.00324420501034357  0.00332223329795506  0.00340234426880972  0.00348404988003726
  0.00356803950070792  0.00365546605481610  0.00374554149337230  0.00383963674453039
  0.00393686888403697  0.00403835334298233  0.00414490319580112  0.00425723424785551
  0.00437482241875465  0.00449702631463648  0.00462442786627101  0.00475555738638715
  0.00488929400675990  0.00502635397081663  0.00516998485165334  0.00532008344038726
  0.00547199503631662  0.00562694229046118  0.00578402429340917  0.00594812550015102
  0.00612033488864696  0.00630288947188967  0.00649096283838817  0.00668758867152808
  0.00689813977289932  0.00711372454602152  0.00734901995790362  0.00758806092507020
  0.00784306037789396  0.00811023395436617  0.00840006512594897  0.00869699745605265
  0.00902738674749324  0.00938335866126156  0.00975161602596017  0.01012903347624078
  0.01051919469104111  0.01092512315316541  0.01135303716086134  0.01180861985522822
  0.01230565883234083  0.01283216087054639  0.01341424705732710  0.01402148906081031
  0.01467496695175266  0.01540880224784673  0.01619625673865397  0.01704462531589532
  0.01796708346990322  0.01900925597786007  0.02018045799859879  0.02147870614691024
  0.02287421301476509  0.02441491651061441  0.02615007915432456  0.02809058151406005
  0.03030821852086265  0.03290141424368881  0.03596736771158194  0.03957540329596602
  0.04394996773731857  0.04932067616055606  0.05619587576306589  0.06598851583496722
  0.08084922752262323  0.10639064659098106  0.18178814639143259  1.00000000000000000
  0.00482928091033667  0.00572989969537167  0.00658718197019880  0.00738981846190711
  0.00814965843555284  0.00890899006720580  0.00970024435430159  0.01052342287598530
  0.01136983183712625  0.01223097938766134  0.01309553756403949  0.01403380351681513
  0.01506419456652814  0.01614072725605053  0.01722233575509990  0.01834997652675634
  0.01952218669916272  0.02072920870496948  0.02198246582157157  0.02326922740886158
  0.02457653419294935  0.02594123933961464  0.02740435322416325  0.02894541029403825
  0.03057594445736231  0.03220690572223827  0.03387920124433073  0.03569297323341759
  0.03755396396088382  0.03949487528097436  0.04145514871526748  0.04347881933256896
  0.04559410087355546  0.04786439055286676  0.05020870183031863  0.05263946293591449
  0.05516415427816673  0.05775630043197252  0.06046591049271732  0.06323395067151449
  0.06602486850894404  0.06883987776374210  0.07172103126224090  0.07472307000060874
  0.07790110057574424  0.08123103329359642  0.08470137243649861  0.08828715225252699
  0.09193832007175143  0.09563439586500903  0.09934857420389882  0.10325441131095288
  0.10742080275259812  0.11178284983353379  0.11627281129630727  0.12095884044445647
  0.12587643674891064  0.13096336270361686  0.13604887448680542  0.14122229599705505
  0.14669801322684889  0.15254503330404370  0.15882401613814709  0.16561544476395093
  0.17289377681711618  0.18038964092562898  0.18805610539960160  0.19584422864607634
  0.20433829566250067  0.21334880633442826  0.22291995050705776  0.23263891810348500
  0.24233695165469188  0.25226341200733310  0.26276403700784806  0.27399145746930959
  0.28576876399704643  0.29847219229184901  0.31201805291923640  0.32661509978704278
  0.34224412759621525  0.35893101836736752  0.37646369716155620  0.39509463432622194
  0.41521996548176937  0.43805422929585824  0.46366012520222294  0.49153379941051062
  0.52331723209648018  0.55811163566020072  0.59760178056446356  0.64173818572802588
  0.69434460729210767  0.75742448382572192  0.85003223071756295  1.00000000000000000
 -0.00259287602198261  0.00988875713673922  0.02087914979959471  0.03218197980248999
  0.04336412475963308  0.05432362777357738  0.06471049429794815  0.07494115362695762
  0.08506849553438767  0.09585019239168287  0.10677682764154914  0.11690804127692302
  0.12655672043967200  0.13634765016347358  0.14644538737637544  0.15708277996697209
  0.16730850500762764  0.17776484403946888  0.18817346859277209  0.19872568811309238
  0.20930941792212931  0.21973314363686303  0.23037307788049949  0.24100839060782481
  0.25144254980830072  0.26140832800742653  0.27150584817321077  0.28163596598919605
  0.29158756687334375  0.30154361268244090  0.31131529652257012  0.32146821837713158
  0.33183530523785276  0.34233281206551164  0.35286789077376607  0.36332544321620780
  0.37376057580819533  0.38430352003015450  0.39493336161360493  0.40557229711777293
  0.41620321462061832  0.42694564734326734  0.43771450729019162  0.44816568965969750
  0.45827332650309976  0.46817214556646375  0.47827592673775066  0.48867788789011074
  0.49914173544491280  0.50944507945583484  0.51967152665021710  0.53011338084153614
  0.54084291180681732  0.55173407972746047  0.56258886571319988  0.57344792608830653
  0.58431119462608727  0.59504208284884541  0.60541345231884203  0.61544280668423945
  0.62560452074858297  0.63607333830821911  0.64665507368013020  0.65716136703260919
  0.66772288438673721  0.67856120096860972  0.68948777559688468  0.70033708468564426
  0.71120526193842526  0.72215422250265060  0.73287376412662830  0.74310105116166625
  0.75370862042530606  0.76436250926683480  0.77504517535349271  0.78530490099433770
  0.79582552634599102  0.80663537267282504  0.81764794698837084  0.82859368740389450
  0.83952802798036352  0.85024380639065900  0.86066312674511281  0.87132629333243172
  0.88208503757145562  0.89290873054087150  0.90333689427700314  0.91364107336804157
  0.92422238212837238  0.93511023203853283  0.94608879656336253  0.95689241169368922
  0.96758880039346651  0.97831038015582605  0.98916494475606631  1.00000000000000000
 -0.00268004492815258  0.01048786464296932  0.02164423679689512  0.03290225307153273
  0.04372230176341462  0.05500777614587338  0.06570240805199914  0.07655471718622611
  0.08733945379873381  0.09864902386287874  0.10946152700554154  0.11987247207041428
  0.13018837100373695  0.14068028214946601  0.15112259100823491  0.16103965864360051
  0.17083500106266111  0.18080788561526440  0.19128908426388275  0.20204311128474517
  0.21302280069904328  0.22386087754031953  0.23447925278370460  0.24491683310940815
  0.25549206297720589  0.26595487188704164  0.27602787397996548  0.28557800874789036
  0.29514745441319407  0.30514634398320245  0.31533926933010797  0.32557570387507168
  0.33594045475190071  0.34683038071519595  0.35792925388765756  0.36859409668924592
  0.37897840304153529  0.38930220551110972  0.39968710380048805  0.40991742941556392
  0.42006819793386713  0.43017488192068054  0.44055041582107407  0.45123709202153350
  0.46221076609815698  0.47355963468933093  0.48510471230508989  0.49654304879584638
  0.50761490917001617  0.51846782927419754  0.52901288413156067  0.53940096769035351
  0.54958685101132931  0.55969607895422735  0.56980871546423550  0.57983309830566954
  0.58996711770544286  0.59987114231666894  0.60981205902367674  0.61974028644837298
  0.63007105444000999  0.64052657031145865  0.65097426017242344  0.66167707868008774
  0.67235486201121586  0.68335808237080320  0.69390225965549956  0.70436741179472884
  0.71498932058286679  0.72557412397002996  0.73665045250821726  0.74761854342331757
  0.75806515395197704  0.76817920943200046  0.77835595653457190  0.78855213102925958
  0.79891362463351900  0.80920194322203687  0.81974746645684105  0.83030738230671408
  0.84072299213886115  0.85137317003400370  0.86186565969464812  0.87275614368445653
  0.88325435028598098  0.89354648834145189  0.90355176342089072  0.91367946722628013
  0.92425240229170091  0.93511424163914747  0.94643030008950346  0.95726521639896067
  0.96794931738545020  0.97843253295244537  0.98930864240421157  1.00000000000000000
 -0.00246453328149871  0.00862919595756802  0.01874995480862302  0.02926166977571966
  0.03974332486592384  0.05025192896762690  0.06071542628490471  0.07118248576733040
  0.08163183657993740  0.09196068101896528  0.10243400502269620  0.11318308137691173
  0.12418902820660870  0.13510209286550703  0.14571038623643059  0.15602830238328316
  0.16639496833337161  0.17713409158421564  0.18811946714856362  0.19892797509114668
  0.20956438337187067  0.22027204060897118  0.23062864173839162  0.24054336224240896
  0.25030389763693683  0.25991440168911834  0.26945348087076848  0.27898706037049065
  0.28894951699376664  0.29927642033037843  0.30969076793533828  0.32000548730870132
  0.33052602276378196  0.34139692016142525  0.35248625316401483  0.36277738480421273
  0.37257908280179469  0.38249284218721258  0.39280238606206042  0.40320120071521365
  0.41336228259114316  0.42373656936727855  0.43420492627378293  0.44471852128643219
  0.45483113518953383  0.46508368499130803  0.47528312831687686  0.48576770862896501
  0.49663442626717075  0.50770500354394887  0.51873899280583302  0.52930931578736906
  0.54002927800074374  0.55069957928063384  0.56123943214569638  0.57156181394525774
  0.58156248059703919  0.59225265721227427  0.60300251428657836  0.61388066203607450
  0.62505609741421475  0.63617480974965757  0.64757744810848872  0.65832094032547994
  0.66878532207532670  0.67929600188762029  0.69005501361648025  0.70084679545862616
  0.71129939139854303  0.72153371880437667  0.73204691859373228  0.74308012432690962
  0.75463622536570685  0.76531671252404321  0.77593404513829511  0.78598876114867977
  0.79624103009608882  0.80676161388983347  0.81727768309854421  0.82813134543025713
  0.83879915482521916  0.84979666641917151  0.86051102773711496  0.87130682128653703
  0.88215935368372567  0.89302704955075984  0.90348271343029751  0.91375445176974990
  0.92411503272552631  0.93459468006832547  0.94512718315775301  0.95608625480293152
  0.96715057616520361  0.97839322823677877  0.98908994060301847  1.00000000000000000
 -0.00266856211826688  0.00979144026163264  0.02065382135717144  0.03122567084796043
  0.04215726252852654  0.05318859803027943  0.06406903285009954  0.07474914382360263
  0.08531626576204177  0.09597587871701160  0.10688425014144141  0.11790324706268306
  0.12885417023830886  0.13963620045106995  0.15008716891089918  0.16023546523525103
  0.17064641173062356  0.18157652859738965  0.19251354304439011  0.20285721787594127
  0.21283787302900628  0.22313305802875524  0.23383582620756671  0.24440603485084775
  0.25477179895899349  0.26512087183764516  0.27580543839036209  0.28675353561033512
  0.29754359271077840  0.30841097820764379  0.31911806651937763  0.32948090369766736
  0.33941232869053251  0.34921486401153340  0.35940927793689587  0.36983947259448730
  0.38025935904286262  0.39041799006227235  0.40054215906569490  0.41087322868892412
  0.42135552907267709  0.43206641028392073  0.44247683894666517  0.45261349117500249
  0.46257510162426213  0.47236975038595769  0.48240743730265889  0.49265955299614689
  0.50298005515879074  0.51290105046003343  0.52279965273669804  0.53263195917505290
  0.54313305383402877  0.55354328777090323  0.56439118628106177  0.57554813509302194
  0.58692651404589802  0.59831546004718439  0.60927307958998789  0.62016346782109733
  0.63062523086756084  0.64129474721253588  0.65183267206980466  0.66267433733585379
  0.67374103840068800  0.68502983268623296  0.69625987836144199  0.70728944674782090
  0.71835829172603416  0.72920843412607228  0.73990717027582931  0.75033656440004115
  0.76073218379813690  0.77120299796405678  0.78167537402816678  0.79209447789272680
  0.80268194767999912  0.81317767011706954  0.82321313117505646  0.83256090990230647
  0.84242983668494253  0.85194815448696137  0.86222084792506737  0.87170551386777340
  0.88206230465961188  0.89247313304644282  0.90335789767897146  0.91441936331723050
  0.92505735684110812  0.93553996448885945  0.94626635248461444  0.95651115385581831
  0.96684652987949860  0.97701081024903591  0.98853215035951858  1.00000000000000000
 -0.00251919436415591  0.01008200628519976  0.02039047107436356  0.03083626282177897
  0.04077914133905233  0.05123483314136353  0.06158930040482265  0.07261448326459687
  0.08340766006229844  0.09424209856022778  0.10488021661263837  0.11508292135024067
  0.12529946274900075  0.13604412833347967  0.14679122166864725  0.15799209711226492
  0.16870981624415360  0.17995789237242671  0.19066201563094190  0.20129941090254186
  0.21193602140361889  0.22293285640286364  0.23389764021242523  0.24501390715121155
  0.25592228417838786  0.26643552667314524  0.27683186514629304  0.28738687179372291
  0.29826165395014048  0.30890296537153261  0.31908627682544560  0.32880628025219327
  0.33870136197735140  0.34883064426365945  0.35936232342784818  0.37008587090679884
  0.38059117191680797  0.39077527210778668  0.40085164112134875  0.41121132761539131
  0.42176884525856989  0.43240140989579662  0.44237847423590587  0.45202932206514562
  0.46176115907042470  0.47188992003366109  0.48209520125895849  0.49218980509949906
  0.50266579094053454  0.51347091385260535  0.52428076238293686  0.53514789149144348
  0.54623751188451086  0.55712385292031974  0.56768295268667601  0.57805919138972528
  0.58877644526435813  0.59968565650009986  0.61072300599647034  0.62160719433654155
  0.63228206732228520  0.64290364140019696  0.65356830313809056  0.66416174689588447
  0.67426725978749058  0.68425593905369519  0.69439440369585359  0.70494548190848216
  0.71557563751968167  0.72615053267910668  0.73686959642820771  0.74716945980548466
  0.75731983496453481  0.76725025257271373  0.77732881154860067  0.78745507042390572
  0.79744434157482080  0.80751619175799616  0.81772123225657267  0.82851569458079610
  0.83911464295469496  0.84946804371093476  0.85997706825199993  0.87129613239947989
  0.88301403952994950  0.89452304788767023  0.90530071449430671  0.91592776448851687
  0.92660653639714874  0.93667802082807450  0.94674101251164577  0.95661955747778538
  0.96740490906913723  0.97845396241033922  0.98898935236496588  1.00000000000000000
 -0.00191092621498520  0.00787239702399175  0.01785771629013599  0.02782198935260340
  0.03818971030417606  0.04930605747290992  0.06035139922144787  0.07097396265127418
  0.08162336724312066  0.09251304365876126  0.10344017453363832  0.11355919391923656
  0.12402346276206314  0.13481674400807567  0.14585357103657884  0.15620412141880444
  0.16637732369650859  0.17754377641291760  0.18856726204263757  0.19948912036214403
  0.21003611511858700  0.22047391741282393  0.23092024917231260  0.24133819265040263
  0.25161212453950260  0.26197976492420738  0.27214706174616149  0.28280708081127581
  0.29335623207421563  0.30368955468408920  0.31422413697326079  0.32456179982529992
  0.33469664395306092  0.34464958897661074  0.35482071032769524  0.36525502222050926
  0.37567705743691238  0.38601674675058439  0.39652630911750064  0.40742361013315126
  0.41814263950097308  0.42842076718790811  0.43854654712259256  0.44856997594342091
  0.45861776719181974  0.46882472484818155  0.47952932815830612  0.49050591518040099
  0.50135034997755190  0.51194516810667789  0.52271485436229936  0.53356566097048597
  0.54440169315274900  0.55467230570436954  0.56535262340541192  0.57586927599570437
  0.58715899809753880  0.59798157096286431  0.60852053033398801  0.61851002442819614
  0.62863615976967224  0.63884622344757358  0.64952409546799106  0.65998025722238340
  0.67060436069070029  0.68093444528687319  0.69165633724294917  0.70244965874226173
  0.71324325730969806  0.72405792272580294  0.73505567486412060  0.74626340445209771
  0.75732849871355701  0.76802249024339242  0.77861373133108236  0.78913499700583101
  0.79965228863622129  0.80993731209252995  0.82017878838317304  0.83038517409716972
  0.84084076410370401  0.85103407474050397  0.86201105202659389  0.87269421904300093
  0.88369819060705135  0.89468894254981179  0.90569888669853027  0.91679870512370731
  0.92772777556455577  0.93854153343097946  0.94885933546927859  0.95964120613710591
  0.97051352955276271  0.98117624357022393  0.99074267208019384  1.00000000000000000
   4.2510116126060675E-012  -1.0000000000000000     
 T T T T T T T T T T T T T T T T T T T T T T T T T T T T T T T T T T T T T T T T T T T T T T T T F F F F F F F F F F F F F F F F F F F F F F F F F F F F F F F F F F F F F F F F F F F F F F F F
  <DiscreteSampler_grid>
  grouped_processes
  1 # 1 for a reference and 2 for a running grid.
  10 # Attribute 'min_bin_probing_points' of the grid.
  1 # Attribute 'grid_mode' of the grid. 1=='default',2=='initialization'
  0.0000000000000000 # Attribute 'small_contrib_threshold' of the grid.
  0.5000000000000000 # Attribute 'damping_power' of the grid.
 # binID   n_entries weight   weight_sqr   abs_weight
    10   10   3.160263962637779E+004   4.305519927632512E+009   3.160263962637779E+004
    16   10   1.753572308605840E+004   2.075497917495332E+009   1.753572308605840E+004
    22   10   1.753572308605840E+004   2.075497917495332E+009   1.753572308605840E+004
    28   10   3.160263962637779E+004   4.305519927632512E+009   3.160263962637779E+004
    34   10   3.160263962637779E+004   4.305519927632515E+009   3.160263962637779E+004
    40   10   1.753572308605840E+004   2.075497917495332E+009   1.753572308605840E+004
    46   10   3.160263962637779E+004   4.305519927632513E+009   3.160263962637779E+004
    52   10   1.753572308605840E+004   2.075497917495332E+009   1.753572308605840E+004
  </DiscreteSampler_grid>
