  0.00191612221439872  0.00194866438839594  0.00199009370729065  0.00203115023808916
  0.00207368052206337  0.00211968293251909  0.00216693824854094  0.00221523645182850
  0.00226519813978781  0.00231629985730413  0.00236829441739709  0.00242047335786279
  0.00247250607165167  0.00252573874066991  0.00258038224003246  0.00263694008865106
  0.00269507623359894  0.00275537834248740  0.00281976199656290  0.00288535030792650
  0.00295282132480096  0.00302323361240941  0.00309673948521840  0.00317035266565089
  0.00324932348935017  0.00333025976819685  0.00341377111309204  0.00350115515867843
  0.00358968833847012  0.00368056885167569  0.00377694064785314  0.00387727187925480
  0.00397998989103886  0.00408593687925316  0.00419422290818072  0.00430321883996683
  0.00441408056036346  0.00452715025239414  0.00464228836397864  0.00476241641725927
  0.00488461939667736  0.00501227225913638  0.00514957926119244  0.00528778048650434
  0.00544046236616118  0.00559611556386188  0.00576438610042266  0.00594651952436260
  0.00613209827337916  0.00632183388453223  0.00652594516061858  0.00673749406441040
  0.00695359358142407  0.00718516090844730  0.00741826378854165  0.00766045308890025
  0.00790920163444050  0.00816730172741226  0.00844999129250313  0.00875450922707421
  0.00907387755949026  0.00940809383067918  0.00976707522877361  0.01015217509276616
  0.01056219146699853  0.01099400288853945  0.01144856734426087  0.01193314208429404
  0.01245575387189724  0.01301728025257937  0.01361731168680983  0.01427649113911594
  0.01498824063775487  0.01574836976667372  0.01655252494592002  0.01741058086452127
  0.01836360545561022  0.01944440070326392  0.02068651079699280  0.02202878507589058
  0.02349467046512743  0.02517646030133249  0.02713381560318859  0.02938526259172431
  0.03194926822870302  0.03492287199464397  0.03844573638435365  0.04278529530942460
  0.04819383434374722  0.05505950113872980  0.06515536931012542  0.07967991068323922
  0.10465052721829481  0.17404392927976731  0.91426193030809744  1.00000000000000000
  0.00474513985005729  0.00553629225525884  0.00640501873822202  0.00721147791312854
  0.00801709955895670  0.00887949078533573  0.00975951879217144  0.01062008668844486
  0.01148587182662946  0.01240074904755005  0.01334449966234439  0.01430346830261383
  0.01525800053025730  0.01621691642967938  0.01724545019162613  0.01834087067746408
  0.01950943846435272  0.02071970916260363  0.02196742122959169  0.02325468862681496
  0.02457521866388810  0.02592244979523273  0.02731600379836014  0.02877051272912358
  0.03031576398295814  0.03191452202936801  0.03359904937030751  0.03535990661796324
  0.03722603051833694  0.03918312432060914  0.04122809778094837  0.04333930840856139
  0.04536215136348377  0.04739647855022293  0.04954655443645520  0.05172626481171504
  0.05396962139182038  0.05630043220638589  0.05872508590795509  0.06125114195709969
  0.06395584398847295  0.06676363093032393  0.06984113077995989  0.07298607527194127
  0.07622832165469169  0.07963349539364498  0.08321143997704648  0.08688496884043954
  0.09053127046767119  0.09431863871951493  0.09825624713073741  0.10230070815039055
  0.10645102116554898  0.11076472828004895  0.11530440448575449  0.12011808280457496
  0.12518892062608258  0.13042402453949689  0.13571840655303524  0.14106147120682819
  0.14666500490851817  0.15252311704384289  0.15862238282758945  0.16517887777716900
  0.17212679081702556  0.17929825910651367  0.18686671983790501  0.19480971701115710
  0.20314938997361287  0.21173343461018254  0.22065299502932656  0.23005742604111978
  0.23992044589194600  0.25028285322997984  0.26114398075797440  0.27273078335590567
  0.28518588191898531  0.29825580149341513  0.31240538223546915  0.32737590681573159
  0.34316668035128894  0.35971551102075183  0.37734088053137116  0.39630692066938195
  0.41702185607226566  0.44002653528772517  0.46521182272196826  0.49283043594309661
  0.52352929684551897  0.55650121108098527  0.59501641172780662  0.64093317365239344
  0.69414875325961023  0.75739380929373135  0.84784922922985018  1.00000000000000000
 -0.00228242878234921  0.00916794308201405  0.01954890006393893  0.02963068550495675
  0.03975443210020348  0.04988439821414328  0.06038381321601359  0.07104136598206942
  0.08113370441280544  0.09181595910501734  0.10217155833037943  0.11258393475276564
  0.12265994629210700  0.13289598164193919  0.14359966650699268  0.15448913745756698
  0.16511730927428084  0.17542212005039659  0.18551129516078377  0.19585249421361600
  0.20650142730462975  0.21674848232706270  0.22658835095771385  0.23609878889210406
  0.24604163146926245  0.25667582351904866  0.26747433873674448  0.27778583286780345
  0.28818414343292797  0.29855402301992467  0.30948567718243825  0.32003578416314366
  0.33091614846732731  0.34161018609393606  0.35213094383097931  0.36232242345870902
  0.37234008322334644  0.38298499908321776  0.39344231316222056  0.40408664395400301
  0.41449761737564089  0.42482521980680865  0.43563446671865519  0.44631547942101218
  0.45727450829875277  0.46765340973280523  0.47830765607997072  0.48851195807076397
  0.49868633035270971  0.50886871299596803  0.51922055593013572  0.52961872492029538
  0.53983859992717520  0.55082633010541437  0.56201692797865288  0.57305350839195834
  0.58403119635342871  0.59410797145503047  0.60451564006145186  0.61523263035814579
  0.62581110139315921  0.63608153773890874  0.64611758641481121  0.65638127382865297
  0.66695768437478453  0.67765639625484153  0.68891063071367287  0.69970434339653764
  0.71019083929455551  0.72034664211365762  0.73038280478619910  0.74010395533503304
  0.75025067870687023  0.76089925423355076  0.77162966361971463  0.78205218377286168
  0.79256627581624306  0.80352482285514260  0.81456373203740018  0.82552372669188889
  0.83631215724479702  0.84688095480045356  0.85752051470316604  0.86833050696429781
  0.87915280963184261  0.88975848313338080  0.90020258585304913  0.91098894346186954
  0.92151860073586311  0.93201923561836841  0.94281855497678291  0.95432483365862275
  0.96624184484199460  0.97796763452101887  0.98889029620098856  1.00000000000000000
 -0.00246844207532860  0.00960747432073615  0.01969959956106877  0.02994582075695216
  0.04016964818734151  0.05030674324046373  0.06037505887456607  0.07050596610823735
  0.08033178135268142  0.09017751184822712  0.09987715942483623  0.11012055495609327
  0.12070217475491574  0.13137464151932496  0.14214726477698469  0.15305240127368044
  0.16433440374035074  0.17565993057408588  0.18685818698244155  0.19811551469769584
  0.20927306948783020  0.22036276404261454  0.23099045782314387  0.24136627315662088
  0.25166829734503982  0.26226593756513250  0.27316769457382578  0.28417044573590422
  0.29520209735422664  0.30610650037443010  0.31664382067619651  0.32735089524722927
  0.33827500645660269  0.34913102004128521  0.35955812049947367  0.36962987014879822
  0.38008020212597859  0.39050531047167364  0.40052871558522929  0.41053681214044024
  0.42075602854183092  0.43160783003000858  0.44252084788223583  0.45371959398611805
  0.46491030772818048  0.47604986741664074  0.48678766014522723  0.49729508194619548
  0.50801172050484378  0.51887806641188816  0.52953920880939620  0.53952916483336610
  0.54949160122651886  0.55944175224433224  0.56966830613401398  0.58022077344007394
  0.59130087510874563  0.60265645091119724  0.61397967206583892  0.62564509695610271
  0.63704658763029764  0.64807746524136123  0.65902032149316092  0.66969777490197502
  0.68034091520306250  0.69045433989539018  0.70058757750779765  0.71060511407010429
  0.72064057211898880  0.73061422503498963  0.74035072962757476  0.75030081131162041
  0.76029728843376509  0.77061522764933987  0.78092210085201674  0.79137846052009919
  0.80185203891988854  0.81208173460267508  0.82274651515275032  0.83346526918890573
  0.84434681842175496  0.85470245955718516  0.86503161527385397  0.87541244914301786
  0.88607596321975191  0.89681030093482461  0.90761232763381861  0.91844688305658329
  0.92914708783925803  0.93963020318053248  0.94960252828950342  0.95959669129044478
  0.96926611671255580  0.97937391076428870  0.98929111745109910  1.00000000000000000
 -0.00256376456583388  0.00996247737624956  0.02083644363528192  0.03139431801170876
  0.04206569597460458  0.05283148819581372  0.06384560476629267  0.07477958673480171
  0.08561559155738961  0.09641520025831563  0.10663881904906843  0.11654636235961879
  0.12671364115222411  0.13768398924641043  0.14867484674950032  0.15936916314553701
  0.16996933851281523  0.18044694897730615  0.19063288333224002  0.20063394762751546
  0.21078348512839923  0.22110287856121816  0.23131161136215106  0.24184223608803104
  0.25225401401795733  0.26249032158798052  0.27292678360152878  0.28376337112431232
  0.29511507774705942  0.30625555263726650  0.31743713308790000  0.32856101078839361
  0.33940614183025941  0.35006600845742075  0.36099114842968288  0.37180915984697560
  0.38231836235056560  0.39281509247335672  0.40379241056488058  0.41465198616966620
  0.42503187008918342  0.43514481603615901  0.44564987275374324  0.45649256934078153
  0.46734301304612369  0.47822228652070103  0.48911453684858891  0.50002513708699003
  0.51102947845859248  0.52186918236637614  0.53241301156893339  0.54290124911897553
  0.55344347710038300  0.56342311991551797  0.57327741605934868  0.58320081103933663
  0.59319684010078610  0.60306336814691519  0.61268717876719603  0.62213766028764872
  0.63194258298104877  0.64226203520999525  0.65280438773306959  0.66320666677433693
  0.67319119171433217  0.68315297009131637  0.69325436923430472  0.70352238013893020
  0.71397198404737516  0.72405466569242627  0.73411041489665563  0.74435943671737614
  0.75477602367181285  0.76536289873019925  0.77588152155394685  0.78627611693581911
  0.79638515887493821  0.80639104343564472  0.81631206851756066  0.82620995938357122
  0.83613589913232444  0.84642030635767140  0.85686074590201333  0.86776411959929944
  0.87861337740300760  0.88955981729712941  0.89999831686560594  0.91050369967669764
  0.92120052379093575  0.93223658166091006  0.94329198211948417  0.95434957645150831
  0.96553616777650952  0.97686604073907268  0.98868678638077012  1.00000000000000000
 -0.00248696240564675  0.00961337865179527  0.01919222938673112  0.02957430645298349
  0.03919857106156630  0.04985236407895620  0.06038490390656838  0.07112080860708102
  0.08190352452173014  0.09237234809720929  0.10300546855925073  0.11350305274083661
  0.12438868506676334  0.13508559532612174  0.14578139095347492  0.15641076132997003
  0.16710750351441911  0.17804738253598215  0.18890764327745710  0.19946681267199520
  0.21007685211770102  0.22079372975342815  0.23170561653861571  0.24215247317335134
  0.25225477708240018  0.26224610796937253  0.27253895536136452  0.28298235970009217
  0.29343466812298519  0.30401849866249342  0.31460819701491449  0.32521247655532864
  0.33587358770605830  0.34633880159425862  0.35695429140347779  0.36751261717591793
  0.37819200758653015  0.38885679115098515  0.39970085000674216  0.41083369296729783
  0.42190517187443821  0.43242638372715370  0.44286689452745687  0.45308178609152516
  0.46354222006190116  0.47421651068411091  0.48508057614822270  0.49566326667623450
  0.50635394762593045  0.51675934883896490  0.52698209339929714  0.53718707762284157
  0.54760874089800760  0.55825987345409922  0.56863551431232329  0.57877387156392346
  0.58923354102568271  0.60015432298632843  0.61130573573868718  0.62198352659907263
  0.63208881961632157  0.64221025661909581  0.65235397979873200  0.66260509001782952
  0.67264706536020347  0.68297723122741472  0.69338943557367905  0.70374151523096862
  0.71398321590403790  0.72427369685343013  0.73463399917794714  0.74501083861565487
  0.75532265824667311  0.76554636521868180  0.77571410942442665  0.78605679106256421
  0.79652897931161837  0.80689326103033898  0.81711460183709639  0.82742527473151251
  0.83760284615559955  0.84770900214269229  0.85771335898348311  0.86811329253447400
  0.87879214306336328  0.88962443445789585  0.90053267914079005  0.91188248707092501
  0.92319402595549027  0.93419083422306148  0.94498345292460628  0.95599965806824094
  0.96681314254446915  0.97773991685700468  0.98883810101069736  1.00000000000000000
 -0.00271330885806452  0.01005871635484277  0.02105349704999459  0.03245427215775751
  0.04367533981329057  0.05446410324513214  0.06514297592139832  0.07582799601137850
  0.08674821584175052  0.09760821770368693  0.10873618947136043  0.11943000939859902
  0.13012787237750645  0.14086998806147985  0.15176685432373987  0.16255357864309566
  0.17288222063468017  0.18313854162945295  0.19337765450547922  0.20337043803278898
  0.21317007873438409  0.22324447062782860  0.23376971486745568  0.24491567720502952
  0.25553687218866988  0.26561499839545732  0.27549653944530184  0.28540702508721921
  0.29536560832058245  0.30537335105770719  0.31567830025319132  0.32633840640723005
  0.33709754490340005  0.34764197865126928  0.35805826760898968  0.36823195738515613
  0.37870375540872619  0.38924037323087479  0.39981703949400482  0.41011820245844827
  0.42025927370676114  0.43072052210913803  0.44123786704957485  0.45186257224307935
  0.46273943397592354  0.47354268382713555  0.48440672752408981  0.49520172683493457
  0.50564334395205646  0.51544448528134734  0.52520295897562930  0.53570819587114216
  0.54629739799966814  0.55662560618633361  0.56692105015731376  0.57753686707965657
  0.58839614967080645  0.59902045076500798  0.60946187945574570  0.61975512358674756
  0.63036970997067199  0.64123623987322764  0.65202725319080779  0.66267623527865283
  0.67314651760550959  0.68384351208243155  0.69478267384715098  0.70595993696338688
  0.71726189123987960  0.72855460070564004  0.73930153871926885  0.74967876753947715
  0.75994952466075383  0.77028754501422436  0.78066584237487302  0.79127204507310123
  0.80207658500831469  0.81268848243634217  0.82309039903716774  0.83351764701893316
  0.84420760530042149  0.85470371029215797  0.86501507101261643  0.87521831634402614
  0.88587508072208077  0.89654864587717664  0.90697801082343277  0.91711053831399858
  0.92743243841153944  0.93765068894006043  0.94774098721438926  0.95790533913612363
  0.96856751115877471  0.97903353075489596  0.98955937374752345  1.00000000000000000
 -0.00244880295301050  0.00935145532962363  0.01961471740584727  0.03013469047117031
  0.04078396465823024  0.05154407347883850  0.06188434452885833  0.07189592846661597
  0.08158508953922687  0.09196047609661083  0.10206210225839127  0.11229255190409201
  0.12226036671357846  0.13246154140178354  0.14280586937518500  0.15311670929209387
  0.16353093027170779  0.17408484300638424  0.18482708625280794  0.19539115299734464
  0.20591931090510424  0.21624511733271426  0.22648876353593569  0.23690438911344278
  0.24702583491056523  0.25721839877147962  0.26724053557893013  0.27767746117232500
  0.28812785329599677  0.29862555024379667  0.30940185009896598  0.32027411485871959
  0.33126588329930196  0.34188278385734122  0.35222439248332843  0.36254937882395355
  0.37287579120579600  0.38351600482709880  0.39394852831915317  0.40437107021436797
  0.41474049787486267  0.42542496709833327  0.43606179032529790  0.44665055412448212
  0.45679554911340914  0.46693336964241988  0.47727823886785964  0.48818000813511275
  0.49961164272279079  0.51080723041085285  0.52165288178049263  0.53191050647861937
  0.54215515238051804  0.55236776079296590  0.56293214290792337  0.57344813577315723
  0.58406216130730271  0.59447973084212180  0.60537980470260810  0.61636896946182251
  0.62733101739879105  0.63811211572602666  0.64878722400853028  0.65967500685488523
  0.67052233414114126  0.68129440175528899  0.69235319328065992  0.70308392040004553
  0.71343035469564187  0.72364738383470040  0.73408276690929053  0.74455293716376159
  0.75478366401605934  0.76494534278345272  0.77551854506301321  0.78627353676809131
  0.79678979083454338  0.80711381137141103  0.81773161832660457  0.82862712934609439
  0.83943185457486058  0.85041447153790195  0.86117961047656411  0.87188467267231362
  0.88270728453349945  0.89341556644646769  0.90381738399440348  0.91354552134046274
  0.92355867725755814  0.93406235810538296  0.94474987337936678  0.95563479112224070
  0.96648317345831114  0.97771913009886213  0.98880834844396193  1.00000000000000000
   4.2213338463614550E-012  -1.0000000000000000     
 T T T T T F T T T T F T T T T T T T T T T F T T T T F T T T T T T T T T T F T T T T F T T T T T F F F F F F F F F F F F F F F F F F F F F F F F F F F F F F F F F F F F F F F F F F F F F F F F
  <DiscreteSampler_grid>
  grouped_processes
  1 # 1 for a reference and 2 for a running grid.
  10 # Attribute 'min_bin_probing_points' of the grid.
  1 # Attribute 'grid_mode' of the grid. 1=='default',2=='initialization'
  0.0000000000000000 # Attribute 'small_contrib_threshold' of the grid.
  0.5000000000000000 # Attribute 'damping_power' of the grid.
 # binID   n_entries weight   weight_sqr   abs_weight
    10   10   7.905063296168910E+004   2.176502151803270E+010   7.905063296168910E+004
    16   10   4.364917104193308E+004   8.226491139101425E+009   4.364917104193308E+004
    22   10   4.364917104193310E+004   8.226491139101428E+009   4.364917104193310E+004
    28   10   7.905063296168910E+004   2.176502151803270E+010   7.905063296168910E+004
    34   10   7.905063296168910E+004   2.176502151803271E+010   7.905063296168910E+004
    40   10   4.364917104193310E+004   8.226491139101427E+009   4.364917104193310E+004
    46   10   7.905063296168907E+004   2.176502151803269E+010   7.905063296168907E+004
    52   10   4.364917104193310E+004   8.226491139101427E+009   4.364917104193310E+004
  </DiscreteSampler_grid>
