  0.02164129730265216  0.03909914952396176  0.04607317218228218  0.05076103471610478
  0.05463765288111797  0.05724058073689718  0.06138902179532072  0.06591346609004033
  0.07036752647145288  0.07640480961702810  0.07907252981103563  0.08032369572924250
  0.08171579659913360  0.08324933433425206  0.08682261576399976  0.09135052776392719
  0.09575043124829076  0.10478140372934969  0.11891617705742100  0.13392041657939177
  0.14992313506303279  0.16524532476991224  0.17883942730641489  0.19102131713471904
  0.20299526315265645  0.21582518507288956  0.22875818197982645  0.24119306908585972
  0.25639322052819852  0.27435097916280105  0.29742917590556406  0.31264140573406923
  0.32628764797987314  0.33816184307746600  0.34964742580728514  0.36068282453982370
  0.37105549287189477  0.38040664246236594  0.38691660126007954  0.39134418834526180
  0.39571233388829891  0.39968468168143673  0.40446500923130058  0.41190168928334375
  0.42037988897916972  0.42974763417539341  0.44094440204887014  0.45439684910871714
  0.46757316598264009  0.47665069104945573  0.48246263440171006  0.48750406167297866
  0.49444619124358596  0.50496080467138060  0.51922749955710090  0.52978224846238442
  0.53973402350055499  0.54979108123358222  0.56023178653763850  0.57316491261592450
  0.58544947756248356  0.59846211738842858  0.61191069589901181  0.62418178524487022
  0.63618479898816727  0.65166809741526133  0.66604081472901133  0.67979233016566565
  0.69270348380605606  0.70309010516250148  0.71364275216874240  0.72502717362219460
  0.73817491020684578  0.74771037668957230  0.75463813000434832  0.76349738954433699
  0.77581932871843440  0.79331544591986203  0.80425208699412165  0.81848301792411982
  0.83491188630438984  0.84901762061592356  0.85713249266833957  0.86203076650872423
  0.86633430601419181  0.87030634136864715  0.87397343144939776  0.87804766874453999
  0.88248463796207699  0.88812000379622591  0.89491559386564268  0.90122123970696355
  0.91512472589087268  0.94119735581169983  0.97516286936897134  1.00000000000000000
 -0.00000269460390623  0.00005308967682382  0.00007818020554033  0.00008542851175560
  0.00008852091297778  0.00009002963547661  0.00009078368209479  0.00009110638844689
  0.00009136675013570  0.00009158112762932  0.00009177449794393  0.00009191739385849
  0.00009201965333530  0.00009208362941965  0.00009211036115366  0.00009213182185741
  0.00009215298257329  0.00009217207744313  0.00009219082280511  0.00009221017699553
  0.00009222944207548  0.00009224653556792  0.00009226295462377  0.00009227807295166
  0.00009229097408625  0.00009230195824546  0.00009231153034575  0.00009231992136893
  0.00009232805476931  0.00009233621234713  0.00009234421414710  0.00009235152831167
  0.00009235843176004  0.00009236463139352  0.00009236926039187  0.00009237318451216
  0.00009237692589703  0.00009238047574862  0.00009238384115365  0.00009238705260691
  0.00009239013479769  0.00009239286442924  0.00009239560727158  0.00009239829974486
  0.00009240094046365  0.00009240401971149  0.00009240744168675  0.00009241172604866
  0.00009241601041056  0.00009242050120247  0.00009242504464873  0.00009243050651528
  0.00009243708639360  0.00009246897567323  0.00009247653643728  0.00009248269806992
  0.00009248823694803  0.00009249307443947  0.00009249728424631  0.00009250149405316
  0.00009250635471148  0.00009251122384311  0.00009251665299804  0.00009252223049307
  0.00009252902711603  0.00009253617196376  0.00009254357828937  0.00009255295389331
  0.00009256292853562  0.00009257284058102  0.00009258364249464  0.00009259571730889
  0.00009260922664506  0.00009262471836539  0.00009264156844855  0.00009265996073150
  0.00009268330422569  0.00009270674573419  0.00009273382934770  0.00009276916545351
  0.00009282219462365  0.00009288369375419  0.00009296904444571  0.00009308947803973
  0.00009323554204527  0.00009340314414043  0.00009361272145425  0.00009387097219831
  0.00009436278336018  0.00009528560537746  0.00009675800667434  0.00010000951876629
  0.00010832701020317  0.00013143329237945  0.01075218554933889  1.00000000000000000
 -0.00019939767377949  0.00333636910106657  0.00695145419161632  0.01335466231898737
  0.02130176136474687  0.02683040559828084  0.03323231481349692  0.03771447111474180
  0.04117028568500621  0.04461720672707827  0.04909663353135181  0.05471376491575949
  0.06909750391240498  0.08991064217663605  0.10665312509473408  0.11995558827039562
  0.12962261169312159  0.13797655654574176  0.14612309980797966  0.15398340110000980
  0.16338901741646034  0.17230533021251113  0.17892448229836735  0.18553257532441958
  0.19507437088672719  0.20544501910319299  0.21499728004437862  0.22483500674307705
  0.23328043211051508  0.24234768847165883  0.25811826216670508  0.27805740885114455
  0.29906067203898318  0.32652977176469411  0.35353302926313396  0.37995274366795467
  0.39838748382649530  0.41438445069981861  0.42972328158938838  0.44348975747352742
  0.45647796572536425  0.46855506325314106  0.47762333236562315  0.48714183922068632
  0.49685584716722569  0.50644164109820711  0.51559879030767564  0.52367304964166705
  0.53152691372682581  0.54035845683356909  0.55273628689953547  0.56472311955020804
  0.57473617618300754  0.58209927060828193  0.58896807409138741  0.59554900935134913
  0.60434440036547710  0.61226699075105706  0.61960631531654364  0.62571668412937520
  0.63298879909866357  0.64096019330615384  0.65346292651930227  0.66673247923385548
  0.67841129521946886  0.68722553962490707  0.69419877825456711  0.70303755044715266
  0.71201653026904110  0.72113844437251062  0.73214928648262323  0.74348154028645719
  0.75664514183329379  0.77240421450684349  0.79035275390682658  0.80729569277936197
  0.82582479374180939  0.84455361293684195  0.85579435214260968  0.86476372108060795
  0.87590112198901970  0.88630935387539544  0.89637627007582643  0.90619464647359971
  0.91478594808166069  0.92247417060831505  0.92906462149814728  0.93419071006810661
  0.93970037690711283  0.94524590762105343  0.95089666403923634  0.95730600488714834
  0.96554782815667939  0.97704380963420867  0.98809892384416165  1.00000000000000000
 -0.00230503763743115  0.00864650253082162  0.02377999443974261  0.03942272558046309
  0.05128903283163029  0.06256478596066602  0.07766151683905440  0.09410527899231118
  0.10806531667357185  0.12160012816837742  0.13775925277365306  0.15732970559707304
  0.17733508848494964  0.19926025182294854  0.22169276376156258  0.23604942866088893
  0.24251488369814972  0.24974918980335931  0.25611163735541370  0.26157492104982166
  0.26657612697070437  0.27233924140209692  0.27961904159066669  0.29189835523902619
  0.30736248368445046  0.32272968136496094  0.33388194687039574  0.33860198916897555
  0.34388350076354246  0.34972783212655484  0.35510562675812118  0.35973410331951694
  0.36294391586723401  0.36638628773176563  0.37036070762269213  0.37489839194190677
  0.38175987315665472  0.38916252706927890  0.39967749913958883  0.41967136058426424
  0.44752626474434998  0.46853034739176758  0.48812176614926639  0.50706841573641837
  0.52667425635399612  0.54439105326675719  0.56071386683264535  0.57542735343642748
  0.58774318907051615  0.60069522450656632  0.61330399149866699  0.62450196926885759
  0.63527448694036592  0.64597624772794582  0.65625818138633851  0.66738872169797836
  0.68348863750345246  0.70112017040236607  0.72072989171482127  0.74017325245022014
  0.75936665787600499  0.77768345475291623  0.79200759004778787  0.79883515736490929
  0.80484483045753807  0.81278333682987858  0.81972234770836605  0.82595166626342742
  0.83191361367677474  0.83517706016615878  0.83708964950701181  0.83892881685173015
  0.84095830277913552  0.84397129585678377  0.84800980640492174  0.85501577855292399
  0.86487024349010655  0.87618027374410690  0.88791327218425142  0.89925500737982644
  0.90931428543444859  0.91686276760942165  0.92584757464297829  0.93402612405473140
  0.94217987919742419  0.94870971109929969  0.95446772372956967  0.95990208324218407
  0.96585904696447500  0.97053681932046099  0.97535454157948454  0.97994443945652410
  0.98479648732695402  0.98946019756575099  0.99460329675695014  1.00000000000000000
 -0.01434734905511574  0.05435785917812291  0.10319919800888379  0.14455277040599038
  0.18319722931798668  0.19927498797680018  0.20756901569205402  0.21697248309714695
  0.22763758444581889  0.23439224132032510  0.23987430899424206  0.24501812457891642
  0.25066468233220024  0.25715648532984497  0.27077279662736736  0.29142285569406778
  0.31332812722901399  0.33330370022928318  0.34940415064141772  0.36183020676389649
  0.37212559922363875  0.37937357341055189  0.38651418929019515  0.39473845029120036
  0.40442118950623407  0.41157392638989931  0.41736198015161358  0.42222261593395133
  0.42559802545199926  0.43129516627710479  0.43669845123439027  0.44838645910277825
  0.46188065965243191  0.47267018854744575  0.48255244632921929  0.49242036450099791
  0.50254627278931574  0.51884550443581234  0.53521481910694446  0.54531333098602108
  0.55352899774844888  0.56361638863296437  0.57404803706204421  0.58248009449685778
  0.58777893936821879  0.59301215466491763  0.59802804914921659  0.60193752108853582
  0.60720707048571154  0.61153940342777036  0.61544109408310987  0.62030272640621631
  0.62774082311431112  0.63662897972639410  0.64588402153273250  0.66323309604458092
  0.68059044147018399  0.69777208644205646  0.70829526394035713  0.71954662420842752
  0.73147020154784703  0.74324231177050815  0.75591483777730029  0.76785720949016389
  0.77888792341894408  0.78940437694731724  0.79857668436861629  0.80691271975277334
  0.81452842401776071  0.82159431438284491  0.82769315107704289  0.83251502194615790
  0.83514354811417002  0.83892010475116374  0.84374261774508608  0.84864535141030562
  0.85239569407557891  0.85564995056719939  0.86041798914879020  0.86875257369602166
  0.87723293845525974  0.88658628535421691  0.89620053436675684  0.90539806513712939
  0.91528138478646526  0.92477699968665650  0.93400545753014563  0.94273490683506045
  0.94972276869817263  0.95668605932144191  0.96389580986879075  0.97095259361532005
  0.97763965929670171  0.98475822071223107  0.99215648440846238  1.00000000000000000
 -0.00176380758592182  0.00553324103753777  0.01431432005369089  0.02512614852721942
  0.03644297390669401  0.04615860663123510  0.05608534618130130  0.06979807991779138
  0.08703979444427622  0.10217331777253862  0.11470938737593059  0.12559965291489730
  0.13796387251377246  0.15077526385810885  0.16473728857581407  0.17841987055538075
  0.18829116318019062  0.19434604480629872  0.20149364738570422  0.20912553278671417
  0.21380647771133640  0.21807273699525284  0.22304488864598604  0.22880051259854742
  0.23372901589025941  0.23969278864514540  0.24929581052462643  0.25746942704886827
  0.26339669693101098  0.27199157707733362  0.28445721722661582  0.29877667475142966
  0.31310630935321454  0.32794727276489893  0.35004844065301149  0.37066389537562600
  0.39026473988295524  0.40868041569347313  0.42485387195128305  0.44009236666048251
  0.45377735477787007  0.46550546685362554  0.47734970920141984  0.48906679390710445
  0.50214818181474685  0.51758400683642680  0.53098520557181028  0.54286158825669539
  0.55494549693717254  0.57125739193606784  0.58553941384844121  0.59882549168410559
  0.61730876278223690  0.63387415494971910  0.64787864558776875  0.66011782379037576
  0.67188160395131957  0.68211075584816772  0.68872943838946066  0.69610697303665892
  0.70387292543250435  0.71086486272220606  0.71833734574832764  0.72695745646702936
  0.73420093481859272  0.73827815744033343  0.74362744722618912  0.74972696427464713
  0.75648585986331474  0.76649961264822630  0.77248118687837364  0.77478006164166935
  0.77723169333343711  0.77981128466230587  0.78247202591948761  0.78553532715182972
  0.78867474271993154  0.79462422787798281  0.80357100100237455  0.81566382977622121
  0.83091275117638186  0.84533478519791161  0.85821335585403524  0.86935324213199872
  0.87882378141239892  0.88817552922398457  0.89663583288884208  0.90431752163124524
  0.91168648276219566  0.92362134880622293  0.93330838681061756  0.94162456734775735
  0.95400121480941658  0.97020880726829362  0.98528494904582198  1.00000000000000000
 -0.00338591333023367  0.01013784417268475  0.02400757084783737  0.03990549947004750
  0.05342908001215935  0.06217983036156023  0.06859072859264388  0.07233227835467200
  0.07771703036671262  0.08309473906719586  0.08879473281836874  0.09277199252342962
  0.09745991589956589  0.10024690393740265  0.10341902605962523  0.10949089968632492
  0.11635231909300053  0.12389524956017947  0.13927144136073033  0.15816619530994164
  0.17804193396407531  0.18794925436977183  0.19392435411550268  0.20098364828251861
  0.21063322981201421  0.21836508639385491  0.22752783509322605  0.23439819605628068
  0.24107111774593076  0.24690684374573638  0.25930046000363272  0.28074181331700448
  0.29949887608280368  0.31403474252893182  0.32798217195660290  0.34003194205156606
  0.35211320706055166  0.36517849812481795  0.38515414007775528  0.41022788464323062
  0.42587182367650561  0.43731248479398072  0.44666074525516530  0.45658929882802107
  0.46822482230134699  0.47903962087046914  0.48894068332542207  0.49840305353880715
  0.50748030213690720  0.51598478739997977  0.52572825916929422  0.54096675791731819
  0.56143642849439823  0.58417133850359437  0.60480329594346771  0.62076107700955141
  0.63456261441794704  0.64735043155261685  0.65943869427714685  0.67182875720667667
  0.68561929228555851  0.69784423609726687  0.71152126858914277  0.72621339009961938
  0.73974131651688246  0.74992018582543185  0.75949064205485750  0.76898892369712213
  0.77986312120930945  0.79458762181159992  0.81535063983043587  0.83611792290515130
  0.85307378081222840  0.86522011442080560  0.87522762424803013  0.88740030772991874
  0.90052400526523668  0.91339550860260099  0.92003435909021092  0.92494587682300411
  0.92988078492056681  0.93346810336857422  0.93657537195775076  0.93982537964395996
  0.94433861202188041  0.94996618064550709  0.95478187672618386  0.95954187325901219
  0.96459316221472868  0.96772909450700229  0.96963193981362605  0.97177807483892498
  0.97409115750499409  0.97973571884748056  0.99051303463557261  1.00000000000000000
 -0.00981287292012036  0.02616894931920645  0.05028741692842714  0.06701784984221879
  0.07885186040283376  0.08651796313914663  0.09364729458914064  0.10017576357578332
  0.10634209646030984  0.11197793731566534  0.11708288441535389  0.12225762081766291
  0.12859065388471300  0.13497763613085764  0.13940293404323606  0.14213051377761965
  0.14929635812160053  0.15658529077414002  0.16309336704333136  0.16861905382540104
  0.17565489109885307  0.18168514188650950  0.18585359643212518  0.19005381607445301
  0.20057921937731449  0.22189461549332912  0.24173345452906836  0.25637151098256206
  0.26672137621939312  0.27507540459865820  0.28470862548859038  0.29512049501361837
  0.30611921328907393  0.31971111875256691  0.33425232281762141  0.34821233466868967
  0.36320352101281855  0.38002176214157624  0.39916666749348417  0.41612104398046590
  0.42575065448413890  0.43376684809552180  0.44178000565358189  0.44936226293710779
  0.45676384425030930  0.46442919254760356  0.47204966622104877  0.47987671539774007
  0.48661461388886451  0.49174494214883441  0.49671679119726292  0.50174647058383470
  0.50785300879339745  0.51501469733365557  0.52245021222630439  0.52981909797475213
  0.53520433154221547  0.54013013982929281  0.54344314473164790  0.55108854962497200
  0.55844791001115346  0.57044259012715293  0.58509105422293928  0.60183865669588887
  0.61734040052926131  0.63064708679534620  0.64314524207822510  0.65348716159868736
  0.66283648004137408  0.67146168437171139  0.67871801481653982  0.68461141116385760
  0.69167057418272948  0.69863400063503722  0.70593125464599615  0.71174724312434257
  0.71898834938232892  0.72527023188231221  0.73286983193144661  0.75027372451332230
  0.77251498755859194  0.79296394599467268  0.81164379593186231  0.82939854627156728
  0.84835382563795791  0.86393581292681176  0.87713570465797142  0.88938496478529139
  0.90121869155922640  0.91471234764188558  0.93023516055507094  0.94619778285690403
  0.95871411319884836  0.97051819763888714  0.98317135580529313  1.00000000000000000
  0.26878573605996792  0.82649870608212050  0.85477853300642537  0.85650049578646903
  0.85696210469252410  0.85740434099856855  0.85787575913354341  0.85831317501284554
  0.85878989508943515  0.85925604826948054  0.85970288416690088  0.86012274724232141
  0.86059046364864666  0.86099212680490778  0.86148459114276177  0.86251142152027371
  0.86339641033659609  0.86427686029268691  0.86513748236908727  0.86597875650433798
  0.86678376921417022  0.86748936120753062  0.86816258678876912  0.86884073317886901
  0.86949493331158190  0.87010539759680372  0.87069947833932293  0.87135471674049947
  0.87209108012131942  0.87274872380245583  0.87318748686963743  0.87363752690019036
  0.87411635691461942  0.87460987218338981  0.87508676741413249  0.87552905966367089
  0.87599061148538249  0.87649495991499882  0.87695268629264433  0.87732869427762716
  0.87764369958304178  0.87791071933008058  0.87829390493325976  0.87912842317178463
  0.88018147732676788  0.88135279841359315  0.88263825120903605  0.88388426029320610
  0.88491021509611822  0.88575171145445475  0.88647546670838462  0.88717161495696761
  0.88792362415065418  0.88876508602616533  0.88967127711795690  0.89045438366803775
  0.89103121394497176  0.89151027986876585  0.89218805055755412  0.89288437734342085
  0.89358577440543707  0.89422546314723461  0.89475424623204836  0.89536527460877913
  0.89600149508027072  0.89673822534581549  0.89790797185336357  0.89924949199074589
  0.90011327799518626  0.90080137361527901  0.90147034477966015  0.90205865456127776
  0.90262706552734540  0.90333679311786852  0.90428254879096792  0.90558634866147392
  0.90729670274546004  0.90911385830950997  0.91090046031638217  0.91320998621903060
  0.91481973812806894  0.91636904201381841  0.91836808999792652  0.92054321400333960
  0.92277903138767858  0.92516191144181725  0.92794845821608174  0.93126561987278744
  0.93444459856458906  0.93723634087400076  0.94021699688488258  0.94355538305623665
  0.94787805976834838  0.95315999456149292  0.96867056296476239  1.00000000000000000
 -0.03141218291873335  0.13288483943600807  0.15973416790909334  0.18501916329572532
  0.19941610917604399  0.21302857315532919  0.22521119497352013  0.23713831165248203
  0.24608148922148937  0.25570348165698953  0.26579146906419970  0.27584339580803047
  0.28413875189533983  0.28975140735606125  0.29500962874003772  0.29898020355059846
  0.30153618125404996  0.30475382589737043  0.30804651506602959  0.31187650122789301
  0.31677415702501771  0.32160282741489515  0.32631290476230557  0.33117054103764926
  0.33451143153434232  0.33810338644484539  0.34131690070530168  0.34705917299094485
  0.35261137219548666  0.35928352940026786  0.36678280344858805  0.37281908749410481
  0.37725670178239840  0.38127440224585685  0.38545204050679388  0.39045641449038049
  0.39653630901464065  0.40460988947309412  0.41414021982109445  0.42408494444582889
  0.43426680821033886  0.44338834328704196  0.45185706268248532  0.45941192249826612
  0.46613575684194258  0.47224747519428928  0.47841558254048666  0.48418658073890475
  0.49023906419398422  0.49653503475983962  0.50308068584026888  0.51059799057495270
  0.51826741310134361  0.52708732238581779  0.53848051583281287  0.55101968857868355
  0.56306245305540126  0.57367745109064072  0.58285225237106630  0.59134512462054112
  0.60100090643127502  0.61131539754728637  0.62228822399044625  0.63426388950338086
  0.64763081877522033  0.66299291235143587  0.67133070159351649  0.67748290730567706
  0.68109165623967183  0.68586234137085389  0.68996425310906462  0.69461254997277944
  0.70013347954719718  0.70692865095316582  0.71143480600107523  0.71283515150625854
  0.71466394279958512  0.71855897906284538  0.72114909490753498  0.72383498775493882
  0.72885044505587782  0.73395348251258463  0.74095445308550223  0.74694495350185230
  0.75100833453436477  0.75629062641559763  0.76035558365465628  0.76598894667851813
  0.77241130004473701  0.78513356322641059  0.79805465701870959  0.80737317108707507
  0.81754983320251184  0.83108062193829979  0.86153183282448942  1.00000000000000000
   8.9807718760335342E-019  -1.0000000000000000     
 T T T T T T T T T T T T T T T T T T T T F T T F F T T F T T T T T T T T F T T F F T T F T T T T T T T T T T T T T T T T T T T T T T T T T T T T T T T T T T T T T T T T F T T F F T T F T T F T T T T T F T T F F T T F T T T T T T T T T T T T T T T T T T T T
  <DiscreteSampler_grid>
  grouped_processes
  1 # 1 for a reference and 2 for a running grid.
  10 # Attribute 'min_bin_probing_points' of the grid.
  1 # Attribute 'grid_mode' of the grid. 1=='default',2=='initialization'
  0.0000000000000000 # Attribute 'small_contrib_threshold' of the grid.
  0.5000000000000000 # Attribute 'damping_power' of the grid.
 # binID   n_entries weight   weight_sqr   abs_weight
    10   10   5.103732588389540E-014   5.418448848509600E-027   5.103732588389540E-014
    11   10   5.103732588389560E-014   5.418448848509661E-027   5.103732588389560E-014
  </DiscreteSampler_grid>
