 -0.00233152521934805  0.00950657733917671  0.01990196458135292  0.03098485855130459
  0.04228857571068070  0.05370818543782614  0.06533313590060012  0.07668393889007528
  0.08766182015312690  0.09874235946234611  0.11010478159706881  0.12175689100524907
  0.13301566111090662  0.14427484810386873  0.15545008349666598  0.16642348243770250
  0.17712055567353724  0.18780792756969644  0.19872017727779845  0.20974761851835022
  0.22068616369732580  0.23165426214390872  0.24254984844130201  0.25325382236931926
  0.26391778010602185  0.27472227674822969  0.28575555139643194  0.29674235431198187
  0.30757201542204954  0.31815741683914722  0.32853174449008593  0.33876230979743832
  0.34906061787854376  0.35944877236390171  0.36999880937274199  0.38065269654426953
  0.39160514728078738  0.40275179984082154  0.41402536047339611  0.42525983450300386
  0.43647114132435832  0.44743847134026354  0.45806182170718035  0.46848800544519165
  0.47887045481143642  0.48927587148172186  0.49981380818268756  0.51059121735098023
  0.52143327970435149  0.53210679468358202  0.54271383288447284  0.55337683687797468
  0.56411549192377530  0.57482481416766806  0.58539281060839243  0.59592359846118981
  0.60651378380466126  0.61733662428959735  0.62826256928498780  0.63908892498908598
  0.64961709223575470  0.66016627588953936  0.67067064006970512  0.68129716608629032
  0.69192515136343447  0.70248776044115879  0.71312360166947308  0.72356825392861945
  0.73386955807738763  0.74426583646985678  0.75476055753984772  0.76534722340729766
  0.77583096000216034  0.78630108096290474  0.79672475589986058  0.80706749432638014
  0.81748972914824114  0.82799547480610525  0.83849014859525262  0.84887551787655025
  0.85914963145310674  0.86934219870340168  0.87952059846062924  0.88982543217521992
  0.90020481171590128  0.91032334051040587  0.92006736003283240  0.92951240455937423
  0.93895824787421800  0.94845439192184577  0.95780629338330747  0.96690401224669387
  0.97565711433621471  0.98407936509817162  0.99216806623587039  1.00000000000000000
  0.04060953517864686  0.04631260924954821  0.05041902254469693  0.05368315477615006
  0.05663355052453180  0.05929724460152658  0.06179534916499120  0.06414763030858690
  0.06643684308885468  0.06866796109596646  0.07086459256745811  0.07303285458096145
  0.07519321711304681  0.07732191822971363  0.07944589360468859  0.08154791778481325
  0.08362785763551643  0.08572353242573445  0.08785855733630474  0.08998801335032740
  0.09214334523937215  0.09430476146987013  0.09645656212373782  0.09863592081954295
  0.10083626295943061  0.10303505161167695  0.10524939168722915  0.10749455559594449
  0.10976784288386834  0.11205967976468992  0.11442583237503766  0.11682499448169371
  0.11926073757611858  0.12173498593488219  0.12424532512260794  0.12676975666765739
  0.12931204134729771  0.13191441488643962  0.13459075667555687  0.13731104484933179
  0.14009407326895221  0.14300691924998138  0.14598053671973385  0.14894025976359593
  0.15201914877661971  0.15519141958036867  0.15838302949464458  0.16157541176647675
  0.16487035071308068  0.16825562768403357  0.17164687296812575  0.17515889639608917
  0.17882654928357106  0.18256098108587890  0.18638289916041856  0.19035330290423674
  0.19456477081782134  0.19880498500200214  0.20302352735620613  0.20763108235610825
  0.21230196940382931  0.21721590032435475  0.22244280608746686  0.22778760828697261
  0.23339513371161855  0.23929612085490640  0.24541258362893917  0.25180907291627896
  0.25869971929323432  0.26593713694797527  0.27356438928917398  0.28164189715485688
  0.29017815810285413  0.29947458379727859  0.30941391971171500  0.32022756264440289
  0.33178964041157960  0.34457340849612927  0.35823985670385056  0.37302126269018981
  0.38876697012453260  0.40627560572468047  0.42534021625064966  0.44667826608858441
  0.46996894272359024  0.49507688471516159  0.52205633210884206  0.55060206325592165
  0.58063837700937193  0.61285406159129019  0.64755253701299309  0.68553865017559912
  0.72948882441278495  0.78293204048720499  0.85926665556169168  1.00000000000000000
 -0.00222168672981228  0.00956421453833904  0.01988685651036340  0.03031524999322179
  0.04085479438847877  0.05116279474470348  0.06116965186428948  0.07161012254526657
  0.08173407199419315  0.09250619974603248  0.10315290110455567  0.11413742848303574
  0.12516190151502823  0.13615029755526178  0.14701732190146008  0.15760618377425104
  0.16802224519930659  0.17849549713641732  0.18920163402832252  0.20002361896078363
  0.21092530378478322  0.22136898754925022  0.23165727397967581  0.24181099389315863
  0.25217615260018306  0.26262029659609720  0.27311930220230501  0.28346163444116645
  0.29381433150465303  0.30403338906158878  0.31439686392996818  0.32497783255980994
  0.33578420404426351  0.34653994885610917  0.35718410310769438  0.36778986812821002
  0.37847411577682588  0.38906587028226142  0.39954387334540997  0.41006137148553529
  0.42046728889146034  0.43073048827960125  0.44093990574441255  0.45124805799681672
  0.46183567707133510  0.47245953963729653  0.48324344147152798  0.49402100762487139
  0.50472101239888856  0.51532670711365092  0.52603340822947353  0.53670288441468317
  0.54713841269963326  0.55741551038284554  0.56772136682384355  0.57821678781677910
  0.58853619152225045  0.59896176461996786  0.60947277519616982  0.62017494084366898
  0.63093500165826921  0.64168015107119158  0.65212389951133287  0.66240997374441490
  0.67268663503527670  0.68313583358521912  0.69365569787149939  0.70406047197169519
  0.71476761397505262  0.72541624400087656  0.73609316835765282  0.74669245783869276
  0.75733979069814283  0.76827700825597167  0.77906364858369814  0.78990007460927170
  0.80058689962609098  0.81126245397145269  0.82181629216658947  0.83234040970382273
  0.84285274136482635  0.85333615837010934  0.86371006974726805  0.87411576308232120
  0.88460695273109258  0.89516259032207746  0.90559936085561876  0.91587462300202105
  0.92611694307318349  0.93641856842677096  0.94683750906421760  0.95745281524697423
  0.96793194206480748  0.97858064213790397  0.98931741247092353  1.00000000000000000
 -0.00248542070834331  0.00928074585786287  0.01957883518897621  0.03025538732625356
  0.04100096851441810  0.05162454228274583  0.06222049863685186  0.07280353322088966
  0.08335105388625527  0.09362590368646372  0.10383901445601335  0.11404414728240450
  0.12429579362274840  0.13495539612583943  0.14542657083213306  0.15626863957111087
  0.16689294654145342  0.17766977013186122  0.18831242313366583  0.19900276591679364
  0.20976508884839237  0.22046809014086977  0.23098129449307067  0.24155096985539959
  0.25223242126901008  0.26300862758369176  0.27372555729015013  0.28448347473436381
  0.29522520448472750  0.30618498362236224  0.31687024452939716  0.32749382687746542
  0.33798259871427616  0.34873065297400863  0.35962067306128287  0.37051038682141785
  0.38128273588343325  0.39195257644728504  0.40255374950037276  0.41317775850565169
  0.42382509482586700  0.43451356826141535  0.44506903954768962  0.45555250491533883
  0.46585195822261338  0.47615062249844464  0.48629639699179628  0.49643969417485589
  0.50675290896482139  0.51724963785546663  0.52803590389872612  0.53869591446357157
  0.54936385260818499  0.55989132897623128  0.57038525896760461  0.58090827474273299
  0.59150846489495679  0.60204015406482314  0.61247600098344057  0.62282813878119925
  0.63333246611272198  0.64384055190169198  0.65424058756421677  0.66462109944830294
  0.67483711552036252  0.68500660451936490  0.69533914235780581  0.70572698590802774
  0.71599819781654372  0.72625537813646546  0.73656430228967684  0.74699364039397109
  0.75745930912761783  0.76803375104518101  0.77869892306045252  0.78940700464849867
  0.80003659391205606  0.81098067392634587  0.82174207262338306  0.83243800796883172
  0.84261257264141998  0.85295351505497941  0.86340519156940310  0.87389999033671129
  0.88432961794709775  0.89454039995564738  0.90474485628249213  0.91482232348149028
  0.92503634148980629  0.93545539020435664  0.94598460603217793  0.95688491230459016
  0.96792444314056114  0.97889472140956912  0.98944236197819524  1.00000000000000000
 -0.00247789518762828  0.00898265935128649  0.01874397529798470  0.02886689624466413
  0.03917745741878428  0.04969046689432544  0.06016452569939921  0.07081147731419518
  0.08144476807487175  0.09222354204994405  0.10303872061211809  0.11357110510068621
  0.12415496677205298  0.13485900821002902  0.14566030892353748  0.15624391357681258
  0.16679864734169692  0.17770960448103348  0.18865272468922903  0.19959354328973780
  0.21028294456039862  0.22102970492589546  0.23185481974272079  0.24280429533933170
  0.25375868749376251  0.26435858528095457  0.27509640800354407  0.28593874815936804
  0.29667543150843145  0.30696428576916834  0.31715256487630467  0.32736738269443555
  0.33783902670966409  0.34826280201071058  0.35862303378304722  0.36896597332064701
  0.37960396597970125  0.39023568862197683  0.40092585536881969  0.41153528980338416
  0.42228210447376352  0.43290839531162695  0.44329145148313120  0.45358234028956523
  0.46406309468973467  0.47472352096204451  0.48528551642013124  0.49573568152272535
  0.50613353927104210  0.51653918270253962  0.52684135496140894  0.53699404274688289
  0.54716048641894988  0.55746271814307491  0.56789869854750252  0.57854815682350658
  0.58924791228648410  0.59973180536709436  0.60987458639216308  0.61996013919827320
  0.63020969825597417  0.64053246888926707  0.65085074156317557  0.66133244133596358
  0.67191688252967985  0.68256554667119607  0.69301292597295050  0.70338720481938832
  0.71388711571043528  0.72461545911296099  0.73540685401917505  0.74602665372683141
  0.75661677658676818  0.76730522191889350  0.77798982748781209  0.78860718249323425
  0.79919160028345915  0.80985074679850222  0.82042142106780369  0.83081213673345278
  0.84122987144752004  0.85170968426822113  0.86234078917185109  0.87292934256226673
  0.88357296317411305  0.89441022721340591  0.90534298047936423  0.91623506884926897
  0.92683340846504003  0.93728132783664464  0.94763578776507151  0.95809208769074106
  0.96869167181763105  0.97924158503277992  0.98967654178213038  1.00000000000000000
 -0.00242009977819288  0.00997862430594305  0.02064606346330700  0.03103249305296689
  0.04164001289469481  0.05218133632921605  0.06278773530079956  0.07330513266891255
  0.08349663220136423  0.09415400919215097  0.10464487388868149  0.11514910027999258
  0.12563573972021591  0.13593220310964951  0.14639887609640062  0.15695849252626715
  0.16744544507720532  0.17793796468382278  0.18834501641636314  0.19915275228639523
  0.21001713482169498  0.22089947665762452  0.23178157288317594  0.24270703677325750
  0.25383741118483866  0.26492440931255601  0.27567205073021217  0.28618041561423030
  0.29660732508449927  0.30693857386872192  0.31722886574493681  0.32762128829483411
  0.33817544984106601  0.34859777074656595  0.35907113817146935  0.36957886480791619
  0.38026366528841038  0.39077021380258931  0.40123380709619660  0.41172696920087615
  0.42232683136616794  0.43290643242074339  0.44355321279448673  0.45429220674391352
  0.46491239919534538  0.47548966695366679  0.48613658094986073  0.49675628243915287
  0.50743262963214542  0.51801214952287844  0.52868947580124448  0.53926841686782701
  0.54986144407982440  0.56056464455324906  0.57118238678268396  0.58161379830644488
  0.59197961263394527  0.60233988370470937  0.61271797589602883  0.62289994317410335
  0.63302287356593456  0.64327580099237336  0.65352772982225604  0.66390299720024848
  0.67419627332611642  0.68464284604093062  0.69514282355865131  0.70585560508528367
  0.71632340440744113  0.72686747506364202  0.73710843746372845  0.74740321618125860
  0.75763183938877043  0.76792220981449522  0.77836981171266073  0.78878251466129234
  0.79915340806185853  0.80963963745986856  0.82020497489056965  0.83090224755074105
  0.84164613114721454  0.85240934957798176  0.86316691188019645  0.87368323895489997
  0.88411702449078056  0.89457605913125915  0.90540216953824360  0.91604371665343864
  0.92679725193833229  0.93707466808325135  0.94726410714461085  0.95752029938167205
  0.96806127716942736  0.97900767124721966  0.98946751060782623  1.00000000000000000
 -0.00236097234399011  0.00956099230397126  0.01976762769002996  0.03033607132364236
  0.04071360641752144  0.05149883981168369  0.06229636128626320  0.07303187993074368
  0.08366630785650912  0.09456758131369743  0.10557211196124754  0.11656413182305111
  0.12720045907888183  0.13792599133165911  0.14841158914628952  0.15939126780113780
  0.17033511536797044  0.18128072308483215  0.19196994216354091  0.20247266461813643
  0.21282820681356501  0.22313645960554976  0.23367347042260769  0.24422741920323227
  0.25466715022654862  0.26506825058670491  0.27579978088872792  0.28638382903808612
  0.29677306462212460  0.30701484631934217  0.31744383219295474  0.32796028287865014
  0.33836343557410659  0.34874002386895508  0.35898794453279909  0.36951799602843782
  0.38014133563226060  0.39108447616339603  0.40184816654219702  0.41281531535320759
  0.42352302303066602  0.43446501331193133  0.44522091885880649  0.45595162577391651
  0.46639071473822624  0.47677744631974145  0.48719417285866184  0.49769605029654507
  0.50804961810599458  0.51838251277449621  0.52863853732559374  0.53899596825836349
  0.54954751476594388  0.56001991123608119  0.57089249412747367  0.58169695200282689
  0.59269888763393652  0.60346571131015647  0.61397561074563900  0.62470688921535700
  0.63521188587530664  0.64560706485104258  0.65563361556627564  0.66574511326650898
  0.67593172743005525  0.68593256157470039  0.69603022975130946  0.70622879417167173
  0.71671503815946436  0.72724092392225992  0.73768338415105261  0.74815083252464698
  0.75847626624238518  0.76893516729192113  0.77923878552683101  0.78970927556174797
  0.80023842531907730  0.81085358470601065  0.82134345588520430  0.83186157264948546
  0.84243338731030759  0.85313172558072570  0.86356865472437261  0.87385232504613364
  0.88415824853683711  0.89488398076820141  0.90575044042844577  0.91646229694795422
  0.92713106362835718  0.93784292271836300  0.94813709496589371  0.95825237039717737
  0.96859272241240013  0.97910145081315159  0.98955112325291505  1.00000000000000000
 -0.00253059665249825  0.01005402431219614  0.02012569187965405  0.03046973896224232
  0.04064545884445442  0.05132112564398113  0.06205450118155402  0.07302474845817353
  0.08385567752245660  0.09447936603274182  0.10527042280802484  0.11579029380575415
  0.12664119924144329  0.13686703988073165  0.14718719515745290  0.15749567308995210
  0.16781104441007150  0.17846542782494831  0.18911619932632548  0.19975484507133331
  0.21019448027864607  0.22065747274144987  0.23131574224623716  0.24199490001364402
  0.25249620047036653  0.26301090504403563  0.27339685181004364  0.28381170244714932
  0.29418007672604574  0.30485070786583224  0.31574015756697632  0.32684307373152749
  0.33769678760815003  0.34847437543944487  0.35931494800033414  0.37022868430048117
  0.38107475962098492  0.39168309512826038  0.40235968539915462  0.41297258091682371
  0.42357199764005765  0.43384044208411049  0.44407272308482998  0.45435116388434499
  0.46494573813021195  0.47561256406529190  0.48623525478318291  0.49675101951798695
  0.50717179035154014  0.51747316852764824  0.52769456087414579  0.53797750719041948
  0.54815242713903167  0.55857363160977402  0.56908836770747184  0.57971351643419144
  0.59005376325350456  0.60035752080597171  0.61080005502090406  0.62130342557749008
  0.63169806393224248  0.64221602772471398  0.65271445611971368  0.66332459892655338
  0.67362637144104276  0.68384846254228804  0.69409352469010432  0.70432089332771219
  0.71459404463187637  0.72500957267637400  0.73540348666200994  0.74590226606829368
  0.75653284568789558  0.76735379620600808  0.77837865463648270  0.78930043213292700
  0.80032003034860288  0.81131524691733903  0.82215449299378485  0.83309069951552239
  0.84391898457318759  0.85443849326273680  0.86470191397365881  0.87504161338083009
  0.88572220231373777  0.89634091995684007  0.90672814462567985  0.91711467679929026
  0.92747895934518743  0.93767361225282797  0.94780850826408214  0.95805143394312053
  0.96875049746665787  0.97924009081355112  0.98966263544657962  1.00000000000000000
   1.3793426054980750E-011  -1.0000000000000000     
 T T T T T T T T T T T T T T T T T T T T T T T T T T T T T T T T T T T T T T T T T T T T T T T T F F F F F F F F F F F F F F F F F F F F F F F F F F F F F F F F F F F F F F F F F F F F F F F F
  <DiscreteSampler_grid>
  grouped_processes
  1 # 1 for a reference and 2 for a running grid.
  10 # Attribute 'min_bin_probing_points' of the grid.
  1 # Attribute 'grid_mode' of the grid. 1=='default',2=='initialization'
  0.0000000000000000 # Attribute 'small_contrib_threshold' of the grid.
  0.5000000000000000 # Attribute 'damping_power' of the grid.
 # binID   n_entries weight   weight_sqr   abs_weight
    10   10   2.089152622541369E+006   1.010847025764161E+013   2.089152622541369E+006
    16   10   2.149408141114639E+006   1.048042688492130E+013   2.149408141114639E+006
    22   10   2.149408141114639E+006   1.048042688492129E+013   2.149408141114639E+006
    28   10   2.089152622541369E+006   1.010847025764161E+013   2.089152622541369E+006
    34   10   2.089152622541369E+006   1.010847025764161E+013   2.089152622541369E+006
    40   10   2.149408141114639E+006   1.048042688492129E+013   2.149408141114639E+006
    46   10   2.089152622541368E+006   1.010847025764160E+013   2.089152622541368E+006
    52   10   2.149408141114638E+006   1.048042688492129E+013   2.149408141114638E+006
  </DiscreteSampler_grid>
