  0.00191319849879636  0.00194592505966119  0.00198603190943539  0.00202724167997447
  0.00207091304474614  0.00211857804274625  0.00216584370193122  0.00221454868359959
  0.00226498110991990  0.00231600956194291  0.00236890355742643  0.00242406099811478
  0.00248110489274230  0.00253949998655584  0.00259916611403834  0.00266245607133801
  0.00272600217408778  0.00279278916924267  0.00286395033218537  0.00293897508713056
  0.00301664051273540  0.00309667387133021  0.00317593128988092  0.00325744183107702
  0.00333960284653645  0.00342321687463494  0.00350834912269181  0.00359256036615816
  0.00367579871454574  0.00376332365980424  0.00385665218077176  0.00396014277319337
  0.00407570244126571  0.00419637604365549  0.00431986236569701  0.00444279118439588
  0.00456858140606654  0.00470712651854153  0.00485666673751941  0.00501193597522560
  0.00517246949284250  0.00533975079453274  0.00551852292364575  0.00570584188977203
  0.00589912167443814  0.00609127699127904  0.00628455178315231  0.00647743355698479
  0.00667595003800755  0.00688064345934704  0.00709664487864981  0.00732852394311728
  0.00757761467584915  0.00785241739487907  0.00814767735290705  0.00846063489522501
  0.00878860079425237  0.00913159825915163  0.00949572031960813  0.00989228004979141
  0.01030914336471565  0.01075224056845012  0.01122666113069503  0.01171282502864154
  0.01220888144309135  0.01273394354226147  0.01328160786500549  0.01386993841497732
  0.01448003405245455  0.01515858639161107  0.01589243376753394  0.01668765638064309
  0.01755883651837829  0.01849409181816244  0.01952857458431066  0.02067047738531613
  0.02189636691884462  0.02323079045546258  0.02473797562254944  0.02640846628853481
  0.02819508472767577  0.03011856821280175  0.03224303074718608  0.03474125661026767
  0.03767807028215772  0.04119434480242740  0.04537906057283062  0.05037955297523748
  0.05626402097002570  0.06393568797192838  0.07407708388699985  0.08810955760252039
  0.10979065749799685  0.14752734943539295  0.24902961782011721  1.00000000000000000
  0.00502938518258037  0.00551866633048630  0.00622490804333618  0.00687162453576982
  0.00749747330183783  0.00815965724322051  0.00883663535604782  0.00954899444704365
  0.01033122046604410  0.01115229134757947  0.01197207126994848  0.01276788274966857
  0.01362267850315007  0.01450945336417411  0.01543760111331324  0.01639874181860266
  0.01736299844669518  0.01836493842738298  0.01941758154270588  0.02051564171602546
  0.02162756096506431  0.02282490710329322  0.02402765443683453  0.02530845583864150
  0.02672547678424603  0.02825543233528650  0.02981915511379922  0.03144162291996025
  0.03313550328371263  0.03485992276720405  0.03663370907637399  0.03846397851722533
  0.04029458289877878  0.04216210774167838  0.04418164153406812  0.04637094357918687
  0.04866959224276479  0.05104401377777251  0.05350783561866321  0.05605360386962980
  0.05861423771091382  0.06120663440309054  0.06395364439199956  0.06683290351617049
  0.06989472580403912  0.07317707638000641  0.07647486402461980  0.07975565748962252
  0.08331220796972695  0.08702613106718393  0.09085872281744199  0.09478362488843939
  0.09897612144739355  0.10326277254277885  0.10773343038497041  0.11259034785547094
  0.11744193427741452  0.12226319844967584  0.12707275304303647  0.13190842421563842
  0.13694583058362161  0.14214376249641936  0.14769025857178786  0.15401363961254858
  0.16110544466199650  0.16841714875563174  0.17595375026743143  0.18350499064639147
  0.19146191887316291  0.19985987319807225  0.20880867967040845  0.21871176265596221
  0.22951877752541056  0.24045831164293094  0.25148423772909739  0.26286553746076891
  0.27471728613062713  0.28739341067340807  0.29977651079635104  0.31322397657741263
  0.32858823475788551  0.34614091715938872  0.36601056242633190  0.38803205898465121
  0.41165115735855407  0.43678321384620289  0.46368703864073429  0.49254719253815904
  0.52440688715743700  0.55908960117856699  0.59848452419854858  0.64296928309668167
  0.69602009678200927  0.76095778341536247  0.85525512512021884  1.00000000000000000
 -0.00236763249397768  0.00952076433393548  0.01945928463397346  0.02932238763404594
  0.03934153132592655  0.04963901302772354  0.06003280872651969  0.07056910758562543
  0.08097649324421223  0.09125202336160793  0.10189533805992639  0.11290106647303820
  0.12417903434183236  0.13532298682987770  0.14644787178515203  0.15738880487412468
  0.16805393710475025  0.17895327170167633  0.18970861667842001  0.20072247455167944
  0.21177705293530111  0.22282432039349406  0.23349304756723196  0.24389013599441922
  0.25460821078575124  0.26574702916044263  0.27649749940571106  0.28688597584639658
  0.29704129404566770  0.30752281478402721  0.31804076454991381  0.32846177858275621
  0.33884259288135460  0.34885342311696527  0.35950887808011744  0.37059933823891644
  0.38219795741923046  0.39331813011133115  0.40410134492661964  0.41476553764122265
  0.42499832857266490  0.43521044369397399  0.44539478216743966  0.45558196541387691
  0.46575353465902353  0.47604120471401817  0.48691329617530665  0.49796428929939390
  0.50840865970613180  0.51830288131724145  0.52809370053614302  0.53824703350671854
  0.54872652137036726  0.55923259460874963  0.56969879576489446  0.58010975374918516
  0.59046442608831828  0.60133896130440367  0.61291043617531515  0.62457351275668616
  0.63557344475748867  0.64626505414759927  0.65691949954119566  0.66817367758842505
  0.67948961887657877  0.69047848047561700  0.70110894699879445  0.71171112835765049
  0.72274536413150048  0.73370587625836592  0.74457076349315165  0.75524439814889610
  0.76548266125193920  0.77564506949039025  0.78572839903979730  0.79578275963287148
  0.80574023206013512  0.81616928085163520  0.82688601403796147  0.83776459047846830
  0.84831074306233700  0.85936369398671775  0.87056043308334397  0.88131856551809851
  0.89189795352182233  0.90233711387247673  0.91256492354478436  0.92271585655537891
  0.93337432243704910  0.94366399709339954  0.95350929085306679  0.96265237440334450
  0.97200750520815382  0.98136755776767415  0.99067267936949432  1.00000000000000000
 -0.00229767885748018  0.00913992128281434  0.01836966209065703  0.02828203845954410
  0.03853276489331940  0.04924139594141465  0.05983119529365342  0.07028684882595303
  0.08073392225088301  0.09121370799967560  0.10170918181087235  0.11292073501615982
  0.12438956671808042  0.13562000603272012  0.14683195381143443  0.15764111051162522
  0.16824076090682594  0.17808793416300780  0.18788031456939147  0.19773018729425434
  0.20782174169024181  0.21816193049572441  0.22891484082501506  0.24014325197202999
  0.25112074458941591  0.26206626002367700  0.27290238611308804  0.28415691028081952
  0.29460303794947285  0.30492315754280869  0.31494134373148547  0.32550970930416345
  0.33604113652814432  0.34662909355972116  0.35698099479097817  0.36695454981134790
  0.37744288840486540  0.38813627008367851  0.39894963178012327  0.40979342238619232
  0.42043418114304426  0.43086297185827072  0.44108493432939144  0.45162699680942342
  0.46209723509831663  0.47231398139354364  0.48264263704342419  0.49368486807447942
  0.50440440795074537  0.51458650479908508  0.52487709430026586  0.53569111786676760
  0.54612348577670078  0.55615546447579889  0.56614929249556600  0.57614188420254320
  0.58644592251897520  0.59716397471476990  0.60825215500607743  0.61946444961946046
  0.63030501892151258  0.64142407244596722  0.65235975901543963  0.66338656139608010
  0.67375810555891003  0.68410583426851723  0.69447339242219241  0.70504002906823582
  0.71614970235824182  0.72726587958527789  0.73826166459890341  0.74838577451097854
  0.75817221768623511  0.76800959969303595  0.77834609756092821  0.78905855843543515
  0.79973296712063580  0.80992781987339402  0.82041047266334000  0.83088140447005099
  0.84131867898140078  0.85159551484355012  0.86194419008753342  0.87286687675254293
  0.88385519012714064  0.89428392172275784  0.90474674414893452  0.91549954629079822
  0.92663504699808807  0.93753711364254599  0.94781395361157406  0.95794939184528205
  0.96791009463715749  0.97829695250383875  0.98912301805850955  1.00000000000000000
 -0.00276304804297542  0.01030828036138020  0.02122901474052378  0.03214939092110698
  0.04304783354587369  0.05363001889508745  0.06506986242753431  0.07649041615124029
  0.08783458069148499  0.09851796163011567  0.10950583478570412  0.12049051662404150
  0.13086790510637530  0.14142017617395772  0.15213592876992446  0.16355674026065944
  0.17496249340160708  0.18618898695269157  0.19668781056849660  0.20684290635832187
  0.21671238110082261  0.22691331576430315  0.23734416658072469  0.24779369606123222
  0.25819442245938784  0.26868728851463630  0.27929301935435885  0.28980412726055349
  0.30036023406089574  0.31101902813318072  0.32221941427079082  0.33388146689536541
  0.34570809035225269  0.35692092503000206  0.36731913001373812  0.37758489536149148
  0.38790744522982473  0.39820439956174375  0.40825603711029407  0.41833301174036264
  0.42893458411430396  0.43971228783344085  0.45015293232057119  0.46027142085067591
  0.47013781671104049  0.48025211411809976  0.49044949830999879  0.50064209763892531
  0.51083275243789139  0.52136570322744524  0.53209513236459138  0.54323999258875288
  0.55406164982030559  0.56473273396875001  0.57483868826867135  0.58468876524061941
  0.59436419456142497  0.60443355097854090  0.61484364969443817  0.62525908226472715
  0.63540028419290417  0.64552745838916548  0.65582050360545485  0.66632272119236002
  0.67649438035560128  0.68679311193878190  0.69721621832720659  0.70783611730711637
  0.71860296402460577  0.72941036337423193  0.73999297472756698  0.75007954074836303
  0.75984060325046310  0.76931742952147930  0.77886028468274560  0.78888788012230782
  0.80021594804969620  0.81206574427347100  0.82329110460867516  0.83434012647826084
  0.84555574870645667  0.85681279826325518  0.86776795071471702  0.87856325206966635
  0.88923963555278374  0.89902815783432677  0.90841466301106388  0.91741120109680774
  0.92701241758056074  0.93672727198069694  0.94704373215884408  0.95752244763112382
  0.96820496924405108  0.97841460894614329  0.98920431801649467  1.00000000000000000
 -0.00254471995018697  0.00930515113178579  0.01921676693735460  0.02960530541150187
  0.04001572443280538  0.04954595949898244  0.05936748601138036  0.06915397376775843
  0.07948857790640808  0.08949846304814953  0.09971558882022843  0.11047116833716192
  0.12176362504549523  0.13337301331801349  0.14484330044750998  0.15573673683640674
  0.16634671366583584  0.17655634167956435  0.18687757090797844  0.19712663396217417
  0.20731889765789280  0.21724559209780694  0.22736885988367728  0.23774887705420131
  0.24832809820567667  0.25899832614991580  0.26994771674004192  0.28129909936619146
  0.29256439151746544  0.30309898392603624  0.31303878285918463  0.32258277756869758
  0.33218935131256877  0.34230135261222105  0.35284438630114828  0.36362308622774336
  0.37446142506637725  0.38542776513485449  0.39612498593056650  0.40622269606723999
  0.41628022391848019  0.42684964712073081  0.43796733185802927  0.44885014586460009
  0.45928683944846621  0.46958815293903389  0.48030893352286153  0.49153024264215384
  0.50263475864428553  0.51336277287503929  0.52398408529284557  0.53482180995346651
  0.54540124428292902  0.55566071914561588  0.56587776546808377  0.57584705282991488
  0.58572387403234794  0.59581349488733737  0.60643714400297599  0.61774284248763545
  0.62877458512695894  0.63948488483231425  0.65027186729862552  0.66110681594340304
  0.67155249023999675  0.68177742160181265  0.69115717224206019  0.70075512771210324
  0.71024726860800713  0.72019996077828952  0.73051377897652803  0.74149082590608528
  0.75319946849856245  0.76531537549173245  0.77712591312855273  0.78860898753791442
  0.79936680430165419  0.80978654900473690  0.82008473209325139  0.83062659608461265
  0.84088535356689054  0.85079119544118675  0.86057801709710813  0.87089918703162772
  0.88134495471441832  0.89204282571311999  0.90289043759634857  0.91385353193150898
  0.92444881020377156  0.93460843498489699  0.94465769185230886  0.95513503580366854
  0.96598464410140639  0.97712238361552950  0.98866172265708263  1.00000000000000000
 -0.00231623692872830  0.00881222993946422  0.01870455365124436  0.02897067667325526
  0.03953273901585982  0.05037455313870277  0.06102687115602126  0.07112676230579254
  0.08080097995760961  0.09039572317297853  0.09971537977324792  0.10912603225082051
  0.11894078012397109  0.12928703307593950  0.13991338071264006  0.15025226606296588
  0.16008887844745695  0.16990678808626830  0.17994822626131404  0.19061047359281583
  0.20177180379238185  0.21277906946860375  0.22318626682399700  0.23359826828733271
  0.24441863395072588  0.25548561540645953  0.26660238650508150  0.27804177815342773
  0.28924706636506514  0.30014359881854313  0.31048644511687645  0.32086081482277695
  0.33134133081592176  0.34201774359442505  0.35256691741292367  0.36288176365396640
  0.37342387502861818  0.38389202763231511  0.39424041077978855  0.40440652058325677
  0.41489545228514663  0.42533475761004291  0.43582581156121092  0.44622361077320372
  0.45637579097740238  0.46645645413407466  0.47660290719191234  0.48693886688025423
  0.49737587872407957  0.50782268166434019  0.51872079312783370  0.52964590163432501
  0.54014449841335899  0.55077668314996697  0.56160830958203933  0.57269970678262083
  0.58354046074745580  0.59381046337624310  0.60380657482658251  0.61390255868589250
  0.62405481029030307  0.63409296582283725  0.64415015437308953  0.65460943485831991
  0.66511067609932617  0.67540093053961203  0.68561311507712019  0.69633825083648082
  0.70747589136188238  0.71850881234107178  0.72938790211952031  0.74037303886912242
  0.75157052480967990  0.76255067732480064  0.77327953613708855  0.78374039787892658
  0.79441580166288639  0.80541002896085379  0.81625698102688327  0.82693778843138066
  0.83767210426975758  0.84848873188909091  0.85939932269934671  0.86972932047223417
  0.87992567791906651  0.89005921852423020  0.90009353309819795  0.91018812511465130
  0.92032693009752931  0.93123627584685065  0.94232917416613371  0.95365328527790127
  0.96520418103758809  0.97688180473684094  0.98848555151246420  1.00000000000000000
 -0.00227375668747216  0.00976591716958692  0.01968391924621120  0.03037635000992508
  0.04063793719536516  0.05107576791995731  0.06154075570571677  0.07219648702970505
  0.08275324704806648  0.09301965330390477  0.10277135264952379  0.11225656872208567
  0.12201335277812075  0.13237726037968617  0.14328472718808119  0.15410658543026101
  0.16511889587814224  0.17633785290429335  0.18757811321037934  0.19840270063014645
  0.20899848432133550  0.21981717099359277  0.23040100419871226  0.24064955562723711
  0.25073104882093483  0.26168635561451897  0.27252665385172237  0.28317074219209426
  0.29373545372866983  0.30407601837667297  0.31430995675576573  0.32466640983135875
  0.33563576786202143  0.34655117418929865  0.35709145762173333  0.36767959116104693
  0.37822697052165016  0.38876368184825150  0.39920944410675385  0.40925512139094378
  0.41927557554031680  0.42970689191415079  0.44027018786578886  0.45089119165536201
  0.46113098878822079  0.47129230441053505  0.48138803250582934  0.49190799748364955
  0.50259243813177934  0.51320827071231268  0.52363699623987014  0.53398754933699955
  0.54389576024372888  0.55376991822984556  0.56420116389971375  0.57600064893320602
  0.58789689539237866  0.59917862974376845  0.60978866959806532  0.62013064202074886
  0.63045267185751730  0.64090705171892404  0.65144853093664945  0.66177331150132923
  0.67213073873986939  0.68312933099320472  0.69485236304611009  0.70659716601880673
  0.71753285771276876  0.72791854274437573  0.73802983708189274  0.74802739004251584
  0.75803227271593088  0.76815900938558124  0.77905070034146429  0.79036994626359514
  0.80125554807674415  0.81182476678320636  0.82238914397964136  0.83281833149255768
  0.84279376120385974  0.85258181337107530  0.86257269335146824  0.87280028785678887
  0.88323719739126128  0.89408565873593937  0.90504141842987806  0.91568625221562194
  0.92582186573715286  0.93635389798720958  0.94679397604010362  0.95740299703352716
  0.96784770267543618  0.97868109044089424  0.98934630677906343  1.00000000000000000
   5.2756024708710824E-012  -1.0000000000000000     
 T T T T T T T T T T T T T T T T T T T T T T T T T T T T T T T T T T T T T T T T T T T T T T T T
