 -0.00177189978079960  0.00746114860831767  0.01615368705891793  0.02527088709583175
  0.03448721705645561  0.04386557110142124  0.05339161972665638  0.06310827373892242
  0.07294668494567341  0.08291168875991180  0.09305805571203218  0.10337712038512817
  0.11390721597919395  0.12461874390881143  0.13547973238270103  0.14657167942585475
  0.15783774339956999  0.16936562821980430  0.18103613255016898  0.19295776868443773
  0.20504978702430710  0.21732991674852203  0.22981086292976621  0.24248406223054292
  0.25531828557665587  0.26822813557928715  0.28141539687490624  0.29475895895204618
  0.30820817977290743  0.32175981902367112  0.33550942028413605  0.34936416024335704
  0.36332112221294011  0.37732038612137908  0.39134947232705131  0.40540246656416445
  0.41946967417246422  0.43348298032448257  0.44745503083216653  0.46140114222408618
  0.47527609598300541  0.48908524237927598  0.50282275999970372  0.51645319707603743
  0.52993375769282081  0.54326480826186518  0.55641449014926248  0.56936986214273200
  0.58212380315357304  0.59468046699959698  0.60706290651679740  0.61927537388743126
  0.63128295107132926  0.64308077433373556  0.65468039910467613  0.66609882545605070
  0.67730563928891585  0.68828666632578017  0.69905799263197888  0.70965220187120459
  0.72011334882662281  0.73043062486117849  0.74056892775580219  0.75050095038712950
  0.76025401865918318  0.76987930071940169  0.77936284762999486  0.78867375957255614
  0.79779329650938235  0.80674003212330736  0.81552221832227711  0.82415740786735370
  0.83267437148674317  0.84108890556674953  0.84939744424292507  0.85758838508349733
  0.86565512296399061  0.87359958285131445  0.88143405129674901  0.88917064404952961
  0.89680136299203794  0.90431007584933643  0.91171714653845737  0.91903741850710330
  0.92626250769742913  0.93339172120073199  0.94042492764381747  0.94736679195879936
  0.95422184546022237  0.96098729620079626  0.96766036160543800  0.97426924706880891
  0.98082109171121568  0.98729481385814832  0.99367413314134589  1.00000000000000000
 -0.00228983765003096  0.00907045924296694  0.01905282972794152  0.02969004745023909
  0.04035597909910277  0.05087410278038659  0.06135476934457387  0.07195953687869214
  0.08259485029016507  0.09313060307845643  0.10372652025681034  0.11433890692229019
  0.12488764772848474  0.13548230708831363  0.14597724773242249  0.15652085394076828
  0.16698643155153006  0.17754210786296529  0.18808436292322303  0.19857979044294302
  0.20907832807516230  0.21963182099944112  0.23015205925546528  0.24074261618597431
  0.25129729187178923  0.26185493462483705  0.27242182315208008  0.28294797672671645
  0.29353177277697967  0.30398940165249405  0.31449238105708122  0.32503353688954528
  0.33567098038031790  0.34621264324213152  0.35675222054474637  0.36719425623820351
  0.37775833929854219  0.38830513405162492  0.39882137545774171  0.40933530254503681
  0.41980260034825412  0.43033975265178021  0.44092159636174466  0.45141254547111931
  0.46197233259900139  0.47243873879187709  0.48305232740418852  0.49357635748966461
  0.50419288877280077  0.51478753635058527  0.52537634595745852  0.53598006731128156
  0.54646516445415583  0.55706737835069342  0.56759317675494192  0.57821360391483478
  0.58882182557265661  0.59938742753614782  0.60996943032420592  0.62048990093963141
  0.63112061487608806  0.64165364222028609  0.65214437728536978  0.66259646936551586
  0.67313370088937374  0.68367432456118382  0.69428516996590184  0.70480844419191191
  0.71541649656189921  0.72594271706560076  0.73656000760219065  0.74718436463602333
  0.75773968616004184  0.76836200456813319  0.77887122119390906  0.78944273507889340
  0.79991036263398163  0.81040241639788779  0.82100878167025237  0.83158723313743110
  0.84220970006176898  0.85276640871554210  0.86333505390238352  0.87393038256205735
  0.88444587345203929  0.89501415820351649  0.90552084115977005  0.91609011318901656
  0.92663707381726068  0.93723317959141150  0.94768463229743127  0.95812882503929919
  0.96853275575537945  0.97898942584004045  0.98950013446309737  1.00000000000000000
 -0.00143185898469543  0.00536678860568289  0.01262105229228182  0.02120273068047219
  0.03046690156067393  0.04003635930018077  0.04982643049804662  0.05976187958486231
  0.06981704990701511  0.07995696656999272  0.09014853618721154  0.10037570343772578
  0.11063781243771649  0.12091845048494876  0.13123862428880381  0.14160141275470514
  0.15199246665099569  0.16239657681526171  0.17283376544967655  0.18325923771077515
  0.19366932257208946  0.20407374788461718  0.21449970449799818  0.22493798106168772
  0.23535007675071562  0.24575666163100171  0.25618358894336823  0.26665343360993898
  0.27712386080853851  0.28759173853405540  0.29802926874975405  0.30846474110938027
  0.31894903088296367  0.32947271402090161  0.34001288532836127  0.35053972863728228
  0.36103031398594115  0.37153539343301306  0.38200794712604436  0.39250111136990506
  0.40301329225809585  0.41351335489452856  0.42402907962367781  0.43454176572279790
  0.44509808690542402  0.45568687650321738  0.46632918191871697  0.47697403091006813
  0.48759741237200638  0.49821331567495569  0.50883120672318527  0.51943999526598628
  0.53002568166457931  0.54059114261938035  0.55118546417649250  0.56179589728546275
  0.57242767751997892  0.58304199457284067  0.59370356886076592  0.60435316903744174
  0.61501378911617810  0.62559988390776899  0.63616911629503969  0.64669197433036030
  0.65724174670608271  0.66782831077730653  0.67844006103478827  0.68909180074613496
  0.69979160496644166  0.71051313048421760  0.72121933911392277  0.73196868045971586
  0.74273087678516991  0.75345956240935241  0.76417302106706264  0.77486528023004375
  0.78556054416762111  0.79625290710688779  0.80697187064071008  0.81773233003786927
  0.82852765323068522  0.83933190370838062  0.85017152219340897  0.86104689652049737
  0.87194223010392480  0.88283750321941823  0.89376408369746452  0.90479692970170278
  0.91582739510040201  0.92696305314003324  0.93814904732057547  0.94939588756021143
  0.96082650600153041  0.97247072870437723  0.98558172099741703  1.00000000000000000
 -0.03168842133703013  0.13614461804966924  0.17977338747981383  0.20688258060389017
  0.22866424630337012  0.24728764981254311  0.26383567038641953  0.27893462573550443
  0.29293228919448150  0.30607541824329187  0.31851075784101679  0.33037803659148512
  0.34177258590222370  0.35274896866152833  0.36335748163287346  0.37365445410331544
  0.38368580056625645  0.39347162448922923  0.40303585252950935  0.41240672743410051
  0.42159985186699922  0.43063036570369645  0.43951534113727181  0.44827018012261699
  0.45690864443487628  0.46543384847619790  0.47385004673419473  0.48216165718413673
  0.49037784545221436  0.49850877059383114  0.50654206734610763  0.51448235447887747
  0.52234070644431385  0.53011548246702922  0.53781437258438469  0.54543974702957521
  0.55299632300140855  0.56048907882387577  0.56790833016831743  0.57524649022596186
  0.58250370603410240  0.58968000216287153  0.59679080883288382  0.60384223392299319
  0.61081884908674833  0.61772674251590898  0.62456645018282042  0.63133901895139921
  0.63804791878109546  0.64468381403288433  0.65124879359126264  0.65774882123950595
  0.66418534058558376  0.67055329775909667  0.67684957805592594  0.68307971700665282
  0.68923925477106696  0.69532468283327464  0.70134613771603671  0.70731024169096435
  0.71321373131768728  0.71906214073641483  0.72486283175293131  0.73061161050745649
  0.73630742126693671  0.74195657483329747  0.74756475219715879  0.75313178753296495
  0.75865904342583046  0.76415512656499862  0.76962653638255385  0.77507260177834958
  0.78049741448839260  0.78590409060623978  0.79130953305883123  0.79671668372325666
  0.80212081833463311  0.80755253487963419  0.81301982543263307  0.81853566688819046
  0.82408876327815361  0.82970122352904119  0.83539927000575465  0.84120744296339001
  0.84713349289180906  0.85321620469551651  0.85952428517703428  0.86608225859283239
  0.87297490823265389  0.88033215360947403  0.88829464801814728  0.89714435422854921
  0.90736284264230949  0.92007693718749739  0.94145541138450850  1.00000000000000000
   1.0003964988944704E-003  -1.0000000000000000     
 T F F T F F F F F F F F T F F T T F F T F F F F F F F F T F F T
  <DiscreteSampler_grid>
  grouped_processes
  1 # 1 for a reference and 2 for a running grid.
  10 # Attribute 'min_bin_probing_points' of the grid.
  1 # Attribute 'grid_mode' of the grid. 1=='default',2=='initialization'
  0.0000000000000000 # Attribute 'small_contrib_threshold' of the grid.
  0.5000000000000000 # Attribute 'damping_power' of the grid.
 # binID   n_entries weight   weight_sqr   abs_weight
    13   10   1.220456255148869E+008   3.178795386508676E+016   1.220456255148869E+008
    14   10   1.220456255148869E+008   3.178795386508675E+016   1.220456255148869E+008
    16   10   1.538188965958352E+008   5.047900938746334E+016   1.538188965958352E+008
    17   10   1.538188965958353E+008   5.047900938746338E+016   1.538188965958353E+008
  </DiscreteSampler_grid>
