  0.00191170937215845  0.00195097812698160  0.00199528061670544  0.00203867167061227
  0.00208423959712193  0.00213538660055015  0.00218742648563809  0.00223889226048681
  0.00228712670159681  0.00233403091702089  0.00238253020966798  0.00243505372656749
  0.00249236810285266  0.00255338743091272  0.00261698537075767  0.00268223630521989
  0.00274758806748480  0.00281896176250253  0.00289088966209833  0.00296083699387574
  0.00303286940938443  0.00310604769586551  0.00318183571772439  0.00326162230360131
  0.00334451286539469  0.00342803193382320  0.00351728206143582  0.00360572544242168
  0.00369552413121214  0.00378850794482241  0.00388547466736696  0.00398892948946103
  0.00410000528190625  0.00421745196975906  0.00433863709195915  0.00446287709699586
  0.00459500421072223  0.00473919674608884  0.00489067679791983  0.00505035433312958
  0.00521217870072331  0.00538013882374726  0.00555092534264322  0.00572243764114450
  0.00589598048530105  0.00607510047009202  0.00626728782970730  0.00647823172090208
  0.00670099091413520  0.00693307685548495  0.00716327324722482  0.00740086363293354
  0.00765076377863205  0.00791797986526132  0.00819758747337600  0.00850328486009383
  0.00880573897271438  0.00913175407395289  0.00946500466739591  0.00981247053966669
  0.01017912510793794  0.01057320679702861  0.01099754746478352  0.01145454556865115
  0.01194923499409034  0.01247005087824036  0.01301767042672594  0.01360997945331093
  0.01424200248364307  0.01490482963065462  0.01561229655265992  0.01638613363651671
  0.01723377439552894  0.01815293265442386  0.01917272555471018  0.02028975871352978
  0.02150506256922401  0.02281769258661942  0.02424812137633949  0.02582915103176820
  0.02761074079732855  0.02960423241763825  0.03189566300721870  0.03444236343787869
  0.03734644023358331  0.04067208013394941  0.04470157604657419  0.04963265396199860
  0.05562114347715649  0.06314093853506783  0.07342764567481772  0.08753824641379865
  0.10927906232221185  0.14724998103719802  0.24727796023628656  1.00000000000000000
  0.00480767334178631  0.00545623982538626  0.00603028469459701  0.00660003196934846
  0.00719552180615422  0.00780703458078427  0.00843578910053085  0.00909256619072770
  0.00978763661545449  0.01052031931748568  0.01132554332001185  0.01220596837068903
  0.01310363880351254  0.01396131725269342  0.01483973077471237  0.01576082810397841
  0.01675519966206406  0.01775319811944512  0.01877238718316433  0.01986158780865297
  0.02098781646891422  0.02225591176960844  0.02353326858916181  0.02477910875788561
  0.02610242140091976  0.02746466434933472  0.02889885133529349  0.03040399077935295
  0.03197414559858231  0.03362536264812113  0.03536958747008370  0.03712488299588262
  0.03894800232561568  0.04090574478201011  0.04288278003021256  0.04493972094655370
  0.04708543619989506  0.04927724952115239  0.05145694741366815  0.05365747939659763
  0.05603186606106406  0.05850211387985563  0.06092226759584221  0.06347812242367677
  0.06617934097914442  0.06892707174666401  0.07178636637220540  0.07490845217203587
  0.07848597006117528  0.08219983461362579  0.08596213320882788  0.08978115320252103
  0.09367465203087434  0.09798599657683917  0.10269186643490098  0.10766816247697036
  0.11287149859863591  0.11825950570370676  0.12374437007498455  0.12922925408936742
  0.13476302404594581  0.14041399507130303  0.14616018639847547  0.15213555157582581
  0.15879749406770299  0.16595294095437313  0.17321309544237809  0.18051378242260624
  0.18768227103791260  0.19503734365867195  0.20279639999040225  0.21109454939570418
  0.22000106695436406  0.22969837728409478  0.24052275013790236  0.25241808308410579
  0.26537253105591430  0.27937831986341538  0.29388340393296308  0.30870463319750618
  0.32462803753011532  0.34181421919770011  0.36067904728819644  0.38123471457409980
  0.40296362238286476  0.42572266554964161  0.45056225061874189  0.47850304394972720
  0.51012977991900565  0.54586980299559384  0.58591797320471772  0.63315654698278534
  0.68868331772019065  0.75742723096221043  0.85374775663998115  1.00000000000000000
 -0.00272389891775426  0.01036184973962899  0.02158901217183475  0.03227426369014215
  0.04381444536185276  0.05464561017939183  0.06523625591448080  0.07520561025367009
  0.08543748020817273  0.09546789882203857  0.10544034519994451  0.11542993579253293
  0.12583824948939201  0.13625030342985511  0.14639169835172042  0.15659565043649773
  0.16656105323465553  0.17753788319864236  0.18791040777747967  0.19850570373184886
  0.20866597516665852  0.21915393628174051  0.22958915272415559  0.23974547885093161
  0.24982113782449680  0.25995947485212328  0.27020516911818243  0.28046839880897384
  0.29024836626227063  0.30053797498064533  0.31105330688930721  0.32230599625313394
  0.33350429273196425  0.34402714568733617  0.35439237874238583  0.36473319714022617
  0.37525912830029606  0.38557859074507322  0.39547447794643276  0.40531216614249116
  0.41507068747351461  0.42542536046838542  0.43582068621421322  0.44643811975560949
  0.45741530916701856  0.46825098060202036  0.47880140322999232  0.48862851898081638
  0.49871595212313768  0.50943719189025638  0.52022426410209732  0.53066693428908018
  0.54042577063657948  0.55045869411788295  0.56091797465809046  0.57163491170051250
  0.58251126452164792  0.59343522422641637  0.60442390498260190  0.61527244987844354
  0.62613023124441003  0.63703911298952243  0.64829445626540660  0.65990255231606854
  0.67180005011721011  0.68354768031475166  0.69471125544158219  0.70540558955841981
  0.71628508647316447  0.72717612318211078  0.73813855047303567  0.74908459551983286
  0.76000753351396855  0.77048482402763596  0.78093046302751878  0.79116211261978520
  0.80161633649127706  0.81176553832919329  0.82229549056121742  0.83287527148756124
  0.84345877611722408  0.85367969565129154  0.86375647955329415  0.87348617042869159
  0.88356356467009445  0.89336091339058665  0.90383799066828585  0.91427486481483478
  0.92534268954014331  0.93600724007284786  0.94672940303359199  0.95742045297751155
  0.96795426510564120  0.97843252599866681  0.98913951609184592  1.00000000000000000
 -0.00239436522197646  0.00962252965858007  0.01959386855349997  0.02962274997022673
  0.03970170619345899  0.05009598339868310  0.06064119007629140  0.07124401067216402
  0.08140555738633121  0.09171711593437312  0.10221483443761645  0.11293453520243472
  0.12342423381474368  0.13329026550654263  0.14300664985460607  0.15320455162272256
  0.16385963870196185  0.17484574029346547  0.18543755556018071  0.19620043127229542
  0.20708638728916573  0.21763794335580197  0.22821213340708826  0.23863197028369293
  0.24909337149983410  0.25996613162582288  0.27056269199830896  0.28120015907397922
  0.29170624957126090  0.30236078915097997  0.31267345969300681  0.32277006661673180
  0.33271558967311549  0.34280864108805298  0.35299413005699382  0.36318967773300115
  0.37317356739732072  0.38328668153965739  0.39366222213745772  0.40435299197630387
  0.41477543940080536  0.42525815818504720  0.43569345689856037  0.44656927645878614
  0.45707535764955703  0.46730672140127960  0.47763397258454926  0.48812769961012481
  0.49874183333789701  0.50933033906126790  0.52012382652693401  0.53084281087786378
  0.54139111395513795  0.55137436144676333  0.56090152829105588  0.57002519971964982
  0.57940463826966360  0.58951777836441654  0.60013410431295433  0.61069283912072514
  0.62084526389426709  0.63110753721723345  0.64187009578789456  0.65290856448202406
  0.66425151382552472  0.67512378995275479  0.68599468708956357  0.69720849799758811
  0.70838381078405888  0.71918948589045173  0.72973363131644853  0.74027728389554814
  0.75059808990073118  0.76060845088434414  0.77082572052503529  0.78192974277721494
  0.79309511142828293  0.80407336979076582  0.81524049728406800  0.82624716965113965
  0.83699724032652001  0.84736206218596410  0.85789277187674973  0.86915628334979178
  0.88030554411140904  0.89161758314400097  0.90277754280907541  0.91391212292088964
  0.92482903029193941  0.93599122740011842  0.94694447265743731  0.95727972726889476
  0.96743490652207387  0.97781838568963031  0.98890791456643468  1.00000000000000000
 -0.00265265851317034  0.01011583686754973  0.02018799851001623  0.03031095257176276
  0.03991780842702393  0.05045955985871479  0.06074640070930752  0.07131730911193980
  0.08161935079089824  0.09242779856124256  0.10325226760899292  0.11380368646743205
  0.12442140525608468  0.13481173915369721  0.14523996143265036  0.15567189456813213
  0.16634663399473390  0.17712868069228691  0.18808740621234571  0.19933764616859065
  0.21024577454753135  0.22063735173410601  0.23066668534762760  0.24092279535222946
  0.25148571703171729  0.26235633104269224  0.27287139053081166  0.28336244697895557
  0.29353579713954792  0.30371732527321726  0.31391377613237720  0.32410331638436546
  0.33434742000692819  0.34457149042917307  0.35489717320425701  0.36538366283766988
  0.37567630144541625  0.38550194643194224  0.39553417981869526  0.40547767251497896
  0.41643020490288141  0.42715029914777447  0.43791527245733269  0.44775931906560007
  0.45762370276222281  0.46785047337022834  0.47852709574026464  0.48907559871275430
  0.49977733743741221  0.51089152916905511  0.52223731397855433  0.53315218452178414
  0.54433845098077249  0.55572614217336058  0.56733181310366787  0.57867488026145864
  0.58940071961629159  0.59949921158277597  0.60938651660650878  0.61949868852251877
  0.62996504442938250  0.64045649454961995  0.65094505371273326  0.66134071498509694
  0.67185817481263299  0.68209427444487858  0.69263240576526242  0.70333415839090918
  0.71404141253343778  0.72521478491440827  0.73549163936183981  0.74624169257369655
  0.75634775501541296  0.76688588831221072  0.77675295389934740  0.78677979941045539
  0.79734752481884918  0.80854568329567256  0.81927029031694676  0.82936728000611903
  0.83934392502612387  0.84950242492464811  0.85981862488303640  0.87046779289695730
  0.88216056018385847  0.89365717332261085  0.90401307245666107  0.91420894792208762
  0.92458932116117221  0.93577764738657243  0.94672479571250001  0.95747870307377581
  0.96837671884409382  0.97889363556204745  0.98947997025473944  1.00000000000000000
 -0.00256995490824825  0.01010055927180724  0.02085357629906134  0.03102329935490115
  0.04142098049290248  0.05227554737627127  0.06415903736934396  0.07531464151907297
  0.08617869535056828  0.09726892037023124  0.10835663476508624  0.11873425634548965
  0.12937157712404784  0.14011439545224152  0.15092864097526706  0.16048653559093234
  0.17016672831963081  0.17959227626808782  0.18939980703431697  0.19941822101255674
  0.20973497845487121  0.22064048620570123  0.23122792346878737  0.24201635846253985
  0.25268810583475104  0.26320545471264312  0.27352740611788684  0.28313064590951786
  0.29288867578066807  0.30222805544330245  0.31161591191671012  0.32121782525403153
  0.33119980299664908  0.34178993945940617  0.35243828797823945  0.36333466980302231
  0.37431350652109990  0.38515739104387126  0.39572599099432149  0.40608460661763529
  0.41638544989220455  0.42668562054250964  0.43736550935941371  0.44815079044113537
  0.45896555461658656  0.46964963662715598  0.48036546574359157  0.49138825715050383
  0.50273098448042652  0.51422381713064691  0.52558690587340728  0.53639828720659322
  0.54695534582901706  0.55754114866072024  0.56875703572205838  0.58027279271958321
  0.59100868427576414  0.60151993921987168  0.61211907128436926  0.62268933627841372
  0.63289204257684872  0.64301207205711475  0.65338894718592311  0.66381006100775286
  0.67416815858331303  0.68427141954749549  0.69443511718726070  0.70490508114297146
  0.71608967252885969  0.72727342139280515  0.73827254399390607  0.74943616578635941
  0.76046304823462429  0.77143210298004017  0.78224059636465060  0.79294194474817070
  0.80350750204281196  0.81369590942756886  0.82387255758780065  0.83400109287021063
  0.84404326134024699  0.85414585230443529  0.86399993847608292  0.87382033490669830
  0.88385205265639610  0.89455062713092004  0.90581559437576287  0.91682732544344692
  0.92661340765792399  0.93666619243511651  0.94663273654608449  0.95704922927275415
  0.96771454528372569  0.97842941507007142  0.98938414065256941  1.00000000000000000
 -0.00256935578179437  0.00971550908779232  0.01989558731296447  0.03042919737495361
  0.04101430201204588  0.05136951716655523  0.06173963473292072  0.07193200358864056
  0.08249346509316199  0.09354012128815432  0.10497273370975915  0.11600163469389256
  0.12630622297552024  0.13625253585892980  0.14616091419040653  0.15599265127553444
  0.16600405844969576  0.17587681870530339  0.18551136384834105  0.19485216362539043
  0.20434916163787242  0.21480370675488836  0.22562492280786550  0.23624930452615536
  0.24650440097867121  0.25744244097595997  0.26901581252877022  0.28090122988258753
  0.29284045367727324  0.30454935235737568  0.31596238640221536  0.32666446657147624
  0.33719999420583108  0.34755262862216590  0.35805083441388674  0.36869091077157756
  0.37888398888708286  0.38865060751549546  0.39834537924482372  0.40843345090734290
  0.41886981407440388  0.42961991744816397  0.44011613303117297  0.45102647089868608
  0.46172628352818629  0.47250538781947199  0.48296208121072959  0.49361946205008994
  0.50487955764511872  0.51624201539933057  0.52754691071148563  0.53874047009923609
  0.55020320524430688  0.56184949648272087  0.57288151360264339  0.58351947362372036
  0.59377307384382005  0.60402536088208914  0.61403745395548393  0.62376734484206642
  0.63386209089387469  0.64456933724338306  0.65574119220297622  0.66686010310603760
  0.67705171215011761  0.68684074730604727  0.69633426680034272  0.70629215192803418
  0.71678743634496211  0.72721402060603368  0.73749328991088658  0.74738587354145747
  0.75798026943682340  0.76862673133972559  0.77987107526856569  0.79068320266298608
  0.80140000166513803  0.81215041242605968  0.82303614254460256  0.83385342924926686
  0.84449632840254596  0.85501090793873125  0.86567739726300674  0.87614277900532223
  0.88684938673632296  0.89740597666206445  0.90781283888943975  0.91811060733348959
  0.92845584226580757  0.93887873831002955  0.94933567846128586  0.95982783668488314
  0.97032314733871095  0.98040050911738730  0.99020322574889852  1.00000000000000000
 -0.00237777176848922  0.00949116194757239  0.01933767445751484  0.02951672544766710
  0.04007560985588433  0.05087988106846988  0.06170710087104982  0.07220718767628119
  0.08281762989690780  0.09335736429321892  0.10400499925010656  0.11502764711819097
  0.12566656570104415  0.13610799163962550  0.14599426778462896  0.15567231211845339
  0.16595112226124653  0.17667024740660386  0.18820544419317645  0.19980377645896330
  0.21110146729553297  0.22198810442420019  0.23243885193573707  0.24294930780057356
  0.25356013244684755  0.26444712649164931  0.27550483367791223  0.28623998596876993
  0.29656517167458951  0.30696851590737667  0.31784240509821637  0.32888247025794354
  0.33939473077959026  0.34944945372704483  0.35941827705688079  0.36964798186908943
  0.38016861098181715  0.39099791354074326  0.40187083102945026  0.41302164166258093
  0.42428633271238875  0.43553333295572227  0.44655369589260729  0.45747329113854807
  0.46862190138814253  0.47984349478549571  0.49062077082195665  0.50084351012744410
  0.51086220438983188  0.52100960118317874  0.53155224578384874  0.54216197399850374
  0.55263143210341559  0.56241211429647331  0.57234196594696540  0.58250810416594379
  0.59336463515974114  0.60427540561936877  0.61499128162810002  0.62562117940993289
  0.63649344273090758  0.64711591247774103  0.65728066061094237  0.66735917448323756
  0.67770371863350787  0.68808254561432058  0.69877548296411807  0.70958358002002431
  0.72073661089570384  0.73156722217079118  0.74173823949650453  0.75176668641012512
  0.76170877237724632  0.77188594084360573  0.78200178413935040  0.79181540912149961
  0.80183740222293709  0.81160359965177975  0.82172770065277023  0.83205479266093385
  0.84246567282665552  0.85277931324787515  0.86281590448832635  0.87296466543554518
  0.88329448407586508  0.89346685347473287  0.90370403426037005  0.91398911356347312
  0.92474979805278756  0.93570387439292368  0.94683905671913293  0.95803524458011524
  0.96838891940802863  0.97884815166693206  0.98922360047851532  1.00000000000000000
   4.4348804706685035E-012  -1.0000000000000000     
 T T T T T F T T T T F T T T T T T T T T T F T T T T F T T T T T T T T T T F T T T T F T T T T T
