  0.00000009388554528  0.00000009461793977  0.00000009742127491  0.00000009963999230
  0.00000010162964814  0.00000010389786153  0.00000010623832305  0.00000010866108898
  0.00000011122399009  0.00000011386570211  0.00000011663942372  0.00000011955845278
  0.00000012242897921  0.00000012534404158  0.00000012835552238  0.00000013141004783
  0.00000013456163438  0.00000013791387664  0.00000014148267503  0.00000014518389155
  0.00000014881946521  0.00000015244304721  0.00000015604188114  0.00000015954553233
  0.00000016300837175  0.00000016679571539  0.00000017106278554  0.00000017557910825
  0.00000018031169463  0.00000018518960140  0.00000019018409258  0.00000019521937026
  0.00000020040929489  0.00000020592487592  0.00000021149590161  0.00000021727572641
  0.00000022318379575  0.00000022936978476  0.00000023579018519  0.00000024259574931
  0.00000025011576895  0.00000025834721387  0.00000026647004218  0.00000027467236307
  0.00000028284014084  0.00000029113936104  0.00000030043116706  0.00000031045149583
  0.00000032096995667  0.00000033188234805  0.00000034285922918  0.00000035395742013
  0.00000036568578399  0.00000037823751518  0.00000039112319863  0.00000040467989682
  0.00000041860100433  0.00000043304748617  0.00000045000692902  0.00000046674260120
  0.00000048428987850  0.00000050309031273  0.00000052366295479  0.00000054709576146
  0.00000057076252843  0.00000059471220988  0.00000062063840112  0.00000064952217128
  0.00000068030288536  0.00000071248985930  0.00000074700159807  0.00000078705957390
  0.00000083066249508  0.00000087459130308  0.00000092440843067  0.00000098027514211
  0.00000103828108481  0.00000110456615467  0.00000117999788089  0.00000126049727324
  0.00000135339856561  0.00000146725999559  0.00000159324573620  0.00000173964077230
  0.00000190880768245  0.00000211084352397  0.00000235939488896  0.00000266867990584
  0.00000307865743696  0.00000361362165504  0.00000436452374498  0.00000560337083213
  0.00000804041299283  0.00001749219015017  0.00020257900748009  1.00000000000000000
  0.00000021568152146  0.00000025231651220  0.00000029323026457  0.00000033425890778
  0.00000037187181837  0.00000041044889227  0.00000044892187679  0.00000049024699233
  0.00000053108090705  0.00000057327065794  0.00000061809730164  0.00000066574203266
  0.00000071621519506  0.00000076627019574  0.00000082034310246  0.00000087680635387
  0.00000093473283305  0.00000099776380241  0.00000106156113038  0.00000112654700898
  0.00000119488228534  0.00000126603071583  0.00000133724701241  0.00000141114200455
  0.00000148959781181  0.00000156757259316  0.00000164844017982  0.00000173976360182
  0.00000183823152982  0.00000193982849415  0.00000204642379739  0.00000217082249323
  0.00000228612692606  0.00000240541156830  0.00000253228880557  0.00000266913086223
  0.00000280980813100  0.00000295913338825  0.00000311447660293  0.00000326993501975
  0.00000342818777150  0.00000359674452989  0.00000378544501753  0.00000398057756766
  0.00000417517307167  0.00000438516895306  0.00000460233191990  0.00000481611148121
  0.00000503257367937  0.00000526549515678  0.00000552243924524  0.00000578452466627
  0.00000604786832777  0.00000634080985221  0.00000663929663604  0.00000695221768901
  0.00000726615021839  0.00000761373002213  0.00000798050168393  0.00000835528261484
  0.00000874434946122  0.00000917764109309  0.00000964775541110  0.00001011396593694
  0.00001058483427610  0.00001111062936561  0.00001170066593272  0.00001230097909264
  0.00001292697308400  0.00001360821872939  0.00001433585067667  0.00001509585757124
  0.00001594624222682  0.00001700197501661  0.00001802192116048  0.00001916758594502
  0.00002039960439180  0.00002175975882395  0.00002331809439426  0.00002513035599053
  0.00002721107505487  0.00002955587015398  0.00003226696160723  0.00003574005320159
  0.00004047445199819  0.00004733253423979  0.00005649066965682  0.00006665956176932
  0.00007855518604226  0.00009219532031857  0.00009780291775968  0.00010698208664245
  0.00012789693718952  0.00019046237430846  0.00434767696051437  1.00000000000000000
 -0.00230843509458608  0.00892750190065537  0.01876961655521093  0.02968942103767806
  0.04098357130332892  0.05197115746927319  0.06350568833980789  0.07441961765558250
  0.08498374300691559  0.09506403350180531  0.10492836020914560  0.11508189061381026
  0.12537798244415907  0.13583234240666037  0.14611907523308076  0.15625255197662469
  0.16638606360389707  0.17678916216295756  0.18729261682754175  0.19766441119404338
  0.20801305647736995  0.21851994757551454  0.22912307164571935  0.23959178486792804
  0.25033898355677187  0.26134900826100094  0.27248328068032984  0.28257174235289972
  0.29238499253392558  0.30255790512961228  0.31253074754143778  0.32209376085735081
  0.33142491005212948  0.34111716040870055  0.35072420189330583  0.36054001398529495
  0.36986429558202139  0.37957083405006237  0.39023178866138181  0.40158498833426159
  0.41326123856762526  0.42459300295198743  0.43560114806483669  0.44648665212436456
  0.45707870330359052  0.46761935226695722  0.47830608227277727  0.48911038353767844
  0.50009053547632110  0.51100776750509302  0.52187595358099370  0.53252096132206150
  0.54336671381917012  0.55442642507989626  0.56541669238508774  0.57616419558990273
  0.58663409638725128  0.59729979094411489  0.60790654640174169  0.61843903435808190
  0.62870609872595018  0.63848971995676063  0.64815397707934375  0.65796038503878451
  0.66786461625597759  0.67809329865271262  0.68837627438847837  0.69984341083803203
  0.71142166596314738  0.72280823881363399  0.73384553696655364  0.74485800137346059
  0.75569982289950288  0.76630892104486525  0.77664962813823790  0.78721590672125563
  0.79799564571978954  0.80898697204771286  0.82005274760997882  0.83098734491034965
  0.84158606020434945  0.85182257498980030  0.86282607844445625  0.87408170773460858
  0.88552838035176618  0.89745776546261569  0.90884817070023960  0.91972669312327593
  0.93024965030685303  0.94062802748779883  0.95081476820523514  0.96090962219272891
  0.97059348564976389  0.98050451684048923  0.99014729072679020  1.00000000000000000
 -0.00243344269670849  0.01041213381918560  0.02119345566188222  0.03202569825028224
  0.04281221207274143  0.05304164186175143  0.06331596835019934  0.07351895048860474
  0.08380508328607246  0.09400775995219796  0.10452015951795537  0.11506998481231073
  0.12523073388183842  0.13508650067201325  0.14495178514535978  0.15518243909453408
  0.16577174211896767  0.17638447221112605  0.18749713769533966  0.19836409357110030
  0.20897280898745210  0.21983219009804680  0.23052845808475711  0.24126394117844446
  0.25196641703489148  0.26285261956371420  0.27391552563550536  0.28426300962330564
  0.29489631728223670  0.30538965551812230  0.31610688935154319  0.32686387575741488
  0.33773941605384117  0.34868937347755419  0.35964804014289653  0.37068011493056308
  0.38128911473224830  0.39164495471870014  0.40171312844941048  0.41164775011385574
  0.42121768644341462  0.43047879297798608  0.43995805920876013  0.45002353139396339
  0.46051198195605003  0.47142405275009541  0.48247732496855167  0.49364649739002159
  0.50458680374911624  0.51506408608974674  0.52516658629762336  0.53476484266229296
  0.54432491473854205  0.55416927806967087  0.56428883423335152  0.57418421133653241
  0.58387811383509125  0.59350583145856217  0.60347097702438635  0.61376543147332141
  0.62415459981080768  0.63481751388623009  0.64553095020285889  0.65623918620073873
  0.66692523213618649  0.67801157669714107  0.68935074723417755  0.70093062825386754
  0.71222111747426331  0.72295090786203031  0.73316563491856312  0.74271158979373542
  0.75205567472902002  0.76154724004178764  0.77169661025188130  0.78273569732017800
  0.79440184350144827  0.80605367002295358  0.81695439958014437  0.82697340032155187
  0.83737667055894294  0.84819336155250125  0.85903363630691776  0.86982526426824069
  0.88097423458751944  0.89229286478908698  0.90322174660047694  0.91376161012505253
  0.92413792064752032  0.93453025452032379  0.94506672221858912  0.95606930289446312
  0.96733624710150978  0.97843844470499208  0.98910298241525818  1.00000000000000000
 -0.00192597344800780  0.00746989211865101  0.01586416852417553  0.02492946426348568
  0.03463196230362837  0.04378669120546134  0.05287820642511064  0.06206320959465755
  0.07162007085407392  0.08157660044128659  0.09157097325476292  0.10174644052756354
  0.11173113690995161  0.12175889568007181  0.13194710977551274  0.14278063833920010
  0.15305917990329829  0.16270987506222589  0.17269114751330222  0.18282881158722264
  0.19373640451738580  0.20422226403534252  0.21525761524505063  0.22669082908352398
  0.23825578217166196  0.24966799996392602  0.26077421351184826  0.27174041424374984
  0.28269219736627216  0.29399135008969735  0.30533464675841943  0.31658082793335424
  0.32752949305792373  0.33776439031616878  0.34753275939070044  0.35725998158504507
  0.36739482449048821  0.37761550714963815  0.38856540014209007  0.40026650085943749
  0.41255510028700004  0.42337774527549571  0.43340857766386648  0.44360607533676838
  0.45426217835469646  0.46507100853319744  0.47597619319852252  0.48765908843899769
  0.50001276990756538  0.51206960385943245  0.52380032959632683  0.53510914058615355
  0.54681739315603362  0.55839475683873230  0.56943804610803372  0.58049349827070063
  0.59212267456378398  0.60374230634247517  0.61506206496489391  0.62601274247667360
  0.63713472890606782  0.64880221563655593  0.66074151278222404  0.67241336519161743
  0.68380763415421741  0.69540597701982165  0.70700347696324506  0.71797485848172249
  0.72838352471844470  0.73871703985805115  0.74926689564653104  0.76055649735740649
  0.77166618505485662  0.78247066355383943  0.79298219684683402  0.80370543929726046
  0.81447065874515745  0.82489043098611470  0.83520642706228676  0.84558789295929171
  0.85597101972572687  0.86603530945120555  0.87586357146032445  0.88559280473425706
  0.89529976009001611  0.90523570703685452  0.91522782974715422  0.92526128432471932
  0.93524256829854879  0.94503703132089456  0.95498543080274945  0.96433507826331066
  0.97338555949500594  0.98222081735792677  0.99108268024416890  1.00000000000000000
 -0.00230890826989432  0.00860838583945600  0.01790808311023147  0.02742239615042911
  0.03739693482550462  0.04737766311881971  0.05689992273063943  0.06644507935855352
  0.07669722512072291  0.08684060923272904  0.09738856692669635  0.10764907575336460
  0.11754571064468547  0.12808455803266297  0.13859964708119124  0.14919531368751093
  0.15922950734228108  0.16973657552235144  0.18087436357410733  0.19195724531265565
  0.20249489443362192  0.21318295075559379  0.22438517751290726  0.23591523121275368
  0.24726415228896328  0.25861343217231791  0.26933599437595057  0.28002949480607447
  0.29053421294443466  0.30143801592681579  0.31221348193065218  0.32334521952130829
  0.33432312906422124  0.34546339229749612  0.35675653315297551  0.36822483150704605
  0.37882415201904440  0.38869080465564770  0.39863220333780675  0.40856462215680572
  0.41865069222030715  0.42876265390456397  0.43887292872649575  0.44979265461871865
  0.46066633911635246  0.47158764437798989  0.48279402559396301  0.49307693359590937
  0.50346964361962576  0.51405294642979249  0.52543766988840968  0.53697978550085868
  0.54827891813048568  0.55931716508519269  0.57000679046682656  0.58055216810338617
  0.59111793217611919  0.60190220517333326  0.61287954292414182  0.62346576728672221
  0.63349217305031191  0.64287654542074724  0.65260840908088269  0.66249233770646210
  0.67257899625331907  0.68248594806592222  0.69265074795886628  0.70314558504557945
  0.71345154566762659  0.72355556075700411  0.73392802484813802  0.74431524279632233
  0.75462031209098823  0.76519702064255501  0.77626559404063578  0.78763440575703125
  0.79830175353712263  0.80823098781694758  0.81795858330601356  0.82768259105753583
  0.83789404340412410  0.84836263167660786  0.85894127149320842  0.86969091977120794
  0.88039815933669641  0.89133332553660893  0.90266969108980155  0.91449155419191575
  0.92713735200163527  0.93939078753081395  0.95083487161967484  0.96166211635491028
  0.97124216566926325  0.98090988079977781  0.99026052703441347  1.00000000000000000
 -0.00186474197512675  0.00691241135919712  0.01426696805340174  0.02212537225283965
  0.03035108279445516  0.03915902110795500  0.04780170986729488  0.05593483474657092
  0.06421598917151784  0.07297522977005876  0.08227811519038136  0.09200890849046146
  0.10205699261616007  0.11234836187825008  0.12254384716744292  0.13225765974542161
  0.14158871782956087  0.15111247399290087  0.16082363707219499  0.17089290978229393
  0.18121440532090408  0.19165885231078356  0.20243899551971986  0.21336435861742370
  0.22402005550447185  0.23481107598176726  0.24529124440396971  0.25594820443302607
  0.26681165840591475  0.27800195555337970  0.28947303221414350  0.30106573670647285
  0.31248509760425852  0.32354198616082641  0.33478007322842668  0.34663308821848093
  0.35909267207996010  0.37133805257750024  0.38313222997333851  0.39486502384792027
  0.40720586703319328  0.41994478239612076  0.43242653293911137  0.44451110750888340
  0.45653958900869634  0.46839872030662300  0.48027636158369702  0.49236170542158431
  0.50405997654640589  0.51607445250958783  0.52764196164453658  0.54014024384552706
  0.55250346545987639  0.56462545971669231  0.57624753555803176  0.58791694722481291
  0.60007510188709157  0.61251394060589415  0.62495233011829154  0.63657363798727862
  0.64804089899075390  0.65932514597391056  0.67066498581889489  0.68211341208072995
  0.69391358925964886  0.70562780085522780  0.71660112078700600  0.72718485371216901
  0.73748238486198270  0.74800528035292169  0.75844761286283580  0.76861392452496358
  0.77894368887235599  0.78973016295508025  0.80069216806390131  0.81172124547166891
  0.82204397461295109  0.83230421559468870  0.84222172661501449  0.85234185869778856
  0.86198907389883661  0.87126344430404912  0.88033148279848727  0.88934617321928466
  0.89829714766720281  0.90719492101815835  0.91631861639254741  0.92570062177386148
  0.93528091956729864  0.94489918536185002  0.95427658511794855  0.96353431161502745
  0.97254132165847462  0.98158866520572474  0.99069744715241770  1.00000000000000000
 -0.00265254364774314  0.01006139728803996  0.01969869085564579  0.02987637725848651
  0.03940005712389737  0.04917801310685084  0.05871243257253728  0.06906971098044397
  0.07932910407472804  0.08943641729021075  0.09985161992740546  0.11147736051613905
  0.12341377049389392  0.13433172261609969  0.14470531899603684  0.15488773237265935
  0.16518361154826988  0.17543580099967215  0.18499266908198600  0.19518163765300880
  0.20556549932318643  0.21610138783825680  0.22653036442517674  0.23718968766903661
  0.24783880654994794  0.25864688702485999  0.26959667078292571  0.28082203478731882
  0.29145014295328098  0.30150119665500574  0.31141714209592919  0.32140496517488609
  0.33113320831101783  0.34122448643764747  0.35181689065372224  0.36316884500602631
  0.37466130328713787  0.38592170691050437  0.39680265554894911  0.40679773047020218
  0.41649756884099859  0.42614623170363725  0.43608065408126351  0.44639808982833684
  0.45681895947953838  0.46717233617610043  0.47754303006064053  0.48790425283945554
  0.49796095922855299  0.50825125239777835  0.51829577843196417  0.52846570223842193
  0.53839249048748028  0.54861847206884906  0.55940145395551200  0.56990356877331128
  0.58042608651108740  0.59065895148287395  0.60094121171143855  0.61107541464392934
  0.62126699813258168  0.63126437091416121  0.64118063510990198  0.65100965258437504
  0.66166440502832957  0.67251975192173474  0.68384985174444979  0.69454521340913211
  0.70518662635438867  0.71592914231360927  0.72701895966043406  0.73815254381199946
  0.74967299204105464  0.76201823673085600  0.77429481995924365  0.78572619435367719
  0.79687158639528788  0.80798313576639802  0.81894776569231076  0.82945185659709297
  0.83956893665635368  0.84957754490341575  0.85945545333494711  0.86972291545813596
  0.88047582135769242  0.89169641676406974  0.90297980871893946  0.91442881780334528
  0.92516973244919731  0.93585711815231654  0.94596151348457602  0.95639998007124127
  0.96714030570337506  0.97810131192373617  0.98917817241179329  1.00000000000000000
 -0.00225427569881112  0.01010324668045771  0.01955978436589090  0.02965804694633695
  0.03966895756774665  0.04984521999164257  0.06006363141836037  0.06933064885123541
  0.07860462800934397  0.08787230924859989  0.09746494875230112  0.10761147642532103
  0.11826432344806946  0.12934194088786205  0.14070775453522200  0.15208175868036425
  0.16321656622561317  0.17389199987850573  0.18447250114503291  0.19500727427701059
  0.20501929918364717  0.21499952114968976  0.22485799056472069  0.23522492427939606
  0.24575976418606496  0.25699906973721065  0.26859767031821663  0.27975712315112206
  0.29049857294820297  0.30181517685469256  0.31296933175854869  0.32435071183244446
  0.33543747744030122  0.34726693717786000  0.35830228388274321  0.36865669303487880
  0.37837436431710808  0.38809124881898172  0.39823709705644761  0.40834562274392489
  0.41834684691901669  0.42815859853334037  0.43826331826441911  0.44864738817895322
  0.45903004842068429  0.46938536976257583  0.47942585927908904  0.48936190354149012
  0.49938467052544688  0.50952557376518837  0.51958460314436983  0.52957022370955853
  0.54004263764405269  0.55110710477715241  0.56258967877930111  0.57364968588066301
  0.58448936053508471  0.59488141844195153  0.60557587490261511  0.61669606502614516
  0.62818817223988899  0.63896913619147522  0.64945372016113601  0.65950392869536689
  0.66943950964689392  0.67943405051520323  0.68971656197544573  0.70026193368176459
  0.71103624970018975  0.72267454329642222  0.73429616301886336  0.74580963760842145
  0.75684440550446397  0.76795193677573670  0.77878304392172482  0.78965864595646285
  0.79961697485013195  0.80916997989847061  0.81842166407701300  0.82762946484744260
  0.83732638523433800  0.84750666221733262  0.85814593057584887  0.86870249911617725
  0.87895062448065719  0.88897509250901119  0.89916081297729022  0.90926395145362393
  0.91955081924973492  0.93014152710223974  0.94093460172943211  0.95208245520949408
  0.96348518799457272  0.97534299953319425  0.98759495301124400  1.00000000000000000
 -0.01850745094808012  0.10751043435497423  0.14674452883853589  0.17251140551460684
  0.19313310258343169  0.21092226913975198  0.22667516571575341  0.24108363886007936
  0.25469680202703499  0.26772271984892593  0.28016948442428546  0.29185548877468870
  0.30270200623441712  0.31335324903141543  0.32342091151034685  0.33354348209902712
  0.34359971265679051  0.35384023234911016  0.36396378803301144  0.37408508172953836
  0.38411311652935759  0.39393255368690383  0.40340977714775933  0.41237181030543729
  0.42128376921210942  0.42990091640251732  0.43851799548644588  0.44697496928125852
  0.45538032091430958  0.46362475187377877  0.47162510667698898  0.47977455319034346
  0.48789464841868574  0.49598475374380890  0.50349688394666292  0.51067431464843860
  0.51764456120354607  0.52487416142081600  0.53244092952933730  0.54006176299865116
  0.54730846310791048  0.55456660448127193  0.56198105640579055  0.56955678653796649
  0.57710870731804698  0.58469337733491134  0.59216166675751392  0.59932081937126336
  0.60609204019576468  0.61273773635383277  0.61949773993997392  0.62639968593864703
  0.63339803300613018  0.64039835833775338  0.64729171897996474  0.65407826760267540
  0.66073816732774215  0.66721862857000613  0.67359398392252678  0.67993349955124227
  0.68634762559136364  0.69314681758043961  0.70006573498956604  0.70691779512003639
  0.71376154481675025  0.72060992202527641  0.72751222684493244  0.73386578713833717
  0.73987075055913554  0.74570245188325790  0.75145981491010916  0.75720845524224922
  0.76300367182176743  0.76887558537112766  0.77471071465758434  0.78050343742736350
  0.78647873042910044  0.79249129761964521  0.79908876115087590  0.80543989126161331
  0.81174990314687934  0.81827387990546829  0.82499334742884622  0.83183986975414692
  0.83884243720905027  0.84598574884233368  0.85323020560860929  0.86092924444531171
  0.86885924851857677  0.87739595123359015  0.88662872788750924  0.89699889004293232
  0.90899019541965653  0.92396553935915970  0.94730059553176915  1.00000000000000000
   5.8091662839895775E-008  -1.0000000000000000     
 T T T T T F T T T T F T T T T T T F F T F F T F F T F F T F F T T F F T F F T F F T F F T F F T T T T T T T T T T T T T T T T T T T T T T F T T T T F T T T T T T F F T F F T F F T F F T F F T T F F T F F T F F T F F T F F T T T T T T T T T T T T T T T T T
  <DiscreteSampler_grid>
  grouped_processes
  1 # 1 for a reference and 2 for a running grid.
  10 # Attribute 'min_bin_probing_points' of the grid.
  1 # Attribute 'grid_mode' of the grid. 1=='default',2=='initialization'
  0.0000000000000000 # Attribute 'small_contrib_threshold' of the grid.
  0.5000000000000000 # Attribute 'damping_power' of the grid.
 # binID   n_entries weight   weight_sqr   abs_weight
    10   10   3.339532119971021E+001   2.868717620261348E+003   3.339532119971021E+001
    11   10   3.339532119971017E+001   2.868717620261340E+003   3.339532119971017E+001
    16   10   2.084613503810927E+001   1.450912254516690E+003   2.084613503810927E+001
    17   10   2.084613503810926E+001   1.450912254516688E+003   2.084613503810926E+001
    22   10   2.084613503810927E+001   1.450912254516690E+003   2.084613503810927E+001
    23   10   2.084613503810926E+001   1.450912254516688E+003   2.084613503810926E+001
    28   10   3.339532119971021E+001   2.868717620261347E+003   3.339532119971021E+001
    29   10   3.339532119971017E+001   2.868717620261340E+003   3.339532119971017E+001
    34   10   3.339532119971021E+001   2.868717620261348E+003   3.339532119971021E+001
    35   10   3.339532119971018E+001   2.868717620261342E+003   3.339532119971018E+001
    40   10   2.084613503810927E+001   1.450912254516690E+003   2.084613503810927E+001
    41   10   2.084613503810926E+001   1.450912254516687E+003   2.084613503810926E+001
    46   10   3.339532119971021E+001   2.868717620261347E+003   3.339532119971021E+001
    47   10   3.339532119971017E+001   2.868717620261339E+003   3.339532119971017E+001
    52   10   2.084613503810927E+001   1.450912254516691E+003   2.084613503810927E+001
    53   10   2.084613503810926E+001   1.450912254516688E+003   2.084613503810926E+001
  </DiscreteSampler_grid>
