 -0.00044696790644627  0.00069521279979940  0.00205411617665997  0.00365962026049429
  0.00509704040940154  0.00659080536806381  0.00821615094368760  0.01006576921956338
  0.01212671204501609  0.01439756926334100  0.01677417634988036  0.01933424728571235
  0.02218318373058878  0.02542178473083363  0.02905066966486592  0.03300998696817504
  0.03709090900421599  0.04176383215321817  0.04768116965014790  0.05408002234348507
  0.06050597293542358  0.06721435228510592  0.07437744482099953  0.08190513913643656
  0.09040458262455177  0.09941466008485723  0.10876286157435386  0.11847562608804528
  0.12861720708350383  0.13827231526551031  0.14745410563903769  0.15684305979488067
  0.16672358332736881  0.17731552561315200  0.18795097828465099  0.19843883381539862
  0.20906092940374560  0.21977727575718758  0.23065392010920824  0.24196238892511490
  0.25366140834621198  0.26527142074717597  0.27640488596077389  0.28720245927220711
  0.29799802200463882  0.30893357374619551  0.32014168784423386  0.33148012773745150
  0.34258600588646898  0.35386223474140899  0.36549997910960169  0.37739491104928097
  0.38907023292020981  0.40070236830446226  0.41245895195083482  0.42444332201020757
  0.43644016966930793  0.44900787006449000  0.46133190534169560  0.47342030645503236
  0.48429284936534173  0.49606690591288938  0.50778543450841696  0.51995198226904515
  0.53096607282954256  0.54223173824992932  0.55389725261782208  0.56672736498468468
  0.57995242193088314  0.59298473964343323  0.60571086281696007  0.61849036719830808
  0.63160105904873631  0.64474281739954109  0.65813419885592683  0.67195574822496007
  0.68587179203843163  0.69947146109465697  0.71279320632990539  0.72580359823731821
  0.73847637018972079  0.75161495921631249  0.76571074357823843  0.77938549101237531
  0.79231970290706444  0.80528844224825669  0.81944146791273931  0.83357813668445957
  0.84788288202013440  0.86211723275254037  0.87812871619305988  0.89529199563741735
  0.91315326204480218  0.93252604329019129  0.95773918483795406  1.00000000000000000
  0.00003716795181224  0.00003729877373651  0.00003740385641818  0.00003753781420909
  0.00003769312138701  0.00003782856065894  0.00003793119485670  0.00003802439256828
  0.00003812249580529  0.00003821044456842  0.00003830370114198  0.00003843071140295
  0.00003863531060213  0.00003883611688470  0.00003897532003700  0.00003908916322302
  0.00003921903300617  0.00003940156757708  0.00003954717459399  0.00003968028612858
  0.00003983774570918  0.00004001723710592  0.00004016969568308  0.00004040967757664
  0.00004073329419597  0.00004101996781461  0.00004128382051515  0.00004150784339820
  0.00004171458049137  0.00004193605138925  0.00004218554082333  0.00004244073758700
  0.00004274064709766  0.00004310628983053  0.00004347953330729  0.00004383592739695
  0.00004421744721616  0.00004455574378792  0.00004491000878249  0.00004522619732028
  0.00004554199230929  0.00004589609575463  0.00004628402741389  0.00004671998914378
  0.00004713041448915  0.00004752589468554  0.00004793910070135  0.00004841927230440
  0.00004908852744748  0.00004977916253550  0.00005047728305407  0.00005123348841457
  0.00005198362761538  0.00005271342327394  0.00005342654199972  0.00005405230992380
  0.00005460827640776  0.00005515672750005  0.00005573197533421  0.00005632133231535
  0.00005690179052894  0.00005747234873749  0.00005799344568984  0.00005860664263320
  0.00005935721910199  0.00006016487580856  0.00006095467061300  0.00006168427524665
  0.00006239764539487  0.00006310285739688  0.00006380560647847  0.00006450981868856
  0.00006521717013506  0.00006591872565741  0.00006662470740795  0.00006732748868729
  0.00006802473881986  0.00006872093362867  0.00006942641417707  0.00007016906109896
  0.00007099345682711  0.00007187334015355  0.00007279750277357  0.00007376508817319
  0.00007477345473810  0.00007582016387633  0.00007691299226809  0.00007806981389073
  0.00007935650040436  0.00008076388427001  0.00008231428570995  0.00008414040791260
  0.00008668048740493  0.00009069196529566  0.00009217963679431  1.00000000000000000
 -0.00232471235987115  0.00853020490533367  0.01860154671143606  0.02844238293985492
  0.03932501803197318  0.05039184502869908  0.06139516527020938  0.07243904987801075
  0.08342830352882534  0.09419433115955123  0.10452440139619512  0.11468197818709674
  0.12462759207774821  0.13437211542206332  0.14455928444939897  0.15456333189209634
  0.16413811929125341  0.17380101711108598  0.18367191215494663  0.19456362115341455
  0.20545663017416987  0.21594616007803302  0.22644934494908231  0.23734428953943509
  0.24875554985058301  0.26072631128923202  0.27267074474166098  0.28403368665624884
  0.29374883395837542  0.30163927957434139  0.30976815983411915  0.31782470132847251
  0.32609584733791014  0.33449177516725165  0.34274236260684016  0.35121794746656232
  0.36121988438276692  0.37251409200005636  0.38354673290184527  0.39429205954997482
  0.40483100221462398  0.41437894939470471  0.42432541359878789  0.43457287463711075
  0.44577781602661981  0.45697249214737889  0.46778448003823220  0.47871659469262601
  0.48983214946739001  0.50103632398846343  0.51090132797730203  0.52082090544533055
  0.53136333700215932  0.54145332365296028  0.55172337096038537  0.56172710641159795
  0.57318534131730559  0.58418325521955827  0.59502691218345416  0.60494436513600180
  0.61481009938098818  0.62483192217587413  0.63514785621565450  0.64553188877050693
  0.65617646755254577  0.66669990110216149  0.67686053494737963  0.68681482380682879
  0.69703640670183276  0.70741046524029161  0.71773196627685099  0.72828409233724190
  0.73929676674705047  0.75037837033815280  0.76176184795287682  0.77388250877130260
  0.78729536087632979  0.79961388323597538  0.81091055858320271  0.82221054742183874
  0.83342869059079394  0.84456429984193460  0.85585142999970831  0.86756015129340569
  0.87975581086302512  0.89150257441763914  0.90372502180493641  0.91556097402337089
  0.92598626462263267  0.93633520313412533  0.94714342298977428  0.95850452751148096
  0.96878130946347873  0.97856637815775616  0.98893502643580788  1.00000000000000000
 -0.00290985461096838  0.01039152938908038  0.02018269712805842  0.02934265000288703
  0.03880303918979734  0.04928834506622942  0.06026642963750947  0.07103069873789217
  0.08153868119862026  0.09206572047630751  0.10285797737748256  0.11370294404828475
  0.12481510116478085  0.13585180890176124  0.14741055766145100  0.15995360527381675
  0.17164577130583730  0.18259082803604137  0.19266464972673902  0.20287861618405262
  0.21339903722329967  0.22405640625384535  0.23522793236092643  0.24607743445162503
  0.25683722627614552  0.26767390758138759  0.27835396258705258  0.28960291411489525
  0.30165484862146963  0.31397116047917761  0.32532304464962131  0.33599128353544472
  0.34590969925055043  0.35600296069256243  0.36652864385909800  0.37700446416656097
  0.38777277955931622  0.39750507792662071  0.40502750693186862  0.41280455564613239
  0.42055340685303433  0.42833328984674801  0.43597246313557186  0.44396434216880182
  0.45177445251827292  0.45917595116782872  0.46966191436583377  0.47994470625730656
  0.49018154247284368  0.50047039209448041  0.51100702141638688  0.52171021939501772
  0.53208294553104429  0.54272010608305044  0.55384381807388294  0.56515075774213486
  0.57655763106364910  0.58811258716088533  0.59961528019397026  0.61023353084184839
  0.62064280980564124  0.63123724561865213  0.64260951908495101  0.65459568015445169
  0.66669623860121163  0.67823032485642631  0.68958547598371578  0.70066095948736351
  0.71189607553781331  0.72288812148581871  0.73376092829851003  0.74493279360024112
  0.75608105638012701  0.76764314341032569  0.77886291909193794  0.78941987839949512
  0.79936838937138033  0.80928351463697179  0.81968389799088659  0.83070203153695277
  0.84219537551004575  0.85403386321126984  0.86531645676432367  0.87605278792647412
  0.88600009610264885  0.89636261534226847  0.90737898875105261  0.91894803166099259
  0.93053816270822109  0.94110454515810971  0.95056605521954773  0.95990524586289316
  0.96942473158143394  0.97947069912595663  0.98963853704191562  1.00000000000000000
 -0.00151343367541127  0.00700745867416721  0.01409541392507925  0.02106644959749750
  0.02850440188985032  0.03646963502968084  0.04455684402073024  0.05287000414729547
  0.06154895061522715  0.07236681358796875  0.08441620042769470  0.09581058346320540
  0.10719839344479015  0.11801668169900265  0.12924670304241417  0.14033852938318511
  0.15073851875335254  0.16039954514572749  0.17020591497873733  0.18113703688916968
  0.19240028644097740  0.20386358053185108  0.21390866855560739  0.22411343380066573
  0.23444809821414225  0.24471128592694202  0.25530587059142462  0.26500330747708351
  0.27510772817330292  0.28608709988690878  0.29746766066519359  0.30906011024080227
  0.32037268569778821  0.33093425537968424  0.34094082709903217  0.35048647164214042
  0.36042671235962032  0.37086466168690252  0.38155754167491046  0.39239646543570500
  0.40288015656388193  0.41318554803490498  0.42381169398446861  0.43468084852319488
  0.44524525947117566  0.45556802443709432  0.46599398299081934  0.47641346022923764
  0.48706994156187561  0.49831249518431309  0.51017534040689649  0.52203942417301796
  0.53393269099040175  0.54609647815317242  0.55824167445901263  0.57006904567823991
  0.58138932805872678  0.59285482131920364  0.60405339934955782  0.61529437760718753
  0.62577559166429919  0.63615160618369371  0.64669126253752895  0.65760637740408645
  0.66869933957020400  0.67968276662158378  0.69035742286017565  0.70139280550139971
  0.71285435408607156  0.72489652206232713  0.73696750674279132  0.74827390005968319
  0.75889440382924389  0.76921185695867478  0.77944459015046230  0.78936869940151477
  0.79900583474614129  0.80872721629251765  0.81869383287762898  0.82873117426263576
  0.83874348830510193  0.84863262552856866  0.85818342338648335  0.86765137293979033
  0.87759253155589645  0.88845747503892236  0.89989281577844060  0.91102198222526665
  0.92188323035854058  0.93275308848654626  0.94393228995851275  0.95542221157303531
  0.96695311606707290  0.97812927335043054  0.98936044770768816  1.00000000000000000
 -0.00196256432837761  0.00925926993085015  0.01960207828393438  0.02996973939506129
  0.04133138885465202  0.05329566733819697  0.06602202185929251  0.07903417400266839
  0.09076741634216645  0.10174213145250119  0.11256211508278156  0.12340078590875464
  0.13421911865993566  0.14550525366877104  0.15690543739495103  0.16822542275187999
  0.17880414004281789  0.18942340395060078  0.20000361854226006  0.21186958701799388
  0.22359213488346014  0.23421818863708582  0.24415112997600333  0.25417706418068292
  0.26336004555453724  0.27182673970227378  0.28018872923213195  0.28917815384639600
  0.29918014728746606  0.30978387177155581  0.32051195247477465  0.33148231511195569
  0.34303114240969407  0.35517725183834653  0.36755296031198947  0.37920638826445829
  0.38974769803507614  0.39969947636096675  0.40972478618936353  0.42019698871962263
  0.43117732987169183  0.44193692323403905  0.45311309830829327  0.46555351468034134
  0.47780795919729019  0.48929419515066813  0.50068297943739726  0.51220773952586951
  0.52277541661983151  0.53322068607140061  0.54403025721809484  0.55542813113006650
  0.56731313528701710  0.57874402524478152  0.58981702125120827  0.60046875169846281
  0.61119754551448813  0.62161971769127433  0.63141233616838899  0.64101211388980561
  0.65137685644624677  0.66313300874611980  0.67343299618425556  0.68328812416511753
  0.69298245128122871  0.70310962561690415  0.71285309407925479  0.72274195256416074
  0.73178432367256863  0.74157937542154895  0.75133686397017707  0.76182542609743131
  0.77303831317153193  0.78435096158470829  0.79459789425738614  0.80426136269417969
  0.81361554233980016  0.82165604948533755  0.82909414472602805  0.83675536422391550
  0.84532758305855682  0.85402282004514940  0.86195806968162869  0.86958712191731580
  0.87774569878230102  0.88862000388550788  0.89962669381506177  0.91108634237791286
  0.92233182781132705  0.93305446315037377  0.94356935483238702  0.95518173654541572
  0.96679497667892378  0.97840647877710185  0.98918919859343157  1.00000000000000000
 -0.00231677771156442  0.00801304948471415  0.01800714929849383  0.02861225504400160
  0.03962420158660840  0.05084825308364113  0.06204791235313346  0.07350967905070692
  0.08492693629782044  0.09682180397919503  0.10811014438304940  0.11859689496954776
  0.12914208853007059  0.14034415073564180  0.15219973242407170  0.16396990300326200
  0.17598334390210313  0.18744085469760874  0.19795487403797002  0.20761605302982150
  0.21705335197571513  0.22693888265929404  0.23756797006186972  0.24882586112104366
  0.26023097083673041  0.27152541865055324  0.28285429468175949  0.29463278964883144
  0.30702365732115361  0.31949191890442152  0.33114806899670324  0.34188242574049937
  0.35249848914227128  0.36366029486872220  0.37578595819481797  0.38847416332577872
  0.40061220278084769  0.41247983003460864  0.42397831617348980  0.43542960423409105
  0.44644848702596540  0.45739047870129523  0.46834741093718091  0.47933158162350636
  0.49030367427096416  0.50123658637438040  0.51210275722900422  0.52415203102133234
  0.53502096603453864  0.54657283862507433  0.55802246109809850  0.57064462212225597
  0.58345140357670267  0.59542335010256531  0.60675955447242691  0.61728053892613410
  0.62791455634985482  0.63801547854949614  0.64779628574726433  0.65706887870290587
  0.66667085020815786  0.67712052349686802  0.68814089669836009  0.69931996558648701
  0.71005213031400194  0.72030084890142065  0.73025830787220514  0.73779361439043734
  0.74626155492737767  0.75369127585450646  0.76080450141078881  0.76815238577573131
  0.77618866077183712  0.78405769413522308  0.79266210940844273  0.80292109852411109
  0.81300823049277193  0.82203577702702701  0.83096073797750269  0.84052447577446254
  0.85060369367848232  0.86143234631635979  0.87175098900608994  0.88244811977810678
  0.89295563381385512  0.90297999353930036  0.91277771755999904  0.92222764536892587
  0.93156111277965925  0.94087981471809468  0.95039003818181811  0.96007781449202623
  0.97022224599264917  0.98026852783753160  0.99052479492089107  1.00000000000000000
 -0.00169700687539533  0.00761784880959723  0.01548061409504164  0.02345866163451290
  0.03116878987542900  0.03946148981118597  0.04938163230461688  0.06021676904105389
  0.07032081472205930  0.08052287359532137  0.09154753815158513  0.10253069257690771
  0.11274499186749481  0.12229018376081456  0.13220597522771502  0.14282867486038883
  0.15413035306137532  0.16527560019661186  0.17632546106623675  0.18680395759092860
  0.19615276338121099  0.20488458880344992  0.21409584383219304  0.22362332069667190
  0.23331313020773717  0.24265445932163546  0.25271665081658296  0.26387469492293719
  0.27473984059568263  0.28512606309267419  0.29577766127165350  0.30691242833380106
  0.31794272748376790  0.32851184139379763  0.33918821529182619  0.35078808532550237
  0.36334272460664507  0.37572390427511970  0.38744377100485555  0.39870977290481341
  0.40943510790522064  0.41973997051933698  0.43016762327587460  0.43987893018508234
  0.45059544338528917  0.46181849494981825  0.47389909060819485  0.48529783252124709
  0.49572811041157488  0.50558355333388061  0.51535654542731446  0.52545664992200780
  0.53552353494949245  0.54581853661944157  0.55634670362826144  0.56724030741908671
  0.57869995599891488  0.59047016384323847  0.60256797717657207  0.61366940163869410
  0.62391265231876081  0.63419662422187562  0.64455537908619442  0.65521003903770869
  0.66563734773510852  0.67620804519151911  0.68711804561875123  0.69779548966386207
  0.70855355629751371  0.71907754749972697  0.72925525197077601  0.73940462851640709
  0.75002570130655710  0.76136858196301771  0.77248226746199611  0.78279504371719322
  0.79289238026232656  0.80325233091544290  0.81412928726361133  0.82498833074357070
  0.83546862909918573  0.84625549377752729  0.85675706270935958  0.86779993174019365
  0.87901583000997996  0.89068386624431295  0.90213078524549928  0.91328848118801265
  0.92433537625462980  0.93524838867466864  0.94600853151279451  0.95693949494448982
  0.96829859188552769  0.97934547029329111  0.98988679445981897  1.00000000000000000
 -0.00293555044302425  0.01128070417757788  0.02295635646681331  0.03452059759174688
  0.04498822442453520  0.05504695547552807  0.06577878242520692  0.07695244400757227
  0.08706610705340945  0.09690925206488177  0.10727292277969337  0.11929401232802106
  0.13130833329578923  0.14331420051175128  0.15512860021386363  0.16633577992381790
  0.17640763164282444  0.18605579385950366  0.19592767005743650  0.20622991823661646
  0.21696825395695379  0.22781958300996080  0.23884269060181271  0.24929362154839493
  0.25913108927826450  0.26821658718858793  0.27590808279630807  0.28261217033129199
  0.28981352129751847  0.29719980848000294  0.30417951711892738  0.31089267868519233
  0.31797510316465438  0.32519765395018702  0.33269188709042868  0.34249590132349678
  0.35343236216672608  0.36443238278483825  0.37554990151209727  0.38702739737484282
  0.39873278415849805  0.41013712261029345  0.42119645218926394  0.43199457290517251
  0.44297148470043818  0.45449433979268561  0.46612738144500859  0.47741900557389083
  0.48841831454402551  0.49923854489421920  0.50878911936495752  0.51871374643850876
  0.52886247227225425  0.53988641994115816  0.55091450216646698  0.56139294118901917
  0.57162264368838389  0.58200434177569638  0.59225145947230173  0.60267437499232157
  0.61260771165435546  0.62234294403190094  0.63222232811610768  0.64277737932987999
  0.65403625886747940  0.66574133926251422  0.67688683227819246  0.68823507381481941
  0.69968702287373763  0.71111315670353437  0.72214399721990052  0.73358470764801198
  0.74549827775806732  0.75757086837762699  0.76939139921583155  0.78058629636430532
  0.79147107508083736  0.80249276709596973  0.81358814934109669  0.82457390324373026
  0.83558589702772335  0.84685336361110697  0.85766082833135182  0.86733953320733803
  0.87677084994103516  0.88649695540080220  0.89684363952694035  0.90744568973942297
  0.91833307505660433  0.92974656886912233  0.94106296852629689  0.95245207598878956
  0.96395902666837285  0.97579578352081853  0.98819053262308687  1.00000000000000000
 -0.01715045205259931  0.09924225351733715  0.13435762891338088  0.15632441497342708
  0.17393155360450971  0.18945794785103146  0.20454816806666798  0.21878899622314224
  0.23205917819377980  0.24449445474879683  0.25575738184465374  0.26623321935615224
  0.27521285565278081  0.28431821574803429  0.29288062291823186  0.30147595156283635
  0.30971271922797744  0.31751655644795695  0.32520818474044633  0.33246577665206178
  0.33919042780572095  0.34579633632464818  0.35248717003170704  0.35939334704729980
  0.36620612915618594  0.37271869627966642  0.37927315640161768  0.38551100515266734
  0.39146179904141992  0.39744837230857261  0.40357675268160931  0.40979594969252120
  0.41580500089436617  0.42165904382682506  0.42760908887503796  0.43355631680909046
  0.43949647398760483  0.44552757486576611  0.45147063754129191  0.45715622257936461
  0.46287256136056315  0.46864462154752079  0.47459981008621810  0.48076212543347119
  0.48672808284649643  0.49207844481265012  0.49724302041159041  0.50244733151409326
  0.50774397598829235  0.51333790610271834  0.51886501915232741  0.52378622779940776
  0.52815725745639575  0.53261940352825021  0.53696760209440486  0.54161715472597183
  0.54657291335676128  0.55203354323947862  0.55718431374445299  0.56231595624178810
  0.56725380844450624  0.57216309169512147  0.57678597275150090  0.58150307527035305
  0.58711075199498064  0.59405273374975920  0.60061665643352424  0.60738040107463820
  0.61401195632082883  0.62067857914214930  0.62744863320061162  0.63433429341494074
  0.64138176336277808  0.64853109927263319  0.65575686522832455  0.66318345539652224
  0.67086672853069462  0.67860660758582936  0.68633555406869518  0.69448136845966779
  0.70274105886821747  0.71153607394126728  0.72094864566290906  0.73082506741736430
  0.74101788406848601  0.75109188274653949  0.76164268397767354  0.77240013665808804
  0.78433818827842161  0.79702507148998503  0.81090258822826189  0.82619693331830291
  0.84406098027832754  0.86611327348899381  0.89927735310542256  1.00000000000000000
   8.4847380944198197E-017  -1.0000000000000000     
 T T T T F T T F F T T F T T T T T T T T F T T F F T T F T T T T T T T T F T T F F T T F T T T T T T T T F T T F F T T F T T T T T T T T F T T F F T T F T T T T T T T T F T T F F T T F T T T T T T T T F T T F F T T F T T T T T T T T F T T F F T T F T T T T
  <DiscreteSampler_grid>
  grouped_processes
  1 # 1 for a reference and 2 for a running grid.
  10 # Attribute 'min_bin_probing_points' of the grid.
  1 # Attribute 'grid_mode' of the grid. 1=='default',2=='initialization'
  0.0000000000000000 # Attribute 'small_contrib_threshold' of the grid.
  0.5000000000000000 # Attribute 'damping_power' of the grid.
 # binID   n_entries weight   weight_sqr   abs_weight
    10   10   2.733082606070179E-004   1.882236707792367E-007   2.733082606070179E-004
    11   10   2.733082606070181E-004   1.882236707792369E-007   2.733082606070181E-004
    16   10   2.761005626899052E-004   1.917583813526546E-007   2.761005626899052E-004
    17   10   2.761005626899052E-004   1.917583813526546E-007   2.761005626899052E-004
  </DiscreteSampler_grid>
