  0.00191299060057397  0.00195059796164274  0.00199075217592033  0.00202980994442643
  0.00207069243875603  0.00211530320999624  0.00216210635911657  0.00221097018844873
  0.00226118322545479  0.00231104684961956  0.00236102019729550  0.00241221770510961
  0.00247034430444904  0.00252988093797853  0.00259241492860073  0.00265892977018401
  0.00272662046555101  0.00279524514608073  0.00286651996834912  0.00293752322238980
  0.00301083974161812  0.00308777236346788  0.00316627202966780  0.00324621226284887
  0.00332761436577780  0.00341103025566686  0.00349816741016751  0.00358779173026513
  0.00367930307068229  0.00377351807492145  0.00387303304170449  0.00397783932468030
  0.00408343438408647  0.00419112635838995  0.00430314901379229  0.00441960107180901
  0.00453996168180828  0.00466351476905465  0.00478951225420372  0.00492140337714229
  0.00506045011286113  0.00520945576022294  0.00536566482575786  0.00553094959831667
  0.00570336614970845  0.00588115782399108  0.00606413690013915  0.00625619600672296
  0.00646002483928034  0.00667182313042734  0.00689408492480292  0.00712124327409107
  0.00736270814956940  0.00762842953183539  0.00790692029039736  0.00820836268575111
  0.00851508798682871  0.00882836265862557  0.00914570050944428  0.00948287079535855
  0.00984681705513699  0.01023541060928331  0.01064993671704706  0.01109807995420414
  0.01158015724958286  0.01208074220437768  0.01260269306054231  0.01316088866578104
  0.01375317499191665  0.01440860881026678  0.01512026037331262  0.01588893946027734
  0.01670687793749482  0.01759790743369787  0.01857705575121786  0.01964794200410849
  0.02081202536919239  0.02206473619327293  0.02343523310176775  0.02497347129481403
  0.02671988464121507  0.02874206460177833  0.03103731493706960  0.03373316982145450
  0.03712198274162921  0.04117883894190823  0.04570839393981168  0.05069596767868677
  0.05650617212682905  0.06405348068997348  0.07411207059102597  0.08812482620119189
  0.11043119404548503  0.15007356702927482  0.25463575707470437  1.00000000000000000
  0.00464426713415016  0.00522211974284451  0.00582637647818234  0.00641808041728901
  0.00700481765893871  0.00763130382360278  0.00826791693882881  0.00891990478158579
  0.00960279626743317  0.01031223741988303  0.01106426657858109  0.01181662629083261
  0.01259022619148444  0.01339889474028073  0.01425818860203164  0.01515694133458750
  0.01607973832243767  0.01704058842706584  0.01805737742576057  0.01912786783251169
  0.02028438418380498  0.02154071330391358  0.02281877151904822  0.02409719466659154
  0.02548587994023923  0.02694696560337899  0.02842256361028579  0.02990619545676249
  0.03144247441637082  0.03304142745637877  0.03470542401799744  0.03654181744622158
  0.03845635535855326  0.04035889646395566  0.04236955720921570  0.04448115934038908
  0.04660265990448528  0.04878832891162412  0.05107649320705153  0.05350572894489955
  0.05608669772387803  0.05870283552970110  0.06134204155312484  0.06406541578961589
  0.06679081938126472  0.06968702781215942  0.07276023891331727  0.07596392808510932
  0.07926529506682237  0.08273750349613036  0.08640465876629549  0.09037427089256629
  0.09463639910208488  0.09893395630872802  0.10313176536339819  0.10735562531241179
  0.11177390656112172  0.11648089928719169  0.12147805322574175  0.12689700957294756
  0.13249760173220382  0.13850552060312041  0.14468385808762591  0.15119915742303683
  0.15798198520556794  0.16508485999232897  0.17229710817426014  0.17959676806364175
  0.18716610621899554  0.19534194889484055  0.20459189788545853  0.21490888029600905
  0.22556018923704915  0.23627829867178057  0.24749188363336408  0.25916134951491110
  0.27123891207688622  0.28334439991484345  0.29616755997097466  0.31027008862522876
  0.32562553347205914  0.34246490535496033  0.36072255751444349  0.38047625617735698
  0.40211798081058103  0.42691196663406672  0.45527825667940386  0.48451840375150523
  0.51586958329415877  0.55087624444201277  0.59210045752945817  0.64056219512011803
  0.69660420020118896  0.76283090334884607  0.85535223006787242  1.00000000000000000
 -0.00249778180054095  0.00898352658896148  0.01952552799090388  0.03026699463162929
  0.04162736115305261  0.05243013810653158  0.06273633817377458  0.07270483131270283
  0.08303982715934698  0.09340395709759614  0.10382196564227396  0.11393879269034987
  0.12436564246425622  0.13489036140431579  0.14578159281345410  0.15683915077079069
  0.16776706888011123  0.17853358565049682  0.18895631875615246  0.19952376786858192
  0.21009370701074823  0.22020915221923201  0.23018517997541182  0.23991337049132702
  0.24960037858524659  0.25937698622447047  0.26954205191018349  0.28016879105680120
  0.29123939795227533  0.30216563923063033  0.31309443574190232  0.32353638869295620
  0.33380513999814088  0.34396130126644148  0.35405559684602772  0.36405488504449657
  0.37427066186786329  0.38474196110091441  0.39555653144200764  0.40626833827002662
  0.41734536767894326  0.42866484900771257  0.43966934222294718  0.45037235957499094
  0.46104601803199230  0.47175899454902454  0.48223291370309984  0.49232339384692797
  0.50226005638863980  0.51236372642331340  0.52273034764280391  0.53362048004309282
  0.54484356504259557  0.55608233051571854  0.56685147634375732  0.57712352228108843
  0.58707210517520703  0.59703339957072554  0.60721700567667714  0.61793040563907253
  0.62881759303261997  0.63943343081895387  0.64975594251505875  0.65944467694137732
  0.66930740830243751  0.67892050919306746  0.68869915089243394  0.69875989411212791
  0.70893323304422029  0.71956646645605160  0.73029785363676014  0.74044715009346673
  0.75076077371779926  0.76048149113985475  0.77079121587599697  0.78139899510234423
  0.79253669463444332  0.80351636342751043  0.81422469728406122  0.82507971509005751
  0.83643074907927750  0.84833818130683758  0.86077270220619329  0.87304796863698109
  0.88419200035437706  0.89464773712726009  0.90474035406176478  0.91482125869437525
  0.92483677840389411  0.93506856351349732  0.94591289878738183  0.95708746661407851
  0.96785611604095345  0.97854148958812792  0.98914855492283638  1.00000000000000000
 -0.00269035920273588  0.01033642174454474  0.02171807968278215  0.03280389548774994
  0.04421508536111151  0.05527520713231939  0.06547219252218969  0.07461717410102899
  0.08374300568115510  0.09291075794559112  0.10241327074009278  0.11223256097870109
  0.12200831475879606  0.13225624961565990  0.14292143370866570  0.15350549903377514
  0.16413530520384884  0.17503767717618748  0.18631843981306095  0.19756282735632205
  0.20865060988505221  0.21944745074806310  0.23022115783279154  0.24091956841093551
  0.25139927047138766  0.26201037067156940  0.27282320197399446  0.28359664687430336
  0.29414565124421893  0.30495830797686135  0.31520570935715242  0.32519284912888863
  0.33512337989383517  0.34529187192138322  0.35609286997227269  0.36711508738332943
  0.37828531453874464  0.38931138247497771  0.39977874936539409  0.41023754869598417
  0.42014982307341048  0.43011874978294851  0.44069664178138324  0.45120776109959349
  0.46119662410774320  0.47093299519302267  0.48078035474983288  0.49143029646635122
  0.50212573729459697  0.51311782938300121  0.52410643205051921  0.53473472520860410
  0.54535257871907683  0.55550914116975136  0.56578256014147732  0.57590906821067533
  0.58609056007853078  0.59623350013307697  0.60653219361032407  0.61700179511026376
  0.62782446193408947  0.63846020787659652  0.64904176045534989  0.65957738923970666
  0.66996676508861597  0.68024179634941850  0.69047070259858578  0.70086729578720652
  0.71147815388985791  0.72230813351036960  0.73313467586799042  0.74413593425806746
  0.75489591770111164  0.76527465827282026  0.77577229442706519  0.78647265524331345
  0.79757274620731877  0.80907986782892782  0.82072338519732890  0.83228154408968402
  0.84326576971376488  0.85398982123066403  0.86446678350014661  0.87485968552292104
  0.88519459976311654  0.89572102082974214  0.90625505081707614  0.91654939222106646
  0.92570549209912179  0.93533717426496310  0.94557993423453435  0.95643904096843158
  0.96730330972382561  0.97777762823096848  0.98897875317613460  1.00000000000000000
 -0.00245313711519513  0.00919956531448104  0.01935332514740730  0.03003379193753395
  0.04076559769133241  0.05138153880505250  0.06190420391616262  0.07250944841095409
  0.08301920307447863  0.09384151923762479  0.10477424882242109  0.11619267029939519
  0.12743704351710589  0.13847527457675141  0.14915451685239037  0.15978931358208184
  0.17045739282037184  0.18120681008224504  0.19193825431255782  0.20247690872967530
  0.21264210994197966  0.22288899398372816  0.23324434767232263  0.24337182963234064
  0.25325362010561570  0.26327702326017965  0.27345746151388711  0.28304399485360365
  0.29227672769547153  0.30134388860126560  0.31063708682821628  0.32012305307351102
  0.32991633098368822  0.34041345541780160  0.35133695493062994  0.36176898188303508
  0.37204060761488622  0.38281831499065333  0.39389005694674983  0.40468186401410905
  0.41543639525435239  0.42609692053002834  0.43657067642342939  0.44680992936584796
  0.45682615889817713  0.46704644972172993  0.47686605003990307  0.48681892687325873
  0.49685031159585885  0.50729581215104436  0.51798734790104850  0.52842609685160857
  0.53907025290087629  0.54966621118569914  0.56047603321694828  0.57133764257999753
  0.58218102299083885  0.59286352726405556  0.60354970783499395  0.61431270608287269
  0.62512147073243518  0.63573698264019873  0.64607845417564891  0.65627911338819234
  0.66626092818138127  0.67624344737359687  0.68664322782671816  0.69744817934840520
  0.70873278807482620  0.72009882750631260  0.73150330307518308  0.74273312974596783
  0.75367599976187738  0.76447560598974240  0.77541662437037573  0.78611330261774315
  0.79663961938627215  0.80713155904875655  0.81784018271537151  0.82857056635698811
  0.83879986351144820  0.84905644916375345  0.85944804124884355  0.87066598619911406
  0.88229268374625425  0.89335059658407434  0.90408810180984112  0.91453237915069741
  0.92548063880452247  0.93688862956606045  0.94800221824973174  0.95867951612814195
  0.96898638383645330  0.97938110994150229  0.98960249862756655  1.00000000000000000
 -0.00271194735336945  0.01042999962650002  0.02090805516874596  0.03133664417177454
  0.04144569602577636  0.05134936727340347  0.06125475633320627  0.07154903709187128
  0.08205132933595975  0.09290988311236134  0.10380400157072664  0.11422233922466725
  0.12482924451564446  0.13538238750773804  0.14590127347973578  0.15609194162999362
  0.16630564798651409  0.17671734184113347  0.18712585155069228  0.19737955877172217
  0.20797148140448998  0.21901238637521508  0.23020100999349546  0.24126240743059665
  0.25197757534551452  0.26249367884721919  0.27291042987486169  0.28326712260169046
  0.29362739021124951  0.30389314527780592  0.31437763492650217  0.32500286969114556
  0.33575528130843468  0.34671389974186811  0.35804211913481460  0.36966755825963943
  0.38081044916040391  0.39156336462853930  0.40208547546323170  0.41208196228833605
  0.42195273724784976  0.43173006533265984  0.44176353777330313  0.45210219964996196
  0.46248160963489071  0.47305503134841859  0.48376217080540335  0.49436808777232821
  0.50490984320065357  0.51537912767794880  0.52604455372897896  0.53603266565518171
  0.54591708423841445  0.55586492509998409  0.56647659876852174  0.57775851852731330
  0.58913314898959079  0.60057159624375278  0.61146682938905483  0.62215563328951029
  0.63279335350278765  0.64343559147468810  0.65421444594363487  0.66469493984477923
  0.67489529407751614  0.68531279219183716  0.69558860326527194  0.70617909977669513
  0.71650391754329990  0.72695058219869990  0.73740600116543209  0.74790501316045399
  0.75838484921216187  0.76906813582423039  0.77921395824047412  0.78942128557822278
  0.80004678129323958  0.81033214166424750  0.82046802170490296  0.83053223740634885
  0.84056701866354322  0.85072442701039375  0.86098630576561885  0.87122254773274499
  0.88160780206371492  0.89182015397037662  0.90203209564623077  0.91251877141600446
  0.92323769073647344  0.93473700749916799  0.94617540263443956  0.95743577498480947
  0.96817935028269475  0.97899453551862814  0.98931297897031967  1.00000000000000000
 -0.00242483571683603  0.00939479840236856  0.01899320865669864  0.02916294147117398
  0.03954161655321849  0.05007078511263311  0.06032173334705995  0.07127323397358898
  0.08245285424919975  0.09314811018577270  0.10374921065470891  0.11443139916536167
  0.12503160804566693  0.13563786533924574  0.14595766413940656  0.15652141931812483
  0.16737598237316684  0.17845528069573352  0.18922416812546181  0.19978516551685363
  0.20976078854490049  0.21972125785258292  0.22967713656635075  0.24000302009777105
  0.25076377309328729  0.26198400705211988  0.27337330645990204  0.28489085905883460
  0.29613590719813271  0.30697716645125112  0.31777015801507885  0.32884744535965726
  0.34007568533689853  0.35085300912616973  0.36133455929438268  0.37215720352299231
  0.38327007147782371  0.39444086071561935  0.40588565065626542  0.41683031158831207
  0.42689281599898393  0.43691278063198125  0.44715821789632215  0.45739457893331359
  0.46738447828877439  0.47733876294152194  0.48806819523331268  0.49915958401637578
  0.51063358329477948  0.52216387332310032  0.53268487856122027  0.54289917330488169
  0.55256155630025616  0.56217098028322399  0.57150315903321147  0.58104392038901997
  0.59128357464122272  0.60171666335663143  0.61212019564748199  0.62263263346215614
  0.63336832767212115  0.64425091089505926  0.65520944741611120  0.66618771355029494
  0.67651095033583430  0.68619692674596533  0.69569066492133669  0.70469052014452427
  0.71444160751157715  0.72414497648195963  0.73451843393729876  0.74505247362692395
  0.75567288914379915  0.76647881557568731  0.77706029731807769  0.78752290769912048
  0.79784580416215445  0.80828788022784415  0.81882962688286709  0.82945017234657625
  0.83997791517845866  0.85022104966014111  0.86054057104181869  0.87070420222276312
  0.88090601452393924  0.89085700023956749  0.90103792571019758  0.91170373247306125
  0.92293432764461014  0.93493765764578063  0.94730164795161054  0.95890211392314029
  0.96940546191070553  0.97958882397453673  0.98982717622976790  1.00000000000000000
 -0.00264892369485320  0.00927332641606460  0.01966799773785316  0.03057142897989426
  0.04139719686722582  0.05242056789858313  0.06307843566069436  0.07325337478274589
  0.08329432797623974  0.09353975684298406  0.10399281913240513  0.11434165288135625
  0.12455050685032869  0.13493129491946043  0.14523279214961796  0.15518289512593325
  0.16532951496773468  0.17546774690824854  0.18580503952902133  0.19618128659522893
  0.20665741309812286  0.21729326731494283  0.22836315285348782  0.23952917350597996
  0.25034334232943106  0.26080860271367312  0.27121461248329959  0.28187502819854870
  0.29246551129898968  0.30336942129555505  0.31405829399449448  0.32457490121533789
  0.33493921718825076  0.34509957569912370  0.35519591449178056  0.36532848291411685
  0.37529730611499051  0.38573864528800123  0.39624416161615211  0.40685378644520070
  0.41734433942752619  0.42743547197002968  0.43786216032077685  0.44864678141532643
  0.45959871438342670  0.47061924116108783  0.48112708478594457  0.49149123525737198
  0.50168889369260117  0.51237468900584049  0.52296978189920129  0.53348100171565849
  0.54420781317070932  0.55534709969642071  0.56641582329962314  0.57710352909306406
  0.58771295394685663  0.59839969931866022  0.60943572794521605  0.62063819055676617
  0.63154110140743658  0.64224886272049164  0.65264818281119974  0.66337129173493947
  0.67381597669455084  0.68386303494836886  0.69417505260105827  0.70467831559915928
  0.71566556143844573  0.72666104904951567  0.73742726488470434  0.74810558142786632
  0.75856102282166049  0.76909052113479548  0.77927906836783745  0.78959009371880329
  0.79947575197688869  0.80924578744186582  0.81894963777392871  0.82867704385259833
  0.83892017290721355  0.84957317362038509  0.86065123144557698  0.87243641476120026
  0.88384838759353923  0.89488189038786914  0.90533293861573183  0.91560401908532496
  0.92623893769689247  0.93669582310841604  0.94692461659286642  0.95725967587979321
  0.96767580546763332  0.97865397142569510  0.98918224466684901  1.00000000000000000
   8.2836650245413376E-012  -1.0000000000000000     
 T T T T T T T T T T T T T T T T T T T T T T T T T T T T T T T T T T T T T T T T T T T T T T T T F F F F F F F F F F F F F F F F F F F F F F F F F F F F F F F F F F F F F F F F F F F F F F F F
  <DiscreteSampler_grid>
  grouped_processes
  1 # 1 for a reference and 2 for a running grid.
  10 # Attribute 'min_bin_probing_points' of the grid.
  1 # Attribute 'grid_mode' of the grid. 1=='default',2=='initialization'
  0.0000000000000000 # Attribute 'small_contrib_threshold' of the grid.
  0.5000000000000000 # Attribute 'damping_power' of the grid.
 # binID   n_entries weight   weight_sqr   abs_weight
    10   10   1.152882228860994E+005   5.098411744605540E+010   1.152882228860994E+005
    16   10   1.179812153076545E+005   4.234195556885005E+010   1.179812153076545E+005
    22   10   1.179812153076545E+005   4.234195556885002E+010   1.179812153076545E+005
    28   10   1.152882228860994E+005   5.098411744605540E+010   1.152882228860994E+005
    34   10   1.152882228860994E+005   5.098411744605544E+010   1.152882228860994E+005
    40   10   1.179812153076545E+005   4.234195556885007E+010   1.179812153076545E+005
    46   10   1.152882228860994E+005   5.098411744605540E+010   1.152882228860994E+005
    52   10   1.179812153076545E+005   4.234195556885005E+010   1.179812153076545E+005
  </DiscreteSampler_grid>
