  0.00000009388354015  0.00000009785132069  0.00000009991550321  0.00000010185063093
  0.00000010403947194  0.00000010634473313  0.00000010865003972  0.00000011102321823
  0.00000011350618602  0.00000011625368659  0.00000011914807693  0.00000012203786351
  0.00000012493690887  0.00000012785597363  0.00000013083511713  0.00000013393634290
  0.00000013714903207  0.00000014058870574  0.00000014417055981  0.00000014780229891
  0.00000015144170161  0.00000015511078387  0.00000015882521582  0.00000016254648780
  0.00000016637581101  0.00000017055942769  0.00000017492666178  0.00000017947718760
  0.00000018397672057  0.00000018860856678  0.00000019321088969  0.00000019767060758
  0.00000020246693078  0.00000020778978824  0.00000021336073202  0.00000021915071431
  0.00000022515442805  0.00000023129168079  0.00000023741157822  0.00000024399131555
  0.00000025162114671  0.00000025930527954  0.00000026702269114  0.00000027472769137
  0.00000028257228876  0.00000029076224765  0.00000029969484193  0.00000030962625253
  0.00000031987278336  0.00000033020324764  0.00000034046173785  0.00000035045839963
  0.00000036299103070  0.00000037637857028  0.00000039029836235  0.00000040473657471
  0.00000041954149468  0.00000043537836942  0.00000045240676820  0.00000046984627818
  0.00000048742386577  0.00000050619740600  0.00000052763693190  0.00000055163353604
  0.00000057610931284  0.00000060052451971  0.00000062695216451  0.00000065739282371
  0.00000068936824330  0.00000072175737192  0.00000075716952653  0.00000079776633372
  0.00000084099705288  0.00000088663033518  0.00000093902384273  0.00000099709344154
  0.00000105712854637  0.00000112682221776  0.00000120613793189  0.00000128678428565
  0.00000139094085452  0.00000150440465630  0.00000163290128951  0.00000178854378895
  0.00000196154029384  0.00000216699554641  0.00000241047255985  0.00000272002238200
  0.00000312272844428  0.00000368077727333  0.00000447750380445  0.00000574062181947
  0.00000860128753501  0.00002029299377744  0.00022190185579726  1.00000000000000000
  0.00000021155771317  0.00000024244109886  0.00000027428989417  0.00000030513134909
  0.00000033984153858  0.00000037753396481  0.00000041489370634  0.00000045023548556
  0.00000048719498877  0.00000052513487704  0.00000056525402937  0.00000060767004531
  0.00000065167747404  0.00000069933876814  0.00000074726498176  0.00000079865666144
  0.00000085458631432  0.00000091125197095  0.00000097205329150  0.00000103642272165
  0.00000110273517719  0.00000117433502537  0.00000125042250336  0.00000132699105836
  0.00000140558696402  0.00000149176388007  0.00000157855806699  0.00000166309678229
  0.00000175380122782  0.00000184446082973  0.00000193605051831  0.00000203903077618
  0.00000215165003217  0.00000226986032477  0.00000239325878984  0.00000252269710702
  0.00000265581540819  0.00000278969562540  0.00000292612693900  0.00000306926742682
  0.00000322144305792  0.00000337194422632  0.00000353466692384  0.00000370474407118
  0.00000387425173638  0.00000404681864583  0.00000423575408428  0.00000444693409138
  0.00000467068150228  0.00000490074238031  0.00000514270106621  0.00000540137104629
  0.00000566861459886  0.00000593409701378  0.00000623059034499  0.00000656116746228
  0.00000689599273015  0.00000721764300757  0.00000755781866636  0.00000793864958325
  0.00000834379727646  0.00000877354436477  0.00000923404068650  0.00000973216678541
  0.00001024715909158  0.00001078955609445  0.00001137019246705  0.00001198620549875
  0.00001261822945892  0.00001328925911596  0.00001398574460938  0.00001469224335821
  0.00001540277891459  0.00001623959413564  0.00001716893473060  0.00001813774945461
  0.00001919418160431  0.00002041272003070  0.00002172163924449  0.00002313201198874
  0.00002484556371493  0.00002675502972377  0.00002898102018727  0.00003161288840510
  0.00003454035091046  0.00003861538707691  0.00004415847758929  0.00005128111603052
  0.00005817675007906  0.00006476588306898  0.00007186670743813  0.00008143694524764
  0.00010262904930172  0.00034804403757931  0.00081120439440615  1.00000000000000000
 -0.00238021687603346  0.00927142594533161  0.01891053410145701  0.02946349027953731
  0.03988691518337727  0.05049864762403274  0.06132008744625490  0.07221829808924514
  0.08319582717334154  0.09431180682349315  0.10534258992533793  0.11629238155783149
  0.12703882632996122  0.13749769587174848  0.14799418886935437  0.15838387020674907
  0.16944073134189375  0.18045965943057438  0.19118145482418170  0.20203744941956464
  0.21338475580102176  0.22525430791560969  0.23680670979344492  0.24791002434916401
  0.25909272339712858  0.27072481405643739  0.28291251535422834  0.29494425683529574
  0.30609105521294117  0.31668930924951338  0.32714857072179254  0.33741931819900334
  0.34753590812268537  0.35787281033673185  0.36801871857567592  0.37865710676299869
  0.38906145049348168  0.39981073369860370  0.41057931815058307  0.42148936635804984
  0.43231154467793492  0.44277408931572221  0.45326497955262840  0.46401336765896745
  0.47484160061002106  0.48571812577633572  0.49633125500649256  0.50643314124382655
  0.51620734088654185  0.52562317656357604  0.53495600071989768  0.54432722926100852
  0.55395688820617806  0.56418396344079325  0.57403177314024212  0.58376563587776176
  0.59350425079864633  0.60338243495223798  0.61355617043809407  0.62394812062091598
  0.63445782879247326  0.64476174724264601  0.65474319297669648  0.66495207599586870
  0.67507997294583078  0.68520199937416526  0.69489113030751803  0.70425235647085105
  0.71387507429982511  0.72341123358118609  0.73320395334242683  0.74307851404646141
  0.75379199222805804  0.76495051206734155  0.77603634033701341  0.78716822064120517
  0.79790233026138879  0.80868499662166182  0.81932231243867593  0.83016910690013890
  0.84058812376514647  0.85097535384015155  0.86160813008445702  0.87269138679955993
  0.88389779854662154  0.89474120234792887  0.90501377998113075  0.91519990230533244
  0.92533402054887515  0.93556634216309320  0.94585684370917578  0.95619719096578204
  0.96705524506298968  0.97760717598997982  0.98878158754498591  1.00000000000000000
 -0.00248870317249214  0.00956016762832853  0.01954657449519329  0.03003684889959707
  0.04058131175513117  0.05147261089553615  0.06240486177701096  0.07381496572429661
  0.08498819906290141  0.09599076219931439  0.10717543259593953  0.11767364782031257
  0.12778106404643394  0.13791498509936756  0.14807949430904604  0.15863943287184623
  0.16924525747732533  0.17992058526161758  0.19065824630934428  0.20177752037907540
  0.21278075824084416  0.22381009059491261  0.23479361283774741  0.24547111671108585
  0.25540146312572548  0.26549517429624747  0.27602737101876629  0.28698083479790765
  0.29730954259134673  0.30740664920935967  0.31716623743561395  0.32703980598222238
  0.33733727405741576  0.34765045621180818  0.35756413806837645  0.36662689309887719
  0.37546730017370500  0.38485204524580824  0.39495837677914042  0.40572533979354275
  0.41673978214076352  0.42751722817548121  0.43785047968667667  0.44759613561461775
  0.45722727155280890  0.46722761201610230  0.47776264564174353  0.48847201658247058
  0.49870135052794778  0.50872111920471985  0.51882945374273348  0.52962246801316915
  0.54056706035697255  0.55126344863448262  0.56192560447889628  0.57198927347075990
  0.58198272097913040  0.59195262254249537  0.60221571324164702  0.61315437826041119
  0.62371822581966563  0.63396737027997330  0.64383451078337939  0.65359054688866847
  0.66343792063440066  0.67352332245169100  0.68395448813851267  0.69453920838918259
  0.70550298038174741  0.71693554932326087  0.72807496853119447  0.73893131362227382
  0.74932259723186689  0.75977050687167580  0.77041163871889684  0.78108411118494181
  0.79221689573026066  0.80359574355668972  0.81493430275494028  0.82574637116372618
  0.83620992844196917  0.84721858138858575  0.85840427063085467  0.87006852513868604
  0.88156398042774986  0.89286184351628450  0.90365954151683681  0.91494415352438341
  0.92586779460715174  0.93674325887116827  0.94736136193197829  0.95773993897581888
  0.96815284877035668  0.97841295740880851  0.98901124449214228  1.00000000000000000
 -0.00220211683697822  0.00800828351266747  0.01666251395175890  0.02553734734069511
  0.03469864010476028  0.04388499683851584  0.05314547872208965  0.06231799828994127
  0.07173650391202178  0.08057759606155004  0.08971235122365230  0.09899829942726121
  0.10902991721556758  0.11925480154301396  0.12942005445039889  0.13955836224241874
  0.15024342506863828  0.16126362613386641  0.17224894986817935  0.18313600867242444
  0.19365893585150096  0.20383246631187402  0.21380282262794578  0.22358826853568317
  0.23355508215968446  0.24380763567896699  0.25447713275427059  0.26519265462477237
  0.27563006447117339  0.28581234732746397  0.29617085950309036  0.30663155030265427
  0.31741353777038883  0.32830411604804965  0.33962443515858481  0.35097822323195071
  0.36183857451257556  0.37259951484312742  0.38367477570154812  0.39505808607556275
  0.40654036751810185  0.41823892255895534  0.43022837308160750  0.44149363942834108
  0.45218640291456880  0.46294480046293546  0.47351182715119039  0.48445041113021292
  0.49533734242563127  0.50674587603321697  0.51735149032666783  0.52829785295475684
  0.53972297354411258  0.55163735757372978  0.56308678346457575  0.57382662959983832
  0.58455087750370549  0.59538475482233377  0.60603055315739518  0.61659345312911140
  0.62728790916325172  0.63823444912967231  0.64882091831982291  0.65916496104035793
  0.66970362806801298  0.68060175969821790  0.69179737810391428  0.70298720059862330
  0.71458851267015999  0.72640200898531215  0.73833388546283019  0.75015858473345143
  0.76123371506381554  0.77246508733862518  0.78348718527704775  0.79463447655834940
  0.80580491635878271  0.81727308730864767  0.82854300679056569  0.83906909240370375
  0.84932448309863318  0.85953610047863460  0.87011884771098680  0.88048622041863445
  0.89019380602269527  0.89982750631585084  0.90957482592066152  0.91923796779343026
  0.92906348023130914  0.93901964530730064  0.94937568419884311  0.95988443135644619
  0.97032048966285123  0.98046048082539061  0.99048745432028729  1.00000000000000000
 -0.00259735481985469  0.00930251871005526  0.01976163956307545  0.03015182416324125
  0.04074764650129771  0.05130119294480184  0.06216228172113091  0.07310024881305827
  0.08410148941789169  0.09494903615161275  0.10512985703929029  0.11510374659088220
  0.12508469326317537  0.13535952819145097  0.14558570305155535  0.15615968709302133
  0.16656284660561943  0.17695533537974262  0.18704672659779992  0.19735708261093776
  0.20742258916058159  0.21716645774773166  0.22675006283780483  0.23674922151493219
  0.24722250558780615  0.25787282742571521  0.26850070544022808  0.27934332370395543
  0.28987411353840831  0.29984749501549657  0.30975473346545501  0.31993455930471565
  0.33008480943041263  0.34047379389935550  0.35059873762906779  0.36060170771711425
  0.37033868029599742  0.38102707118730639  0.39297627238441413  0.40500286252819390
  0.41610538421433108  0.42655681445951854  0.43696781761165726  0.44816991086910873
  0.45889862169580475  0.46905164504833385  0.47889724473923700  0.48940478664617942
  0.50016024216642196  0.51113476335867936  0.52222628754553679  0.53336757022075143
  0.54442149355809411  0.55523975858751751  0.56550042757855756  0.57544514152243498
  0.58546082554145606  0.59575084466252282  0.60616213915995409  0.61675700558338442
  0.62809845544471221  0.63970785800695085  0.65112014614767622  0.66213508206166871
  0.67321089921038801  0.68418283047548856  0.69536896374662860  0.70621770908447634
  0.71710131908883568  0.72783769335239146  0.73824443884483970  0.74843684059994930
  0.75833416091505912  0.76861975021142104  0.77962466958068077  0.79040286434628604
  0.80066913437163445  0.81033153427684490  0.82092729910611395  0.83191430088596807
  0.84246399475753864  0.85269989252336953  0.86300493244329501  0.87336680314180237
  0.88330667676460262  0.89322292372298695  0.90353219895990888  0.91406111586402439
  0.92500049477803514  0.93621640665857964  0.94805792226567642  0.95964137343568623
  0.97003447860093128  0.98043292816782146  0.99016302882668650  1.00000000000000000
 -0.00199601968216140  0.00669748380301780  0.01508209349355307  0.02352973908190315
  0.03245287806280089  0.04191649111233467  0.05168297002723645  0.06133086875375329
  0.07060679676574629  0.07972239290763507  0.08880451633877842  0.09797618403160574
  0.10731841465028670  0.11684070600035937  0.12688352440060716  0.13752587787324003
  0.14845146062487988  0.15926542182080217  0.16973948923276844  0.18016196184452768
  0.19068555878845539  0.20162485463022245  0.21269015646111827  0.22354074290377995
  0.23435204083440841  0.24529514007393247  0.25627067924345875  0.26717343274244465
  0.27876281810832554  0.29107077305999429  0.30382300067750206  0.31636020517523589
  0.32849451813603081  0.34006150459849160  0.35091438474247000  0.36153943083727991
  0.37167635421955442  0.38172535926908829  0.39233455845173432  0.40392324195608414
  0.41629453207883538  0.42883818335768337  0.44163707662319673  0.45452056565817756
  0.46769611478208545  0.48118545944361985  0.49425702994774318  0.50689780983354948
  0.51908670762270703  0.53045761120726076  0.54178748223928141  0.55373309168579077
  0.56619848898354963  0.57870982021011530  0.59062253895643879  0.60196348952441558
  0.61283168625234030  0.62402585196261606  0.63560409311609078  0.64760759091389464
  0.65976566920859447  0.67184290712136319  0.68348086659094054  0.69448659300680671
  0.70518695196699843  0.71598352626970041  0.72703299577065861  0.73800899471591352
  0.74854742278622077  0.75888271237615046  0.76920003257230241  0.77953625222215750
  0.78974415051026581  0.79985612176522869  0.81004431705862778  0.82023156701068822
  0.83006031158071003  0.83957891056210932  0.84909795892523265  0.85893250309730562
  0.86898041647400026  0.87866968854519623  0.88789094349367947  0.89689231429443927
  0.90600373863638617  0.91528913749073215  0.92435866793881971  0.93360859237791749
  0.94293401990659609  0.95172955265524561  0.96017870742960476  0.96822947892053657
  0.97643249897910034  0.98446214725701331  0.99221324811739431  1.00000000000000000
 -0.00213098450902134  0.00837058451959013  0.01790787641561066  0.02865800070999334
  0.03933977558396370  0.05002164119394514  0.06055622400105948  0.07056373103501350
  0.08079297429928312  0.09135100597155170  0.10245357385464667  0.11365303246499286
  0.12459722088575431  0.13577852836088916  0.14664312166434426  0.15731309338209104
  0.16754915908134790  0.17786771908079252  0.18828836145504960  0.19964930942261561
  0.21107291333437475  0.22208875450278653  0.23244288294300061  0.24291757245418960
  0.25374140233768411  0.26481498909917262  0.27603901931007663  0.28701099750042136
  0.29721301854034277  0.30735496757085984  0.31764247447901117  0.32834230215731386
  0.33870610666682793  0.34874121903052169  0.35843841703598733  0.36838392818105786
  0.37837255479703585  0.38861121605331145  0.39916641530136121  0.40992631237020438
  0.42023413387756520  0.43025381557402337  0.44056205987490055  0.45155337537716900
  0.46283774247794263  0.47377274294893545  0.48406054010603150  0.49397372814813667
  0.50414675291960198  0.51421373631914891  0.52414921468113407  0.53437979056865970
  0.54480987414425486  0.55561585608555875  0.56637053839653795  0.57678029298304900
  0.58697364777947092  0.59695053361505734  0.60663967802015117  0.61612647019985634
  0.62574930305478216  0.63561544870478659  0.64542922760780541  0.65511358585157209
  0.66502622880848106  0.67543503008522632  0.68613303188865638  0.69686105634758200
  0.70825334946909702  0.71949130408245121  0.73063246587067432  0.74157348356304575
  0.75254162024150340  0.76382561148475681  0.77501530551738129  0.78600720179080008
  0.79663392628567531  0.80700714280516384  0.81735700863956984  0.82777451318672435
  0.83844110381064052  0.84944308035122207  0.86022480448747041  0.87097978970911893
  0.88179586049574366  0.89286511940887658  0.90405052344095760  0.91518683041726867
  0.92566646029804911  0.93625988724872256  0.94640935299750406  0.95727935974512912
  0.96814104146625490  0.97864965055300168  0.98948427889197210  1.00000000000000000
 -0.00202380896493615  0.01083791112383108  0.02149859500479405  0.03165400123519807
  0.04205171619807231  0.05239169221953270  0.06289893807958187  0.07340273748218025
  0.08372445990243640  0.09354961073204041  0.10344586595219439  0.11328964978749892
  0.12345093525745489  0.13383193038641117  0.14445564377695150  0.15526657723484005
  0.16586763009429817  0.17601467467473397  0.18620667949875258  0.19655584743942667
  0.20691971097573958  0.21671814318222629  0.22623096985864924  0.23597494245000941
  0.24606044906393282  0.25647171803428015  0.26671966251180063  0.27768260125892158
  0.28947852903667221  0.30137512590126470  0.31312971623810404  0.32437447996641927
  0.33533299469418781  0.34625544995802121  0.35744876815407300  0.36825131960138757
  0.37907796796345261  0.38957848011822493  0.39983977802394149  0.40987468530335947
  0.42014223618044216  0.42986004576745945  0.43985783321912364  0.44944469982507140
  0.45915031351471691  0.46925415461210479  0.47951615787290225  0.48948887910073574
  0.49951877700288677  0.50963159519299661  0.51980459961028103  0.52965490937785353
  0.53957640469153234  0.55033856229028399  0.56197870823583018  0.57359316070800370
  0.58513180769664563  0.59627280428555496  0.60704563838841563  0.61750979138814044
  0.62776726214804690  0.63803208629550878  0.64837964907967294  0.65881066912505415
  0.66947246288893902  0.67998990029889916  0.69132525177929982  0.70211965812239718
  0.71241089800556878  0.72207319280851645  0.73130681122945873  0.74057643083520897
  0.75020617596272776  0.76026922656756601  0.77058794020644605  0.78060045378826004
  0.79105188935844428  0.80140308565382767  0.81199936693062602  0.82254589574209414
  0.83346895612774385  0.84506940887438520  0.85710829480743900  0.86892656270185298
  0.88040464268823249  0.89164343860520856  0.90231305978516552  0.91294831573911450
  0.92353363957356793  0.93417837867663156  0.94472653350284197  0.95522379956521219
  0.96647961611926736  0.97750228830784525  0.98883024621887217  1.00000000000000000
 -0.01871137369183683  0.11374047280975996  0.15849489317885179  0.19174934594441759
  0.21683536075690121  0.23694995403961250  0.25527314700808229  0.27280676452259039
  0.28940945894745035  0.30488680680527047  0.31974745625112838  0.33407040231755936
  0.34762069727530231  0.36088734131965261  0.37376447752713277  0.38648224220713456
  0.39849018413725668  0.40984086358660432  0.42075908405820595  0.43132510032028137
  0.44164854358779465  0.45161244127660216  0.46159589127155204  0.47145159928844416
  0.48108327843582593  0.49027843466028298  0.49964123509267289  0.50921700787327284
  0.51877913812734344  0.52770610100141679  0.53609176246323342  0.54424819718777562
  0.55239168562142338  0.56034402496699087  0.56811709978150104  0.57566725920259765
  0.58356632865072289  0.59200032643826994  0.60092601824557434  0.60967845145778177
  0.61793349025425626  0.62581136940020243  0.63332636978011059  0.64050772497297870
  0.64750083632068034  0.65438901522053183  0.66120662651277118  0.66803738220607878
  0.67488986098936299  0.68181373753065433  0.68872573462606823  0.69532063802950617
  0.70186021635647200  0.70808021235346319  0.71384949861220615  0.71954099239709712
  0.72516249894931872  0.73056227729555934  0.73564005847936897  0.74073203456050596
  0.74599893229216052  0.75142516512193724  0.75676204818486226  0.76178170617716101
  0.76659447397861069  0.77145169197608887  0.77643638880928456  0.78152342158727472
  0.78672989638363144  0.79166806288879199  0.79670212939089546  0.80183243385832903
  0.80708016971430774  0.81259225026964232  0.81806114367996330  0.82331832624934431
  0.82849649329798303  0.83360630888783604  0.83871635288695612  0.84399224719508437
  0.84923616020005410  0.85464657667294563  0.86011775459950024  0.86579423051854665
  0.87161245622147854  0.87743356701615394  0.88321243625427304  0.88917693770907313
  0.89565965554046156  0.90271619103314793  0.91004786420752393  0.91795225742164688
  0.92725935562421835  0.93953368133016268  0.95884343446924081  1.00000000000000000
   6.2067797734490064E-008  -1.0000000000000000     
 T T T T T F T T T T F T T T T T F F F F F F F F F F F F F F F F F F F F F F F F F F F F F F F F T T T T T F T T T T T T T T T T T T T T T F T T T T F T T T T T F F F F F F F F F F F F F F F F F F F F F F F F F F F F F F F F T T T T T F T T T T T T T T T T
  <DiscreteSampler_grid>
  grouped_processes
  1 # 1 for a reference and 2 for a running grid.
  10 # Attribute 'min_bin_probing_points' of the grid.
  1 # Attribute 'grid_mode' of the grid. 1=='default',2=='initialization'
  0.0000000000000000 # Attribute 'small_contrib_threshold' of the grid.
  0.5000000000000000 # Attribute 'damping_power' of the grid.
 # binID   n_entries weight   weight_sqr   abs_weight
    10   10   3.207674279479536E+000   5.937083919388009E+001   3.207674279479536E+000
    11   10   3.207674279479533E+000   5.937083919387991E+001   3.207674279479533E+000
    16   10   3.194742999525720E+000   5.188841998587240E+001   3.194742999525720E+000
    17   10   3.194742999525716E+000   5.188841998587218E+001   3.194742999525716E+000
    22   10   3.194742999525720E+000   5.188841998587240E+001   3.194742999525720E+000
    23   10   3.194742999525716E+000   5.188841998587218E+001   3.194742999525716E+000
    28   10   3.207674279479538E+000   5.937083919388012E+001   3.207674279479538E+000
    29   10   3.207674279479533E+000   5.937083919387995E+001   3.207674279479533E+000
    34   10   3.207674279479538E+000   5.937083919388012E+001   3.207674279479538E+000
    35   10   3.207674279479535E+000   5.937083919387997E+001   3.207674279479535E+000
    40   10   3.194742999525720E+000   5.188841998587240E+001   3.194742999525720E+000
    41   10   3.194742999525716E+000   5.188841998587218E+001   3.194742999525716E+000
    46   10   3.207674279479538E+000   5.937083919388012E+001   3.207674279479538E+000
    47   10   3.207674279479535E+000   5.937083919387997E+001   3.207674279479535E+000
    52   10   3.194742999523698E+000   5.188841998587223E+001   3.194742999523698E+000
    53   10   3.194742999525716E+000   5.188841998587219E+001   3.194742999525716E+000
  </DiscreteSampler_grid>
