  0.00191025789060037  0.00195492356991764  0.00200083517733710  0.00204575185692463
  0.00209152887838186  0.00214100537816117  0.00218945796498983  0.00224148750448000
  0.00229688842748699  0.00235244411240070  0.00240947782642425  0.00246789995323211
  0.00252782229503408  0.00258980246895535  0.00265387373587500  0.00271745622574047
  0.00278447858527793  0.00285344414660730  0.00292426487121045  0.00299602815362689
  0.00306757718529575  0.00313878114131058  0.00321149547306571  0.00328819160519507
  0.00336703395224426  0.00344558412626845  0.00353007945707088  0.00362023297555278
  0.00371495564304441  0.00381320136061502  0.00391399100999709  0.00401680721126577
  0.00412179888904783  0.00422927857614427  0.00434025013516828  0.00445825845720994
  0.00458489829018468  0.00471219552862505  0.00484406796155200  0.00498289670705763
  0.00513124603798849  0.00528232094057558  0.00543846669115590  0.00560122988097929
  0.00576599092632887  0.00594476226056739  0.00612905725197921  0.00632319877825388
  0.00652176120220104  0.00672211354304291  0.00694296772099632  0.00717167145578719
  0.00741743896768342  0.00768084115001845  0.00796510088484472  0.00826448045222263
  0.00856898105158293  0.00887837794323091  0.00920464302565974  0.00956142457177380
  0.00994164618417446  0.01034194854757285  0.01077464870275597  0.01124220216190218
  0.01174351659132993  0.01227140896669174  0.01282832415107489  0.01342769320371869
  0.01407633032909408  0.01478874931738039  0.01555734177311534  0.01638234355595193
  0.01726313232551453  0.01819923791332938  0.01919421429116657  0.02028015900873823
  0.02149239542297105  0.02283465488576109  0.02426723843223333  0.02580067177008775
  0.02748911733825514  0.02942349709249666  0.03166649090332437  0.03426706184020574
  0.03740743394243039  0.04108170212913077  0.04530135166888193  0.05022528749726456
  0.05606226858232190  0.06382662979366471  0.07418519482492955  0.08885773359637655
  0.11116527958124248  0.14977703404172529  0.25413325719364338  1.00000000000000000
  0.00436717155354998  0.00504425569688430  0.00564474231153287  0.00620857070173410
  0.00673285355096838  0.00729777055446480  0.00793197000737608  0.00863306266396261
  0.00933548667704627  0.01006693634400190  0.01081991264816736  0.01166085398277514
  0.01254426419116972  0.01344482167321561  0.01436784998823215  0.01531847422616070
  0.01630071369031430  0.01732352061972048  0.01837740330404800  0.01945495468663324
  0.02057811002649080  0.02182159455932608  0.02306333566600308  0.02430532988730287
  0.02551917181091180  0.02676789918270901  0.02806486292557209  0.02948025508259593
  0.03102859474830359  0.03270055801740366  0.03447997204019182  0.03631479221532995
  0.03820611115456780  0.04017294928604476  0.04223379787337925  0.04439099861090877
  0.04665910539675871  0.04904263865413853  0.05149884446580672  0.05399647353709781
  0.05653083681019561  0.05913555696778508  0.06179003949840001  0.06445490587960463
  0.06709127016143286  0.06982517700291142  0.07275489980064863  0.07595945411579995
  0.07934148448414798  0.08275421833468623  0.08628399839820602  0.09020655730219626
  0.09422072576573767  0.09819645460217145  0.10232334071366923  0.10627267644712851
  0.11028128645090500  0.11473928023185719  0.11967225243299208  0.12482829866559883
  0.13011697196070018  0.13575850979769885  0.14189213817876806  0.14835982887654997
  0.15539497967069532  0.16311728858300234  0.17101443046802978  0.17913638147123950
  0.18746287190589062  0.19598376432923817  0.20490398624968342  0.21439258738184924
  0.22453637298600490  0.23560984660888420  0.24749899364295713  0.25967635422075813
  0.27168619055343779  0.28390464642312024  0.29691681385222934  0.31082802111891300
  0.32663623898606892  0.34358334029884940  0.36157703608177572  0.38103581584186946
  0.40216321879686850  0.42546790051448286  0.45167093060870461  0.48068627895401572
  0.51343261589384581  0.54952926050036843  0.59008598140964519  0.63596123010904959
  0.69000978722711270  0.75481128491497040  0.84476384107442803  1.00000000000000000
 -0.00242407361317230  0.00946411303216103  0.01962856004494360  0.02936892757026390
  0.03922687163973818  0.04884260654726753  0.05868025696925189  0.06852697732998871
  0.07917905256321459  0.08998817288860461  0.10076864884171108  0.11069449056061303
  0.12060903980991913  0.13102073457111890  0.14200486873738910  0.15313019371424214
  0.16414930751076959  0.17480228647992560  0.18537979161269230  0.19557026365118943
  0.20598949770784036  0.21644741954157787  0.22750237956282809  0.23862119491437342
  0.24970810811964053  0.26051991572122157  0.27122448145388689  0.28148424841568787
  0.29134215212314585  0.30148494389622144  0.31218627417641492  0.32315125381363291
  0.33366349024942660  0.34445032140516635  0.35524017977782835  0.36607934480867532
  0.37682895462538335  0.38786161055123292  0.39927888363868991  0.41111217465996430
  0.42262699278983162  0.43388635636776052  0.44490741267965711  0.45590135059802406
  0.46661321513722648  0.47696636077426058  0.48720560552393738  0.49749042728508963
  0.50836047194767220  0.51954940145300277  0.53087090991669383  0.54181221655515710
  0.55257348353684999  0.56316001713210873  0.57373158352515297  0.58470425900677503
  0.59586793267831384  0.60669249465069053  0.61709173822695085  0.62746350207957102
  0.63806792933712986  0.64868716423204797  0.65940106154978395  0.67015113594384856
  0.68124637357078277  0.69219903765509794  0.70249911991648128  0.71237134962048476
  0.72228672207973754  0.73245394355230120  0.74263582104352188  0.75276445413810655
  0.76310999248855849  0.77376340484109452  0.78450952152171594  0.79508204360176349
  0.80562293237480997  0.81617046141171279  0.82696789906320745  0.83776856202743288
  0.84832479141409067  0.85875237784746750  0.86896747461909518  0.87963703473233978
  0.89002394432022147  0.90048611888824781  0.91097309147352368  0.92157764945772613
  0.93234932597647613  0.94240022672876023  0.95232122139085706  0.96193386610643139
  0.97170655057764488  0.98118190544809125  0.99060474509752361  1.00000000000000000
 -0.00297682461697239  0.01161804798524955  0.02295678974221510  0.03423743375668784
  0.04506051907113116  0.05596032071878743  0.06659545505959938  0.07752350421782592
  0.08864458199188635  0.09974751913012413  0.11068346227662672  0.12152866258891576
  0.13272583180071343  0.14410480039158038  0.15538907628781948  0.16626033243354682
  0.17678097149905078  0.18752797371434851  0.19880704761603341  0.21029691245191187
  0.22112144777405265  0.23109854030764898  0.24075568648502932  0.25097956211084527
  0.26159580541514454  0.27159033210501399  0.28107875965105594  0.29087184010283740
  0.30142828310359082  0.31233131470104680  0.32318075606221391  0.33437243808891531
  0.34587041102011107  0.35740601150734513  0.36908232539396119  0.38085729939292606
  0.39254908247449893  0.40345544642067699  0.41348247961025680  0.42323596296179272
  0.43286545283514122  0.44232761310437541  0.45179588511587526  0.46145852291695799
  0.47140691685940600  0.48148921189211152  0.49172750958285921  0.50234612347147301
  0.51339446937438660  0.52416423736312845  0.53439123476500039  0.54448695051932605
  0.55452190857002415  0.56475190527829189  0.57520132979770033  0.58584186007806049
  0.59635109353704774  0.60675792378816984  0.61708103749163501  0.62742330152132375
  0.63751140914149362  0.64754054900183822  0.65776993485202573  0.66807200384114296
  0.67884708424252305  0.69008791147484438  0.70168665531811436  0.71293015963649364
  0.72365026279052169  0.73402386195085911  0.74411968303570308  0.75435818373260932
  0.76424859581873528  0.77416265123212125  0.78405600430245248  0.79430925499021021
  0.80490556398089175  0.81505818134129193  0.82535773381085542  0.83545710477592272
  0.84592473177213889  0.85636642795981044  0.86676891150934565  0.87714498367382365
  0.88717511037789909  0.89706579331566250  0.90684316434965817  0.91677921388469297
  0.92677121810185847  0.93714525704481555  0.94771995294963152  0.95876702258210578
  0.96957402844517382  0.97989646770078687  0.99002087053539656  1.00000000000000000
 -0.00241858377251700  0.00879225658986211  0.01833150384247904  0.02898983069394770
  0.03962863438628272  0.05090280887510976  0.06232869690495476  0.07340357030130611
  0.08429409003020302  0.09480957819871635  0.10504647521075830  0.11485205268416247
  0.12476875979913077  0.13523387067299625  0.14582460598965752  0.15600273773503023
  0.16604977568360885  0.17652294124101611  0.18749861833155024  0.19853446756692106
  0.20916944973342103  0.21937265957754218  0.22939018321629012  0.23970427153559329
  0.25053839222810081  0.26177076170521840  0.27328041895257288  0.28445172255078049
  0.29534791731277393  0.30594758574667530  0.31640271031570877  0.32654631241269372
  0.33686578847227011  0.34747652238811572  0.35841563638083490  0.36906061601553963
  0.37929496867448703  0.38930298998050605  0.39913833049224717  0.40901258327873047
  0.41917376332598189  0.42987647719817790  0.44081548000330162  0.45158545786066784
  0.46210710850688180  0.47254088057327936  0.48285150181762321  0.49311411436045555
  0.50311722374745227  0.51287039857199002  0.52279851417096090  0.53329143436418702
  0.54409781221144171  0.55466273592781445  0.56495248086539573  0.57522632010228070
  0.58531800510572951  0.59494799782395691  0.60428021695017509  0.61381975120586219
  0.62364582946574698  0.63359541461336810  0.64377690551053512  0.65448901168021456
  0.66562868082458670  0.67628604722153340  0.68661948358518443  0.69658802041715773
  0.70645165695570955  0.71648724936600361  0.72702487508452007  0.73821433364023981
  0.74952846620634428  0.76049997096566346  0.77147670805806390  0.78162970836490397
  0.79198450259450681  0.80213349244693666  0.81270582977141681  0.82348398942169743
  0.83437608963671739  0.84540370350909522  0.85617943816564290  0.86690116016445862
  0.87769467926215528  0.88827075884920659  0.89913663605688610  0.91034868207083897
  0.92239195453333189  0.93461594895011157  0.94591972159457738  0.95679275683860487
  0.96738890393448029  0.97848105199997615  0.98940124297055065  1.00000000000000000
 -0.00239865420994317  0.00943349330879321  0.01959997528434431  0.02956158829708728
  0.03966132074428491  0.04953540984749195  0.05913468908621703  0.06905683779562304
  0.07943582264184959  0.08968459285689187  0.09998526774718745  0.11027812564655891
  0.12080600380427622  0.13115419785508539  0.14128966797312306  0.15176957459998516
  0.16256754296331818  0.17310733105112355  0.18326336667535567  0.19340171492515271
  0.20372096506104204  0.21445974041354487  0.22507767687182437  0.23583321551256492
  0.24615204697016690  0.25625923068859813  0.26621819111207290  0.27643394734692778
  0.28670250886007592  0.29700507461502845  0.30703523148022155  0.31661999446573430
  0.32597522611052065  0.33532735796066099  0.34529078105649674  0.35552153605009085
  0.36616921584225526  0.37678904129748414  0.38764966546820706  0.39832155484149306
  0.40942765849476714  0.42049507187477037  0.43133563643831507  0.44215716804592387
  0.45253503113592219  0.46281806700380779  0.47277161172393928  0.48272843610087296
  0.49318076164102620  0.50409260046879723  0.51522438089726208  0.52611111174662872
  0.53655190816820131  0.54669508872862516  0.55692783814592239  0.56739063634772069
  0.57844990693834009  0.58933840249838987  0.59998191642760179  0.61037451451185598
  0.62105686390455705  0.63214475053171559  0.64368693302874158  0.65481395064036707
  0.66570939284025643  0.67654844432716188  0.68779613989042121  0.69907257866759531
  0.70988274309210253  0.72024933259729684  0.73056517301791313  0.74113925725040453
  0.75191373783854631  0.76264584447270811  0.77278888308472982  0.78250870774327130
  0.79290422663231930  0.80371317415567189  0.81479145184363688  0.82575359194611631
  0.83721413350501583  0.84862612582669661  0.85937051855731550  0.86976048417683960
  0.88008670020889102  0.89076623097100771  0.90157773601698599  0.91245621251556486
  0.92309836179334248  0.93371205419491143  0.94440280447133129  0.95464975178230393
  0.96557369323199682  0.97660138786716955  0.98840462737008317  1.00000000000000000
 -0.00268410079958766  0.01056983684370576  0.02132493798230786  0.03202059935953427
  0.04277501023572351  0.05310732945798628  0.06410299892896962  0.07542692114229538
  0.08627445810334426  0.09676063927064847  0.10731077460088125  0.11905846618510382
  0.13029922634063129  0.14205047924062522  0.15331968463284218  0.16474486264339930
  0.17554180300673250  0.18581528329819919  0.19584871467284473  0.20587288894606143
  0.21579594764371859  0.22576859547147066  0.23555558686798386  0.24522902777056668
  0.25457893479345323  0.26354012984963932  0.27313171437192302  0.28305730992563949
  0.29341043416738893  0.30369962340175993  0.31408936530249831  0.32451183026381469
  0.33499097730654104  0.34551566976401538  0.35572758734733601  0.36583542608648589
  0.37601797686941629  0.38608902251510124  0.39631688019365358  0.40654896138302948
  0.41696664059841287  0.42728558437855979  0.43733730638201729  0.44760411398994782
  0.45785948506750934  0.46798147270884211  0.47789862433042518  0.48783587445262944
  0.49810926660553406  0.50853854742307758  0.51894904546001275  0.52942717220257318
  0.54016333734096755  0.55087178996196073  0.56140085352761593  0.57192267466068403
  0.58276065753123196  0.59363366798367123  0.60421314401696014  0.61475707146069569
  0.62562428913177615  0.63678488878853845  0.64776429911945788  0.65847614603020532
  0.66916664857351738  0.67983593745935389  0.69042148325707120  0.70043167767761094
  0.71033148236700405  0.72042297991645110  0.73123128077518029  0.74248866518746626
  0.75391753530743633  0.76511978830272198  0.77591150735744485  0.78655891703264080
  0.79717973525831032  0.80773606875471737  0.81835149432391974  0.82922596268149451
  0.84028510548633006  0.85123784266155289  0.86210817666287165  0.87293849049805650
  0.88359642700328234  0.89410061412815478  0.90458382755205813  0.91537286067399759
  0.92570998457669718  0.93569875225869703  0.94592213700358929  0.95631667758240424
  0.96690577316568771  0.97755065554501663  0.98871083082114197  1.00000000000000000
 -0.00253228784117715  0.00960820587521122  0.01922763290645395  0.02933808479459719
  0.03966875953007479  0.05011513551812456  0.06036977759602686  0.07111412240737937
  0.08240565688852504  0.09362232740502135  0.10434632965321156  0.11481066741312090
  0.12504246956909806  0.13547811922212202  0.14592744356772719  0.15666019685776711
  0.16778298070318146  0.17884803510217681  0.18970363653178174  0.19982624801950555
  0.21021892107769713  0.22089017897863678  0.23189051424417309  0.24273563912001017
  0.25431173612205316  0.26622414623036694  0.27808139103885610  0.28868309894893884
  0.29919055797067651  0.31017705491258191  0.32174411663205110  0.33376484974217874
  0.34535309271300135  0.35668635283540057  0.36737801187182301  0.37820076227126365
  0.38893541203263438  0.39933366297618667  0.40962746005867617  0.41992630645094764
  0.43079639641465584  0.44168145264452729  0.45226143061570395  0.46263458555941206
  0.47311568795644865  0.48384589229939501  0.49468035547892258  0.50501549943294632
  0.51535292187650095  0.52535991170196927  0.53531755494898559  0.54564213897172087
  0.55578366007524338  0.56549816863062186  0.57508713379135779  0.58484889954848951
  0.59540847600788105  0.60597530520706167  0.61655245525282942  0.62716122782402184
  0.63759017026390141  0.64750184460913085  0.65721782485489222  0.66661107837330824
  0.67624506689555874  0.68618556577546108  0.69637222751282091  0.70670994683675714
  0.71709828947894683  0.72755629901423824  0.73775241070220221  0.74780084975108729
  0.75809085225743333  0.76879128337058666  0.77942632460482175  0.78974265539095012
  0.79976252075092291  0.80981912142421442  0.81985279589488880  0.82998209319597671
  0.84025833446141762  0.85063961178668845  0.86105268412510427  0.87147956917612346
  0.88191126269707953  0.89224791928905478  0.90257489255686574  0.91295753082680553
  0.92335856609370881  0.93394996438255684  0.94499201642392816  0.95665348931349459
  0.96838051380360557  0.97919734075945697  0.98977536347490391  1.00000000000000000
   1.0156444090322670E-011  -1.0000000000000000     
 T F F T F F T F F T F F T F F T T F F T F F T F F T F F T F F T T F F T F F T F F T F F T F F T
