  0.00191717610820854  0.00194510778533045  0.00198399409624775  0.00202301669520959
  0.00206169882511635  0.00210413952994639  0.00214905516413864  0.00219535397725026
  0.00224429016868848  0.00229612207197320  0.00234896301757976  0.00240127855845569
  0.00245390597517071  0.00250858486719800  0.00256253611790477  0.00261837849154994
  0.00267560747792149  0.00273534036058807  0.00279570560436753  0.00285448665124669
  0.00291393711941770  0.00297533665017905  0.00304050637462281  0.00311049177150605
  0.00318392559326029  0.00326084357226782  0.00333827434346045  0.00341819982671931
  0.00349706019634197  0.00357957618320276  0.00366937918071888  0.00376621311596869
  0.00387171087954791  0.00397727904101798  0.00408087048789402  0.00418569115772760
  0.00429266039507503  0.00440142255352330  0.00451310975503776  0.00462955969221952
  0.00475320577054898  0.00488651518460927  0.00502729783302837  0.00516983067184323
  0.00531200718150858  0.00545665640151147  0.00561135050691726  0.00577525985683512
  0.00595430694870290  0.00614018655994609  0.00632859649413899  0.00652305028437269
  0.00672709582746753  0.00693978743437813  0.00716762275802537  0.00740823395786115
  0.00765866858508087  0.00792459394485056  0.00820219292400726  0.00849472555336328
  0.00880573889486267  0.00913241713813148  0.00947436098928089  0.00983967556989789
  0.01023039579839599  0.01064291779597883  0.01108109694629557  0.01154234642935160
  0.01203146146091297  0.01255693989316265  0.01312848638687383  0.01373530981263464
  0.01438389215623616  0.01508784850927558  0.01585511057413309  0.01667558925683285
  0.01756833350099571  0.01855899480231858  0.01969192723720752  0.02094830873463951
  0.02230276728381910  0.02382427047759725  0.02551907042288196  0.02739810187170530
  0.02949426055217156  0.03195487135800895  0.03499070245463635  0.03901914152841525
  0.04399788222170489  0.04976974560393626  0.05690030687392385  0.06693572312919610
  0.08151726717210032  0.10626370475172300  0.18235229852707563  1.00000000000000000
  0.00186816991959273  0.00350774855421791  0.00463198191160471  0.00555694059085791
  0.00645233781089860  0.00737792171047571  0.00838704428147458  0.00939343993961583
  0.01041592285378535  0.01145616681207495  0.01252570448388281  0.01361938373376824
  0.01480670857710338  0.01598631215981682  0.01724877062625225  0.01857531605808324
  0.01998987735695961  0.02144512761193870  0.02295045008452714  0.02449165204101573
  0.02608158365761363  0.02772268743733630  0.02939889233507380  0.03114086696254461
  0.03296561438420743  0.03482642089810690  0.03670930565097080  0.03863881109295790
  0.04067069919878513  0.04288240665385230  0.04514275261715062  0.04738127356832831
  0.04964406120992745  0.05198894880583333  0.05445686231532108  0.05703300587006452
  0.05966310646062763  0.06238672890074595  0.06516331075076119  0.06807161041601664
  0.07128905380239950  0.07472578101135077  0.07827035798441816  0.08191229087913184
  0.08565348817892940  0.08959074846633756  0.09377572311170231  0.09814670933335652
  0.10247354219491274  0.10666780917173489  0.11086314974568912  0.11519519173982908
  0.11980188844675824  0.12475909362915856  0.12999559664110380  0.13544040917167527
  0.14104665187104395  0.14668674184099675  0.15249485100100996  0.15846991224238421
  0.16460707009656456  0.17036791927203873  0.17679287516769010  0.18366308637329745
  0.19093431067992686  0.19857635990240419  0.20664358004912850  0.21503922129619937
  0.22356570983926088  0.23211068613857558  0.24075544899564544  0.24995089481971947
  0.25962420257138830  0.26998951467020799  0.28100186738881144  0.29261830387245930
  0.30495005330807523  0.31836585404487405  0.33302905442180486  0.34858778261970452
  0.36464142928086407  0.38135412741709662  0.39893604081237310  0.41752071292734128
  0.43711269827563393  0.45873913986503584  0.48206705308329278  0.50743210327718247
  0.53533733619563673  0.56637155031639130  0.60151887973663920  0.64197313606839623
  0.68976808707151549  0.74952947175625140  0.84459285745787926  1.00000000000000000
 -0.00236364420996075  0.00881839298276147  0.01840646618258197  0.02902305547965746
  0.03925057134434616  0.04925040891724861  0.05921369831773657  0.06947355290426720
  0.08027876660083119  0.09084599620083766  0.10166428533401138  0.11250447385441753
  0.12348112643924163  0.13440512855387465  0.14519145306609960  0.15597701230198555
  0.16673122729109408  0.17742274799325153  0.18780513461834389  0.19831908246715185
  0.20879322284635926  0.21951062057653786  0.23008227093467876  0.24059688974297005
  0.25131271774326619  0.26232633682782031  0.27319612966942253  0.28373757375510589
  0.29411444211346932  0.30429966771148731  0.31450909887259332  0.32466949879431539
  0.33518492716538828  0.34550656582909667  0.35590706933208005  0.36632009359388013
  0.37673132486608474  0.38692209687892615  0.39694893149629096  0.40700228933383381
  0.41722771566203709  0.42751753312633189  0.43806859613973087  0.44890739319541717
  0.46004179225041925  0.47145482761487129  0.48296829551126375  0.49422646397340542
  0.50486891081247876  0.51525127759378209  0.52566058899328383  0.53603590092718334
  0.54643806224703995  0.55697202983648297  0.56776300713265293  0.57884998397081322
  0.58974102183429822  0.60079930791457536  0.61174635902129981  0.62289203858206044
  0.63394970079818092  0.64480523117756550  0.65548022909871795  0.66602701266927411
  0.67661999176363075  0.68697066923417138  0.69714066701983546  0.70718667853123096
  0.71755446278900903  0.72807658999305025  0.73883720279010967  0.74958764914345688
  0.76008636248572570  0.77057477348525205  0.78111981311374612  0.79150914918811499
  0.80184470790277262  0.81217498399309673  0.82259423426572420  0.83267296376176192
  0.84278237502321607  0.85304478036505127  0.86360467358493365  0.87419185362264629
  0.88513820583872571  0.89620413392771514  0.90688446271606715  0.91768787273442232
  0.92789458328361085  0.93807225712792053  0.94828158110940841  0.95840235234922355
  0.96869776251665152  0.97893547107742496  0.98950932212584064  1.00000000000000000
 -0.00224298726865847  0.00902094299148627  0.01830205125945665  0.02854128122433405
  0.03907917464464836  0.04927461074205704  0.05920462701525157  0.06930824879559755
  0.08039760890179772  0.09212828065477256  0.10327957804730033  0.11441817060248209
  0.12547956498482771  0.13636454693011490  0.14686509865053546  0.15693954288626563
  0.16720708583797370  0.17750667931599060  0.18787887398459080  0.19838087417382055
  0.20911576772696533  0.21976567940778047  0.23046509078077188  0.24094659703889043
  0.25124953108000009  0.26101613058963241  0.27066048659978320  0.28061860921721499
  0.29081757199545311  0.30130141971334390  0.31202906546229592  0.32288360876031658
  0.33400922101585445  0.34491311346915149  0.35613722223406175  0.36669912916660424
  0.37733675764135971  0.38797660764387865  0.39854029254750667  0.40895028979294279
  0.41902401107372267  0.42938635665367231  0.43958801182358398  0.45018898094831722
  0.46094602312834493  0.47190327503088386  0.48248186641140167  0.49248506018597010
  0.50219012782282868  0.51201807610512073  0.52268961480775689  0.53313580983294739
  0.54404272256045894  0.55508085789953909  0.56608079819917179  0.57643788017719355
  0.58627325043076017  0.59602570893642914  0.60597013926178467  0.61637322588723920
  0.62696114836130301  0.63761191229476344  0.64828682724051434  0.65903932772408069
  0.66961572838528416  0.68004228977168923  0.69086384319357053  0.70218908874734820
  0.71318123126089428  0.72386912819106042  0.73425047022131662  0.74485076544187379
  0.75552388305148765  0.76637537436541414  0.77712603373697453  0.78799524701029855
  0.79837865033453459  0.80877439866817613  0.81875151768735632  0.82892722893551152
  0.83976858948883837  0.85063437294093636  0.86099723779456783  0.87071036361416476
  0.88053202398040098  0.89067454596536888  0.90094626752810425  0.91151305372183367
  0.92189130321427215  0.93262314960139625  0.94302572064261536  0.95374297381635864
  0.96504710900714152  0.97694374670843409  0.98845668974011491  1.00000000000000000
 -0.00277191475058466  0.00964843129991009  0.02031496680930948  0.03085222351093377
  0.04144331469275878  0.05213633461597429  0.06300780745968430  0.07389780192711397
  0.08464287267519917  0.09565166760814264  0.10670656840415045  0.11741380732662828
  0.12769480968840635  0.13762541201936476  0.14785239822779334  0.15855200207128317
  0.16965358495812027  0.18100094106517819  0.19166185361952701  0.20199692127619551
  0.21229932741123489  0.22303547969419679  0.23350882128525305  0.24365853200998433
  0.25341724606961291  0.26355379191687994  0.27398349439033870  0.28481383275197314
  0.29566146897402856  0.30611307997482512  0.31672934190448160  0.32764429772655740
  0.33901896476049520  0.35019673192707040  0.36082627884850993  0.37116507256411230
  0.38159294801454713  0.39242465214245459  0.40340981773357232  0.41439114987932330
  0.42526506096956423  0.43603603357684273  0.44675142232799020  0.45766249397818343
  0.46888236920391474  0.47993204521099969  0.49048097020923181  0.50068056725083121
  0.51080579992230091  0.52077036994666903  0.53067593904149657  0.54086728318013488
  0.55146951883156836  0.56221606908676403  0.57293337892765650  0.58369973719432611
  0.59455792065761548  0.60532218382937020  0.61593784196345791  0.62635664295031501
  0.63665898850616709  0.64665642310955918  0.65663068320073570  0.66675687002413575
  0.67717454826680823  0.68762074994330113  0.69808350492377580  0.70885987867984390
  0.71973359362017064  0.73051673587795185  0.74112640076143221  0.75200679596898357
  0.76324347573085050  0.77415880294461981  0.78468360239739288  0.79487773263741102
  0.80513561575903758  0.81546694207748160  0.82597830529412819  0.83654766777297107
  0.84689935643306335  0.85689012705727496  0.86671777717017251  0.87655600577832171
  0.88639842726344931  0.89592532297785676  0.90529017289705238  0.91494907276045934
  0.92521183911578497  0.93567558668538453  0.94622146835233045  0.95689406796091525
  0.96822372345987184  0.97902812412841922  0.98978209336484768  1.00000000000000000
 -0.00257039616291242  0.01054151736775115  0.02108692581279208  0.03170682522874581
  0.04229986465304945  0.05292676401650540  0.06352011944694869  0.07367963416631733
  0.08351495772965498  0.09329352875880348  0.10341811528911292  0.11401621233867268
  0.12479657673861999  0.13546725558796580  0.14584583766990061  0.15599913649948449
  0.16613760709942438  0.17639167066135772  0.18685038754215438  0.19726459102278449
  0.20750548480003103  0.21781554145591403  0.22828099832678694  0.23898737357435007
  0.24970461711744310  0.26012218166938922  0.27031107995126613  0.28056459401768002
  0.29116740183087708  0.30221613981017514  0.31355872334414725  0.32457319689738873
  0.33514222798667814  0.34558431357634589  0.35590772835150625  0.36617501816150971
  0.37655491091380677  0.38740541294394887  0.39858816200948866  0.40965338690662401
  0.42034662571602310  0.43092098002314128  0.44161764609609833  0.45273778069006537
  0.46393959204327262  0.47508242665757450  0.48603414880025986  0.49721000557811329
  0.50787321793266871  0.51832410055244216  0.52832684893715731  0.53834629239728460
  0.54853766178719321  0.55905810661492572  0.56962306106503890  0.58030253628893858
  0.59085847541424563  0.60151921412240994  0.61208952008256201  0.62262571811767409
  0.63338033863759291  0.64386104830475632  0.65385649434778859  0.66365571558656955
  0.67359704899205730  0.68409374339032891  0.69441086913327932  0.70505032013119784
  0.71571205273600880  0.72649452158108330  0.73719003016207907  0.74818331429667362
  0.75913323080122697  0.76978087182661481  0.78050817303924325  0.79112690687017340
  0.80200589092366992  0.81287663432421109  0.82336442042187152  0.83360193760557499
  0.84366906098513994  0.85333850981374626  0.86300201975792790  0.87332100617694963
  0.88408126797693432  0.89480285295985129  0.90532726038037936  0.91669988266950275
  0.92772224934828462  0.93846163985131248  0.94868968140746324  0.95897473511266063
  0.96921329472063789  0.97930654585299293  0.98970529939866192  1.00000000000000000
 -0.00237343729478861  0.00896739206006762  0.01903905894405439  0.02877495880421806
  0.03890662828936130  0.04940212585765819  0.06021237884846832  0.07102507392582715
  0.08142573451908226  0.09208366204400349  0.10306441203142555  0.11429090358973781
  0.12577805250777840  0.13714590950994721  0.14806557587154470  0.15860687286234051
  0.16927088964822878  0.18000171873669973  0.19053482309974437  0.20070068647247069
  0.21109216434706615  0.22171301274966879  0.23230046713556710  0.24264809287201619
  0.25294057128501579  0.26335771564212190  0.27402120823984238  0.28491107789020020
  0.29602926386805101  0.30727730225397376  0.31842597079848400  0.32945032637976046
  0.34015312947360760  0.35056941437407113  0.36098866433318211  0.37178365967448024
  0.38279271344101862  0.39396516577445739  0.40496681088564801  0.41548517453486028
  0.42559647683051122  0.43567010789892041  0.44613096128726792  0.45685013927803875
  0.46790231342573146  0.47921726162487643  0.49032967234047697  0.50088607594686185
  0.51111934021540650  0.52130506153637923  0.53160674288950316  0.54203667650435083
  0.55237724560807866  0.56276927692584511  0.57320551995394342  0.58400391181800049
  0.59493041574467909  0.60571671577663577  0.61631747835445005  0.62683047868305741
  0.63736061593177840  0.64746376593993227  0.65736911478524640  0.66748001546759650
  0.67804623669952102  0.68891418013412720  0.69990145380337498  0.71069416523100515
  0.72091976003979563  0.73099829629649105  0.74088431000448962  0.75094875324994870
  0.76104223022785555  0.77117745984219777  0.78112251444061409  0.79085205763693167
  0.80073449564073629  0.81094738136039146  0.82123312442822816  0.83155343935676085
  0.84210939112285044  0.85291277314673064  0.86413340592120469  0.87517912780635321
  0.88610285750487883  0.89695619824201289  0.90736563755946709  0.91754993696506060
  0.92745271124342599  0.93751044707421627  0.94770978926494676  0.95786909178301960
  0.96805345883663507  0.97854072761669830  0.98894717056869297  1.00000000000000000
 -0.00243941993417533  0.00946339205432967  0.02013177748035981  0.03070304413928424
  0.04174816810941876  0.05227869107714000  0.06280048109574016  0.07302707997772498
  0.08349420549421993  0.09407842372494754  0.10464054113574683  0.11498847622880157
  0.12488940282777601  0.13464893359345642  0.14425621365399918  0.15382653154667536
  0.16360062548004176  0.17392325845316617  0.18468936393793450  0.19518813759521600
  0.20573875749148990  0.21630143736340840  0.22706043152697897  0.23778694736837672
  0.24852667790961161  0.25930485423038796  0.27008424409893650  0.28096415276419334
  0.29185481423588266  0.30272385555668968  0.31339668764150302  0.32397739289145733
  0.33460225523131615  0.34517644686746740  0.35558271501384048  0.36568294401611745
  0.37573380407576312  0.38608613567374550  0.39681256218102301  0.40763324549395252
  0.41841526615349267  0.42904934370071091  0.43981559724407848  0.45088612398362110
  0.46218349487598115  0.47351419017080715  0.48442478929559757  0.49500803494339152
  0.50538328261371246  0.51563214257220524  0.52621279657846654  0.53685764620077470
  0.54725228699037365  0.55708011786756728  0.56705658153758653  0.57743404723975422
  0.58806331414429081  0.59836706646450766  0.60871139726319246  0.61948334723808396
  0.63027715560637065  0.64084738531276608  0.65136601812879991  0.66187469140587918
  0.67252172500913887  0.68337262339520821  0.69455934914409490  0.70569538062670256
  0.71632845232234377  0.72669617879892945  0.73728522776960659  0.74824441519927021
  0.75926652426530361  0.77006574197370703  0.78045087386534351  0.79069337189057476
  0.80135630057762064  0.81244029463373324  0.82299462844788551  0.83291679028171206
  0.84290008790034909  0.85319334536544456  0.86344346357406798  0.87361387479299191
  0.88432500641607914  0.89533616888150958  0.90610907784485584  0.91676232025741788
  0.92749077948027836  0.93834705662750806  0.94923696413147407  0.95970784177906809
  0.96980658323924407  0.97984717901350404  0.98993952659591888  1.00000000000000000
   4.1473024518399414E-012  -1.0000000000000000     
 T T T T T T T T T T T T T T T T T T T T T T T T T T T T T T T T T T T T T T T T T T T T T T T T F F F F F F F F F F F F F F F F F F F F F F F F F F F F F F F F F F F F F F F F F F F F F F F F
  <DiscreteSampler_grid>
  grouped_processes
  1 # 1 for a reference and 2 for a running grid.
  10 # Attribute 'min_bin_probing_points' of the grid.
  1 # Attribute 'grid_mode' of the grid. 1=='default',2=='initialization'
  0.0000000000000000 # Attribute 'small_contrib_threshold' of the grid.
  0.5000000000000000 # Attribute 'damping_power' of the grid.
 # binID   n_entries weight   weight_sqr   abs_weight
    10   10   6.945843004102942E+004   4.368512626048058E+010   6.945843004102942E+004
    16   10   6.954475135270090E+004   4.382605432853297E+010   6.954475135270090E+004
  </DiscreteSampler_grid>
