  0.00171520973322025  0.00395347202176288  0.00610543747482711  0.00814809403579960
  0.01022850309531680  0.01236219552374682  0.01453472759534027  0.01662449405651828
  0.01875267510015983  0.02086002879999582  0.02300144884102654  0.02527796223535771
  0.02744955837863216  0.02952524504083412  0.03161853689562193  0.03374691740418322
  0.03591886212703610  0.03820026857563205  0.04059069680188196  0.04302779636234613
  0.04543186609522534  0.04785234465779926  0.05029066583693771  0.05270385530720315
  0.05513899034597383  0.05764530002390801  0.06015256650368600  0.06266327373784872
  0.06521292836931865  0.06774256653857916  0.07019366966643671  0.07259945232970942
  0.07506786810399431  0.07774497529945648  0.08058641288081152  0.08340209980967558
  0.08607281515554847  0.08871967985639111  0.09139871967449356  0.09415872393231746
  0.09707328694833368  0.10019944762080063  0.10343107982574622  0.10686105750558043
  0.11029277812438465  0.11390215530484653  0.11768682100997128  0.12158121390931494
  0.12557921297373364  0.12974982242835156  0.13410675832352537  0.13867344639879936
  0.14321299335043064  0.14788364597528358  0.15275655766794105  0.15792070089490939
  0.16342833157564102  0.16910713853716364  0.17473424429735601  0.18065362432110391
  0.18650962562772849  0.19248895227335980  0.19875212966223274  0.20528857985076443
  0.21202743326707191  0.21910330909512785  0.22651655140948262  0.23391997057678163
  0.24190786435546974  0.25039642407718787  0.25943720336246140  0.26890191774287092
  0.27803366494900261  0.28698294291555432  0.29609300963146984  0.30553259192256144
  0.31531361726565094  0.32532144586357642  0.33544143919394032  0.34602147834455543
  0.35699915096402207  0.36957923806176207  0.38330599052764236  0.39788674118387651
  0.41361660649590648  0.43040177211711966  0.44782955515151557  0.46613104700854868
  0.48591458000186971  0.50765778165152853  0.53220479916724084  0.56136658561866382
  0.59811959359005984  0.64890630000346594  0.74190989959428189  1.00000000000000000
  0.00699144676107465  0.01080036600879529  0.01360785224077192  0.01732883015278533
  0.02090568534583662  0.02409159436339994  0.02681880257932608  0.02971739006064647
  0.03344940729225998  0.03741234703694335  0.04135162458778047  0.04548977856176985
  0.04988598537460315  0.05434421532823011  0.05852886126743560  0.06265600656702032
  0.06693072710681608  0.07122582191464030  0.07537663200625361  0.07934556661407026
  0.08342529737947257  0.08786439685703806  0.09257899611363643  0.09730995152467389
  0.10190070151403667  0.10643425715474354  0.11115948163821134  0.11621358249562050
  0.12144079615454831  0.12651480589162528  0.13143895120438090  0.13644328582564053
  0.14149584214490143  0.14657306046320592  0.15184633323397592  0.15707661738076736
  0.16218819824556141  0.16716200778838433  0.17214506220681886  0.17731435197193054
  0.18306633926110230  0.18910530898992073  0.19549561194136464  0.20203085356133271
  0.20860449467092787  0.21519438786663100  0.22207140122866317  0.22914458374413116
  0.23605384264708135  0.24272723912128097  0.24936732112244844  0.25610313744182950
  0.26298308683314631  0.27010158109502935  0.27740190355491601  0.28477404125251682
  0.29219585753680183  0.29986634276165480  0.30809851679831268  0.31688129967482365
  0.32608884247788350  0.33493347770319393  0.34392176783895156  0.35310324928694659
  0.36245728952362083  0.37207265056939304  0.38195630995310231  0.39213471508021747
  0.40281333888759396  0.41418365620203085  0.42607826579419567  0.43834719024508967
  0.45089433063278128  0.46314921091759270  0.47536074012106211  0.48763617505969625
  0.50050008569421423  0.51394725112548401  0.52857847711591932  0.54362197880070395
  0.55900230341121993  0.57471865420411905  0.59031152783180285  0.60640541926201952
  0.62333572881230070  0.64143613621560536  0.66123276098508721  0.68203557236801615
  0.70423424579176974  0.72685658732800462  0.75036634982499284  0.77586972695380518
  0.80585273282785463  0.84495958468243426  0.90130137627573059  1.00000000000000000
 -0.00251786282631658  0.00938139434994747  0.01939027424389619  0.03024949147396173
  0.04060902223383713  0.05091247239285245  0.06131327857880196  0.07229406423670709
  0.08320210962024041  0.09448030067762654  0.10544291858999359  0.11662846827380967
  0.12689512727944957  0.13681049304714168  0.14705799584527235  0.15785487182149416
  0.16850969109780339  0.17890192586770584  0.18924487448980193  0.19955503370883704
  0.20983167316703927  0.22038829395087209  0.23122880681511804  0.24198645557240567
  0.25281261228543450  0.26325440882399498  0.27349817545068383  0.28318297620896193
  0.29282937884505272  0.30294389159033208  0.31380949541089714  0.32494829390693825
  0.33571582955498713  0.34624166861177041  0.35702530003257560  0.36827166810786682
  0.37972094850480625  0.39058055401947500  0.40108416301147093  0.41132319367043885
  0.42102861995618984  0.43003192683423502  0.43915602234811230  0.44819158712630147
  0.45756757063437631  0.46679808268662154  0.47632436329125599  0.48656574723795593
  0.49712567867491081  0.50843037943098868  0.52004521563977657  0.53173440148397166
  0.54311058071406748  0.55362965212994952  0.56373263768685711  0.57401649567342683
  0.58412958974714513  0.59469269768802524  0.60514144704731954  0.61596840957391208
  0.62655217545914277  0.63702101520418075  0.64750652039593526  0.65835163258503915
  0.66945286040740304  0.68037612662066038  0.69072783069958854  0.70120013334070674
  0.71237476310615089  0.72397841467857060  0.73538715438836466  0.74611071270241991
  0.75704898251483810  0.76799556945200531  0.77980218573378846  0.79154101424582979
  0.80287305027452915  0.81385674871905622  0.82522936051439488  0.83648243621085683
  0.84732049880292060  0.85732451780638808  0.86752200060917495  0.87732453214673645
  0.88749751521437326  0.89761398688874072  0.90840139245205498  0.91898254508918242
  0.92977944778956445  0.93980591402544778  0.94976204330637704  0.95921529526301852
  0.96897637376990464  0.97873509311281792  0.98931624367420412  1.00000000000000000
 -0.00287926081707629  0.01057079834718187  0.02190380397261409  0.03325307289204826
  0.04484033143899566  0.05595309346132406  0.06575460009232521  0.07523498938951509
  0.08530698807242143  0.09527161388289876  0.10523940174212293  0.11537536318790138
  0.12610946130825362  0.13686620654255069  0.14807760551233692  0.16005141941882428
  0.17267385430313273  0.18401437319064917  0.19415563255967644  0.20380891843079360
  0.21389802506856087  0.22434158038996904  0.23474796471464832  0.24499893549831253
  0.25541552539534612  0.26597937783473657  0.27674380169002533  0.28750417145616664
  0.29815534326296833  0.30887946115358333  0.31938840026367910  0.32966357267838525
  0.33982582490596669  0.34947177813434188  0.35894973360832394  0.36825233870258922
  0.37791645814562647  0.38805480491607747  0.39838447536022115  0.40910970990758699
  0.41989988906146652  0.43036904498459527  0.44114770265949943  0.45262090580540737
  0.46400246282172686  0.47479318422548522  0.48597139041291032  0.49727548946561428
  0.50791699057242834  0.51790468193075889  0.52815471466681996  0.53887392563318337
  0.54939862379580617  0.55947824570148985  0.56931844395549225  0.57926073040791681
  0.58927533033592328  0.59888543923242954  0.60829565079754466  0.61800464211586692
  0.62829722772282592  0.63956035917089638  0.65077445269538836  0.66165895177095868
  0.67198951770860060  0.68235006171666412  0.69287483692819374  0.70406408281865041
  0.71483459995285714  0.72537608094173689  0.73521367269373827  0.74506822080952828
  0.75527011158578006  0.76613456118289369  0.77654928438898030  0.78722997795172966
  0.79761219236756387  0.80821355649288706  0.81871463207448159  0.82910861621730336
  0.83943876801784800  0.85046601129758881  0.86121671310730152  0.87280021414924613
  0.88410691002393405  0.89588862200203445  0.90676391791385502  0.91738279825555913
  0.92838841037090913  0.93917955565193367  0.94891459179111592  0.95858577118860355
  0.96861176251510894  0.97927283681520572  0.98990205613583548  1.00000000000000000
 -0.00259198577972413  0.00968684157990003  0.01999970005141566  0.02979618084809421
  0.03982075777201532  0.04988139989150871  0.06052743807778092  0.07200784543025987
  0.08381631370020358  0.09563962608333748  0.10732658912662645  0.11864107955311450
  0.12929124821884391  0.13914508826084271  0.14918854405368101  0.15947042469429917
  0.16982383265069423  0.18024136384311398  0.19077525787932084  0.20188165357401802
  0.21263021351541569  0.22368463665613081  0.23390710212518567  0.24423990847616958
  0.25424495757992338  0.26407588303008994  0.27391314803741146  0.28366835423739778
  0.29352927920006394  0.30353505704660383  0.31393578542166006  0.32468959791548635
  0.33527031370029448  0.34536734694923293  0.35559337923324913  0.36610960635555917
  0.37686194447391724  0.38771711676652798  0.39836124252283628  0.40862649024063441
  0.41885314900298110  0.42896567303794092  0.43891348947432873  0.44866842877487051
  0.45847004191720386  0.46900544953755469  0.47983636925124096  0.49054857518548689
  0.50111320409890192  0.51200583055241289  0.52348671277008785  0.53462330942418390
  0.54535147120898952  0.55532719234988059  0.56483222414112100  0.57420987216649166
  0.58391617779073901  0.59429723966165160  0.60515832775704392  0.61635610794859208
  0.62769685691006438  0.63868145339376703  0.64936939339708188  0.66005682245715214
  0.67072120591163131  0.68123284135970841  0.69158203031070875  0.70200311838104190
  0.71222213800275946  0.72215134382833157  0.73215184362509000  0.74202517532259082
  0.75223087711655046  0.76288139029984658  0.77446781073779170  0.78637972695787706
  0.79793769835190864  0.80892928742129000  0.81877963025750167  0.82853943010170561
  0.83881424129405491  0.84872984427110909  0.85855196032746117  0.86836011339862762
  0.87891060330296789  0.89055680121080383  0.90163175635387915  0.91239058503392789
  0.92272975977826810  0.93347439057671466  0.94523686550158603  0.95722951258989408
  0.96915364338082677  0.97977949591532365  0.99010517650185714  1.00000000000000000
 -0.00224224065036970  0.01000079361869565  0.02136814434633857  0.03271715058934385
  0.04448201711662236  0.05616486352633002  0.06756312079797741  0.07846386904811020
  0.08900106120935018  0.09944635691381902  0.10979018814411716  0.12016424092894837
  0.13074921900300043  0.14155746623724552  0.15234447967295042  0.16330470974274958
  0.17443988441534553  0.18580647676043149  0.19708952346604564  0.20850125834025551
  0.21964528437096614  0.22992051316233034  0.24008137166874799  0.25020598196716165
  0.26058564907079707  0.27045604134944823  0.28051986582880506  0.29070971563965953
  0.30079039894686227  0.31067603327397825  0.32043452535196065  0.33063818593234789
  0.34109349983053566  0.35207171476473875  0.36337231940650938  0.37456568107256888
  0.38532328566603591  0.39571120071807453  0.40625168045467963  0.41673065580528174
  0.42683364369435206  0.43672788876979102  0.44710069348945558  0.45853504386134375
  0.47065051732422275  0.48215838102253233  0.49257807383889035  0.50272778060708145
  0.51305597581904494  0.52351002354803444  0.53442049810724879  0.54502141359349798
  0.55644474730961346  0.56725373545795088  0.57777186082701792  0.58812461147119788
  0.59839916967700946  0.60914100585159037  0.61942348075022557  0.63049170409948863
  0.64137505948941842  0.65116296178122535  0.66079878820294169  0.67061274133053461
  0.68077399968095942  0.69073640417995308  0.70056672925748142  0.71071490722862429
  0.72162449131382744  0.73237414638666731  0.74309915082388489  0.75334214479093864
  0.76296580198866126  0.77250728647271805  0.78198083564812837  0.79169527271593787
  0.80146522811647436  0.81147342903032005  0.82202710939196688  0.83331019137803009
  0.84417955534779243  0.85503478594699478  0.86579900518148079  0.87688916753348445
  0.88801821410421278  0.89856970680538928  0.90861556050296610  0.91855637525844247
  0.92832910181988237  0.93848263854942038  0.94913631780841712  0.96007907978050588
  0.97073733350350921  0.98046111928722202  0.99046737622503744  1.00000000000000000
 -0.00203854633137048  0.00904111790723051  0.01925055177569169  0.02953242869203513
  0.04007433108776151  0.05094261976493863  0.06167685079805935  0.07239318263942429
  0.08246255127841391  0.09236611835944057  0.10209333359053045  0.11245487431283845
  0.12363740395557085  0.13486368618147548  0.14585116221658162  0.15660124331100811
  0.16705651587633544  0.17708061709303932  0.18681665146512277  0.19650450433396002
  0.20627522174381629  0.21640473287838516  0.22719996016599514  0.23817962727097319
  0.24872174521010104  0.25918960137521485  0.26983215709402547  0.28012617271597340
  0.28998387224161198  0.30027531453108947  0.31120572772002181  0.32264905366065177
  0.33383595892682227  0.34436844039086439  0.35470159134208157  0.36461385045226907
  0.37464853727277064  0.38488756314761763  0.39579669094257519  0.40652515092864960
  0.41687738236792976  0.42717149572036817  0.43762286292879410  0.44855921326367831
  0.45957260881990586  0.46988243859304701  0.47942875550402092  0.48917654734008087
  0.49922950218227718  0.50951099587262583  0.51974440516303855  0.53068087888483884
  0.54173861356020869  0.55256139711353280  0.56341718342012292  0.57475800168065672
  0.58621815646289466  0.59729360858455016  0.60812994032207490  0.61902850353750116
  0.62987451262419347  0.64026727497346170  0.65025694227963482  0.66004647039079045
  0.66971570800106772  0.67990600719526950  0.69061763150811761  0.70144958102036870
  0.71213901617602371  0.72243733977293956  0.73229222060954602  0.74177223587428909
  0.75149339454130215  0.76169600206275268  0.77226580044530990  0.78346509759406546
  0.79525988797116198  0.80690286904477104  0.81824153950244916  0.82889510278105927
  0.83912555485625506  0.84915715906267142  0.85952363591959136  0.87013262865517516
  0.88069955384585163  0.89201076817305347  0.90383604168599929  0.91587558856355855
  0.92718764304488099  0.93833354115675272  0.94886498770517769  0.95909641837198589
  0.96944396049890580  0.97992343063161613  0.99012056831352757  1.00000000000000000
 -0.00287678266277317  0.01031991893899074  0.02139861062352735  0.03252981271145298
  0.04371025874009980  0.05401289879743217  0.06409611724391759  0.07408825811905480
  0.08443847056325841  0.09425060128263972  0.10388842682265874  0.11321452676563447
  0.12236432213493803  0.13160196193854409  0.14120064718494413  0.15102449609461244
  0.16106400214309863  0.17113221231308670  0.18157530273617886  0.19191476572420960
  0.20236494673755778  0.21257014846277941  0.22296679321846194  0.23331180470854967
  0.24373286771766284  0.25417920382981657  0.26488970335837797  0.27635249092967462
  0.28831728951153396  0.29990234225031115  0.31063229587877322  0.32115499369883765
  0.33216600010136638  0.34348842340567809  0.35492712700430584  0.36615303761704726
  0.37721698738560044  0.38794367186231021  0.39826548094336617  0.40868292324728595
  0.41929465452410747  0.43108020292399551  0.44368254520406158  0.45633139721607308
  0.46829633569436102  0.47966644146270321  0.49045050186255562  0.50068464795928114
  0.51070029117777382  0.52075976076773423  0.53087987998024100  0.54117236474212471
  0.55187736908967566  0.56323940835390673  0.57481963168227102  0.58616457571486569
  0.59715279099846841  0.60772364410318247  0.61800384213234483  0.62828586390536556
  0.63897761185142887  0.64983649689710987  0.66061550238715705  0.67148072784164181
  0.68260303135247480  0.69347620101742136  0.70388957247321393  0.71441647443810863
  0.72508406091589861  0.73560472640402763  0.74592216534183320  0.75658258784908594
  0.76750688090882813  0.77732123402667053  0.78631794139204902  0.79540619333279161
  0.80540722062602110  0.81618538511210359  0.82684429606183785  0.83723270395633886
  0.84752176326913609  0.85738733710949910  0.86700570378017139  0.87665325184459364
  0.88653098095132921  0.89662059926629745  0.90657553487806930  0.91633662135839589
  0.92603261408708182  0.93616405969761607  0.94690200628235199  0.95820994989638519
  0.96913908987643027  0.97925192446363718  0.98944179680630684  1.00000000000000000
   2.7052413898125032E-036  -1.0000000000000000     
 T T T T T F T T T T F T T T T T T T T T T F T T T T F T T T T T T T T T T F T T T T F T T T T T F F F F F F F F F F F F F F F F F F F F F F F F F F F F F F F F F F F F F F F F F F F F F F F F
  <DiscreteSampler_grid>
  grouped_processes
  1 # 1 for a reference and 2 for a running grid.
  10 # Attribute 'min_bin_probing_points' of the grid.
  1 # Attribute 'grid_mode' of the grid. 1=='default',2=='initialization'
  0.0000000000000000 # Attribute 'small_contrib_threshold' of the grid.
  0.5000000000000000 # Attribute 'damping_power' of the grid.
 # binID   n_entries weight   weight_sqr   abs_weight
    10   10   1.039805364061599E-022   3.133341161476469E-044   1.039805364061599E-022
    16   10   5.024702352941154E-023   6.019945594864615E-045   5.024702352941154E-023
    22   10   5.024702352941154E-023   6.019945594864612E-045   5.024702352941154E-023
    28   10   1.039805364061599E-022   3.133341161476468E-044   1.039805364061599E-022
    34   10   1.039805364061599E-022   3.133341161476464E-044   1.039805364061599E-022
    40   10   5.024702352941154E-023   6.019945594864614E-045   5.024702352941154E-023
    46   10   1.039805364061599E-022   3.133341161476464E-044   1.039805364061599E-022
    52   10   4.783531576025154E-023   5.845455561105786E-045   4.783531576025154E-023
  </DiscreteSampler_grid>
