  0.00191824345540652  0.00194561701141303  0.00198640526424968  0.00202347502761714
  0.00206256084494335  0.00210507478727410  0.00214937488805973  0.00219450524181601
  0.00224074788533577  0.00228951200892497  0.00233898714674261  0.00239070458544331
  0.00244375375684393  0.00249744252008020  0.00255188197463208  0.00260703973061633
  0.00266339569636151  0.00272018901294142  0.00277897031738319  0.00283984945978809
  0.00290394375360148  0.00296955258485593  0.00304073615186200  0.00311543976666728
  0.00319143136765145  0.00326807990069532  0.00334517045172692  0.00342331824599818
  0.00350436689464117  0.00359238625652810  0.00368290512443032  0.00377370009612505
  0.00386476415594612  0.00395775465714455  0.00405604190509348  0.00415997929770433
  0.00426462543649128  0.00437385962396052  0.00449101399083030  0.00461245318946431
  0.00474173936040674  0.00487433710509263  0.00500797875799064  0.00514758460444450
  0.00529242842979834  0.00544113251928279  0.00559371476318185  0.00575245508000182
  0.00591967217826087  0.00608966029999446  0.00627053565866081  0.00646198771432247
  0.00665749549202234  0.00687439983157602  0.00709708498984087  0.00732231266823708
  0.00755737123316646  0.00780361728156305  0.00806770279038901  0.00835387117390484
  0.00865552232984163  0.00896951957787839  0.00930775103678589  0.00966183231132088
  0.01003503374343454  0.01042891938373940  0.01085389553427528  0.01130369467025981
  0.01179705623085318  0.01234289427893549  0.01292908683084163  0.01353990518508135
  0.01416961093347626  0.01484874777326986  0.01558412533949747  0.01637932650028397
  0.01724813411094801  0.01820466422993004  0.01927040522701198  0.02044969438967166
  0.02176822923096725  0.02323625932488630  0.02490700585511822  0.02682294013300813
  0.02903981180503024  0.03163110284837153  0.03475756258624540  0.03859538556826207
  0.04320055694172584  0.04851546839055746  0.05523237835913057  0.06501183369169740
  0.07958410951966978  0.10447031035926754  0.17587599079856303  1.00000000000000000
  0.00435054008055192  0.00507545062753533  0.00577631301510008  0.00647804738330855
  0.00719070498341458  0.00794411025519854  0.00874344190803511  0.00960461935947092
  0.01050667506037761  0.01141165403350424  0.01233017096597045  0.01324596310782633
  0.01419079233378985  0.01517493654255699  0.01621960808109797  0.01731793526283420
  0.01846314050854496  0.01970063871973340  0.02102193741833734  0.02235306088754175
  0.02368858004077721  0.02511465963551739  0.02664023835012239  0.02827228387231176
  0.02994600703717052  0.03164921668075894  0.03341223052559313  0.03521047709426869
  0.03705693855370300  0.03904398136694834  0.04119388234052546  0.04342828949240415
  0.04571341273665466  0.04802550105479467  0.05040968540300740  0.05286449632557547
  0.05539234562569428  0.05802650007329722  0.06075747477535413  0.06359858043444887
  0.06643037619729823  0.06933335775115290  0.07237084725317186  0.07565232737646393
  0.07907875317148177  0.08256922505095346  0.08606228461926560  0.08963655587844009
  0.09337498517644427  0.09728929050165054  0.10127280317328878  0.10531156477737326
  0.10942158104173552  0.11378936873436490  0.11838841613710716  0.12317579296563150
  0.12811714060667526  0.13316289728261271  0.13844177158370888  0.14412635568241239
  0.15017848476777668  0.15642694175473759  0.16273396314886598  0.16914273000712329
  0.17580732778146271  0.18270925120641571  0.18995927346266758  0.19785639796274065
  0.20611901075449898  0.21438587557803893  0.22293492532908468  0.23214400003301819
  0.24211987368506463  0.25280517369627159  0.26390620144157562  0.27508920426918260
  0.28651120546652348  0.29848811551666204  0.31134296098461067  0.32528488293964941
  0.34071992302640641  0.35693316355543442  0.37455885349059465  0.39370223745676802
  0.41469383524205916  0.43830462214881977  0.46409811059658984  0.49210391959145144
  0.52260841640397193  0.55557643629249920  0.59472502421474827  0.63918362169976028
  0.69243175459950412  0.75629851521411218  0.84854623763886805  1.00000000000000000
 -0.00238122108247564  0.00896797110449537  0.01909907390143400  0.02940877305703909
  0.04001148835482160  0.05084321874377777  0.06169779164644036  0.07219722103963587
  0.08255745104109961  0.09302023237602478  0.10331940259389390  0.11350200784257504
  0.12375531637410433  0.13424517219814572  0.14474929315616997  0.15536085778292077
  0.16588427583649948  0.17671625514297343  0.18751470049660046  0.19809330486083171
  0.20851566615837766  0.21914285409348716  0.23006417639551793  0.24091266244012050
  0.25142083896198997  0.26158526723250280  0.27170645852589415  0.28190013706287209
  0.29245519939407821  0.30300497513144298  0.31345115673896656  0.32399788226248183
  0.33461139245324129  0.34527443745640940  0.35563422968248237  0.36640161060085807
  0.37644909946671240  0.38678246391076110  0.39665221264746897  0.40703635954326961
  0.41762576743703017  0.42836465401239887  0.43889781382638621  0.44940797984634490
  0.45998534834458227  0.47066331142528656  0.48152839648441342  0.49246166021013238
  0.50327763973005490  0.51367475928041317  0.52417633024285537  0.53476544184162267
  0.54549228932989713  0.55646676015245344  0.56727876753161843  0.57783498530737809
  0.58759482281400932  0.59695565294663300  0.60643671352004469  0.61622769978899827
  0.62648727369031498  0.63692245504377754  0.64773045373905802  0.65908956311789069
  0.67041771967438291  0.68183179498753577  0.69278208184667844  0.70372802969782833
  0.71438566721562058  0.72529594870501479  0.73588450357396895  0.74622855580345515
  0.75676405599288943  0.76744862566254812  0.77799385651514330  0.78840013334257142
  0.79949804077065845  0.81103182351666170  0.82222506036862475  0.83281404708581319
  0.84345045620649395  0.85368432342505318  0.86410889190394080  0.87463092731894099
  0.88498249704300025  0.89539477845623205  0.90553898450188475  0.91571831311815766
  0.92587193053067274  0.93641366422143502  0.94705952308770480  0.95774964890606906
  0.96828054002583908  0.97902011352615481  0.98937289930712824  1.00000000000000000
 -0.00256485463270637  0.00974638378308086  0.02061368295788956  0.03152568830476470
  0.04272827541834380  0.05394154923477590  0.06522418622659137  0.07601535654554295
  0.08715287624012505  0.09869322639279969  0.10994432499120935  0.12090581420812270
  0.13174360775412478  0.14274494804851082  0.15363938633192611  0.16450309493160897
  0.17538477579162862  0.18625220981638538  0.19714551736553840  0.20778224633085018
  0.21826256780215897  0.22868925252833835  0.23912132601245140  0.24937901161395987
  0.25955733299364248  0.26989474173017652  0.28054273374113053  0.29139794834821769
  0.30210335665435617  0.31266872021173131  0.32324657138946117  0.33377607298424594
  0.34452825472841292  0.35541958496147918  0.36641452529357466  0.37724553578496989
  0.38782758062119299  0.39829008449681685  0.40850715327840464  0.41869323402638958
  0.42917647777941986  0.44008999872875809  0.45095374867361732  0.46178603979055549
  0.47249190556026827  0.48303427380973951  0.49329313050574108  0.50356272215578324
  0.51392615862798885  0.52396833562061118  0.53360152647370829  0.54325315418760278
  0.55328110460671598  0.56345011358158259  0.57384538740465796  0.58438426170124125
  0.59485527770538604  0.60505678123004236  0.61544161994950886  0.62619051569316364
  0.63704620738109474  0.64746577849133102  0.65782679192568083  0.66818726391140193
  0.67867299879145360  0.68932082834082620  0.69998518176076485  0.71058694958802915
  0.72106216821164038  0.73129314468599027  0.74131573874533130  0.75122026345442083
  0.76130078350801889  0.77155743615501970  0.78169466844913604  0.79134169425664802
  0.80068057692942285  0.81031894226786827  0.82028262436624566  0.82975758145783585
  0.83982145319682866  0.85043512411984012  0.86141290288904027  0.87204963798502599
  0.88270006268744006  0.89342732224351062  0.90428875168493661  0.91513684652830685
  0.92605357367185048  0.93678324330603313  0.94753717517984626  0.95815643538810091
  0.96876946817762688  0.97929100609946451  0.98971347517859631  1.00000000000000000
 -0.00226605117791571  0.00903586851150291  0.01808815381941098  0.02808947208928515
  0.03798047229078785  0.04832918221581224  0.05846021135647701  0.06912019996528816
  0.08017468055636462  0.09087921828486364  0.10127299501460586  0.11136755244615544
  0.12197829832035798  0.13237299202749911  0.14250670893148970  0.15265039762667512
  0.16305450507433000  0.17357459984989940  0.18380648705199665  0.19419687215960890
  0.20495300647643255  0.21602014732727653  0.22701402333046541  0.23774542487954831
  0.24826843123454173  0.25865724472149743  0.26910835690680868  0.27952911330211455
  0.29015252598038299  0.30133329373623502  0.31260268781329853  0.32335575854681570
  0.33375727288198170  0.34410389472415170  0.35490604080721228  0.36556659069618558
  0.37589647521123476  0.38602644852387968  0.39637756818611636  0.40694172942622692
  0.41752642098557896  0.42797006067968346  0.43865371316572871  0.44941935339979255
  0.46016922265619409  0.47085985473501196  0.48146046110467194  0.49247243205756608
  0.50337105920016689  0.51377640901035448  0.52409315343296137  0.53435769223685148
  0.54474830322390067  0.55495675576771053  0.56534076106712838  0.57618438632413682
  0.58696620639121033  0.59771563606850719  0.60812670717264761  0.61844807414920622
  0.62848668316688883  0.63840469246261500  0.64836513181459143  0.65821469527148613
  0.66776607595810678  0.67792423964933657  0.68814019403256810  0.69924299139867363
  0.70987401441611608  0.72078751872135094  0.73204165222885142  0.74321148516197344
  0.75419281142665440  0.76472412196883810  0.77574122013995195  0.78682270460933645
  0.79753376819237198  0.80782989513853221  0.81815845864072279  0.82896200065003767
  0.83921251082899972  0.84946541245843743  0.85940729824952999  0.86966329285489541
  0.88035122507999819  0.89154423710540209  0.90269151000071335  0.91362888594742941
  0.92447380601095186  0.93576852176142633  0.94632615376852836  0.95675770532978466
  0.96730943663898472  0.97822850442694764  0.98917616642645645  1.00000000000000000
 -0.00209746369108118  0.00892441040068286  0.01821426873639564  0.02786168065644452
  0.03767383573747397  0.04766010968670853  0.05772240080928669  0.06781633894784941
  0.07806796599339405  0.08815208366117777  0.09852271293861750  0.10918544190483676
  0.12030093018933886  0.13127471912804767  0.14231458181823917  0.15339811202765805
  0.16476084825915535  0.17612818202560682  0.18726476121083560  0.19767496119740108
  0.20787313337428545  0.21796676266839393  0.22798915700899236  0.23777629603509270
  0.24743691113669633  0.25753690889604852  0.26841987881741641  0.27956151398146778
  0.29076643521762907  0.30165202076935621  0.31237421898686463  0.32268309857607025
  0.33282779171945603  0.34299835517721533  0.35347218682455706  0.36435538349802388
  0.37517227858551278  0.38557607915439174  0.39558736508499609  0.40540607603261924
  0.41551295196415650  0.42596250061603325  0.43681102794100451  0.44767735308689477
  0.45839010316824869  0.46897027964776933  0.47939752951012199  0.48969897934180368
  0.50007523081552685  0.51056758956385928  0.52125014631179067  0.53201721141228298
  0.54294257121055023  0.55355605865589119  0.56411701461980157  0.57462193244046411
  0.58544523222458411  0.59622526148496391  0.60694239247368120  0.61783963254508445
  0.62908627893516578  0.64048826083194688  0.65163910974568595  0.66228598376343251
  0.67296418336838570  0.68398400191734332  0.69515319173934431  0.70585719150583204
  0.71597733762981275  0.72594046061182183  0.73625096093251974  0.74711674639800507
  0.75816698869560151  0.76901924240021768  0.77958274250786042  0.78987223343466972
  0.80037400498300992  0.81140740523743438  0.82217573988680437  0.83212921437224829
  0.84184123099303454  0.85192778795662283  0.86252721395937160  0.87339479816486310
  0.88417875332604479  0.89500605666758581  0.90573230871869381  0.91657451673860979
  0.92721250048241077  0.93763398713747659  0.94764238282977298  0.95787147311159526
  0.96816152986064030  0.97868687804502474  0.98939799588561894  1.00000000000000000
 -0.00231431263198693  0.00960408761092432  0.01949834400940120  0.03027562982988436
  0.04057746603157719  0.05130749757193288  0.06173943924068936  0.07194537237937086
  0.08240618363500860  0.09369686690604656  0.10534165406517287  0.11628907738648479
  0.12715251806498945  0.13798294725929985  0.14880021302288543  0.15912271763555122
  0.16939432751112776  0.17989548311415873  0.19048041128422996  0.20110339907804098
  0.21108893418287716  0.22116166383948302  0.23102302425758395  0.24128545810481153
  0.25204976771642107  0.26273720337671691  0.27335953472222613  0.28332759181218103
  0.29347688650524645  0.30356941483521543  0.31403735519685938  0.32477131197782533
  0.33566130417711304  0.34688369648336459  0.35827438931216599  0.36936344050751130
  0.38008233921109463  0.39082472533461199  0.40196561784588453  0.41310285758513893
  0.42376297557606124  0.43401779196574147  0.44428642840325294  0.45469828204569779
  0.46508574450672197  0.47523057653356293  0.48521336375902174  0.49523292512283290
  0.50535819322625464  0.51560896850503368  0.52561378016121718  0.53565690541345978
  0.54586424355956997  0.55660802523489938  0.56747025303309950  0.57794648560011697
  0.58826240439245536  0.59855536167111145  0.60931943411417289  0.62041402032660442
  0.63163398752247069  0.64279510605433576  0.65383290891923818  0.66459775782961850
  0.67498442198559749  0.68514149397267377  0.69564450268624622  0.70673044173935318
  0.71803716486585623  0.72908389831226983  0.73967556686421188  0.74999555937706608
  0.76024750389065010  0.77096180517004365  0.78186698384228959  0.79275970194267953
  0.80334169888302365  0.81381198034436508  0.82431929743078869  0.83466738015241426
  0.84490761794929192  0.85509495191029539  0.86543566981303965  0.87603942743010288
  0.88668135029119644  0.89727427473066645  0.90800045868911683  0.91887401556638992
  0.92979142809717574  0.94048946672078604  0.95068428865010390  0.96085576716794252
  0.97072543234591313  0.98083975116950850  0.99036015716309878  1.00000000000000000
 -0.00238179573373908  0.00883537957557103  0.01918426905956918  0.02983177455140991
  0.04026149296830241  0.05055459088437034  0.06090663205122651  0.07135177846011373
  0.08196568926160071  0.09295470005678508  0.10399205471794679  0.11520460690220642
  0.12644414967050138  0.13763947747730493  0.14837612395578356  0.15896733140600466
  0.16952406820188989  0.17973474897251926  0.18989031570533130  0.20007203796260881
  0.21040562219738032  0.22069468091005889  0.23104386908156688  0.24149299241901384
  0.25169193949876256  0.26183830644505357  0.27252046001898611  0.28379330232967365
  0.29495157265371463  0.30583735948116092  0.31648657132606428  0.32725672575910209
  0.33824336981826703  0.34940137598388943  0.36069432171778359  0.37185649677222132
  0.38233020819964519  0.39228997563386825  0.40209990997215045  0.41201397158462327
  0.42214584752170708  0.43218611341078639  0.44278314207313757  0.45374456740875446
  0.46458357963615338  0.47510694482509630  0.48543924608961125  0.49560568974837038
  0.50562385746367022  0.51556539450390260  0.52542523089132254  0.53510769742461073
  0.54476670403435956  0.55483240442337911  0.56524530687986319  0.57597087267901093
  0.58658133196792583  0.59706845514387041  0.60756577546698021  0.61832501262353579
  0.62931357195455573  0.64034234428837034  0.65126769433151566  0.66215963165722758
  0.67316958103716718  0.68436131729102456  0.69563728988463802  0.70682916587538347
  0.71740546469220068  0.72781934745284438  0.73820743404622713  0.74818359284708924
  0.75827567483900848  0.76830065078781962  0.77932156272426711  0.79069415078710625
  0.80188260607093531  0.81254628377107407  0.82320744042673977  0.83377179149349401
  0.84451416665233592  0.85471005746783824  0.86486060380490937  0.87521586867831624
  0.88569726057358544  0.89618886443503021  0.90667840191720162  0.91701283721947269
  0.92720676815922842  0.93730239329172682  0.94776471489303993  0.95835362984715156
  0.96827582856966088  0.97841052601582468  0.98902840625353616  1.00000000000000000
   2.4272485133484867E-012  -1.0000000000000000     
 T T T T T T T T T T T T T T T T T T T T T T T T T T T T T T T T T T T T T T T T T T T T T T T T
