  0.00191780030528878  0.00194536238612153  0.00198602747213094  0.00202513050043190
  0.00206673800712768  0.00211113420685660  0.00215621958713552  0.00220232518132971
  0.00225012065939067  0.00229935897708361  0.00235044801034831  0.00240350914332919
  0.00245880381989987  0.00251702994943353  0.00257842979388152  0.00264231245415292
  0.00270794245815708  0.00277337224219118  0.00283991828607484  0.00290908339809089
  0.00297997723320421  0.00305216679640639  0.00312419847371214  0.00319675660326164
  0.00326931346916156  0.00334313731017734  0.00341967116609853  0.00349938986792979
  0.00358280789062441  0.00367099554445690  0.00376447981001642  0.00386209180605776
  0.00396005501177820  0.00405915449663312  0.00416099831935712  0.00426555136569930
  0.00437691118895164  0.00449229541777631  0.00461355836892649  0.00474288054250539
  0.00487726223755435  0.00501568472635721  0.00515980959262802  0.00530810434396099
  0.00546193879111601  0.00562091745566405  0.00578400192006063  0.00595229029830538
  0.00612614780819159  0.00630576912650023  0.00649073124978798  0.00668620245778735
  0.00689563987365132  0.00711944816926760  0.00735669817843967  0.00760657299669208
  0.00786425598295883  0.00813607083262425  0.00842478822947858  0.00872437496101604
  0.00905335869359396  0.00939047855821913  0.00975012267447630  0.01013664519757180
  0.01054937342989890  0.01097703619180535  0.01141415998300661  0.01186474704518772
  0.01233331406767204  0.01283990941900109  0.01340126655022945  0.01401184428358836
  0.01465485738804481  0.01534559731176712  0.01610438686749812  0.01694430362418630
  0.01787730526799610  0.01890658365057803  0.02003171710396552  0.02124275871246314
  0.02262000850426728  0.02414500868135573  0.02584649523204446  0.02779576914060568
  0.03004058827128658  0.03263971141168487  0.03564487263171322  0.03921134883232988
  0.04357416216088193  0.04917852134390963  0.05657354328079578  0.06652393801331516
  0.08070226215143023  0.10582582037369972  0.18131040328201539  1.00000000000000000
  0.00500548904367075  0.00579133071488114  0.00641337795322684  0.00702742331877790
  0.00760655263632255  0.00819183524033377  0.00879396013601863  0.00942868808713309
  0.01015563991554535  0.01090550791366047  0.01170405145302933  0.01251107365480156
  0.01333174080823927  0.01418115703909930  0.01508010101416756  0.01604417984911068
  0.01705221557235679  0.01811320133658447  0.01924100909040636  0.02037117999028225
  0.02152896510537349  0.02280445775502484  0.02410166104234565  0.02544982666013178
  0.02692989126733530  0.02843483348538629  0.02999614008518652  0.03160704179167650
  0.03329427463570754  0.03507623285733908  0.03690976188798444  0.03880761580419203
  0.04077406360171937  0.04282136186779395  0.04498218005611426  0.04722790680383036
  0.04951471735428410  0.05186239358168002  0.05428590612148813  0.05679376214551821
  0.05940678176463836  0.06213156691790012  0.06491308824183552  0.06774834945584894
  0.07062758788787316  0.07361287820538055  0.07674099878320413  0.07999401367934904
  0.08345014998500387  0.08711416866196689  0.09089057622149985  0.09475625853451336
  0.09879751647818441  0.10313324754468084  0.10768811776085091  0.11227008074603749
  0.11690134359601057  0.12155975459565921  0.12644633635304703  0.13156356015741336
  0.13689832456637693  0.14272676456161834  0.14897037617750031  0.15534733557812400
  0.16202077498800563  0.16919762369432059  0.17679763080124122  0.18477649811776659
  0.19300769489455277  0.20150504038857456  0.21028825188781594  0.21950369713169901
  0.22919115187874789  0.23924452143669162  0.24999572681618132  0.26151842320360957
  0.27383056490250013  0.28724351652654728  0.30158176369971068  0.31688694749515500
  0.33293940735079197  0.35012747150955731  0.36832021482835203  0.38779211264517921
  0.40909707183821148  0.43242630851885150  0.45824686673996007  0.48692251117407120
  0.51845035638193648  0.55439054539699439  0.59391488610746102  0.63812455230026466
  0.68894379588981158  0.75186873030271040  0.84715344762993916  1.00000000000000000
 -0.00226288858310911  0.00887616582148915  0.01920922024298935  0.03017602758348916
  0.04138425670858059  0.05261112351136096  0.06354452667167454  0.07406297845453473
  0.08459592139741308  0.09522556995886591  0.10623962632093624  0.11674694025686246
  0.12723477345379700  0.13768576080120329  0.14858455259157022  0.15937885559273968
  0.16966835226434379  0.17963794344594083  0.19013963665400388  0.20105490048727995
  0.21208466675560428  0.22274881502298136  0.23353400912297778  0.24426127527153538
  0.25527967207020785  0.26611322947017196  0.27690426570786031  0.28741518515921360
  0.29842156371946782  0.30925081218286943  0.31986419184869813  0.33010154506871342
  0.34037796591692848  0.35016250621182599  0.36014494806386332  0.37035011799613937
  0.38106049241897078  0.39179187827581680  0.40218606187262784  0.41244556676853095
  0.42246327435052167  0.43286621626287736  0.44388998265319712  0.45526913988501072
  0.46598900730583204  0.47634092027678410  0.48641390406781776  0.49664811072395310
  0.50695140929727989  0.51773708023364384  0.52853283188934030  0.53873356574177134
  0.54854146145858418  0.55837782254437562  0.56866574270126080  0.57912758216254945
  0.58959325391974493  0.59977131591258970  0.60977508514882728  0.61963714837703077
  0.62984220494198428  0.64024281360283686  0.65052524805402423  0.66093031231258059
  0.67127176179033088  0.68171135661324189  0.69207527190467166  0.70240008920388375
  0.71294633953920161  0.72340638320001049  0.73413910835028395  0.74508377615570343
  0.75610795470973013  0.76703528809884147  0.77782793903730696  0.78859691188550729
  0.79932413374676159  0.80981315702192891  0.82052605132928569  0.83115841862095063
  0.84171675361045473  0.85256505153983864  0.86309425436739795  0.87412974780926334
  0.88392642024100543  0.89369240326610988  0.90354007510880252  0.91352881804764863
  0.92344131179831224  0.93374002861276229  0.94442964621027381  0.95601893314623465
  0.96751193357439891  0.97851437940015062  0.98955236340830155  1.00000000000000000
 -0.00241421353128525  0.00935117301381903  0.01971647895068784  0.03045346497342145
  0.04161384190474308  0.05289594058369115  0.06382995465194974  0.07350130128985818
  0.08328667820242744  0.09308411226829337  0.10312885590729705  0.11306202201143438
  0.12303320588151381  0.13402986872018000  0.14544736718983134  0.15664347754435737
  0.16757551582093264  0.17850770364992757  0.18958246714014984  0.19993120085464464
  0.21001436668496101  0.21997486981153977  0.23008789174259531  0.24022296829601919
  0.25049703717226668  0.26103960120704578  0.27191781632950790  0.28263956787295841
  0.29335336417902025  0.30381381005652081  0.31428372500761442  0.32486275221098732
  0.33583830606584331  0.34702106220775364  0.35804133456409093  0.36885216742328281
  0.37946738504754512  0.39014260267037953  0.40062932062665213  0.41110542368560676
  0.42139814594522068  0.43180443970066290  0.44220778853696385  0.45263671006515221
  0.46306243746589837  0.47366145718331104  0.48462074556891332  0.49585835394726069
  0.50664944877426332  0.51710225900767470  0.52750853838209588  0.53820029251996326
  0.54908219664285518  0.55998314350741218  0.57087118124205405  0.58147478718377754
  0.59148350367639058  0.60167525836164581  0.61176823373611811  0.62205728888036305
  0.63199275342723793  0.64196428549421891  0.65208903139826113  0.66239045530839646
  0.67279556184725253  0.68309815840874777  0.69336299889628406  0.70351881484650258
  0.71372530646541621  0.72396150997510578  0.73432795135581774  0.74473214682843047
  0.75519026659662458  0.76564676290841138  0.77636201606602406  0.78732656107851962
  0.79839293747538220  0.80944730899750894  0.82015778573663667  0.83064656114874891
  0.84117046107817317  0.85180654171155079  0.86264088195377664  0.87372518829460977
  0.88476676969110346  0.89562517127115004  0.90619480788676110  0.91678559906647650
  0.92722173920613338  0.93746217519007569  0.94768766566407603  0.95811573634390512
  0.96860663728468344  0.97910701873559336  0.98931837609285600  1.00000000000000000
 -0.00254004832362818  0.01016941909705673  0.02127879230842193  0.03212851812312516
  0.04271528080104720  0.05326110066741613  0.06392822166320823  0.07474052867833185
  0.08565355059057460  0.09658709478844572  0.10771125381370697  0.11875794302614946
  0.12973328148233931  0.14104661215344064  0.15231856186491588  0.16319249482158568
  0.17340209942581009  0.18349274302698887  0.19396697350998707  0.20445405184947907
  0.21480600535285688  0.22494104442240426  0.23478728781615205  0.24471104424238552
  0.25455422477607365  0.26443762827823020  0.27465885710202881  0.28479008460062011
  0.29508578423240722  0.30500848672186903  0.31478617308283996  0.32484756150174832
  0.33553574914814621  0.34655579145066046  0.35749746632858653  0.36804690604458462
  0.37830085341905340  0.38846516609659482  0.39879864349577776  0.40929412718095831
  0.41987456764841047  0.43032474598015130  0.44062934225679506  0.45084590205806108
  0.46142988391453960  0.47202916916484100  0.48261693471503281  0.49337423396389346
  0.50432926657637855  0.51559235570326556  0.52645581503899963  0.53778987967423941
  0.54918185135964259  0.56091221477105235  0.57180752350934705  0.58229175942435052
  0.59259410006944158  0.60281994149816986  0.61347448131822213  0.62372648689901034
  0.63458313655802234  0.64525372482509047  0.65570115240104343  0.66563225900755796
  0.67531840800099396  0.68505319776240070  0.69520433718616947  0.70499403784733361
  0.71549384328716104  0.72566798661411591  0.73674000076174195  0.74740054796083044
  0.75813052019411065  0.76872052160058224  0.77905764189341375  0.78975731112366987
  0.80065042027474076  0.81121368506198321  0.82181885196506210  0.83216679324308462
  0.84332783100578124  0.85414543897387274  0.86422862762213559  0.87418437792727388
  0.88416918848417458  0.89445099912344606  0.90513171962591688  0.91547989858386791
  0.92581446595146033  0.93643202198007480  0.94719722149108088  0.95776350837682700
  0.96790852236562963  0.97803750930625288  0.98883533562370618  1.00000000000000000
 -0.00253996538851472  0.00966710104807986  0.02001656198722147  0.03110275200323546
  0.04204172545047470  0.05306886553734662  0.06426271101460705  0.07527756753536080
  0.08617456502084642  0.09686133833974114  0.10770205636833578  0.11864914841785160
  0.12957055192842085  0.14073515783704391  0.15188051274162759  0.16303797633015393
  0.17429357074330604  0.18544136320535085  0.19687336246374953  0.20844141058160240
  0.21987359766641901  0.23107886549393877  0.24197499906469358  0.25279800471237712
  0.26348642838833852  0.27384717054460816  0.28398074194474837  0.29425954030266466
  0.30475579861700575  0.31533593004262322  0.32601724442769114  0.33665148139239487
  0.34699743272338623  0.35730241342344393  0.36782767904390667  0.37860897193541648
  0.38947075582642815  0.40017701314541759  0.41079548372440500  0.42131180280736924
  0.43175176530985199  0.44248155558708813  0.45302533913416798  0.46347440300543546
  0.47361220076720972  0.48390229351129022  0.49426272851724318  0.50473056606516542
  0.51511813742813084  0.52551502257514915  0.53592656318856990  0.54626522763951901
  0.55642333650183207  0.56642919538385150  0.57663355855222498  0.58711637085367274
  0.59792447858051079  0.60843983202828256  0.61879022809274042  0.62880551946936192
  0.63912695544852105  0.64929497058895058  0.65968213634124540  0.66989084064241378
  0.68049352160822607  0.69102512784040782  0.70177857584184145  0.71198715613112107
  0.72217485553032223  0.73232329605129454  0.74289195545879616  0.75322032556799912
  0.76335283042171276  0.77340097771696525  0.78357720143856224  0.79369405196901066
  0.80385833529465256  0.81413354421438466  0.82447406937074807  0.83497431421547619
  0.84559218796394420  0.85643788812525123  0.86730751116675919  0.87802125670431119
  0.88846479169471626  0.89847058572909466  0.90833866915381689  0.91842178973770527
  0.92863114554891468  0.93882908685119759  0.94874622173378986  0.95869082859606580
  0.96869632768281522  0.97874977916103179  0.98933807768826820  1.00000000000000000
 -0.00217819536561812  0.00862246388756844  0.01827317694077925  0.02856298831019648
  0.03888850219876554  0.04904694360754076  0.05918067925721406  0.06973576582275288
  0.08069185349570296  0.09173177097170571  0.10237154552554827  0.11314585236655744
  0.12385354189556473  0.13470786217970840  0.14536625197822042  0.15582871956456784
  0.16583787962888613  0.17621085750185814  0.18653816943905402  0.19685997847120582
  0.20689146756493765  0.21757169704445248  0.22827106013705614  0.23863149473318998
  0.24899046239902459  0.26031900015883108  0.27140308726802126  0.28208340941513643
  0.29306177205344375  0.30402990275556036  0.31484469984341845  0.32524235780993205
  0.33590688783860090  0.34626653748971198  0.35665868674164941  0.36633307263850517
  0.37614894257848919  0.38612940407152518  0.39625173398323404  0.40630830070126223
  0.41598037621430600  0.42570933095057850  0.43570034944201191  0.44585320949214235
  0.45619914488729740  0.46677387701813139  0.47767879987020412  0.48862234450387865
  0.49930463531487135  0.50966798530553281  0.51973084813535919  0.53005090376972730
  0.54058836169810143  0.55158348126817425  0.56255479068860825  0.57328242930812334
  0.58409825344568445  0.59416293566108325  0.60455865675656140  0.61516427216163760
  0.62615916997489018  0.63723253545263459  0.64779177937383259  0.65859902334805820
  0.66909038249694119  0.67946595402725452  0.68953707709026957  0.69964464457343856
  0.70952487781309070  0.71947246797140318  0.72935299110281737  0.74011854382211373
  0.75055211357665219  0.76153089622268477  0.77174927578866725  0.78228474516888102
  0.79262305845424141  0.80332858418631548  0.81387408223970681  0.82464609288316204
  0.83558716821999712  0.84637263700522725  0.85692722777677421  0.86752260056412767
  0.87864679650553801  0.89019643481139799  0.90126595824792577  0.91184533293495074
  0.92244490386324851  0.93385107323763561  0.94515319622021310  0.95680966836353543
  0.96767600088343253  0.97866275544345793  0.98920745516211495  1.00000000000000000
 -0.00223558294300427  0.00893937963607862  0.01902028304140024  0.02944292204492574
  0.03970685525675537  0.04956723209060862  0.05954944854711379  0.06971204147466695
  0.08010166269964814  0.09049105406127335  0.10110360577654176  0.11150030110184837
  0.12200441895623319  0.13212466063786321  0.14230125225886467  0.15226014276450262
  0.16204271333431194  0.17219386653256444  0.18245214141565341  0.19304557681315351
  0.20381936496668196  0.21469257825083310  0.22552153002414363  0.23607196503593639
  0.24686505473200845  0.25759224081537235  0.26840396485460116  0.27903801437682191
  0.28924344098671617  0.29933001123690200  0.30947846144324642  0.31964623050003343
  0.32953488290452754  0.33950537453751134  0.34955196798470661  0.35969389328774770
  0.37000459619559789  0.38036286804006808  0.39099284728510530  0.40153249644639155
  0.41206432612756927  0.42243930352779674  0.43272146179451398  0.44298125094447871
  0.45325054285162009  0.46355183207911338  0.47389187289815243  0.48407527819725887
  0.49419208118805374  0.50459056658859369  0.51553883724016536  0.52666583011484525
  0.53807638260519719  0.54922728807973475  0.56008298916402199  0.57062280462802228
  0.58111429854329444  0.59192214273543287  0.60324032660800253  0.61487978140756316
  0.62656921294915147  0.63781716780332731  0.64883381571848853  0.65995196925303190
  0.67099381808237901  0.68183623584359543  0.69240457645224118  0.70271827424190692
  0.71305152085021606  0.72375153043149976  0.73492474148752041  0.74617623548618506
  0.75736717091431993  0.76797663667460314  0.77861019470074155  0.78915284519885787
  0.79985082719239531  0.81055815607558734  0.82102649442530484  0.83108236585866957
  0.84103149157224066  0.85085676442504277  0.86072929189295166  0.87093950657459895
  0.88148775497151655  0.89255592145111329  0.90392561913694391  0.91520465988293809
  0.92600788817244695  0.93699890953376941  0.94786145479850992  0.95882278022270584
  0.96934166196771132  0.97989226502634330  0.98996740305402897  1.00000000000000000
   4.1741246560856936E-012  -1.0000000000000000     
 T T T T T F T T T T F T T T T T T T T T T F T T T T F T T T T T T T T T T F T T T T F T T T T T F F F F F F F F F F F F F F F F F F F F F F F F F F F F F F F F F F F F F F F F F F F F F F F F
  <DiscreteSampler_grid>
  grouped_processes
  1 # 1 for a reference and 2 for a running grid.
  10 # Attribute 'min_bin_probing_points' of the grid.
  1 # Attribute 'grid_mode' of the grid. 1=='default',2=='initialization'
  0.0000000000000000 # Attribute 'small_contrib_threshold' of the grid.
  0.5000000000000000 # Attribute 'damping_power' of the grid.
 # binID   n_entries weight   weight_sqr   abs_weight
    10   10   1.943443599506472E+004   3.157494137402547E+009   1.943443599506472E+004
    16   10   4.201584386008168E+004   1.617746253490408E+010   4.201584386008168E+004
    22   10   4.201584386008168E+004   1.617746253490408E+010   4.201584386008168E+004
    28   10   1.943443599506472E+004   3.157494137402547E+009   1.943443599506472E+004
    34   10   1.943443599506472E+004   3.157494137402547E+009   1.943443599506472E+004
    40   10   4.201584386008168E+004   1.617746253490408E+010   4.201584386008168E+004
    46   10   1.943443599506472E+004   3.157494137402550E+009   1.943443599506472E+004
    52   10   4.201584386008168E+004   1.617746253490408E+010   4.201584386008168E+004
  </DiscreteSampler_grid>
