 -0.00237650621751154  0.00912713237702572  0.01911642401625680  0.03033869392018903
  0.04131470227021631  0.05275975315963539  0.06407093719842917  0.07541519719779431
  0.08681107687898268  0.09814960505850460  0.10931623716457101  0.12039879821852364
  0.13144669183418425  0.14253833594147131  0.15355661459507303  0.16455410805704856
  0.17524924869314301  0.18587932713817226  0.19660632078946155  0.20722767824002222
  0.21779264985861854  0.22824205744754350  0.23880326475622560  0.24946093489788274
  0.26026840084047642  0.27108660561269510  0.28196286089491984  0.29278774386058326
  0.30367848337192505  0.31456659489371630  0.32555341525083914  0.33660041489245790
  0.34772267770284826  0.35871783697396703  0.36953011723534901  0.38021697477377148
  0.39082691925455948  0.40133032229895832  0.41164997763464928  0.42199772953826076
  0.43245738491224700  0.44290225039259401  0.45326184561546107  0.46361142017360590
  0.47407377549276863  0.48468199960738589  0.49542790187957142  0.50636763008796459
  0.51742859579896150  0.52844711680283962  0.53941925135247371  0.55033520533948754
  0.56114762610537705  0.57180836778191735  0.58238945344442261  0.59308503241884636
  0.60394164293913200  0.61474480585160662  0.62539352394248104  0.63591975099824005
  0.64649413344141626  0.65710552156641233  0.66762768158966423  0.67809604110439281
  0.68866527292749635  0.69927787772058547  0.70987542592875019  0.72032948195594715
  0.73067685884041023  0.74096371573137565  0.75125256540022489  0.76158265027408978
  0.77194849565790646  0.78242942617101263  0.79309469573165414  0.80388289376156297
  0.81466793119761327  0.82529307422338261  0.83581224899556417  0.84623788601325278
  0.85658919491240082  0.86675698064926965  0.87676814412887594  0.88680389690504358
  0.89696711564814491  0.90710168373864186  0.91711325670843036  0.92695645775786417
  0.93677957031350279  0.94653544538823720  0.95617024485246715  0.96563243045986580
  0.97482445007462148  0.98353461746533133  0.99194024828888205  1.00000000000000000
  0.04086007804437289  0.04634473797869181  0.05053396714031092  0.05388632377769128
  0.05678687289407329  0.05944923622640537  0.06197845078384463  0.06433000203276161
  0.06656314489351736  0.06868161410693001  0.07077531029417237  0.07286796752689415
  0.07498760824884816  0.07708646803589937  0.07918979606007215  0.08129815789526930
  0.08339054429972234  0.08549142866338383  0.08762999665225377  0.08974251516582751
  0.09184474862994808  0.09392417244813847  0.09596203853751872  0.09803364367562357
  0.10018018695052623  0.10238615215546862  0.10464614064211515  0.10694877448322460
  0.10923881263314196  0.11154006814056824  0.11386384574746004  0.11630168646745498
  0.11870742099482516  0.12110496566003742  0.12357991009174144  0.12609287741346295
  0.12865877246178972  0.13130120009790189  0.13402771189420440  0.13678170820201976
  0.13954241041321047  0.14235726012327604  0.14523170270886454  0.14811133133722082
  0.15105091532077186  0.15408425100330050  0.15716487852711419  0.16026129264536976
  0.16349426552435720  0.16687978785931501  0.17034058333047378  0.17389636569011471
  0.17757273704425131  0.18133480340845889  0.18515270127926536  0.18908429759315754
  0.19325653873134044  0.19753169373529711  0.20182514010797598  0.20654418865269636
  0.21129171479023384  0.21618163005501659  0.22135782531355727  0.22673955663480289
  0.23236729481770230  0.23832736796757026  0.24461557225736599  0.25127234211791966
  0.25840508935921130  0.26571694648731081  0.27324042365086970  0.28118321448906058
  0.28961143504799536  0.29880531093301260  0.30859847334848639  0.31930425582179084
  0.33091653764855594  0.34358977954502690  0.35742063577335492  0.37255766309058025
  0.38905136102616156  0.40685893579963134  0.42623828543714970  0.44723943717931747
  0.47035839431998311  0.49505509633537936  0.52179665777386408  0.54997278951961759
  0.57989496956498920  0.61215849756922935  0.64646235607133284  0.68462115354245268
  0.72836790865445855  0.78202387231221793  0.85863073473482243  1.00000000000000000
 -0.00246441980118570  0.00931918562343915  0.01916354086603416  0.02972745314843346
  0.04014979260230349  0.05070996679255729  0.06113466160961976  0.07169243991304276
  0.08228574236572404  0.09300630434880601  0.10384454725782093  0.11466321591522388
  0.12576383082265977  0.13642131039043998  0.14693805385814371  0.15730658460111624
  0.16764890870642146  0.17824560823241431  0.18881406674523799  0.19948925175303139
  0.20990006935198327  0.22021540458982206  0.23042468109641473  0.24071978803043609
  0.25097474442265216  0.26123191263058798  0.27153640081992014  0.28186323081763426
  0.29228658254675027  0.30281255657831330  0.31333036392430957  0.32401992151303383
  0.33454133805423042  0.34476968379081085  0.35515494147400151  0.36568775826449851
  0.37636653661025371  0.38675555711285475  0.39715895627295478  0.40764074995156757
  0.41819660691430721  0.42868976707978157  0.43902403475081525  0.44925383800583801
  0.45949269202910398  0.46986446435176837  0.48010121329909827  0.49045406407728992
  0.50097311985737780  0.51151661735114828  0.52199149769737718  0.53226305125508722
  0.54249379763224059  0.55280441450929119  0.56309294802391607  0.57367472914128126
  0.58448786216196391  0.59528167061540993  0.60586112645241885  0.61620374342605611
  0.62667665043359011  0.63723021941473101  0.64770568355530878  0.65830689847570645
  0.66900542532485641  0.67990245986560793  0.69077949521183624  0.70119853948512656
  0.71155237678942573  0.72197194543986254  0.73298964112868603  0.74399336500009605
  0.75498765669461543  0.76578231917669060  0.77671055831449121  0.78758164814604292
  0.79839355129208955  0.80923668341219079  0.82029092554238847  0.83133972930091204
  0.84206679920369198  0.85269389380412086  0.86320295648081724  0.87361672349148145
  0.88390221099969690  0.89399940017323887  0.90419423526241760  0.91451029776228976
  0.92508773130940514  0.93579237551999450  0.94655742873065318  0.95745887669865493
  0.96816182375750581  0.97888347095017547  0.98948683821952987  1.00000000000000000
 -0.00242145447121821  0.00931405728258073  0.01957943305800046  0.03023689989989965
  0.04097168624101156  0.05173669262785047  0.06251292660366754  0.07313397712095915
  0.08365991147074377  0.09404588686228753  0.10457659038189315  0.11521063418909690
  0.12586969651538352  0.13659196054145831  0.14735408576442674  0.15828559999947392
  0.16922724726590480  0.18009010903026312  0.19075290300498213  0.20136734787231769
  0.21197893979320917  0.22276163117296000  0.23329286614570199  0.24388887722184432
  0.25435021987973144  0.26498509848641777  0.27548463391415051  0.28607453422982149
  0.29672065728393565  0.30741762452841082  0.31825305559735589  0.32913644980195528
  0.33973607360643815  0.35026486288496878  0.36069245459017657  0.37108582594667128
  0.38129831909753037  0.39138087362072976  0.40160122850814045  0.41184837476575437
  0.42216848618923930  0.43247116594688012  0.44287742056603058  0.45327811678094199
  0.46394296404324875  0.47431638501003909  0.48457839317568080  0.49457167632110577
  0.50481713089167246  0.51508291518693516  0.52564901842223233  0.53618218963212916
  0.54684178671211270  0.55728500188308372  0.56781401776554941  0.57859447355264571
  0.58979275258038211  0.60071372157400771  0.61148535378847835  0.62221541042064910
  0.63312469662300852  0.64430704294159458  0.65527963109848963  0.66605408719572046
  0.67620559074086350  0.68646472363671829  0.69698377748469365  0.70803918982919756
  0.71885107775079649  0.72940394423719723  0.73990224205345989  0.75037980582978892
  0.76101375729365606  0.77152161198812841  0.78212993529085828  0.79251124853764254
  0.80313929344532542  0.81344554940126523  0.82393360831196161  0.83420455186555897
  0.84487996793168230  0.85553330994680865  0.86613533143397892  0.87655215016273291
  0.88673763546735274  0.89710353129471465  0.90722022050041251  0.91727849443163678
  0.92728126861266957  0.93729146800465524  0.94760102496934384  0.95796711433602144
  0.96841071824640679  0.97895354875027618  0.98946897004864431  1.00000000000000000
 -0.00217215975761180  0.00978128532376670  0.01985464732141523  0.03039031220068101
  0.04073022929466931  0.05112616817623380  0.06140091015783160  0.07182359436387797
  0.08215922130111215  0.09263972880139924  0.10311509738112196  0.11347310391446062
  0.12388803181419382  0.13437500220764764  0.14487410688771657  0.15543092127201535
  0.16593190278365991  0.17655361067666200  0.18719789401216308  0.19780016853750107
  0.20830610811640596  0.21882212542284807  0.22932949599660574  0.23980750590618771
  0.25027140784854440  0.26088041528673578  0.27159694285394259  0.28216377794244446
  0.29295256238186529  0.30364959213794168  0.31444203014990141  0.32494718616576973
  0.33543177746644837  0.34586680912733764  0.35641077183500008  0.36711592940486931
  0.37783702644662676  0.38852722227846775  0.39909072020133352  0.40980235555401234
  0.42065480508961445  0.43178497320886933  0.44266790317918475  0.45338969761613662
  0.46388681953314170  0.47437080708913093  0.48494973864008167  0.49543874054923415
  0.50596827932005539  0.51650771472863888  0.52718405350439401  0.53817096794254005
  0.54901582210534539  0.55976774510202032  0.57013566056213605  0.58047636013339698
  0.59091688351859784  0.60130304766817133  0.61182340036185112  0.62250173154987443
  0.63299182833958079  0.64341072001227373  0.65352669570773314  0.66397424819321094
  0.67483622197103532  0.68542806430460201  0.69603137286376482  0.70638278019043255
  0.71693471051761870  0.72743247871840611  0.73803640357468125  0.74868919765225395
  0.75917519966081792  0.76976412253141435  0.78018187940570749  0.79063567212322272
  0.80076949839721201  0.81105070485934838  0.82157955056622767  0.83224917822006206
  0.84268200338938271  0.85329232671955135  0.86376108412359631  0.87446461210670579
  0.88476421698054508  0.89503284632741675  0.90555786106113512  0.91602441120458789
  0.92664805744883749  0.93704293169997577  0.94751559486421455  0.95763940058151553
  0.96793581137859008  0.97821459798266874  0.98909388817353572  1.00000000000000000
 -0.00222414752611082  0.00946235208575625  0.01944283664154466  0.03030638575415701
  0.04077875477976067  0.05136023691763195  0.06181818461320041  0.07251563952634356
  0.08314248330048479  0.09383876184582904  0.10463666043918465  0.11536198374476185
  0.12585269372711405  0.13599448727005375  0.14619155878679257  0.15655952073360480
  0.16706527279674299  0.17765927063106018  0.18826306782988342  0.19875193531670088
  0.20903666809372279  0.21924698260599274  0.22951863014490384  0.24009163838057532
  0.25100227079111670  0.26207971470840336  0.27289131191230709  0.28320060524908586
  0.29339729985807794  0.30367756780739058  0.31410006565461657  0.32437409671000034
  0.33464189862119192  0.34498837070378358  0.35540371491277140  0.36593037318242927
  0.37639061758157411  0.38698118275547438  0.39761821474019510  0.40810189024629800
  0.41835315663968797  0.42847922031354391  0.43877722134586433  0.44970266888458432
  0.46066651726497815  0.47165634776926890  0.48238152422153829  0.49289842886799878
  0.50319558054449942  0.51357035577388299  0.52419658619098441  0.53509332308876689
  0.54574088214072425  0.55624622779212229  0.56672134280852837  0.57725222163437229
  0.58772511320375809  0.59809071560231886  0.60851806639240491  0.61901623831657027
  0.62948027550048424  0.63995559815927194  0.65026447212305305  0.66037924166386608
  0.67063317340800555  0.68107828645052992  0.69135178246900486  0.70137390747543904
  0.71146342677255348  0.72197858126460801  0.73250008666130029  0.74293197306802350
  0.75333140177315916  0.76398951740938181  0.77470460636735572  0.78561588963572304
  0.79632442356791389  0.80710117306694695  0.81780244375077182  0.82855397358275296
  0.83945059920939236  0.85037370411559088  0.86120924531557619  0.87205130430637057
  0.88283973445638719  0.89370599354825964  0.90417920446486966  0.91445093082495810
  0.92474254121416100  0.93543364827142828  0.94633548438790172  0.95743852465230417
  0.96846620358248547  0.97919770443670817  0.98968416331393283  1.00000000000000000
 -0.00237031906742979  0.01012067848358925  0.02033864352119538  0.03097238179283271
  0.04139303607443701  0.05196671097887641  0.06231515575673793  0.07295222818964285
  0.08330635106016929  0.09381084598253943  0.10409428980645256  0.11454313875194139
  0.12505669733696920  0.13569642868956716  0.14634608675732469  0.15696391526033027
  0.16748554436431848  0.17801358744025733  0.18863851313306992  0.19902495730483818
  0.20949317736055784  0.22007361787565780  0.23094350618960227  0.24150450403629770
  0.25210064365399648  0.26276694463595318  0.27358201772434759  0.28430585807800873
  0.29494711403113433  0.30558797490359457  0.31630569519751439  0.32690783860422573
  0.33780205505013411  0.34827453751099713  0.35863281108110878  0.36857455810572992
  0.37906817481512228  0.38994663498869947  0.40061338784966471  0.41097886914283116
  0.42119179152426356  0.43153101249652903  0.44180623109641060  0.45214540338140158
  0.46276248818190058  0.47371111906496077  0.48459935612137672  0.49541074382480232
  0.50605532465921188  0.51653460467009904  0.52698932616544336  0.53743828297223073
  0.54812363127286345  0.55878210655186156  0.56937300954952708  0.57986393320226914
  0.59034209691852424  0.60083285319615809  0.61159086602152901  0.62247311404231376
  0.63328236497449941  0.64392750635389873  0.65446956540537560  0.66490614023726247
  0.67522704531858002  0.68553559313874046  0.69615902150488740  0.70653062570971759
  0.71689324233684504  0.72737767544347298  0.73812845882178102  0.74885373728797200
  0.75923037844047936  0.76945053516861595  0.77963108973247708  0.78980853414160335
  0.80013560211312651  0.81048469262629796  0.82074657512919680  0.83126572299232904
  0.84182049343417431  0.85228171754563187  0.86246235239321767  0.87272660443432859
  0.88322997437720485  0.89337260463625301  0.90349621340098807  0.91370774147960232
  0.92437728366704253  0.93517363609948845  0.94604217534077029  0.95701659928203375
  0.96791720986001595  0.97880036455267294  0.98945536823855162  1.00000000000000000
 -0.00240635912824358  0.00917617681069353  0.01932210911427056  0.02965064877755871
  0.04022802334817037  0.05094718160556420  0.06151630160596592  0.07211141991280390
  0.08262400384914377  0.09315470567866053  0.10341763128620884  0.11365636091931450
  0.12408517015337663  0.13489886379825630  0.14567765094023327  0.15622957864397805
  0.16664814232977532  0.17713107945033044  0.18779366925535143  0.19847724629757446
  0.20899488477227868  0.21945445948210851  0.22996697092577731  0.24053650207688335
  0.25106731645392077  0.26147403677114672  0.27191449596521722  0.28236712287008825
  0.29292151158652441  0.30351245274423921  0.31408856394894619  0.32470621993551141
  0.33524923174255733  0.34596993805956466  0.35671510390753070  0.36752125376835620
  0.37809465157431071  0.38870256600231656  0.39946869568137616  0.41034760429234368
  0.42128815765676730  0.43216582721490848  0.44309594395556495  0.45392029624411168
  0.46437449870460507  0.47476037353260148  0.48521260364269070  0.49582013967384969
  0.50626712938779306  0.51649163154458833  0.52681598546727604  0.53719180075705020
  0.54745525212839208  0.55761240666468892  0.56782446416565902  0.57830149266417596
  0.58901365126819327  0.59975833355315977  0.61049487486371767  0.62113566438168566
  0.63170196854136762  0.64200541614552986  0.65218180361809652  0.66231516591151107
  0.67236065159219194  0.68260184417670311  0.69290983173102905  0.70370299496039235
  0.71414784642992057  0.72447354577665624  0.73454329764353510  0.74462191183606452
  0.75458680696508829  0.76463889392688855  0.77480701128440010  0.78526475267818541
  0.79572657037220906  0.80649908134819615  0.81715116735674354  0.82792073454308046
  0.83866526757554993  0.84932951936215473  0.86001620692355152  0.87055341128938046
  0.88104546232760050  0.89154335155456710  0.90225757067026979  0.91319700701172368
  0.92400247356503540  0.93473247554997441  0.94552466613392816  0.95632229422066983
  0.96726132786515395  0.97816259010760098  0.98925827735017191  1.00000000000000000
   1.3730636380418124E-011  -1.0000000000000000     
 T T T T T T T T T T T T T T T T T T T T T T T T T T T T T T T T T T T T T T T T T T T T T T T T F F F F F F F F F F F F F F F F F F F F F F F F F F F F F F F F F F F F F F F F F F F F F F F F
  <DiscreteSampler_grid>
  grouped_processes
  1 # 1 for a reference and 2 for a running grid.
  10 # Attribute 'min_bin_probing_points' of the grid.
  1 # Attribute 'grid_mode' of the grid. 1=='default',2=='initialization'
  0.0000000000000000 # Attribute 'small_contrib_threshold' of the grid.
  0.5000000000000000 # Attribute 'damping_power' of the grid.
 # binID   n_entries weight   weight_sqr   abs_weight
    10   10   3.666382676911190E+006   2.712463222661766E+013   3.666382676911190E+006
    16   10   3.456581542049287E+006   2.349107095602448E+013   3.456581542049287E+006
    22   10   3.456581542049286E+006   2.349107095602448E+013   3.456581542049286E+006
    28   10   3.666382676911189E+006   2.712463222661766E+013   3.666382676911189E+006
    34   10   3.666382676911189E+006   2.712463222661767E+013   3.666382676911189E+006
    40   10   3.456581542049286E+006   2.349107095602447E+013   3.456581542049286E+006
    46   10   3.666382676911190E+006   2.712463222661767E+013   3.666382676911190E+006
    52   10   3.456581542049286E+006   2.349107095602448E+013   3.456581542049286E+006
  </DiscreteSampler_grid>
