  0.05151431377489215  0.05171174792506623  0.05194076782030858  0.05219633849367413
  0.05246568564618977  0.05273984345932883  0.05302225619665928  0.05329487160139959
  0.05356708622813963  0.05383668821349107  0.05410597724403222  0.05437889518045191
  0.05465306867809894  0.05493375204206093  0.05522009512179655  0.05550846703991875
  0.05580139967152618  0.05610163359775056  0.05640208500288851  0.05670998595055314
  0.05701734560603122  0.05733115924057894  0.05764723959009412  0.05796376946113004
  0.05828121142969150  0.05860021500804521  0.05892270146510626  0.05925440663594585
  0.05959445024792764  0.05993909634757782  0.06028191902035681  0.06062812712414697
  0.06097944569014842  0.06133564418784029  0.06170011529608003  0.06208266466569940
  0.06249136231977460  0.06294282325952696  0.06348149574381355  0.06399453797235442
  0.06449885201514133  0.06500203863524340  0.06551567784408317  0.06604849365640757
  0.06660433426554062  0.06718655944951353  0.06777432294435466  0.06838667200642376
  0.06900991576114961  0.06965628351948715  0.07030349476862821  0.07095187881645106
  0.07160048634928519  0.07226101209640391  0.07293691081792365  0.07364021073787674
  0.07437319249413277  0.07512650920945314  0.07589356530615454  0.07666277346090813
  0.07743942726489834  0.07825125635934480  0.07909553074552560  0.07995328454841304
  0.08081896479531474  0.08168258275187126  0.08252548404049503  0.08346763476218595
  0.08457254917283903  0.08581750774154931  0.08708159280519541  0.08840818212227501
  0.08978070359023820  0.09123674086216578  0.09275162980880818  0.09435012163101027
  0.09597195976698716  0.09764239336006499  0.09937116872771384  0.10116324117179665
  0.10299138432756562  0.10517681279537808  0.10784542876805236  0.11060001355652577
  0.11352613946612758  0.11668306544495156  0.12009447820007096  0.12378894533437551
  0.12835866705153859  0.13381014713397946  0.13989876133766960  0.14728711415910578
  0.15719843890498966  0.17005602251556248  0.17930053844005464  1.00000000000000000
  0.00187174175336292  0.00225476341906684  0.00257316886450012  0.00286716799424383
  0.00314117349697820  0.00340639742107067  0.00366219521183975  0.00390707171693189
  0.00414721824653748  0.00438483859086632  0.00461586615000613  0.00483669827184645
  0.00505073008096831  0.00526132988210659  0.00547105460377094  0.00567746201496094
  0.00587911095410039  0.00607746319640163  0.00627068941560978  0.00645902061487348
  0.00664402349166388  0.00682562144826636  0.00700260362131114  0.00717671071401477
  0.00734954834937865  0.00752152120715973  0.00769102456816461  0.00785684802946644
  0.00801828783030882  0.00817982956114093  0.00834176811122419  0.00850617343791858
  0.00866729555326550  0.00883023044973230  0.00898826131885037  0.00914557262983572
  0.00930007112819987  0.00945331191294345  0.00960407543420919  0.00975078242274431
  0.00989739922703200  0.01004260454291365  0.01018748226321430  0.01033078470581508
  0.01047156132106557  0.01061042876014763  0.01074785864654528  0.01088653380365055
  0.01102578099249354  0.01116860171882276  0.01131227601731734  0.01145846826011148
  0.01160127802114973  0.01174136375533794  0.01187872421850941  0.01201546628887984
  0.01215340753276752  0.01229278335395429  0.01243152010446534  0.01256434260258464
  0.01269730315338991  0.01283181873281470  0.01296815395861945  0.01310941578966955
  0.01325046005514852  0.01339278490616989  0.01353355936656369  0.01367416108251259
  0.01381359516220969  0.01395159722747056  0.01409053193004252  0.01423275923591372
  0.01437908486607393  0.01453542507307507  0.01470436470360725  0.01487307924771004
  0.01504631948229610  0.01519680257404181  0.01533993481143620  0.01548259659793198
  0.01562163297748473  0.01575948840860932  0.01590124302844534  0.01605197253676959
  0.01621215817827249  0.01637395798305253  0.01653747163230740  0.01670675357910275
  0.01687405690054176  0.01704402760018808  0.01721554543274331  0.01738839549170105
  0.01756687316143182  0.01769727235411165  0.01776362628608884  1.00000000000000000
 -0.00186837859006279  0.00898497545850815  0.01862512266014246  0.02852112628969126
  0.03871021850080214  0.04881468601505989  0.05924362278082562  0.06996556475661068
  0.08133483445256093  0.09199934462995965  0.10286924342490347  0.11350628442989348
  0.12387887788936562  0.13341533058835919  0.14299684676528143  0.15382711340987348
  0.16483385172800094  0.17555365574250587  0.18639066053914094  0.19681508405751066
  0.20777374566117077  0.21774986375919855  0.22779041644020867  0.23785501252049362
  0.24810588654801577  0.25852777012595474  0.26854966043646844  0.27875732037837764
  0.28920690721180975  0.30005076213724297  0.31103792213575676  0.32160406093797422
  0.33208644870670134  0.34208625575885404  0.35190463951059781  0.36183748318144188
  0.37208204902928443  0.38269070729134541  0.39316597030897371  0.40368949412204935
  0.41465158933675744  0.42505015028487864  0.43546436017232654  0.44567141652689490
  0.45614297236966289  0.46706948684766858  0.47840760184822495  0.49049464645479213
  0.50207241540973169  0.51406898396996348  0.52564690838203842  0.53718728052680942
  0.54824169641606202  0.55924644466168172  0.57004469457623064  0.58100440201027237
  0.59216957038134332  0.60322510213211278  0.61391311628535794  0.62399024237959622
  0.63369150293994192  0.64305542291156892  0.65253945627509202  0.66198956501892170
  0.67159825619300495  0.68161558538863320  0.69196360640285792  0.70251684454640018
  0.71292647350097427  0.72333479286684255  0.73376738857411727  0.74383161428295119
  0.75367934983289819  0.76366140176683006  0.77400220466483272  0.78481656769167851
  0.79576226294918340  0.80659940421226306  0.81721963888154503  0.82761204191756887
  0.83811889796034000  0.84901706055756276  0.86004960837143196  0.87135959717949096
  0.88263062088019928  0.89435398799924792  0.90466262167468214  0.91516117567984445
  0.92577159988334745  0.93677478906958522  0.94760205724921742  0.95851596059459165
  0.96955186914195779  0.98011510580361794  0.98998900868555428  1.00000000000000000
 -0.00203754810403701  0.01060118276262960  0.02157842167732711  0.03261038182638017
  0.04320968468423830  0.05343251151102744  0.06330177503327664  0.07309279781257377
  0.08299441855228736  0.09332224735887121  0.10346045036757594  0.11297181234443252
  0.12249887287885923  0.13239566550892259  0.14251701147924650  0.15256516947094445
  0.16288177436504633  0.17392622789775311  0.18505901049801529  0.19521504986834906
  0.20478797642056495  0.21468109776132374  0.22452822777593887  0.23478960806438121
  0.24503648374689738  0.25492838485079744  0.26433954026274287  0.27381115284011015
  0.28376339413550256  0.29412183384964535  0.30474026768365592  0.31553586966970337
  0.32659638994961360  0.33768475060864211  0.34864562014956590  0.35945785684851933
  0.37009147538396908  0.38078894012204234  0.39152491007860796  0.40245134747140043
  0.41360698841639576  0.42477285111537794  0.43582062740383454  0.44635000634169775
  0.45649293380619654  0.46612525705508701  0.47573594012752657  0.48549481988260018
  0.49553013794556183  0.50594172108283686  0.51669212702163436  0.52768684866555682
  0.53849296171438776  0.54909766697523710  0.55988180239914709  0.57067559202674911
  0.58129560321651441  0.59146675435032492  0.60109745101444556  0.61086921284499995
  0.62048435797715296  0.63048842804799099  0.64041379981052671  0.65085199559210904
  0.66184426843010991  0.67336054944070167  0.68531008030459162  0.69720140487367410
  0.70898290868777292  0.72017856462227103  0.73102251734411439  0.74165575584543098
  0.75233102025882403  0.76306244541217172  0.77364338725957693  0.78446540108823104
  0.79515489518915572  0.80553223049918088  0.81610529446897118  0.82675888807730735
  0.83714358897835295  0.84747941835823393  0.85780076120097215  0.86919042553739345
  0.88069842070287485  0.89223547397800596  0.90327787759496947  0.91398912557209955
  0.92496258650448904  0.93569431666192859  0.94653560322473607  0.95700454221683695
  0.96758890759205962  0.97781654330361167  0.98890355378156392  1.00000000000000000
 -0.00218711393627845  0.01021237612368397  0.02086359945408086  0.03124376495309032
  0.04143332675432140  0.05163682398581987  0.06194373416808746  0.07187981355845352
  0.08187210498850296  0.09292658599293253  0.10457119288555057  0.11516161640043319
  0.12571909743492238  0.13672005253488775  0.14758380455196743  0.15760673041952150
  0.16764094979507063  0.17758738337977889  0.18790838692668735  0.19803741863894700
  0.20821613245024301  0.21839832672043732  0.22842998226867270  0.23827167376871242
  0.24790271970278413  0.25771242235612757  0.26772185102226953  0.27759675202252937
  0.28758894298425203  0.29762185685639758  0.30795245090682544  0.31830183475880602
  0.32889176479168808  0.33994882149652056  0.35104605445257736  0.36203973569796122
  0.37323981578729637  0.38438674804594158  0.39559726703572834  0.40595951916332451
  0.41635250036949273  0.42747489652564374  0.43928209843715266  0.45120634696731055
  0.46252931655352392  0.47343422241319644  0.48423347505115194  0.49516727994774234
  0.50565380860167364  0.51531660571538529  0.52515649131392195  0.53505498579374589
  0.54498728593029111  0.55464634002249757  0.56457116875176383  0.57514828108880256
  0.58587873298819648  0.59662731138591696  0.60710157495612682  0.61753210184324159
  0.62814838803782946  0.63868500607485235  0.64911216766709323  0.65973590397405268
  0.67084136409087147  0.68206156281024044  0.69276885365199936  0.70302989988504550
  0.71271621968976995  0.72228088989399808  0.73221282662193343  0.74264938571096684
  0.75383688853092889  0.76522846034264957  0.77642199810027401  0.78713183717902313
  0.79757138150603046  0.80787737185667308  0.81820305491443079  0.82858653933695559
  0.83928902033409691  0.85031632099494825  0.86102159534074207  0.87140496686596947
  0.88150286273646006  0.89215260318121725  0.90307626495360904  0.91440783314958629
  0.92553348230180821  0.93647823114947548  0.94728131940433591  0.95808040617186085
  0.96851750430093952  0.97911779817774780  0.98961310244301426  1.00000000000000000
 -0.00251501078610541  0.01057896022746966  0.02090262932471754  0.03152674609275503
  0.04206184884240680  0.05339574158336300  0.06499128045132743  0.07578610071689083
  0.08663145222026152  0.09679631911637018  0.10700417306869318  0.11671701044701943
  0.12687655891940144  0.13713628778659875  0.14719557794308497  0.15689205201286088
  0.16651924986764610  0.17661909687983915  0.18729045329700680  0.19848706263903340
  0.20984843235716719  0.22120181263678546  0.23220155645636750  0.24203414063212711
  0.25222728710785125  0.26196101306474379  0.27195433744355529  0.28207647784237971
  0.29178246044234052  0.30229838084942029  0.31258081375679003  0.32333806488584949
  0.33409467644495028  0.34485395664039636  0.35574305959900104  0.36719671569165774
  0.37795184886794903  0.38868824338004371  0.39899936507818262  0.40964569346764096
  0.42011754834329773  0.43005233860853387  0.44018326034020422  0.45029719107066885
  0.46051613714896983  0.47073021070716331  0.48098700757759838  0.49191642636860267
  0.50298172400899399  0.51397489866536683  0.52474370902527201  0.53527913549321016
  0.54550457076291925  0.55580838448827352  0.56678519183838760  0.57797175324207939
  0.58964510415609517  0.60075568892261366  0.61180249679177612  0.62239450416961106
  0.63266457151058619  0.64291443825319605  0.65346916137844191  0.66420054530029149
  0.67510720345036623  0.68626855889216998  0.69776024519159630  0.70941938170529206
  0.72082420054788154  0.73201172671381587  0.74261547269507655  0.75274152352195611
  0.76233931128448928  0.77186356636098274  0.78159772698347874  0.79186957682954207
  0.80256635012169675  0.81335118515768012  0.82419783803265001  0.83516888178406123
  0.84611461899355822  0.85677622690823108  0.86713756238482187  0.87718406452767739
  0.88729688503441784  0.89767379960133109  0.90801292315882309  0.91879316092100671
  0.92855853841324676  0.93849353445300143  0.94792964023433768  0.95771962394223908
  0.96791010537915856  0.97797226675043847  0.98886307633922788  1.00000000000000000
 -0.00191148550418158  0.00900838640835300  0.01869079714306837  0.02938972957475139
  0.04068925903450209  0.05216650526781327  0.06339541637126356  0.07475868463853223
  0.08578231046170647  0.09651431892150804  0.10770493319548533  0.11934699282377689
  0.13045325201302171  0.14068386817885481  0.15073424421757628  0.16079616565140928
  0.17133717065198731  0.18163678112416720  0.19197629572221916  0.20181535114136945
  0.21145832978183521  0.22119757724007594  0.23114317972891874  0.24158503023934236
  0.25240122190609288  0.26363734629291297  0.27486626314277984  0.28592145269773156
  0.29719240132650421  0.30822069133223323  0.31866022497219215  0.32874827926680045
  0.33903742430231298  0.34974708460365289  0.36009049863610482  0.37038273244107278
  0.38104150725198871  0.39163932030403797  0.40197629299925641  0.41219022934216054
  0.42269244957652941  0.43320841016405304  0.44333800810759366  0.45369771757127547
  0.46443666176174359  0.47586344886564935  0.48699011149633753  0.49822840833522153
  0.50901407198147008  0.51972122517431285  0.53034659956457486  0.54113252954754454
  0.55207398250138817  0.56306878428835927  0.57389650659380520  0.58452797245541566
  0.59522760828961907  0.60603460421925681  0.61639085262475279  0.62676881060971534
  0.63723793987832134  0.64757627519104277  0.65732849266616178  0.66694856636360789
  0.67681566241478686  0.68652857576005422  0.69640010888840465  0.70648342308383816
  0.71729164208676965  0.72822326330890164  0.73893812801102821  0.74947035798836292
  0.75998112544916607  0.77040141276488017  0.78072142602144334  0.79107980518372334
  0.80159495655045265  0.81207927661759927  0.82256315739134678  0.83301383093668502
  0.84284309384815193  0.85325811459850154  0.86431074141221120  0.87510758618462159
  0.88490326281009246  0.89450483424700156  0.90434696911951140  0.91449547097722872
  0.92456400486973056  0.93484886711547599  0.94567585611142435  0.95701727560859262
  0.96812453139435706  0.97937683189062341  0.98967617168333832  1.00000000000000000
 -0.00270697401977174  0.01128607343459137  0.02215887789259584  0.03325936345290810
  0.04361888077655317  0.05436854370358293  0.06501758579263692  0.07559676933237687
  0.08647303662294376  0.09729626359116926  0.10813605657264955  0.11883728808944005
  0.12913113852054334  0.13916891950648697  0.14905273348246201  0.15939852898837914
  0.16959790909333738  0.17933852716322826  0.18841720357962888  0.19756377042130982
  0.20700230003873937  0.21713830132626655  0.22759115731032403  0.23823447795002906
  0.24919653344157364  0.26044483061337093  0.27150462663887825  0.28235895025819363
  0.29312503336655732  0.30400959900102287  0.31438151353815424  0.32421677173408009
  0.33426937107670684  0.34495349487400290  0.35593741577857230  0.36701704078762787
  0.37860825159813544  0.39072392389598209  0.40258738300092906  0.41422532246027116
  0.42569590790712308  0.43710495042209535  0.44799050459407391  0.45857681050177823
  0.46911577702623375  0.47964176593046504  0.49040291348140497  0.50105407886433173
  0.51173536921217744  0.52269652990210203  0.53420305603498885  0.54594831312224601
  0.55765966678208190  0.56920618739359974  0.58038843992500078  0.59116121180332293
  0.60161090601350153  0.61170233128545060  0.62159567957799267  0.63161076074683720
  0.64192223891910039  0.65274065381653079  0.66345427699172888  0.67443083897544165
  0.68573426208264876  0.69705510483146094  0.70827198051659324  0.71912261053240534
  0.72958268754064737  0.73973071650368760  0.74970196615762419  0.75954769861169869
  0.76936263393073789  0.77929586845778465  0.78946535828883235  0.79953174112565129
  0.80930310824134222  0.81891497298435645  0.82873359176171191  0.83847703874665436
  0.84829211277090699  0.85815812663265267  0.86813256409064132  0.87817167414219455
  0.88770514800995237  0.89718434212748510  0.90679546405358746  0.91688002659056911
  0.92728629353089831  0.93786798284244632  0.94876146550251883  0.95934373660491934
  0.96934006036157017  0.97921993573763100  0.98934743813582715  1.00000000000000000
   1.1442699080948144E-022  -1.0000000000000000     
 T T T T T T T T T T T T T T T T T T T T T T T T T T T T T T T T T T T T T T T T T T T T T T T T
