  0.00191247366751139  0.00195099569710690  0.00199596297979951  0.00203770901462537
  0.00208091595575579  0.00212625410350296  0.00217173581467581  0.00221771836469154
  0.00226598742447964  0.00231927816137032  0.00237447449907685  0.00243154060838844
  0.00248927303402724  0.00254592953306674  0.00260645007036148  0.00266868345878804
  0.00273220157889143  0.00280009096294584  0.00287229590121355  0.00294681266254251
  0.00302601629473997  0.00310487626129275  0.00318168971370378  0.00326438040081358
  0.00334704864606269  0.00343114996371216  0.00351581919988809  0.00360098325748337
  0.00369051023262522  0.00378835208837932  0.00389044908873172  0.00399718112969179
  0.00410842757017774  0.00421994490671367  0.00433655131484379  0.00445641128924141
  0.00458128366336717  0.00471211001409526  0.00484708625503333  0.00498831603184692
  0.00513921777716155  0.00529794526841540  0.00546562599078486  0.00563349307460235
  0.00580356726938135  0.00598386502097440  0.00617701554135619  0.00638122960363674
  0.00659836976455505  0.00682696150484661  0.00706240402867307  0.00730467980878423
  0.00755362066408627  0.00781823019561595  0.00809563770974615  0.00839660240876963
  0.00871774097141533  0.00904325972051856  0.00937948015321904  0.00973850112346181
  0.01012038390233164  0.01052951301441508  0.01096269910997504  0.01141953913314624
  0.01191226499966413  0.01244295638105100  0.01300430806494938  0.01359981733056768
  0.01423133584128467  0.01490696203007878  0.01564306108130794  0.01643259712769228
  0.01726918440473518  0.01816677444442990  0.01914445442768004  0.02020128102609185
  0.02137488299574413  0.02267902503984338  0.02416669042343783  0.02580971127515177
  0.02760901587222171  0.02961655149770307  0.03188062648791303  0.03446199447567799
  0.03742114303170788  0.04088093937874152  0.04497613292823045  0.04983663051200680
  0.05575485265755940  0.06319963169782446  0.07316877262011873  0.08693166671733074
  0.10849804909417385  0.14619178822742987  0.24833555580189848  1.00000000000000000
  0.00499162415735206  0.00558970387404769  0.00619779680825896  0.00677897720190723
  0.00734867691765055  0.00791372272514765  0.00853906873608069  0.00920118025819973
  0.00989471407455240  0.01061193380276782  0.01136083493543425  0.01212232618658028
  0.01290084090819751  0.01371099282572055  0.01460997980084995  0.01559497913086495
  0.01659231086594103  0.01759102266508173  0.01860093068662174  0.01964325330837429
  0.02080230467892595  0.02204917003247350  0.02331309650359693  0.02458658615115881
  0.02587964272995341  0.02717105033884030  0.02849948477444195  0.02994334687271521
  0.03151049150392028  0.03313195392491888  0.03481445425038274  0.03653742097232311
  0.03837517086983278  0.04032213696679176  0.04231980541256052  0.04432923758969612
  0.04643445242623235  0.04855334151318781  0.05082763970754677  0.05315527704927418
  0.05554630539410715  0.05793523709231373  0.06041267036951329  0.06299657018310928
  0.06565878863350383  0.06842302806747877  0.07140382542559209  0.07451102525589802
  0.07778594417984259  0.08112491819519832  0.08466578252036215  0.08839716854758606
  0.09221212895480187  0.09617917866755003  0.10035586349578120  0.10468893856608140
  0.10914102891670979  0.11388817004969948  0.11899318346488497  0.12431320920889039
  0.12974746807588738  0.13524708962120874  0.14096487206898048  0.14701489216528782
  0.15363146452419091  0.16095078724763751  0.16851447997740640  0.17617432510284459
  0.18389633485275497  0.19189113761434701  0.20049933159454272  0.20978312126980009
  0.21970058577462193  0.23042716252943055  0.24175099896892988  0.25414634145035114
  0.26730034456737034  0.28101353162807119  0.29464714596978475  0.30849004080292747
  0.32349424916539005  0.33990426686763175  0.35789103913564541  0.37750698049588377
  0.39856663172410478  0.42163843868548767  0.44803796117103928  0.47841807772174666
  0.51184674348828829  0.54906664265960414  0.58999117332249718  0.63695452171974354
  0.69071159684772931  0.75633426001382953  0.84894574498850195  1.00000000000000000
 -0.00211200323662700  0.00826457447567840  0.01702404446379559  0.02637228208469541
  0.03573368100778149  0.04542885648749893  0.05614642546041227  0.06690263190785536
  0.07732996147760049  0.08810143257342525  0.09916574807455092  0.11000401483389104
  0.12054950188951574  0.13076016279208696  0.14122240050345844  0.15187030457808379
  0.16311524925510001  0.17470771071023233  0.18655046134508091  0.19795765885627090
  0.20907326233436205  0.21994256798671244  0.23054624511090499  0.24087356599075349
  0.25109041040480951  0.26149474261009309  0.27183011494743409  0.28208072629535458
  0.29229296877053002  0.30288715520586679  0.31377681430722743  0.32489747525380491
  0.33574766469002482  0.34632142064916177  0.35691506346614238  0.36725836800901329
  0.37739588517976330  0.38727345647181344  0.39693123177300499  0.40710353547608202
  0.41705202597979768  0.42747579892609600  0.43811566779282018  0.44890962326552691
  0.45947094992520637  0.46997779603296569  0.48054621234989275  0.49162604381171260
  0.50239386520470009  0.51349406503884665  0.52418358799174347  0.53509204922102616
  0.54598697878655966  0.55690891432665635  0.56738186224408549  0.57762856408961094
  0.58838098845201381  0.59952881541502501  0.61094049083766522  0.62192838609007461
  0.63261511197974785  0.64336919189313302  0.65428902808136580  0.66516793325823453
  0.67578149890564987  0.68602594953992735  0.69643346753749769  0.70677860953371174
  0.71719325659672906  0.72775057041304125  0.73872567326265270  0.74948673938635502
  0.76015898659057679  0.77043697333750039  0.78124885555865420  0.79190407656542916
  0.80294068015272724  0.81380238765784296  0.82481260334544027  0.83576251505363741
  0.84649922870265204  0.85720390118660317  0.86783014058941377  0.87833951974415592
  0.88867472996467334  0.89883350935472706  0.90900577636832081  0.91924032007888867
  0.92905722632149779  0.93863695831167782  0.94843653766298808  0.95792832339542866
  0.96807227778977234  0.97812886626711992  0.98899628936106954  1.00000000000000000
 -0.00256603502115783  0.00953413968033206  0.01972177433524511  0.03061470291569061
  0.04146740420833819  0.05278149499500245  0.06427286732614318  0.07586426199590413
  0.08749543408777224  0.09873979014649900  0.10962063433367163  0.11998972348614245
  0.12984662647497894  0.13951407677427516  0.14925478416702675  0.15949790837235578
  0.16985807393700708  0.18036096193606069  0.19101833823681685  0.20197264640261528
  0.21257771129813635  0.22297905320433431  0.23340335953242747  0.24409086708804950
  0.25500308374241687  0.26613655549411358  0.27739163088985336  0.28856668492151955
  0.29972412748801691  0.31077654982677916  0.32182914304306809  0.33292356384955879
  0.34392536230307452  0.35449679371859361  0.36465666737256791  0.37479972845134663
  0.38514729252210755  0.39552976912518073  0.40551829176801768  0.41534096985377772
  0.42534478146655452  0.43546086872120349  0.44577165406383451  0.45622141224081009
  0.46747627240898826  0.47916190148837895  0.49126094781860830  0.50274571306053861
  0.51328305997406520  0.52373516326894798  0.53382038391485132  0.54394776447645132
  0.55402708732353767  0.56410107224314088  0.57415754133242225  0.58420566128541729
  0.59432082978348078  0.60448455956421188  0.61481349232231730  0.62537221927761688
  0.63573817772100638  0.64564937270468581  0.65530481180049571  0.66494881901674419
  0.67465053900570704  0.68475007860977932  0.69553214087478576  0.70696519853139006
  0.71835181007867255  0.72965025415335460  0.74072972285271632  0.75163667450079152
  0.76215706043051301  0.77257420836469981  0.78295065872093073  0.79319977825368249
  0.80363672666642205  0.81435428308995672  0.82553901037515709  0.83643272996207285
  0.84716005741784739  0.85764585917296299  0.86823037629210376  0.87864971232718259
  0.88886131815642089  0.89916407698815570  0.90950957574780955  0.92014358034021648
  0.93058055150751173  0.94111249497702354  0.95102306075192367  0.96141377091082292
  0.97118482414185370  0.98085098275979787  0.99022368291264962  1.00000000000000000
 -0.00259619337937865  0.01005288086757228  0.02041399058225413  0.03092458504599763
  0.04156363176606099  0.05257636030759189  0.06332916507659450  0.07353691099023338
  0.08370225145190556  0.09370794446637133  0.10409015323712162  0.11431913851779862
  0.12473792107232921  0.13560185806432834  0.14665599954207612  0.15793133175129409
  0.16876788763976941  0.17968534002911427  0.19096940205174978  0.20225663103255853
  0.21309374152580499  0.22303086507617520  0.23321635900045287  0.24377384475669783
  0.25489475666164058  0.26586723936115031  0.27649389740319952  0.28671889267205786
  0.29689640478869139  0.30731349263177304  0.31840539010907970  0.32946072240166224
  0.34043437205204213  0.35106867881135778  0.36151194450529739  0.37177059899749987
  0.38195347708756822  0.39206911026372770  0.40253526170016390  0.41296572195635456
  0.42383161025621879  0.43404246920712214  0.44443895596205901  0.45469112550734458
  0.46520693691421550  0.47583210049983493  0.48620021267110436  0.49658334741526994
  0.50667280675214355  0.51717084446396711  0.52825678330072579  0.53945256611980796
  0.55028824259209297  0.56067749162870850  0.57093703613511493  0.58126848913351992
  0.59176201810636353  0.60212848877925196  0.61253310304566189  0.62304877329251618
  0.63393835693798395  0.64515696996040195  0.65653963195738396  0.66769489353385825
  0.67835503452071644  0.68893646926080787  0.69926507487560574  0.70961188747027892
  0.71974607794790579  0.72999727008704751  0.74034015382983764  0.75086126556254640
  0.76141314268315896  0.77208148145482414  0.78273704364028063  0.79318980353131652
  0.80350371694134948  0.81382718116232500  0.82429112431626517  0.83484031307622175
  0.84537913520762042  0.85599005095744840  0.86653986448097065  0.87677051101508141
  0.88679658999780187  0.89684244216552944  0.90705875630341604  0.91726963225087288
  0.92739250237605653  0.93742777808961331  0.94760044576148250  0.95791963579220785
  0.96798353744070720  0.97830647604463095  0.98902356011026715  1.00000000000000000
 -0.00233818585555829  0.00876256991198554  0.01887235267506885  0.02961191444615242
  0.04089466233544097  0.05121679363800531  0.06087432571599581  0.07061925098953385
  0.08049317084494602  0.09052493369257332  0.10047235803664231  0.11109378708402071
  0.12184146891544549  0.13197352910249907  0.14189625279681706  0.15218963635105140
  0.16289163727847331  0.17367358491205523  0.18449179097519577  0.19555036891098132
  0.20666752911271100  0.21762092906651967  0.22877017395427832  0.24010266308519676
  0.25081814183182172  0.26109373337559416  0.27156502167861196  0.28220035606596250
  0.29344699875739205  0.30482629082405893  0.31663929199880797  0.32726699632067946
  0.33783656089888109  0.34857161142528970  0.35907641323805894  0.36968117731170341
  0.38034047410169891  0.39158223451941709  0.40260318582811372  0.41326387540479076
  0.42359666554761499  0.43394383131359371  0.44416160889087147  0.45476229058512518
  0.46553537399267764  0.47664518552231822  0.48774038972303962  0.49837754889682701
  0.50859396875795115  0.51856051519269908  0.52859590124257405  0.53905301362648561
  0.54983755837138837  0.56065520511133360  0.57139172207669620  0.58218876161956512
  0.59295309028982168  0.60375004645890584  0.61458343608190280  0.62550470610448772
  0.63656053667310875  0.64714577676736140  0.65743191301823423  0.66785298916739577
  0.67824889533269073  0.68815567686334744  0.69801791191022178  0.70810665944031725
  0.71949985218350454  0.73110359962648019  0.74237677218382259  0.75324438659274029
  0.76370803864092374  0.77392582098057661  0.78400856204062608  0.79427694508873081
  0.80479651903782545  0.81524484244995432  0.82568665068296243  0.83627445049104920
  0.84657578655929677  0.85667669046691730  0.86673357418395924  0.87726628269305473
  0.88797926779456604  0.89871632922738154  0.90904636017936824  0.91938400124919206
  0.92961764510193357  0.94009751832933097  0.95040151845274590  0.96066068937424964
  0.97121062189399399  0.98124330826928041  0.99076801805320025  1.00000000000000000
 -0.00242028891810236  0.00927580407746316  0.01963838583120047  0.03088866031311756
  0.04240472078354834  0.05361261653842665  0.06465873531515932  0.07567112018357912
  0.08615794293855419  0.09624888857663516  0.10637185801574202  0.11627584449047118
  0.12609517756922012  0.13589601337860543  0.14599857490722645  0.15684204414340677
  0.16770341334429681  0.17846389078966249  0.18930128093553614  0.19984767127966788
  0.21063213355262120  0.22042556328993446  0.23077044197189403  0.24087967312685926
  0.25058123209366678  0.26005833841102455  0.26980728462094311  0.28070398304636535
  0.29201931184447605  0.30285902599134107  0.31346513307484475  0.32368296329032631
  0.33379498798235985  0.34400880008982326  0.35418966867639368  0.36440131792698288
  0.37451899269063332  0.38482927006197809  0.39516519176394205  0.40535878576901724
  0.41594954909483300  0.42685526516324646  0.43812066976757308  0.44903492299376863
  0.46028241799152381  0.47127772641919996  0.48200683492543894  0.49242188815198157
  0.50275357252884534  0.51338003452044934  0.52323209435697193  0.53228238203383793
  0.54124568938849071  0.55067310671766145  0.56031633292744698  0.57007572076022683
  0.58004645901412666  0.59060523908232976  0.60155295507989792  0.61249030546672556
  0.62356361747488243  0.63465655406571564  0.64553327558946216  0.65623089823442060
  0.66692276160070718  0.67759845381805339  0.68813822248481771  0.69868168758607818
  0.70946146817258304  0.72041390163481622  0.73108712634076389  0.74183001154195460
  0.75287994127210345  0.76439535864751629  0.77525620346803403  0.78590163500075072
  0.79646125615365371  0.80737408120157639  0.81858676826920862  0.82988981732929057
  0.84109884154645254  0.85237340317732835  0.86363533376917223  0.87516406917340073
  0.88646690853342047  0.89763286881074011  0.90840608751687435  0.91855806922152394
  0.92863010582733052  0.93838349165625135  0.94826627045777534  0.95816338778281607
  0.96824724027800657  0.97879290236763639  0.98928676563619589  1.00000000000000000
 -0.00274899083614143  0.01055763533574836  0.02175192279993867  0.03357552815386531
  0.04486641505261231  0.05555556335989867  0.06652167169078273  0.07751938285627660
  0.08845651482393514  0.09876374066405996  0.10939121605026166  0.11982550362189491
  0.13033962958372519  0.14061342551365993  0.15123441912061231  0.16209876417818403
  0.17279414210634453  0.18351832581158589  0.19453745844093001  0.20552817511814919
  0.21597204482834817  0.22613377426949055  0.23675732057754581  0.24759520707636296
  0.25801451532143160  0.26808994619834609  0.27814448066366865  0.28840307906299101
  0.29888394408242919  0.30869361063273271  0.31861783026696083  0.32869953379212863
  0.33917151761385034  0.34974099132846770  0.36026000877843445  0.37047258378941578
  0.38082651157440578  0.39101842255214714  0.40142860871272767  0.41188687068734608
  0.42274137384279753  0.43366688500620754  0.44453709824065762  0.45499971654646554
  0.46506889113596117  0.47511965400960693  0.48489846838255191  0.49467015604498799
  0.50462026332589305  0.51455291853064722  0.52460627592764864  0.53478110310977556
  0.54561560785498753  0.55708908064012430  0.56803607241746523  0.57803558985532344
  0.58821674676917668  0.59806991132034915  0.60799978094456208  0.61769948562849497
  0.62773788262648522  0.63810334983340944  0.64821468919136649  0.65801309049607837
  0.66801463358471669  0.67825855756308717  0.68894914529514262  0.69992599134480804
  0.71064004283796667  0.72115403792857302  0.73149313530730209  0.74200866531389120
  0.75254895064062421  0.76333454089303887  0.77411681713191460  0.78484262441105024
  0.79538517104813689  0.80604902698718406  0.81677613745041833  0.82754743457840663
  0.83877321599902521  0.85015544173648261  0.86125738479472580  0.87223729848602460
  0.88301265666902673  0.89373000164024341  0.90406296392822250  0.91455798092851159
  0.92508783800870220  0.93587580977696494  0.94626147004123706  0.95703560932997445
  0.96779009688601547  0.97891114878278840  0.98950217153329612  1.00000000000000000
   8.4461951463736900E-012  -1.0000000000000000     
 T T T T T F T T T T F T T T T T T T T T T F T T T T F T T T T T T T T T T F T T T T F T T T T T F F F F F F F F F F F F F F F F F F F F F F F F F F F F F F F F F F F F F F F F F F F F F F F F
  <DiscreteSampler_grid>
  grouped_processes
  1 # 1 for a reference and 2 for a running grid.
  10 # Attribute 'min_bin_probing_points' of the grid.
  1 # Attribute 'grid_mode' of the grid. 1=='default',2=='initialization'
  0.0000000000000000 # Attribute 'small_contrib_threshold' of the grid.
  0.5000000000000000 # Attribute 'damping_power' of the grid.
 # binID   n_entries weight   weight_sqr   abs_weight
    10   10   5.525652620000123E+004   2.701125564063383E+010   5.525652620000123E+004
    16   10   5.080830581186825E+004   2.268592004914946E+010   5.080830581186825E+004
    22   10   5.080830581186822E+004   2.268592004914944E+010   5.080830581186822E+004
    28   10   5.525652620000124E+004   2.701125564063384E+010   5.525652620000124E+004
    34   10   5.525652620000122E+004   2.701125564063381E+010   5.525652620000122E+004
    40   10   5.080830581186825E+004   2.268592004914946E+010   5.080830581186825E+004
    46   10   5.525652620000123E+004   2.701125564063383E+010   5.525652620000123E+004
    52   10   5.080830581186822E+004   2.268592004914944E+010   5.080830581186822E+004
  </DiscreteSampler_grid>
