 -0.00023278978853377  0.00072790347386244  0.00189608638638352  0.00311345855818201
  0.00430470851993454  0.00544577916033208  0.00653838100638621  0.00760804313038915
  0.00873313035863478  0.00987660444058232  0.01124836662013887  0.01151012553364960
  0.01184892304395695  0.01220074980769249  0.01254864020961451  0.01290073134861603
  0.01326620852197134  0.01361644751976359  0.01394708957710493  0.01428158122643307
  0.01463842369145857  0.01515524828377074  0.01628113375841525  0.01772451498515867
  0.01907331556529576  0.02034017117117527  0.02149218871761304  0.02252075988649538
  0.02350218276509975  0.02446385955727309  0.02540422100868139  0.02642267988516836
  0.02757088345116738  0.02878121245784227  0.03005960451174958  0.03141741504561486
  0.03281811805328801  0.03421738196223992  0.03562500080545376  0.03694451628389660
  0.03831551524056104  0.03973037833012955  0.04121344897343083  0.04275856745644546
  0.04434119726582475  0.04599020986374595  0.04775239565241675  0.04957282624431340
  0.05132989921342942  0.05311755507023624  0.05474717674887927  0.05624279072992064
  0.05772911863797163  0.05921817532543096  0.06075069282862909  0.06243527816792661
  0.06424400920288879  0.06610647762500781  0.06809451811540715  0.07014090691058349
  0.07236385031019014  0.07459961480983913  0.07695449928628004  0.07943557473013686
  0.08194336301422291  0.08402935149034192  0.08625496924700561  0.08889046881267289
  0.09156280322443996  0.09433384215246580  0.09691859731386229  0.09950511412545926
  0.10219331929670562  0.10497149963512152  0.10792288342140748  0.11111178610320663
  0.11473108968350586  0.11839707048866412  0.12200465092115240  0.12588081654293432
  0.12962172848736037  0.13385793872060811  0.13833291824182470  0.14359248470788927
  0.14969989598749756  0.15652072224490970  0.16324054027326446  0.17054577705376631
  0.17896695753843117  0.18921584179678450  0.20258034848807771  0.21995628492218042
  0.24497314173970602  0.30248985197036504  0.47330387736428303  1.00000000000000000
  0.01716686255241488  0.02302169458841468  0.02737592753118618  0.03237485225631761
  0.03605900933407549  0.03891589646475470  0.04200133107982021  0.04538138215918842
  0.04802434151346818  0.05023989889972727  0.05224264762543100  0.05409785904359453
  0.05594606942861408  0.05744066348589926  0.06099434547220180  0.06622462331246456
  0.07169718047535718  0.07643748598116512  0.08080544759658327  0.08501721317087506
  0.08909210324593936  0.09298854747227744  0.09647531570149495  0.09977716367540004
  0.10282843317235277  0.10563136633904956  0.10823412700127980  0.11062177891827234
  0.11303036565793247  0.11542344352791017  0.11852976696444423  0.12222937403125320
  0.12530367854332178  0.12763040551305110  0.12980820580935926  0.13185882745856020
  0.13401730803336198  0.13633596517913094  0.13860880035044743  0.14085394465435316
  0.14316698269254044  0.14551960560089011  0.14760053107795412  0.14962728215660148
  0.15177874403586591  0.15397647161321540  0.15664130345050792  0.15929262014816073
  0.16180576525550855  0.16418624898225417  0.16642985562274248  0.16896267486149674
  0.17206926910517314  0.17531537301876193  0.17838735324560709  0.18143990019608139
  0.18465144392907573  0.18797546201980792  0.19126207126042963  0.19442456508090256
  0.19760212348977538  0.20097654949728522  0.20447039233328326  0.20801729506730954
  0.21161499532485090  0.21500944709840561  0.21872588933947595  0.22260232479259232
  0.22631611004757865  0.22989862827237795  0.23362320250298416  0.23757037231868136
  0.24173412601247388  0.24574001417296537  0.24960078028713728  0.25372947575847621
  0.25831278790835083  0.26328559307481131  0.26857880940809564  0.27418044859018714
  0.27983600811815751  0.28573999221050905  0.29203993465408801  0.29852785098792151
  0.30546334256626589  0.31296012329680700  0.32119829696714891  0.33016091861684160
  0.34045549269617503  0.35268255099312851  0.36719555500702389  0.38569502498293057
  0.41279605807839181  0.45891358478880268  0.53211694224572437  1.00000000000000000
  0.04675464668472175  0.06745031727097059  0.10426290968199908  0.11252728356543562
  0.11532970023644598  0.11870457753872153  0.12257284782724885  0.12589975926033387
  0.12925149172709360  0.13105348498267466  0.13250933280610569  0.13395562149357537
  0.13550207739517076  0.13739751714536294  0.14086734278657279  0.14396871140616485
  0.14672416353300094  0.14901019783257080  0.15055438719996561  0.15168195251249261
  0.15270781839273392  0.15376885874212340  0.15506150375267133  0.15631956975195666
  0.15731896400847481  0.15838619850827107  0.16065308836397710  0.16376025864809607
  0.16654815358491937  0.16918064915197942  0.17224426712746385  0.17515784265840845
  0.17811762633264164  0.18097259664125023  0.18421203998075691  0.18837514579514086
  0.19339102899840072  0.19860215085489083  0.20351896521590807  0.20814269884558859
  0.21226828619090163  0.21560405546073899  0.21882090736490351  0.22227271360599263
  0.22592067892228260  0.22959308129563896  0.23309487609180490  0.23618572924336345
  0.23905406856745259  0.24180726273496944  0.24519705343062254  0.24901769277823771
  0.25240326774673283  0.25591797810308681  0.25978129603916150  0.26407103592536535
  0.26834531347481849  0.27278812252703877  0.27803720728606524  0.28377471059509762
  0.28931773553438095  0.29441855761803387  0.29906972674321775  0.30360356986572057
  0.30827478890091148  0.31315852690322843  0.31806399040385941  0.32274458674834039
  0.32771253535102812  0.33291245632072142  0.33800989092183414  0.34342434397946886
  0.34896834204513960  0.35438357624840472  0.35987486575299821  0.36580407317173780
  0.37216988393502343  0.37911373883587624  0.38657091965259571  0.39428368930984997
  0.40234976192270216  0.41076686351835873  0.41925239598160352  0.42840016946353526
  0.43867455609746592  0.45008373534824719  0.46215659149176380  0.47398804405839062
  0.48501237558685867  0.49825525268722287  0.51318924608036576  0.53004949871626084
  0.55096123347087811  0.57632375253697132  0.59655316384282131  1.00000000000000000
  0.00028663517187337  0.00073064890094151  0.00099027657825294  0.00117962204636776
  0.00135510840778758  0.00154158110716664  0.00172829078913478  0.00189371670491545
  0.00203602279447938  0.00217408683915742  0.00232263996986915  0.00248839230646652
  0.00266846622287019  0.00284576729940481  0.00300323265183488  0.00315751662951894
  0.00332350784473735  0.00349763121030301  0.00368243241227684  0.00387785931824693
  0.00407612846547263  0.00426221772404493  0.00444135862698890  0.00463358252106400
  0.00484207634769561  0.00506024754446956  0.00528675269656238  0.00553185059207935
  0.00580061517847075  0.00607815471040757  0.00635663399024688  0.00659768877860465
  0.00683511991506377  0.00706904777971145  0.00732773273706277  0.00760283777291415
  0.00787805884258265  0.00815152847141746  0.00843074795807280  0.00873421800571515
  0.00905823291918485  0.00939608120459456  0.00974550852870903  0.01010570452253752
  0.01047633026304104  0.01085300129607261  0.01122698328631367  0.01160216845271983
  0.01198272419932217  0.01237164773714158  0.01276951283964678  0.01317956247885461
  0.01360240253331538  0.01406528262977440  0.01454740329052730  0.01505797728625958
  0.01558937357816292  0.01611419090000330  0.01665676099957367  0.01723993000866827
  0.01786112209663593  0.01851321499010541  0.01920079251452061  0.01990848503831493
  0.02061057713454865  0.02135726209375296  0.02216945243097367  0.02308441123337016
  0.02408445736773679  0.02510186980238369  0.02609584913539265  0.02703332553534389
  0.02822651446073746  0.02943287842591273  0.03068881873137115  0.03198692597537813
  0.03338732808228981  0.03508555109132566  0.03730528910413349  0.04010365889782388
  0.04330682552556402  0.04747755931481114  0.05287745676334395  0.05874529718564731
  0.06245367690325846  0.06505760495401271  0.06795799337223259  0.07091483838544051
  0.07426330187101370  0.07779825222222965  0.08207154772481869  0.08754966300231153
  0.09197209631636369  0.13609611679401934  0.46147627138773728  1.00000000000000000
  0.00042943896925070  0.00096208203329449  0.00156150046784785  0.00208306667602803
  0.00257571654574289  0.00321964319718727  0.00403873351476614  0.00479520291445633
  0.00548710931155015  0.00613762484231880  0.00678316267854643  0.00744260553003419
  0.00809277702254788  0.00869348307964042  0.00927135433138683  0.00986791143095463
  0.01041888796938524  0.01096287369751935  0.01152977483007168  0.01215870127158091
  0.01276263521688363  0.01339862459343469  0.01403570386193155  0.01470213473359577
  0.01531520825710100  0.01589624621898051  0.01645667721658560  0.01702835374728401
  0.01765198115791839  0.01830175192435397  0.01897355421402540  0.01963930350936898
  0.02029565890239281  0.02096272067648287  0.02164161872970937  0.02234006417074849
  0.02305989994825617  0.02379630223202622  0.02455335272803553  0.02531249980074548
  0.02608153751814351  0.02690051702917232  0.02773884728558311  0.02863000080236682
  0.02954099271858266  0.03048766607653835  0.03144361053220111  0.03236471974250256
  0.03317699151698264  0.03404811684644348  0.03496786365791941  0.03595732763308749
  0.03709734202597591  0.03837778119692920  0.03979373095925036  0.04116613635030338
  0.04246251931773103  0.04374709510256997  0.04505959408429652  0.04643281471067325
  0.04787849968357546  0.04936884633610904  0.05090809403293016  0.05257270755199470
  0.05441167985072783  0.05637280881043043  0.05855896860894729  0.06093657318688948
  0.06342960762426901  0.06607554916389982  0.06882548953122893  0.07191024543960374
  0.07555318154929526  0.07956956093803921  0.08365930237073815  0.08816795957804560
  0.09394307964826309  0.09943908936773101  0.10152666666289469  0.10339386805984487
  0.10522232559756109  0.10738127173111922  0.10983538883410826  0.11262606753738784
  0.11580489646042022  0.11892690044177254  0.12215316716238994  0.12495188289245310
  0.14210420712780650  0.15625094934668310  0.17780381647225835  0.21708900140088969
  0.27302915803241862  0.37702326723186791  0.49687793932777591  1.00000000000000000
  0.00027599674107020  0.00351357037168893  0.00577567636049163  0.00776988725766597
  0.00941616399114272  0.01097109977046469  0.01323023986791149  0.01686928329010159
  0.02015173716782577  0.02300246519322616  0.02556564302641403  0.02804400486736841
  0.03058539796185394  0.03339863308490851  0.03620482098733070  0.03878288924708675
  0.04122034070411645  0.04367200959669841  0.04620444028367214  0.04888280566172465
  0.05174358679118238  0.05465774023931790  0.05750225567184816  0.06028810189011375
  0.06314200929960592  0.06610022601557822  0.06895243596741940  0.07182653527619941
  0.07474934885511894  0.07773795138750458  0.08081409300608663  0.08400995898190512
  0.08730948745301638  0.09081320116221489  0.09434523825197226  0.09753352431413842
  0.10061961667957176  0.10392742312783954  0.10778345732018954  0.11203646973053927
  0.11657688736557864  0.12123265417153800  0.12543737827056328  0.12952759709216652
  0.13379102558777925  0.13811605432934565  0.14226865133963970  0.14633348026152446
  0.15040064145422666  0.15451046801450599  0.15880428213932291  0.16355294587239591
  0.16852805755322908  0.17328750631419154  0.17755060284510688  0.18162765806649564
  0.18587805083745623  0.19001165073050230  0.19403787506486045  0.19815972550563835
  0.20244616476260294  0.20685677683271936  0.21126890934559150  0.21571188967750929
  0.21970291051397434  0.22201831266661129  0.22293650601286025  0.22405225942471707
  0.22507514202781248  0.22608547940126314  0.22698219071945519  0.22792824200773631
  0.22907727667297448  0.23075998703967779  0.23251411889457410  0.23425561927615315
  0.23566077876081296  0.23785402204267531  0.24142537155354826  0.24598838289421232
  0.25112187979351064  0.25647893191992011  0.26230893567944957  0.27230520952580800
  0.28218735027729253  0.29146609242118876  0.29938501574784199  0.30791256130274758
  0.31760663737745420  0.32703309304611394  0.33598134300023402  0.35613637196900805
  0.42148699007582768  0.46812417777005860  0.50353644185590252  1.00000000000000000
 -0.00262582325196435  0.00957720925192310  0.02155395882180886  0.03294446667709294
  0.04363104193579932  0.05408519430388909  0.06471126688796409  0.07574214131925017
  0.08745103089288728  0.09977667340181107  0.11228204044499997  0.12472642070069767
  0.13677471516700357  0.14871230823978834  0.16125225860189552  0.17358747090476423
  0.18530384051552209  0.19752665908920553  0.20905145617918661  0.22087679022075102
  0.23287456885505925  0.24431097891761414  0.25493166668152334  0.26544518557949731
  0.27643341499872870  0.28707827607020459  0.29743883548017463  0.30768856286515112
  0.31926290870152563  0.33134566787038322  0.34300959546831639  0.35449395089009444
  0.36599025630964976  0.37770049541690709  0.39006040367119499  0.40302919320281366
  0.41649136379704277  0.42942046742613932  0.44257392454922090  0.45496768578201963
  0.46698982442808223  0.47843577611125665  0.48926295284241827  0.50001245221481816
  0.51137767744024287  0.52365245431760576  0.53689535501048880  0.54887332104522113
  0.56052346562466238  0.57211703103126132  0.58452368663733800  0.59692685920177746
  0.60877124079965073  0.62009191163088284  0.63063313887633565  0.64167311639741764
  0.65336171310838720  0.66415837193935967  0.67456545503521381  0.68428903099057992
  0.69341476380711664  0.70251863959289595  0.71240187203045047  0.72313066548806026
  0.73458388807369335  0.74620615339633833  0.75652962569718951  0.76130949037878293
  0.76459851409781443  0.76804870900508859  0.77167627676125494  0.77552281429848491
  0.77918563457295043  0.78291645838374202  0.78645221806054089  0.78993211450936152
  0.79284645127224762  0.79970894225732025  0.81271548568948604  0.82460355614962944
  0.83609804834365276  0.84717221288581879  0.85794849229451520  0.86862076512120634
  0.87927284822721852  0.88998892693662468  0.90070787939649499  0.91102597843012412
  0.92104272490331385  0.93108985790165366  0.94121952484687166  0.95168716277909671
  0.96254691824693439  0.97387844098138532  0.98580139801406741  1.00000000000000000
 -0.00289778765882077  0.01018856588686792  0.02346589272741118  0.03666798338425601
  0.04905502853665307  0.06032654629723726  0.07091803937704674  0.08167501685912520
  0.09305646449481504  0.10482452320343187  0.11600847096920032  0.12649399138448131
  0.13719234646913281  0.14827080433619841  0.15946895989364160  0.17091946062012534
  0.18151547325837314  0.19154755428652218  0.20141881921653448  0.21216172848341047
  0.22485285257031404  0.23763176879257994  0.24934120947061097  0.26119840672176009
  0.27330779580584375  0.28516768124786823  0.29689742160476262  0.30836998157577522
  0.31979326844307654  0.33190217850859260  0.34378792098209948  0.35480796197428388
  0.36591344473758808  0.37688540659458553  0.38797622259732750  0.40010693593333341
  0.41236156043260264  0.42354150235042964  0.43414209720776353  0.44444915507724225
  0.45504780050576288  0.46613984952364335  0.47762577755141372  0.48848050621777173
  0.49902619748101634  0.50981301128919732  0.52048401177482451  0.53141514428812431
  0.54271002310004768  0.55449120870368229  0.56690360564117070  0.57877490456803227
  0.59001477196982477  0.60129729903073170  0.61253798530467973  0.62413671895219225
  0.63622110894087702  0.64859455733285332  0.66147919300665681  0.67413600605728186
  0.68654336291321827  0.69824674087967187  0.70915730281891276  0.72064092977879768
  0.73282867979464839  0.74460608216229951  0.75562587313797658  0.76601310180892646
  0.77711523443335284  0.78894659965608238  0.80064149809219443  0.81207460384214958
  0.82384025973750419  0.83428638696090640  0.84422253044016271  0.85367999594659649
  0.86370875873500907  0.87483748589601873  0.87810052418062556  0.88150567862624418
  0.88489864046809763  0.88800513885049659  0.89103074106137015  0.89424829501440017
  0.89726224591461234  0.90021416611781147  0.90327794384484761  0.91071650163026219
  0.92185809557065612  0.93302669066373989  0.94351025388499654  0.95408692351255353
  0.96442608601548585  0.97573508694154198  0.98758597121239777  1.00000000000000000
 -0.00256075357175430  0.00926704297322782  0.02015596431740089  0.03119863981813177
  0.04225226189358312  0.05358221258286110  0.06539416234627735  0.07711066245808512
  0.08859534128745139  0.10025955253266035  0.11226395378194948  0.12381265874285088
  0.13674331779095142  0.14835026893853206  0.15976419214322751  0.17098215488834506
  0.18191815999947406  0.19390221203720004  0.20615589681605426  0.21777435639753165
  0.22921625750600191  0.24048379626094837  0.25160630381034860  0.26273091526969466
  0.27370425519143493  0.28476428926564556  0.29596706568491471  0.30697808853178588
  0.31782499455513952  0.32836268291704407  0.33876384899674911  0.35011183304318338
  0.36298773491035052  0.37653248280739471  0.38977239370814981  0.40248113856932510
  0.41399071910686897  0.42420475182197204  0.43383587298301624  0.44371984202257697
  0.45389123420377298  0.46409679059391257  0.47427261229621620  0.48466866719585810
  0.49534884525885997  0.50589953797948028  0.51578170820082925  0.52547001288246886
  0.53589975865626993  0.54717927634370667  0.55945938433788744  0.57196247304354242
  0.58458738066121085  0.59741598091398518  0.61010396607706463  0.62261060038500948
  0.63392266207715398  0.64443141530389991  0.65466770541458563  0.66565356927338937
  0.67773794440779322  0.69043290933973045  0.70253763592372931  0.71392668478727583
  0.72550208839539809  0.73709216005831935  0.74874340372882831  0.76038051189878075
  0.77146396218031243  0.78289387331190630  0.79527592743847031  0.80544818340565694
  0.80817659015636822  0.81144750725686265  0.81482547691826746  0.81839045450592296
  0.82213554949701972  0.82567703640175960  0.82910818597945046  0.83264123039973181
  0.83619420065802574  0.84043657806911753  0.85310436674298318  0.86499904280121431
  0.87609867878952019  0.88690677585742839  0.89740121395663808  0.90719447864233460
  0.91718368468698097  0.92802299981315417  0.93936193605855556  0.95165259037783767
  0.96453859713913725  0.97647594790546466  0.98832055258941265  1.00000000000000000
 -0.00271271625862173  0.00925717975967693  0.02121100463905086  0.03289765668533837
  0.04427149326693870  0.05527859854414944  0.06609499991167142  0.07764259998757403
  0.08850999671423378  0.09909457142732439  0.10981558844820952  0.11998051266354762
  0.13075718058040109  0.14204972090392734  0.15306629067141816  0.16408060378216913
  0.17470266870445569  0.18437015665191966  0.19370368853378953  0.20343096237872113
  0.21423313862377732  0.22620294075125175  0.23879933000357820  0.25167196341965575
  0.26439368076965852  0.27779667739372060  0.29046647442948342  0.30384560691277912
  0.31843246993498486  0.32329094237290457  0.32660266184417724  0.32983118794977206
  0.33321566538896258  0.33678425668054979  0.34005550230458798  0.34319497100410357
  0.34655075436626875  0.35019586610176900  0.35352917831120451  0.36022714633325831
  0.37094454047832548  0.38210808180518746  0.39381536700819614  0.40602527422890433
  0.41815946475314808  0.43007055238377517  0.44268502790574632  0.45538776871306474
  0.46755480096424734  0.47973197195319039  0.49187997245657472  0.50422797827767807
  0.51639728797612794  0.52761465367525273  0.53820285307738691  0.54947933617914013
  0.56063592081476799  0.57124485482607767  0.58191169100539875  0.59290403338991327
  0.60407545512086525  0.61541819684557320  0.62792955451746324  0.64045389636962313
  0.65302777913257437  0.66468912599235763  0.67615944714231047  0.68760878398437908
  0.69888731559860051  0.71014215991286889  0.72139831827275769  0.73267233600078585
  0.74393397356767799  0.75503223625235416  0.76583798695167127  0.77632592912072051
  0.78700294888793398  0.79802395783605040  0.80947408892381201  0.82008790333822346
  0.83010306153689128  0.84007269594362854  0.85060645022399950  0.86170907017328846
  0.87263368297232913  0.88329831049756069  0.89510237775920287  0.90714983150177175
  0.91914792200629825  0.93067774270052572  0.94177647330222758  0.95332060257151541
  0.96498833032614062  0.97677764246615306  0.98864709460762312  1.00000000000000000
 -0.00238925259956491  0.00925803528354126  0.01953615681680274  0.02996249980426374
  0.04036863153715422  0.05064204330570917  0.06266412134547115  0.07639090669297598
  0.08334016383298334  0.08676511160174165  0.09021796636613855  0.09362335350902176
  0.09690121842517342  0.10028335171889712  0.10374411492582439  0.10709314817438469
  0.11053590539486696  0.11406701681797859  0.12171139991484635  0.13316154077106285
  0.14521155637948061  0.15719835461879939  0.16928581401166939  0.18082153444658711
  0.19309477460204266  0.20503808068213775  0.21632900397450866  0.22708019600818258
  0.23753479927072116  0.24809552496351814  0.25960125471571094  0.27162509712294747
  0.28416219932829734  0.29699736879619887  0.30958128657099998  0.32122901818753491
  0.33175854286443229  0.34223343657550065  0.35232855549902353  0.36176125383559532
  0.37164082979965335  0.38119606144341805  0.39140449835592606  0.40256876443024397
  0.41491264647762782  0.42602625416805029  0.43829739146370178  0.45060578837350196
  0.46242668479532839  0.47363461337896884  0.48466370116244584  0.49633404197142073
  0.50865070269720414  0.52097316510766301  0.53376717271402252  0.54689784596526214
  0.55988189274237965  0.57189140862703491  0.58334725140985588  0.59485594701687572
  0.60675533965166484  0.61853976329251825  0.63022529557573437  0.64197427404819074
  0.65403367360611486  0.66613015663241837  0.67797987153440165  0.68994250037336102
  0.70181966603330226  0.71414268032431594  0.72627292535436272  0.73955526246382508
  0.75069653762826172  0.76015796297182692  0.76877775106446722  0.77680433570133822
  0.78538798873504367  0.79534181651773450  0.80644968681125162  0.81854613568560042
  0.83115049558675047  0.84352759218590068  0.85557819670414814  0.86757564808352505
  0.87837158873100696  0.88888241719171113  0.89885815856030138  0.90972545543647099
  0.92122118205088555  0.93234263128745298  0.94288505058879823  0.95358914611922641
  0.96453023729546139  0.97553302171509326  0.98720661101124119  1.00000000000000000
 -0.00247336006118527  0.00877397077986368  0.01997179935831698  0.03129691343799207
  0.04263731380493419  0.05424137107845924  0.06679586911205655  0.07929416200319092
  0.09043699377647237  0.10106563906552166  0.11195831215546971  0.12360185829722117
  0.13643650267656524  0.14902768841726824  0.16080053564902427  0.17158052134271326
  0.18180868150119273  0.19190316845195257  0.20255569716671373  0.21384691651974849
  0.22606885017762529  0.23832536782649541  0.25006860907805833  0.26176514721429239
  0.27376622959505365  0.28582979970688455  0.29777281629083985  0.31025490868509031
  0.32147514998594723  0.32530235058209367  0.32879210966280309  0.33226968864067219
  0.33583415330387623  0.33935505322057191  0.34287194426864021  0.34666022058972956
  0.35025040921847234  0.35392027827778666  0.35732523859592269  0.36817852834649684
  0.38018857679750273  0.39149896050194233  0.40286074678220052  0.41404098747706086
  0.42515595172967480  0.43629111394655812  0.44789185103941970  0.45981258593064950
  0.47150754455721855  0.48314206791365877  0.49460689742253472  0.50592042669866555
  0.51751094333156045  0.52908587388542050  0.54012111244117533  0.55049774889329561
  0.55968962315273352  0.56955352036925189  0.58104219542520708  0.59351559330408565
  0.60620139710277066  0.61849142163371429  0.63049390964814178  0.64255247778741731
  0.65401811276360844  0.66501076530899406  0.67612609489742792  0.68703446414280955
  0.69782986667990965  0.70957619090719026  0.72129631378087178  0.73376584953458557
  0.74517721420575678  0.75660277560198663  0.76767558729698449  0.77836958835077075
  0.78915070368311169  0.80038142278592628  0.81020904114465853  0.82055340402130461
  0.83105106429507425  0.84250762549976232  0.85486473591432022  0.86738141718127770
  0.87980553518757454  0.89195631069430603  0.90363551775338213  0.91496182403953152
  0.92621461972086450  0.93692459388107940  0.94696019868480941  0.95679048178306159
  0.96718398648903670  0.97773804992246693  0.98819901765266416  1.00000000000000000
 -0.00258022274811852  0.00845424922175093  0.01895052255052979  0.02943238831426004
  0.04012768679503834  0.05139780591958773  0.06286736521306287  0.07523981485803509
  0.08853268748538222  0.10167234682641335  0.11386723793999431  0.12568455556665156
  0.13844319218243767  0.15194704298993802  0.16469263893523309  0.17643907695662700
  0.18724292557082450  0.19811844400304890  0.20917959027133434  0.22035679432107452
  0.23195217520245365  0.24354077030525803  0.25403378418818656  0.26329206708090636
  0.27431834690104262  0.28543520253704885  0.29440101714000894  0.30368426626058187
  0.31218293236206907  0.32117451789447016  0.33166610192797069  0.34249214922836752
  0.35536148196703921  0.36873423104302377  0.38201238995535597  0.39413057055083145
  0.40481637157635103  0.41482533667526239  0.42498002516319533  0.43642867582123424
  0.44869590514225510  0.46088390042044791  0.47297952108709562  0.48502884720213663
  0.49684190532218431  0.50832800172117665  0.51943134181529893  0.53081370135564876
  0.54296175847556183  0.55611154307876876  0.56906718309973203  0.58250694773293432
  0.59598900150483392  0.60829928819041001  0.61905666685785310  0.62849068221673654
  0.63805264621814428  0.64875111899651383  0.65981877091447683  0.67047285753993591
  0.68136590118984119  0.69235308305349896  0.70350585358546525  0.71609362846475288
  0.72881889553794821  0.74266080294568537  0.75624751820822700  0.76936643523964909
  0.78183954316714055  0.78775532062106435  0.79066325562754169  0.79349361607089697
  0.79679919071928029  0.79989062224554364  0.80326862641331687  0.80653229092413425
  0.80982368104455116  0.81307006808318005  0.81619553043764892  0.82029970943724706
  0.83131165235849258  0.84141857353848915  0.85176722635022373  0.86264457781994630
  0.87434564459191244  0.88685112455303838  0.89941255240017537  0.91107226031855970
  0.92106272336818695  0.93090399339902630  0.94142327466582443  0.95293006611959619
  0.96473617691089031  0.97627991158059901  0.98786282565669303  1.00000000000000000
 -0.00277179616361829  0.00912953268245577  0.02045831403175318  0.03232318204313211
  0.04423192678294773  0.05599164106270865  0.06775831237155457  0.07916627193986012
  0.08993444467314514  0.10027660401141394  0.11032754095633726  0.12061002830786337
  0.13063549495160279  0.14006098586795704  0.14898463237551005  0.15748131334709964
  0.16655386734569905  0.17677061262831734  0.18771286717461053  0.19868778114885546
  0.20997528596819223  0.22268566464850462  0.23551664555194413  0.24722144027639403
  0.25924202751683267  0.27013649784906962  0.28035372657852897  0.29139849398967960
  0.30351439241433592  0.31688304515958321  0.33017843133012398  0.34277789238670586
  0.35433316417147559  0.36512721841152712  0.37541190513655393  0.38515321001634417
  0.39534011790517554  0.40597895371254017  0.41709345128844860  0.42895630463607010
  0.44133736650855082  0.45352488405511870  0.46613575381211309  0.47923552822261334
  0.49205482954045637  0.50432383570667727  0.51631161490622224  0.52817144069880784
  0.53992325961472809  0.55182826681657260  0.56387618792707384  0.57568908087455206
  0.58794953813728845  0.60041036347034904  0.61246354946576853  0.62339613351849499
  0.63513957603318916  0.64799737507168398  0.66100218676944822  0.67348082774183660
  0.68628513646927747  0.69643665436089430  0.70070234810319409  0.70383443338216267
  0.70720891659589913  0.71068236460877376  0.71411972935089119  0.71759789067843405
  0.72112418168058556  0.72468878299202610  0.72837844675827335  0.73204326413315002
  0.74013839666367764  0.75340144991830016  0.76701522175512338  0.77927744872908433
  0.79011974625190518  0.80085901482931277  0.81176570478528520  0.82279947029342293
  0.83422856903815257  0.84521122562154771  0.85638565402926148  0.86740840513408413
  0.87775152615529151  0.88795211108390437  0.89864578674674789  0.91005481654197040
  0.92221784446321287  0.93478833629268676  0.94709123697647579  0.95851737867944486
  0.96913238921429634  0.97895092334860045  0.98815347668579656  1.00000000000000000
 -0.00250250753627943  0.00934948637665039  0.01972693227910571  0.03095091358416974
  0.04186766742370700  0.05306472100721356  0.06496530055062696  0.07692151279951494
  0.08858231401068491  0.09962412433114859  0.11023925057664340  0.12078230934707951
  0.13145440941629338  0.14284612966197985  0.15499292002378362  0.16795207421189984
  0.18124347434191401  0.19362759621536899  0.20528083181805240  0.21585187207541184
  0.22611208753444859  0.23573714658364800  0.24460425825337809  0.25515778919903886
  0.26737542063386827  0.27957795174224920  0.28987409471986980  0.29967279732660795
  0.30927850303031629  0.31955485815637297  0.33167489366649372  0.34521045836409903
  0.35794384156222775  0.37021494829628276  0.38222819040872885  0.39441183055649492
  0.40725508711681846  0.42043641045369390  0.43317376252203083  0.44557525807188991
  0.45825121277718811  0.47134540034988143  0.48579029913210320  0.49566861963062214
  0.49821218153990815  0.50118056452260795  0.50470832647971264  0.50816354021013432
  0.51152924114634357  0.51503904214635532  0.51858554311872362  0.52227317350916713
  0.52581077473331272  0.53176606853811459  0.54291042560101321  0.55593261299751018
  0.56810263135522321  0.58068424226460114  0.59214958702534226  0.60270952245739096
  0.61346777374961881  0.62494461046680061  0.63707300610306039  0.64931570058137356
  0.66092852524291690  0.67135905110852323  0.68265640827899821  0.69379247734865368
  0.70510796212735194  0.71671290068212445  0.72860937998027908  0.74026147872345016
  0.75154549047368380  0.76203094267309435  0.77297693667168677  0.78427220103144202
  0.79641735229391508  0.80862264599486744  0.82052652711309682  0.83164041751176643
  0.84245844442982365  0.85404146367608591  0.86514361379111038  0.87674008191548103
  0.88796490932944583  0.89910953363033075  0.91055756098514906  0.92055067368784049
  0.93163806672269711  0.94279752494391167  0.95402230654215991  0.96487088946975696
  0.97386356393966855  0.98287409296312689  0.99178812816078532  1.00000000000000000
 -0.00309523993469952  0.00976416686555536  0.02173473153201595  0.03292387666628774
  0.04395519324953579  0.05564738163797138  0.06697152765264637  0.07738379594485138
  0.08927388287591929  0.09986643400563548  0.10384357994740742  0.10764359334416049
  0.11126960446449329  0.11460749601284746  0.11811684975769511  0.12141652688509690
  0.12462540661103513  0.12765226848095607  0.13061934044133400  0.13642526683790338
  0.14810070107926873  0.15996113268980777  0.17151249062590718  0.18332941280378998
  0.19491181721148804  0.20715611158424166  0.21977818556894135  0.23173855130402912
  0.24306664586973237  0.25361833600644562  0.26366740998468446  0.27314600619325691
  0.28174274791815523  0.29123286183462033  0.30107062446004745  0.31133911956589128
  0.32214916775775104  0.33245324008287003  0.34237275689952917  0.35240538390085235
  0.36205474449142916  0.37115364293237763  0.38139077706654217  0.39292989166262254
  0.40510444791882011  0.41761513286681939  0.42985444079231000  0.44175209735728571
  0.45326657916522139  0.46479709104660993  0.47668997547630909  0.48968722944384019
  0.50195007081065135  0.51437114621053970  0.52709239737598057  0.53973997091007397
  0.55287087154137615  0.56566819122609746  0.57767171737225664  0.58937071467306534
  0.60138897502327515  0.61338200093297079  0.62551711497763907  0.63845088751788681
  0.65070987865390206  0.66222063194506720  0.67313373046202396  0.68403609997437942
  0.69509425150787230  0.70586521675073421  0.71626216541430332  0.72619197901876509
  0.73645126647553272  0.74742194419798469  0.75837362465092339  0.76931073498258895
  0.78033996753578172  0.79162705442866765  0.80279782998140437  0.81317813813953665
  0.82449383799261033  0.83500436796587663  0.84586881298980399  0.85698046422287177
  0.86882613645534090  0.88112884550730386  0.89381563522834984  0.90596834224188871
  0.91769162831036155  0.92915402184296259  0.94083840509244387  0.95318287726347550
  0.96568733716924371  0.97720420114066053  0.98873594817215615  1.00000000000000000
 -0.00338027538970395  0.01158546296016175  0.02448464844395652  0.03664026384398933
  0.04839347160184988  0.05988874566060384  0.07130973596296504  0.08299901266161974
  0.09510987602963419  0.10622755123633748  0.11602677770379394  0.12594610988182481
  0.13499047665883410  0.14464437712950634  0.15472056736020426  0.16503847522478499
  0.17433577635027356  0.18459607420299226  0.19509194935712987  0.20603702526466816
  0.21760737841295461  0.22919853252158645  0.24122810532165606  0.25392167024912293
  0.26638429380293960  0.27849165674991527  0.29043500177206327  0.30197235315612192
  0.31319064370145328  0.32514661655821575  0.33630733674929142  0.34207557833528857
  0.34550415481079838  0.34896640055926137  0.35254232946638758  0.35613680234740414
  0.35966043471754466  0.36340817207035309  0.36713160831536301  0.37078888180875719
  0.37458487601133655  0.38109493984216924  0.39359234820008770  0.40731598242487965
  0.41997761024623542  0.43156581858489629  0.44274717746953668  0.45399078009203586
  0.46488979575478201  0.47448762875768513  0.48415859685294133  0.49458345665672249
  0.50541482397546933  0.51694734360194183  0.52843844892609981  0.53890145804192358
  0.54941172105106506  0.55939225781245983  0.56938338573915581  0.57938901123272446
  0.58986243531819160  0.60112985267465902  0.61297664156828779  0.62480153930586113
  0.63598470446933020  0.64654528752328766  0.65640846187745816  0.66834369843106067
  0.67993707358145639  0.69171081782908606  0.70349103691816894  0.71510430962789939
  0.72664859758846034  0.73817978239130333  0.74970209150974743  0.76171146173634074
  0.77457884811190292  0.78738802147136788  0.79986036070690514  0.81187802322922242
  0.82354615272814535  0.83458914163577280  0.84518974262708624  0.85586679468895821
  0.86839168553369483  0.88201881722290432  0.89619011233179779  0.90993064398705081
  0.92145544409160351  0.93219443320102369  0.94226151855621343  0.95251155704472101
  0.96368399818223394  0.97522871772850395  0.98681691811679206  1.00000000000000000
 -0.00323682598256836  0.01083785241322870  0.02492540933728758  0.03855284542154734
  0.05199860358168640  0.06538743954687787  0.07863371427631793  0.09157235335323749
  0.10408958064332929  0.11714975606499384  0.12945492351590207  0.14191065119229471
  0.15332256792235172  0.16476730100059009  0.17651488314209565  0.18859505437662860
  0.20072018524594901  0.21305506618626444  0.22526128724790079  0.23667824350839559
  0.24697129489480982  0.25657696800644181  0.26601408616520678  0.27544380534925766
  0.28490186480634777  0.29453816536639116  0.30408608928650260  0.31382755197649709
  0.32432435472695648  0.33554955065878772  0.34704188002269953  0.35798963637105258
  0.36763481321293773  0.37717218928442509  0.38811291679477145  0.39552439104431886
  0.39857878595576485  0.40158010267297456  0.40458628176893147  0.40774939615096445
  0.41084831339245098  0.41394388278020161  0.41726539677351493  0.42053443729738949
  0.42562695736305950  0.43683797125452906  0.44940541825804015  0.46214203066090703
  0.47525082716199946  0.48831816171050713  0.50023631125899592  0.51092502375421622
  0.52166102670247128  0.53341739079793027  0.54625521187854176  0.55960825904317812
  0.57248621855136395  0.58473370452588969  0.59675002834100077  0.60876714054561409
  0.61993361825376880  0.63190512427116929  0.64256918912166117  0.65371698126446898
  0.66472377965533458  0.67571657792999218  0.68700541609948096  0.69835388012657573
  0.70973788216071376  0.72118323125297235  0.73196416568027811  0.74246906957018044
  0.75239553606871756  0.76201870988397624  0.77132117254885491  0.78081965149366939
  0.79063056677552668  0.80148236900478542  0.81123811584733330  0.82101410499789107
  0.83152378726521858  0.84299572699085890  0.85531624190757838  0.86754746832371421
  0.87927877044995140  0.89115786187602053  0.90320310628147871  0.91487625184629462
  0.92586280902425089  0.93625981291863403  0.94665007085861730  0.95719768033088970
  0.96770415779257968  0.97805103110842517  0.98906110256072766  1.00000000000000000
 -0.00218459623787289  0.00845123079101265  0.01858961143316436  0.02931474469266092
  0.04064738969155440  0.05254431671294738  0.06448585684351654  0.07682973845737540
  0.08935414448670218  0.10208655068578756  0.11443370248148296  0.12614205845522708
  0.13759972895989356  0.14848536068889603  0.15886667269287272  0.16967634250291311
  0.18088586711561636  0.19109567419232393  0.20112229987945673  0.21042637769917483
  0.21989555902976315  0.22974831647739796  0.24112984783786404  0.25179589510105349
  0.26259128975673274  0.27369450912466570  0.28487354209312021  0.29569281602136827
  0.30594895550063445  0.31694360144375805  0.32827064459372912  0.33991749023966589
  0.35173824405626541  0.36344327398058951  0.37539687551722939  0.38806523727714509
  0.40100698594787459  0.41321070867804721  0.42427541871503399  0.43469157144054965
  0.44499098540559939  0.45524282604402999  0.46604014382959830  0.47774548519664473
  0.48858432853980244  0.49917759697280190  0.50979089479451800  0.52091537040122216
  0.53181951580367137  0.54411408639804681  0.55566644808408261  0.56776935306534793
  0.58004913341320208  0.59215784440258512  0.60392359849067256  0.61508018429358213
  0.62658100565980546  0.63576721897323141  0.63983554354333150  0.64300233865708589
  0.64598955233400290  0.64951811516098656  0.65281983240499208  0.65624371143093485
  0.66005148320128337  0.66393647736997574  0.66774395771326445  0.67138309994695133
  0.68357024415105161  0.69546936892573186  0.70634702268391703  0.71749353958399165
  0.72915131500378894  0.74131122151132056  0.75411907467044736  0.76736348659193032
  0.78061159699508886  0.79361146322550369  0.80625477620503994  0.81852835628650300
  0.82955277725185628  0.84093296387709382  0.85205518123403456  0.86358761828157604
  0.87507677326994260  0.88662719267478196  0.89821207206484710  0.90920944107537360
  0.91999639215415052  0.93191737474467562  0.94420019390443821  0.95598940667348009
  0.96706160031072075  0.97720223177290544  0.98730410106357613  1.00000000000000000
 -0.00229155762341694  0.00833546135680357  0.01924810336815789  0.03007212642991516
  0.04023943554669791  0.05139173511392436  0.06305423795664751  0.07539877545387019
  0.08831280115205502  0.10127808320179302  0.11364502074626211  0.12518693828798802
  0.13650497504370854  0.14731499128945857  0.15813714593851197  0.16925393594643212
  0.18049710383983397  0.19160944257006424  0.20365575874728314  0.21572967780733607
  0.22660934263460641  0.23633442222015097  0.24597083832237432  0.25670749915021623
  0.26886960372292812  0.28073881726491334  0.29189229798513150  0.30239627406679287
  0.31190327440775212  0.32112022955954944  0.33062202227297605  0.34031245027433582
  0.35094195768554026  0.36245017026619836  0.37347915948702415  0.38369709579480460
  0.39504681483545429  0.40840569303143071  0.42075364144647531  0.43300353762618926
  0.44452142046680204  0.45524941069563024  0.46617036607833112  0.47730752616243938
  0.48907999412499464  0.50297498563285581  0.51681101390159945  0.52875875379967985
  0.53968224360558481  0.54963650004659004  0.55954407402677764  0.57025091210138201
  0.58064344171659965  0.59221538731169709  0.60300891441852134  0.61391483500780453
  0.62597708287898091  0.63904300823966420  0.65252287841545475  0.66548015156588625
  0.67806836922323055  0.69067045161039886  0.70323677055291056  0.71569449266386653
  0.72805274423695521  0.73956335436295506  0.75210099222494786  0.76363975979463983
  0.77517972167913862  0.78635305277386336  0.79743286802928937  0.80944395722245388
  0.82146609699370199  0.83299184970732287  0.84388860176115421  0.85435684593695060
  0.86449557755556483  0.87543844511935309  0.88744238192210834  0.89495304190380343
  0.89756642317446866  0.90056557984313257  0.90360272247358109  0.90647196780467354
  0.90937893746697440  0.91236752025347434  0.91549757038991986  0.91823980186348697
  0.92234685712241993  0.93176293883727346  0.94357322131903698  0.95498168544011774
  0.96648034022189788  0.97726865552459330  0.98837247730031863  1.00000000000000000
   1.7201502565497394E-034  -1.0000000000000000     
 T F F F F F F F F F F F F F F F T F F F F F F F F F F F F F F F T F F F F F F F F F F F F F F F T F F F F F F F F F F F F F F F T F F F F F F F F F F F F F F F T F F F F F F F F F F F F F F F T F F F F F F F F F F F F F F F T F F F F F F F F F F F F F F F F F F F F F F F F F F F F F F F F F F F F F F F F F F F F F F F F F F F F F F F F F F F F F F F F F F F F F F F F F F F F F F F F F F F F F F F F F F F F F F F F F F F F F F F F F F F F F F F F F F F F F F F F F F F F F F F F F F F F F F F F F F F F F F F T F F F F F F F F F F F F F F F T F F F F F F F F F F F F F F F T F F F F F F F F F F F F F F F T F F F F F F F F F F F F F F F T F F F F F F F F F F F F F F F T F F F F F F F F F F F F F F F T F F F F F F F F F F F F F F F T F F F F F F F F F F F F F F F F F F F F F F F F F F F F F F F F F F F F F F F F F F F F F F F F F F F F F F F F F F F F F F F F F F F F F F F F F F F F F F F F F F F F F F F F F F F F F F F F F F F F F F F F F F F F F F F F F F F F F F F F F F F F F F F F F F F F F F F F F F F F F F F T F F F F F F F F F F F F F F F T F F F F F F F F F F F F F F F T F F F F F F F F F F F F F F F T F F F F F F F F F F F F F F F T F F F F F F F F F F F F F F F T F F F F F F F F F F F F F F F T F F F F F F F F F F F F F F F T F F F F F F F F F F F F F F F F F F F F F F F F F F F F F F F F F F F F F F F F F F F F F F F F F F F F F F F F F F F F F F F F F F F F F F F F F F F F F F F F F F F F F F F F F F F F F F F F F F F F F F F F F F F F F F F F F F F F F F F F F F F F F F F F F F F F F F F F F F F F F F F
