 -0.00000000367342512  0.00000055836588343  0.00000096626488092  0.00000121314573018
  0.00000143228509090  0.00000165139040286  0.00000212111175926  0.00000258684401399
  0.00000312445132645  0.00000373391760486  0.00000445784357641  0.00000529364878927
  0.00000611794461687  0.00000684206427850  0.00000757077675558  0.00000836678014497
  0.00000903406752877  0.00000962195107200  0.00001016907320495  0.00001070840239491
  0.00001128610231610  0.00001189779072748  0.00001246889331038  0.00001297934397186
  0.00001363109680124  0.00001444775836244  0.00001515316421451  0.00001566041379977
  0.00001626141974083  0.00001688625593372  0.00001744511038979  0.00001794908358912
  0.00001862260015611  0.00001945545005568  0.00002030320846850  0.00002104729455176
  0.00002179177608279  0.00002264606382818  0.00002352060868938  0.00002434587239400
  0.00002512523289933  0.00002586034385805  0.00002654668440489  0.00002714569024594
  0.00002769026477773  0.00002817236126608  0.00002887143152812  0.00002936083760269
  0.00002966031770666  0.00002993922557761  0.00003021418011247  0.00003050487606444
  0.00003079733464791  0.00003108531189991  0.00003139975811233  0.00003172101454307
  0.00003201923837425  0.00003237135575116  0.00003274284051791  0.00003306705168590
  0.00003335945635089  0.00003365889116164  0.00003398101737020  0.00003432585149728
  0.00003468415344343  0.00003502244724520  0.00003535735883308  0.00003567417423146
  0.00003594908505437  0.00003618590340957  0.00003640410949005  0.00003661644253051
  0.00003708880929596  0.00006069850543150  0.00006224676349332  0.00006322061039162
  0.00006413063988654  0.00006501892528959  0.00006600215587170  0.00006713029066294
  0.00006832391264395  0.00006942685372303  0.00007064448309731  0.00007243375026564
  0.00007516134600850  0.00007816789183756  0.00008156237172632  0.00008552518731214
  0.00008943944260424  0.00009601961011234  0.00010693285750596  0.00012777453729259
  0.00017493186074682  0.00038926231754890  0.01294846703597239  1.00000000000000000
 -0.00000055480555225  0.00000291243716613  0.00000636647695254  0.00000902971550570
  0.00001215057200712  0.00001421030878034  0.00001593481045180  0.00001700518438785
  0.00001804272450804  0.00001891006422518  0.00002003759096466  0.00002133941876594
  0.00002331972828943  0.00002570504084656  0.00002763173737768  0.00002920541074421
  0.00003069588329194  0.00003191875333071  0.00003295795787027  0.00003434945212794
  0.00003612152982322  0.00003739139675494  0.00003836633213746  0.00003938708801377
  0.00004064791373792  0.00004188536863412  0.00004316735311028  0.00004407403271122
  0.00004471509063789  0.00004528284818025  0.00004576221905891  0.00004668518798044
  0.00004836091056973  0.00005022007359011  0.00005189617441194  0.00005327100405164
  0.00005443494025396  0.00005561175733277  0.00005736951478991  0.00005979487173249
  0.00006245145659771  0.00006484314122367  0.00006741786015715  0.00007063323115658
  0.00007364297979809  0.00007655369944775  0.00007946575259212  0.00008293874690740
  0.00008882357322873  0.00009462882374253  0.00010030469240118  0.00010564849420161
  0.00011026198685580  0.00011447860701407  0.00011850375448506  0.00012230803523456
  0.00012664979088607  0.00013159664061995  0.00013635583648797  0.00014158316472493
  0.00014787044706102  0.00015397496463406  0.00015959960538993  0.00016516866938780
  0.00017066395506152  0.00017858677283598  0.00019000389999514  0.00020073229724365
  0.00021008942383569  0.00021954489238907  0.00022970868140012  0.00024092201497382
  0.00025324701463870  0.00026741421960641  0.00028710285261342  0.00030881009539879
  0.00033073692253682  0.00035253144961354  0.00037405724419665  0.00039165466903922
  0.00040648571027332  0.00041499526008477  0.00043402655955471  0.00045632887128264
  0.00047452314964651  0.00049042927327526  0.00050960956043321  0.00053222718630455
  0.00055446431403574  0.00058832784171068  0.00062738629633698  0.00071597083340708
  0.00083169213221295  0.00809453751391277  0.01938837551667603  1.00000000000000000
 -0.00020915244334503  0.00309191949671399  0.00755784669784734  0.01275627329538769
  0.01775149594679304  0.02544978324623317  0.03425997551484090  0.04034055455525704
  0.04523676966735415  0.05005124232098954  0.05540336228573322  0.06145550087029331
  0.07004118777318191  0.07804667343630184  0.08726224395322975  0.09755612615622099
  0.10940154841684253  0.12172176240967743  0.13108012710679995  0.13740648609630501
  0.14464494180517801  0.15207626251922196  0.16100601572949153  0.16882393800475576
  0.17438285779647486  0.17873013003355093  0.18377663184642534  0.19110373775363299
  0.19869379708178433  0.20480027425062752  0.20998408339955527  0.21604563501946530
  0.22355746666671328  0.23296766332475868  0.24278361839888465  0.25304067638400002
  0.26171050598432777  0.26986841483554469  0.27969531122199742  0.29099013127956708
  0.30296696918802257  0.31449357478667156  0.32470648145048209  0.33431206082312809
  0.34402344839551052  0.35377878728610762  0.36413816154842032  0.37514291999093158
  0.38587875207171368  0.39635451915103503  0.40749274536424901  0.41965767569296053
  0.43299786384915478  0.44698586590063805  0.46111773457826649  0.47320553319433284
  0.48279713165590527  0.49136393712853033  0.50019953265400263  0.50891504413621602
  0.51687880917160822  0.52548133005627562  0.53494240068065768  0.54454467667040041
  0.55434208742625068  0.56364721964492837  0.57543003586554842  0.58762396996832478
  0.59962221062567522  0.60803495656961937  0.61761061720475097  0.62748557987709308
  0.63828962745722018  0.65249393545175738  0.66759103179703483  0.68217755269283320
  0.69604425046184082  0.70886185107400501  0.72033097885730024  0.72913468971952655
  0.73541060545788561  0.74396617496581163  0.75567361924198384  0.76799752626219697
  0.78146311965732707  0.79432410828086031  0.80712290329983183  0.82553946229045816
  0.84478149026008598  0.86361065792309610  0.88371688006869553  0.90547668062052067
  0.92753862075489268  0.95134558679519343  0.97561136002756155  1.00000000000000000
 -0.00074164169769918  0.00398916964381930  0.01132411385409203  0.02063639443890024
  0.03067830977728363  0.04179815556950270  0.05201136546283625  0.06134526228479582
  0.07117467446866060  0.08004805670333914  0.08822893807169842  0.09805423964351287
  0.11007191762355237  0.12636272880866237  0.14059052507967507  0.15284514739723096
  0.16499800240951132  0.17618111295042974  0.18858336224290115  0.20265505288716087
  0.21677574764545421  0.22975695308626254  0.24423825993880166  0.25842129259740976
  0.27071528839257086  0.27991438020674375  0.28840058593455448  0.29679698442336200
  0.30636806527592131  0.31844495124534594  0.33029911460277694  0.33930113657362254
  0.34751773070942948  0.35566457802246521  0.36506831182786886  0.37513558570741129
  0.38345898072578422  0.39288401795514727  0.40160642645779637  0.40774395525097529
  0.41309246540211358  0.41850567395588384  0.42486290148894917  0.43244519699770267
  0.44729920409110718  0.46333986133418703  0.47712980523976695  0.48964027719015607
  0.50130781492666387  0.51113944185279825  0.52179462576167790  0.53302825752771021
  0.54449034472804048  0.55686093999859787  0.56425023157749676  0.57274312187429033
  0.58369920940874109  0.59571654020484643  0.60785684774315230  0.61809948446724072
  0.63107097798236278  0.64429415985811311  0.65513332533319857  0.66798972873023033
  0.68315331104280941  0.69671406978560291  0.70486113977061304  0.71376506742802870
  0.72124222037197938  0.72846626635426692  0.73666375558835340  0.74369589599557706
  0.75528935311998069  0.77377389841101951  0.79364558907395577  0.81058354806086852
  0.82169654539043813  0.83018039570132451  0.83592927813086937  0.83996473830186824
  0.84522548565315825  0.84996233785489717  0.85566555151094303  0.86199075938369529
  0.87299974082102949  0.88813780807340670  0.90440842322394821  0.91864068324797976
  0.93223314164869253  0.94542950627052469  0.95579827549748508  0.96471003828405355
  0.97315174487476563  0.98222823622836131  0.99125789028169631  1.00000000000000000
 -0.00336986403061682  0.01177170893291609  0.02144660115004506  0.02862198420732580
  0.03558711386255232  0.04290794398417792  0.05167966423947164  0.06086911062885263
  0.07082496208630076  0.08195689706501516  0.09193770206343613  0.10090400091149702
  0.10766334336883020  0.11492460961746961  0.12457707802360748  0.13705110646330954
  0.14773307055812043  0.15879854907938201  0.16991369423949235  0.18144078806585826
  0.19272401006906090  0.20336026401300616  0.21427810363893446  0.22564905272937255
  0.23888428878847848  0.25187473577098690  0.26453396433727078  0.27804409486138065
  0.29163691072764836  0.30327883447409593  0.31145175231821187  0.31791633483509746
  0.32381821549286166  0.32980268828497883  0.33733717763756343  0.34491190914166403
  0.35429608865055617  0.36384379097975800  0.37005870229765347  0.37738277284541660
  0.39021759376449855  0.40519481894728870  0.41815508649964822  0.42710386098244302
  0.43496712636260543  0.44215789911712317  0.44774001002034591  0.45324642871576748
  0.46176137150868724  0.47118936638570047  0.47973383668471598  0.48866449532125750
  0.49792167950696781  0.50876629845795152  0.52317060653504843  0.54202929250301801
  0.55740218880322712  0.56760934886224057  0.57751505991251606  0.58475128512105823
  0.58895415179253363  0.59360515308501460  0.59804018603005471  0.60574844877567124
  0.61289202249297303  0.61875159062616081  0.62631690372683368  0.63861845432408237
  0.65423464947991217  0.66942627079360351  0.68209105763215550  0.69093131068082603
  0.70212737159791294  0.71615925018101745  0.73064627586059905  0.74217528823281043
  0.75551129165156994  0.77142575933409319  0.78742776335214615  0.80243692124847177
  0.81737141290769477  0.83291774765425508  0.84976699072135908  0.86734041541873674
  0.88333368239349375  0.89500027030189477  0.90342245457613135  0.91250891112303367
  0.92405116097729401  0.93468583456874088  0.94334081419528770  0.95346289860032662
  0.96289190464194330  0.97508028806721214  0.98752252410827757  1.00000000000000000
 -0.00215670456784701  0.00898246989156238  0.01402766637265009  0.01944883244506987
  0.02752286786706131  0.03834552040071075  0.04589231627438601  0.05019468279200552
  0.05434717638136809  0.05861173152953584  0.06239827084738937  0.06755278787292686
  0.07533628121407286  0.08337672181972304  0.09398740749800201  0.10562177492878928
  0.11510745963913424  0.12651944303077228  0.13759536980657416  0.14675989038609297
  0.15591058671043723  0.16482653231901842  0.17645746941433532  0.18857826282764031
  0.20022910030002011  0.21491635584748600  0.23052692885465886  0.24953978219968645
  0.27074083943278865  0.28726344193780040  0.30196355911013728  0.31515084591132059
  0.32933617762879958  0.34113200315052411  0.35238156164013329  0.36242354248431841
  0.37060024728817581  0.37785499082004598  0.38487189668884836  0.39241794317374451
  0.40026383414283484  0.40639236220261388  0.41187493617836785  0.41811309046483675
  0.42512425435529511  0.43270729090758780  0.44069138619672837  0.44819177418876427
  0.45990127684737642  0.47525633992634797  0.49133127125652815  0.50699451646772820
  0.52192640609173313  0.54009195785427566  0.55952343833601492  0.57754043014449374
  0.59205640826495753  0.60312250904385067  0.61222003545659942  0.62080361006923745
  0.63123679339729555  0.64449306442798149  0.65861903281417900  0.66983491147898200
  0.67877986134619139  0.68650371189062243  0.69223235978958142  0.69819114139263427
  0.70338059411517484  0.70975028606676360  0.71692926939959700  0.72458672088901055
  0.73483108414128673  0.74157358130586792  0.74758437785508169  0.75576241917109965
  0.76394241555470832  0.77198034195007825  0.78039448419213520  0.78945388387646787
  0.79920627002284939  0.80955703816077151  0.81928327994698258  0.83214109941311210
  0.84517139204338076  0.85803807902802165  0.87086546989525071  0.88244647648016961
  0.89304753351383714  0.90346928143451222  0.91585657366055118  0.93065981947541476
  0.94635166521391734  0.96570095610783191  0.98356751828420030  1.00000000000000000
 -0.00167042467284796  0.00504194149397800  0.01146914148021039  0.01759314313376113
  0.02400104134909091  0.03089369401127060  0.03813819176876602  0.04545862517379051
  0.05330110814097780  0.06689994933636029  0.07969328558563055  0.09159611087818864
  0.10247383633765515  0.11181685735700453  0.11981768983459042  0.12819246810420468
  0.13512270584227590  0.14147389567103386  0.14804495385601513  0.15880103390333122
  0.17358581741736928  0.18662249411299275  0.19895025276468628  0.20962889715880276
  0.21824569709941882  0.22493628403005400  0.23190830149608418  0.23913635495073315
  0.24844190375252853  0.25955565850666534  0.27532323782003459  0.29216508783043238
  0.30732713798765937  0.32451909779348131  0.33797725520728961  0.34903439971041095
  0.36048953625882979  0.37041492556312577  0.38294620800039048  0.39431607043836187
  0.40434527952072108  0.41407622599145227  0.42422868893669585  0.43477656578617213
  0.44511961413117701  0.45647271734582728  0.46877329726293171  0.48007647683138654
  0.48897216546610495  0.49705194922609935  0.50591332951691714  0.51537169232873858
  0.52390402936499869  0.53316756111289398  0.54534263015545548  0.56348839022205544
  0.58433241556620186  0.60116689698201264  0.61560270015191265  0.62910484532534894
  0.64163218147066814  0.65433247915843473  0.66673410079866002  0.67586067230032520
  0.68513123820346622  0.69799615590386377  0.70926195636477618  0.71968173211982644
  0.72746623648873077  0.73731531720100285  0.74890309671407929  0.76081268972773719
  0.77360857769451763  0.79083827362033232  0.80807134522158330  0.82367494040044176
  0.83573542879736662  0.84469416119044605  0.85259068123642745  0.85919965576765178
  0.86644243631407014  0.87359135643223251  0.88124135857636654  0.88917264512593264
  0.89755026425625961  0.90751093264353244  0.91865499060207256  0.93088199773511804
  0.94704056810524151  0.96187696963085489  0.96913648208991288  0.97511476208595305
  0.97913649750891585  0.98432369127278752  0.99191146792539120  1.00000000000000000
 -0.00581715203191787  0.01647829886865502  0.03753403747082838  0.05602469103821621
  0.07178717375029404  0.08525690186848926  0.09681268073066562  0.10856186111092270
  0.11951302249612272  0.13087903095466483  0.14310610794329851  0.15691788747785151
  0.17141971235039274  0.18682602544717974  0.20151546458755615  0.21540293776813824
  0.22951105986577641  0.23779711190919900  0.24521205356302192  0.25374415318110166
  0.26309152107985551  0.27309160956482792  0.28087473664861751  0.28759728377518379
  0.29745313897935444  0.30909450796327381  0.32218517095205429  0.33735263717154723
  0.34551143804988976  0.35236701583079899  0.35959838920062431  0.36652452574589517
  0.37308352179257176  0.38092269454713301  0.39234863372714612  0.40363034725762054
  0.41374634684637407  0.42551493738755208  0.43839992365068897  0.45157842856589137
  0.46411134663929299  0.47506113577720316  0.48556293382448812  0.49425289498286112
  0.50157211698070292  0.50993629101401017  0.51903284218676460  0.52831846441143238
  0.53724841865570028  0.54486513681700210  0.55346703147046039  0.56446356082313132
  0.57330952550731695  0.57993304911563470  0.58707766090290936  0.59696702936440560
  0.60692628715631891  0.62079910533193960  0.63703064431246059  0.65663562799418662
  0.67725882871252174  0.69186937365022050  0.70135132484182716  0.71029071551613576
  0.71569014133518583  0.71983992505919325  0.72403606781889229  0.73012667651328900
  0.73743205454272065  0.74703852991213970  0.76045447017197565  0.77563494073025063
  0.78934447122494689  0.80283513295437314  0.81559000038556007  0.82548055646909357
  0.83389790476242531  0.84185858512546563  0.84813774136781273  0.85543130524854682
  0.86383948382983888  0.87369731054652744  0.88500988342461917  0.89475904642255510
  0.90388900335502576  0.91376132253978259  0.92366873875032995  0.93346280592893749
  0.94305216689868587  0.95162396673035388  0.95897486049885527  0.96601197650606774
  0.97380175230186294  0.98409782484314634  0.99333920261561370  1.00000000000000000
  0.20277829640822972  0.96783851501109386  0.97925236773119695  0.98454290690600776
  0.98675887736971069  0.98847285654571138  0.98967481885567465  0.99033222476183314
  0.99084298053184627  0.99124958428876131  0.99158555183443664  0.99182556167939462
  0.99204215972596665  0.99256904510650878  0.99355248677609431  0.99547079667556793
  0.99552876269022650  0.99556911446263097  0.99560840884193869  0.99564781923059620
  0.99567982280697476  0.99570091540466554  0.99572152681855863  0.99574367048408485
  0.99576998255827087  0.99580068593351811  0.99583290737366159  0.99586432054467056
  0.99589573490091388  0.99594026563586868  0.99599510224365939  0.99604365416365237
  0.99608902442699554  0.99613433763403503  0.99618511273284760  0.99623626396107157
  0.99628466090712431  0.99634155513732170  0.99639866591748449  0.99645799375048760
  0.99652164856997683  0.99658703502575663  0.99666096030881235  0.99675243768041111
  0.99685694284793736  0.99695615870362819  0.99704553374577010  0.99712886122882693
  0.99720748994742614  0.99728581162084862  0.99737460047489912  0.99746373525573206
  0.99755384468301755  0.99764086855826595  0.99773079324883585  0.99782078044949318
  0.99790341545895511  0.99797938948915510  0.99805098962565963  0.99812232485865893
  0.99819043555161380  0.99825306787979518  0.99831521533388490  0.99838190825412343
  0.99844337661145921  0.99849094250606152  0.99853484779604396  0.99858084497256161
  0.99862729110810189  0.99866608701817161  0.99869930875898594  0.99873557029333571
  0.99877681137858787  0.99882351349230747  0.99887597014413687  0.99893159832989920
  0.99898728460918407  0.99904004645810496  0.99908600052552932  0.99912678382293485
  0.99916587253690348  0.99920584921924571  0.99925265336533675  0.99930559873496705
  0.99935488791605165  0.99940137428622255  0.99944588155948055  0.99948920923934226
  0.99953701687360841  0.99958230429708572  0.99963123459968017  0.99968635477352752
  0.99974600605666220  0.99981444998356273  0.99989730889211581  1.00000000000000000
 -0.03064469729180699  0.12223100871122378  0.14578179816224696  0.15742447986750999
  0.17098863008801624  0.18428273874872192  0.19160017236084742  0.19935598087979578
  0.20639317427815601  0.21456599260528267  0.22725086422665036  0.24272752307735868
  0.26004222618367800  0.27690636988431355  0.29276399331058767  0.30700452615087803
  0.31964584662086221  0.33202848116760952  0.34254569910840632  0.34962404897370308
  0.35514026298271478  0.35919546613807185  0.36317477441973434  0.36672918714287622
  0.37121260055214877  0.37724124453755858  0.38316454731155053  0.38923546376795065
  0.39502117387428365  0.39989243824434545  0.40386460340684366  0.40782511212823158
  0.41291851728123791  0.41831905273838316  0.42422888417617372  0.43014985449125009
  0.43577510924788437  0.44086187867350202  0.44552717063247932  0.45025772970648187
  0.45512043387133316  0.45973136169836881  0.46394612722294531  0.46695664525471292
  0.47003962642843744  0.47322581479065667  0.47647197163271821  0.48101160952598870
  0.48653581576572102  0.49205321309080363  0.49821468889469611  0.50491160707888183
  0.51069211417056537  0.51764764424281873  0.52562182858566453  0.53338864085146964
  0.54114844792219741  0.54876349756833753  0.55636320279298068  0.56445329840661462
  0.56854975413067177  0.57284578038058609  0.57818489374744120  0.58383317311010174
  0.58882721923586934  0.59339681705695013  0.59788438917674380  0.60231764645495234
  0.60681221300234101  0.61168402802866628  0.61782349127727565  0.62320094270682924
  0.62981737470252808  0.63816127762243313  0.64569293343781808  0.65291069802597113
  0.66035222960330175  0.66798850550032696  0.67547134277772269  0.68341925052301389
  0.69212209843196015  0.70098995458878943  0.71066262297761829  0.71962095774164880
  0.72909295256518647  0.73847727897097193  0.74780903926577380  0.75801384300483055
  0.77015869899354750  0.78534874066521121  0.80331186091484663  0.82521778642726717
  0.84837260398442682  0.87313262489579613  0.90597844606726441  1.00000000000000000
   3.6615208385487950E-013  -1.0000000000000000     
 T T T T T T T T T T T T T T T T T T T T F T T F F T T F T T T T T T T T F T T F F T T F T T T T T T T T T T T T T T T T T T T T T T T T T T T T T T T T T T T T T T T T F T T F F T T F T T T T T T T T F T T F F T T F T T T T T T T T T T T T T T T T T T T T
  <DiscreteSampler_grid>
  grouped_processes
  1 # 1 for a reference and 2 for a running grid.
  10 # Attribute 'min_bin_probing_points' of the grid.
  1 # Attribute 'grid_mode' of the grid. 1=='default',2=='initialization'
  0.0000000000000000 # Attribute 'small_contrib_threshold' of the grid.
  0.5000000000000000 # Attribute 'damping_power' of the grid.
 # binID   n_entries weight   weight_sqr   abs_weight
    10   10   1.385867277817659E-006   1.872419969189848E-011   1.385867277817659E-006
    11   10   1.385867277817657E-006   1.872419969189844E-011   1.385867277817657E-006
    16   10   2.934233980566091E-006   8.477780290636478E-011   2.934233980566091E-006
    17   10   2.934233980566088E-006   8.477780290636461E-011   2.934233980566088E-006
  </DiscreteSampler_grid>
