  0.00191136716368497  0.00195272295963130  0.00199947818949846  0.00204327888567517
  0.00208860971420268  0.00213729884667560  0.00218744613178955  0.00223936556343120
  0.00229197016724283  0.00234502037420780  0.00239963109285021  0.00245689932441311
  0.00251461292544589  0.00257492725886382  0.00263737123031946  0.00270056402211263
  0.00276333662319694  0.00282512766264654  0.00288727095871287  0.00295340004559290
  0.00302258247925720  0.00309387989240324  0.00316926386153552  0.00324821092023398
  0.00332938453246570  0.00341303538878450  0.00350092791232035  0.00359712272196987
  0.00369092935892507  0.00378804646040634  0.00389068047161835  0.00399897365433108
  0.00411413324491770  0.00423354564068886  0.00435446990049492  0.00447859872718811
  0.00461002891379731  0.00474855570141580  0.00489236816511498  0.00504371038683579
  0.00519581874856964  0.00535266790738394  0.00551373111540403  0.00567847151131265
  0.00585163862889177  0.00603657116884064  0.00622368944378781  0.00642546956289396
  0.00663435409787761  0.00685724027639660  0.00708232530590715  0.00731685453334455
  0.00755384637726055  0.00781739505762020  0.00809440993291017  0.00838750478607190
  0.00869869653697187  0.00902516714257907  0.00936132069671612  0.00971090522072273
  0.01007707505765277  0.01046901726769958  0.01090051740839740  0.01136593567015159
  0.01186272269707630  0.01239803798160485  0.01295643819000500  0.01353200597887594
  0.01414646880115599  0.01480787422167848  0.01550971092189098  0.01626983262888796
  0.01709851421444706  0.01797568646170372  0.01892741402217340  0.01998584308425328
  0.02115293561936876  0.02243926555806890  0.02385491919209697  0.02545634898614651
  0.02726324917571211  0.02928109979311555  0.03154065999046838  0.03414720032814723
  0.03709977785620008  0.04039431616426292  0.04432426518104842  0.04914064973291338
  0.05512313083255260  0.06277904773800606  0.07300727254292082  0.08682156773153614
  0.10929027877201626  0.14815796391004585  0.24886091685315281  1.00000000000000000
  0.00502785289048370  0.00566003796500245  0.00617542223428043  0.00670805182675563
  0.00724943811438111  0.00784617851131247  0.00845958041011107  0.00911074300047222
  0.00980484940553559  0.01053267628383565  0.01130133332107049  0.01207791672469326
  0.01288327941381262  0.01371032452394524  0.01458365544851990  0.01553393168156959
  0.01648715307442272  0.01748294440237024  0.01851789288828933  0.01959185285147599
  0.02076117756522481  0.02204126850517288  0.02338226478774208  0.02474733550886715
  0.02614857415684898  0.02761143866004398  0.02914085481535530  0.03071063498005924
  0.03232587150564127  0.03399174082542328  0.03573005002542498  0.03753409623848968
  0.03945493753623703  0.04139649226970749  0.04339736357333129  0.04542218593912425
  0.04748092680066431  0.04963828582971190  0.05194281767877557  0.05433491888498961
  0.05688326494702296  0.05957259002602161  0.06234343912949977  0.06517290802055180
  0.06813955356591400  0.07111037643652778  0.07415375821126304  0.07727902576896029
  0.08058852281625158  0.08396065141296064  0.08742357036689144  0.09108362574005306
  0.09502240664333264  0.09928642409917594  0.10384681347064240  0.10864883222320436
  0.11361966615715088  0.11874977023765594  0.12403734257166692  0.12970481969204073
  0.13585337150618096  0.14244064114755328  0.14941206436662136  0.15641231908841258
  0.16334025420585530  0.17040097782117031  0.17750001686351122  0.18465117088800562
  0.19210887869246202  0.20023561264531384  0.20943558310198523  0.21901321320946110
  0.22911940622801202  0.23911831934076122  0.24922714300014898  0.26005452803871598
  0.27145785246917370  0.28361740499327026  0.29712515716530929  0.31206553545424837
  0.32837935322588163  0.34601743196206047  0.36500811735787198  0.38541343217839280
  0.40701422774131518  0.43021182388231427  0.45577092880498504  0.48571164481448764
  0.51814778183761401  0.55464004176853376  0.59584978402973998  0.64291386432087894
  0.69713205388351929  0.76116624492504503  0.85269935111602801  1.00000000000000000
 -0.00234430072819818  0.00906074826821136  0.01902604989690610  0.02948320958303608
  0.04034099510853194  0.05176784755442014  0.06292314111381077  0.07368474179278323
  0.08407110817759456  0.09450882485819914  0.10512412036269801  0.11591642985606240
  0.12649630039557158  0.13678306842413426  0.14696934283436874  0.15718617819079928
  0.16761028647399404  0.17811122670976637  0.18821132533936219  0.19816626514135199
  0.20815243381658446  0.21843307440089177  0.22912534580559246  0.23935776232324746
  0.24979329625731889  0.25996925323067122  0.27036509111858503  0.28060597137522775
  0.29075734325557573  0.30092750569401888  0.31068590812929997  0.32016864219561225
  0.33008126075512667  0.34003356421303499  0.35032876290970461  0.36063081976102995
  0.37114275217831505  0.38197589764638984  0.39239997837056428  0.40302006631905968
  0.41380458347267718  0.42507818696580080  0.43605895331823336  0.44739662817784720
  0.45867008263691217  0.46969473328659511  0.48043106834310584  0.49115767464135091
  0.50214634074161135  0.51270981527766135  0.52354332114987179  0.53405922692841712
  0.54414571873346873  0.55389120764243416  0.56378631963535120  0.57407929940218616
  0.58463784710670086  0.59550261825635620  0.60634813189056902  0.61743668452659628
  0.62829776434472251  0.63922006161347178  0.64992381841377234  0.66043256345785428
  0.67076908273237268  0.68129370827325597  0.69187313713339837  0.70291089456940248
  0.71386016177410183  0.72483206004617751  0.73547911038017277  0.74630935850274338
  0.75754024993001978  0.76892503836220849  0.78034947985879266  0.79146460860475076
  0.80210519827302529  0.81269675900643046  0.82278151982243330  0.83282253075586843
  0.84272351422142822  0.85262734865868006  0.86244590337867588  0.87230969685329507
  0.88234538750418412  0.89271708884409307  0.90340287045000656  0.91400549072814796
  0.92409067082396879  0.93383326279464474  0.94412434883132901  0.95421277425296680
  0.96472255760307546  0.97534004504787475  0.98751807569881445  1.00000000000000000
 -0.00240224702374312  0.00872471505592968  0.01833592161162244  0.02883137812220453
  0.03879489690615034  0.04850799470122169  0.05825531928388522  0.06869765210600946
  0.07968585719873369  0.09038132926596232  0.10080422763276667  0.11110418863682651
  0.12168212101085213  0.13212162790522575  0.14290802054418517  0.15394448221577514
  0.16528687789260627  0.17613917565556578  0.18674365895680020  0.19694216038439510
  0.20690100423719551  0.21684749967659570  0.22700236038320248  0.23754067904101167
  0.24834516020784769  0.25931907633794066  0.27042077137313492  0.28128811833114598
  0.29191520648990499  0.30247832905670730  0.31290850051851915  0.32349425800416726
  0.33450975872522387  0.34586004144678856  0.35682323403228910  0.36696895644503508
  0.37689521081475658  0.38701058205484884  0.39740874687981115  0.40801740484976340
  0.41864388030648941  0.42928787053070094  0.43993282053360178  0.45073301009802746
  0.46150974250299193  0.47203284406642382  0.48213450970227900  0.49220126403083647
  0.50254973617482668  0.51338181792960991  0.52452588734189864  0.53555122915708819
  0.54624087716369663  0.55678804196466114  0.56729368609044017  0.57797772458880892
  0.58894871274292537  0.59990396531039480  0.61047280668482684  0.62073815434231816
  0.63123329216103896  0.64197273109144304  0.65286568680143708  0.66350457782032846
  0.67386580806536189  0.68406912385054830  0.69479018758263755  0.70587038632453836
  0.71669846956548944  0.72722060787519371  0.73781676061546275  0.74878239448278072
  0.75947339620108334  0.76965200596448169  0.77944205019495993  0.78925929083820145
  0.79925836282300133  0.80973419557730275  0.82048350407396786  0.83149682836153793
  0.84270367662431878  0.85356138180537289  0.86448381697158305  0.87494438732409330
  0.88504207563585169  0.89538140978657443  0.90600003355275782  0.91701724121245565
  0.92735666368255343  0.93723189287206576  0.94731393346500081  0.95766081823665750
  0.96845439830745883  0.97885625259210929  0.98953489962968266  1.00000000000000000
 -0.00237584803704134  0.00972013397524954  0.01996316005606661  0.03032625393602558
  0.04103330413569491  0.05221544231472781  0.06360606735595076  0.07428955447384752
  0.08485983729080489  0.09571044202921720  0.10670276059039567  0.11751507986291834
  0.12812542662635437  0.13929765228696658  0.15073838468225825  0.16178902234121376
  0.17212823641780689  0.18217809309513081  0.19221788221532149  0.20213924496290719
  0.21211127655903603  0.22183093196437390  0.23191428072240117  0.24254687963344976
  0.25396841741210086  0.26560731079003480  0.27694924885130384  0.28752986702801897
  0.29800792321845854  0.30856226324612090  0.31952652603757159  0.33018588173124769
  0.34068248574834514  0.35148186626540856  0.36258741424311197  0.37379298165686708
  0.38471929563159690  0.39564637222193749  0.40666570852845918  0.41822900399612650
  0.42956239112265121  0.44068482092658101  0.45147776755860652  0.46230191632973805
  0.47295816565678428  0.48281799648104418  0.49282948698056966  0.50288712872763497
  0.51305321077360255  0.52300722375931386  0.53284992384670038  0.54290966059729007
  0.55313244998479161  0.56354721942364849  0.57407696146566933  0.58473757039426799
  0.59554075003271378  0.60654845346495490  0.61756407420047665  0.62812951786714288
  0.63840899535693307  0.64871165780317241  0.65933109883316077  0.67023378846856241
  0.68119357169598871  0.69171192971774953  0.70237292672027363  0.71256359984682383
  0.72261528603529390  0.73234375913516692  0.74187745842364716  0.75127935764103593
  0.76065077410443149  0.77040887829717497  0.78087575053934621  0.79130340827182521
  0.80117593452607572  0.81096800112475531  0.82102997225046215  0.83165272775597388
  0.84218045532596175  0.85264001381269194  0.86317376853457761  0.87403069774757647
  0.88474046502082260  0.89530257879128761  0.90558388330878514  0.91593161219173835
  0.92624565910876122  0.93670950704848277  0.94748554947871177  0.95830279610756242
  0.96895288442303518  0.97903225985342845  0.98947133843575863  1.00000000000000000
 -0.00272160408242930  0.00965345440796862  0.02034652504582249  0.03156165390726652
  0.04316335071525668  0.05465785515843564  0.06574086203317041  0.07668922970863171
  0.08715139833737083  0.09712844630934042  0.10684427699003433  0.11652075928033005
  0.12642588514499264  0.13597823432321840  0.14549962952286380  0.15509693347061707
  0.16494750252233703  0.17514721975665618  0.18544937845224960  0.19609966360527256
  0.20680044772618841  0.21770575868779635  0.22836863760589163  0.23862733311069081
  0.24879133935930628  0.25917632815293451  0.26971998022485627  0.28046200409647476
  0.29104565291409923  0.30146495959484160  0.31147900218195135  0.32117634586038385
  0.33115988256375739  0.34164272178607757  0.35235677035878160  0.36325518083500979
  0.37435921969737540  0.38569442961094552  0.39712957773988139  0.40806559235904671
  0.41865330250916705  0.42858945321648867  0.43865015827754172  0.44886907504600154
  0.45925419173666254  0.46964299319124891  0.48000237995625322  0.49076938519183227
  0.50132817837357546  0.51145987170470797  0.52156610086569022  0.53181341543493232
  0.54247520477200029  0.55310368352396022  0.56369479821263646  0.57396642164410416
  0.58384868563162440  0.59358770020498286  0.60357902163847477  0.61350020784605008
  0.62336767621146938  0.63280801498720196  0.64259341706267015  0.65288197426339600
  0.66316409870277981  0.67335458015463123  0.68368070344699872  0.69426349131351572
  0.70507160069864894  0.71612995734056739  0.72717970266603715  0.73861169681095507
  0.74982783453409896  0.76101933674623023  0.77214801883947626  0.78327763152246432
  0.79450018911067743  0.80539186975794430  0.81586127802990394  0.82613889024696774
  0.83643139629853525  0.84690059176101762  0.85740042438238417  0.86785322118261310
  0.87864270349409224  0.88971449375286915  0.90095743371992487  0.91198331173999359
  0.92294262975387542  0.93366656299680184  0.94440439315992819  0.95520277207928439
  0.96635476370560747  0.97756854562750606  0.98874741503405117  1.00000000000000000
 -0.00246027855839747  0.00914794791408458  0.01875313956321614  0.02875395673500102
  0.03858494926165552  0.04850099070990205  0.05821093661751246  0.06809455924417249
  0.07794908480660208  0.08818851544857619  0.09841763774871597  0.10857935113159448
  0.11883464371341165  0.12949978542441859  0.14062934554936621  0.15157256525315158
  0.16224101619066589  0.17289136951673031  0.18344885664786961  0.19421743367652855
  0.20462707040257433  0.21462843655914882  0.22422735294068546  0.23364839530661680
  0.24311207272950774  0.25307453966902071  0.26321483887874414  0.27336935435198323
  0.28323898851691331  0.29296919441705110  0.30330956461379044  0.31426041928546489
  0.32547751064544178  0.33648838477463483  0.34725083656935746  0.35787480889200590
  0.36848731355998127  0.37899245345354898  0.38948805634534495  0.39953202141943156
  0.40949218840851781  0.41881964459400395  0.42839430905642145  0.43806077986443459
  0.44808468268416618  0.45840420564136614  0.46914892519743573  0.48010585371623182
  0.49084807894868537  0.50154555413843716  0.51280867144243836  0.52448971244010378
  0.53639977468895150  0.54785721093909978  0.55906661975525296  0.57044302448597017
  0.58146181847967482  0.59241353547310738  0.60327381104931066  0.61411744562880033
  0.62521631653028775  0.63619123795549370  0.64695207710020453  0.65734673748233230
  0.66738525720938080  0.67708113638103706  0.68657587934339614  0.69638485885192958
  0.70705106436692389  0.71808566496776227  0.72929124225780684  0.74057531053986314
  0.75168866464419803  0.76245113861766078  0.77293727493359632  0.78355917622066940
  0.79447831345796371  0.80577717300183926  0.81714563819064368  0.82842892437511095
  0.83974065050510460  0.85090150584889690  0.86171060148082224  0.87226593142429043
  0.88268516032310407  0.89314411339067135  0.90382840220708238  0.91451628534466489
  0.92499270436191472  0.93505831929675898  0.94544914756293374  0.95626299032962081
  0.96756715747428512  0.97825286634215913  0.98917967176961141  1.00000000000000000
 -0.00234353975540166  0.00866580248211312  0.01865261407366777  0.02914337057363699
  0.04018373407096223  0.05136062425743812  0.06244331536551231  0.07249310715787143
  0.08197671190109555  0.09143984838155302  0.10111137509145914  0.11122756116008009
  0.12189588316764355  0.13215043374688543  0.14240874781220522  0.15228227654307652
  0.16289529622271634  0.17397396217769973  0.18488072330586086  0.19606851860026531
  0.20718452270977880  0.21816717164094646  0.22883796391879668  0.23929209099305937
  0.24972700739434128  0.26025712773894705  0.27072832322169044  0.28130471190162559
  0.29162072572596570  0.30161530196500480  0.31189961220450746  0.32244680290246069
  0.33364255728685294  0.34493788623289473  0.35635479999034070  0.36794891762097415
  0.37953449758604968  0.39123544074367456  0.40245593593377071  0.41333721939566553
  0.42415425709698357  0.43503895543189369  0.44636515089324091  0.45760196304008721
  0.46910033936068157  0.48048772832899728  0.49135206048561553  0.50190175887075539
  0.51226139124306058  0.52271895437163240  0.53323486055313929  0.54357818982080286
  0.55403096940141638  0.56479160973544640  0.57577561099221319  0.58675141014667476
  0.59757933242282035  0.60847016655554620  0.61929908057283922  0.62972217699071753
  0.63975812227528672  0.64977499940077998  0.65985281609034996  0.66996701697642547
  0.68009312055315130  0.68998972102282052  0.69968469382517928  0.70935660840483727
  0.71897535642225319  0.72867287842630435  0.73880773828298052  0.74944577701283643
  0.76034378387130463  0.77117255991327449  0.78166303268949855  0.79187307918203664
  0.80179087395322479  0.81203396535621131  0.82256779840164784  0.83302767859970284
  0.84362750413908816  0.85431970801594537  0.86547054367179121  0.87632313572503806
  0.88718364535772143  0.89793233426621932  0.90850704787442238  0.91885180661911237
  0.92857941755743945  0.93847906551963645  0.94859059518084554  0.95920347529241523
  0.96985398005516321  0.98032406877279676  0.99032759335880105  1.00000000000000000
   4.2732447853268313E-012  -1.0000000000000000     
 T T T T T T T T T T T T T T T T T T T T T T T T T T F T T T T T T T T T T T T T T T T T T T T T
