  0.00175642623539481  0.00399294451310324  0.00625083834154206  0.00881048736401845
  0.01095905484979229  0.01308216703446318  0.01530219732295057  0.01753154284164040
  0.01997684065477650  0.02225159240417866  0.02430693748356900  0.02639344848818281
  0.02871910500184064  0.03127477793854703  0.03385214295015239  0.03670483181172507
  0.03984821418485710  0.04304575410599536  0.04594352806026770  0.04880568808875227
  0.05166884609555273  0.05457343676327497  0.05754185761903823  0.06049849868728288
  0.06344366696637015  0.06651635464463171  0.06961155748981251  0.07287587093536294
  0.07615783675354869  0.07963772810842709  0.08324978676361515  0.08683338411023768
  0.09036715421648457  0.09388663368255024  0.09737709535852858  0.10108364181994994
  0.10516567612990661  0.10940914053367899  0.11371524292620963  0.11808462220929683
  0.12244587566735618  0.12727394770557596  0.13255051144315760  0.13880580365427428
  0.14544979095136132  0.15259246639114940  0.16008235355752470  0.16805292423519586
  0.17652532161143500  0.18535265298164746  0.19466288064208143  0.20413951912044404
  0.21398315781947785  0.22384132797207532  0.23379615689929525  0.24391300194920501
  0.25364745683345263  0.26281680253293371  0.27172380089128362  0.28051525607650496
  0.28919819610200365  0.29792049327305731  0.30656463755827545  0.31513102271351812
  0.32360036907020884  0.33194824926642824  0.34002252819815093  0.34807598325592920
  0.35616482656617388  0.36438246448886719  0.37258545190843767  0.38041758378550794
  0.38798565890366798  0.39570173084796906  0.40369477210352128  0.41201121779118610
  0.42144087773444366  0.43206698758658174  0.44296454924456818  0.45403589807441264
  0.46612487347284159  0.47786173358558687  0.49095022668151034  0.50489657130805310
  0.51927353966426715  0.53413122560085480  0.54989413767110706  0.56605025809425413
  0.58289840105594792  0.60214068546408039  0.62610032171688612  0.65207400969703433
  0.68222046988951213  0.71872449827639884  0.75143831216058288  1.00000000000000000
  0.00159753056197037  0.00552537678381022  0.00873645892849166  0.01181689705079710
  0.01485780310482324  0.01762692288636485  0.02016920706243636  0.02297127941883539
  0.02563110632750772  0.02811826790456472  0.03073388530296383  0.03360353184133527
  0.03675749950524022  0.03997870117899829  0.04336816747251789  0.04654442153417228
  0.05016290919722334  0.05316658128613176  0.05600553480332533  0.05881687895756611
  0.06175875478634069  0.06481620294793299  0.06787909589035437  0.07090140774521662
  0.07388820248875297  0.07685556794167928  0.07988313513142854  0.08306656154492291
  0.08644661525997648  0.09002583004482848  0.09382135994749344  0.09790708182952149
  0.10229720377616942  0.10672680895677636  0.11120847631086758  0.11556278858624118
  0.11976180735897897  0.12421158496791065  0.12870472930475266  0.13368820572295700
  0.13869464804990422  0.14390865708358247  0.14955971369570392  0.15606033212890252
  0.16340813714165345  0.17114157628884008  0.17898477903589335  0.18709779709505797
  0.19561879196222753  0.20455402739642478  0.21366062056520835  0.22314827171868623
  0.23272943966040854  0.24173539698958013  0.25003361249773159  0.25782751389848330
  0.26547415238671340  0.27340582043363693  0.28149620036259676  0.28982275998620100
  0.29849938116248881  0.30736937014795268  0.31656218536449882  0.32587579257718341
  0.33484482779829083  0.34317624145537562  0.35158200541051099  0.36027322661351657
  0.36927176441590776  0.37858174352470836  0.38817618394794523  0.39720833122144439
  0.40632798122580316  0.41543949687975051  0.42432897646822765  0.43270386337879191
  0.44117323995219715  0.45008454962871708  0.45940943895822345  0.46932884484392956
  0.48008568120599038  0.49117452855244231  0.50332891445170369  0.51670085848927172
  0.53131585876147014  0.54726125220977084  0.56472135457856643  0.58401976306229930
  0.60647240270161906  0.63318959561123256  0.66448544315415448  0.70077374630988398
  0.74489754220446391  0.80714426338314937  0.89477319652224818  1.00000000000000000
 -0.00235655295848606  0.00956861494555082  0.01948722023772289  0.02976770148373313
  0.04002160550594624  0.05112543126987967  0.06209683959938751  0.07382564660963815
  0.08532006586229346  0.09688277441014657  0.10852242314087002  0.11977791413915151
  0.13007077477337373  0.13953861928383013  0.14896651248465115  0.15858320312376603
  0.16821960575496053  0.17726717687159591  0.18615154682270324  0.19529109113898993
  0.20460714166914312  0.21434715700220838  0.22417776321583621  0.23351756615032779
  0.24247658398753499  0.25188437788951351  0.26138972810894112  0.27060249800551595
  0.28059362701056234  0.29133926364081097  0.30339495724878907  0.31582042710882746
  0.32776985488821520  0.33919881050616663  0.34920749767668713  0.35957502632305588
  0.36943585375069382  0.37911977135368474  0.38849676643925235  0.39785210069163579
  0.40758859510498996  0.41761311794475914  0.42868600558728875  0.43986009409756971
  0.45042840718209443  0.46012413953608611  0.46986244953686435  0.47978815516259210
  0.48951363259263370  0.49896482685479399  0.50869747911629881  0.51880590969517071
  0.52877760947370989  0.53870792300541137  0.54900482499453329  0.55909694132137955
  0.56854032699003199  0.57792227117900752  0.58813665329723719  0.59915714978676116
  0.61035480712183887  0.62090470904705208  0.63248813236791301  0.64365745360150661
  0.65667669547734708  0.66903545844652479  0.68089223601554583  0.69247442179973251
  0.70385023260331692  0.71494111823263617  0.72574946379266536  0.73752986254706387
  0.75116390119835630  0.76446876037206390  0.77741341825091981  0.79034336083491741
  0.80159281430838658  0.81341728688633874  0.82493736589832745  0.83591933622643011
  0.84578601858360514  0.85518085356848927  0.86461853926445376  0.87354724115200988
  0.88242549744394994  0.89150840646306728  0.90184041620198863  0.91324475920851389
  0.92426778866222004  0.93462012419340512  0.94482839006066177  0.95505933826975464
  0.96639024416563690  0.97781989049933993  0.98870044195966722  1.00000000000000000
 -0.00228773438038458  0.01004936439188716  0.02082752188153909  0.03196779592782908
  0.04345627629024101  0.05508701506105497  0.06569935942763275  0.07614949129890378
  0.08642378171703513  0.09646911446698078  0.10633164567281132  0.11635216533951596
  0.12688799125943842  0.13751182391036415  0.14814582301164744  0.15932332414950462
  0.17086991066023549  0.18125645692470185  0.19122356296856940  0.20142490391139775
  0.21158544088829909  0.22137448971332749  0.23116357451567324  0.24159800773783446
  0.25233603167136853  0.26283706293445269  0.27299649219147659  0.28380329100599355
  0.29420347660973251  0.30441970779666749  0.31531681330412986  0.32547349359718458
  0.33520673933609807  0.34456338450818813  0.35442425238310771  0.36491360306290355
  0.37527986361552740  0.38596393922302347  0.39708876428258311  0.40831213400978322
  0.41892990960873039  0.42909771865894064  0.43925976946301681  0.44940977880194949
  0.45921985007105515  0.46882158553269526  0.47892985131250099  0.48984943151994464
  0.50116772034413071  0.51228738386390749  0.52359529149424633  0.53573413248847246
  0.54813910978802216  0.56101173280155126  0.57454057711430628  0.58759767983121614
  0.59948753163730994  0.61087181688572456  0.62137239917820541  0.63095331166520019
  0.63963935231750590  0.64864266622281530  0.65837557496343901  0.66823011682196920
  0.67810630811927497  0.68787903614185819  0.69784168634393695  0.70757717746756488
  0.71665396548860583  0.72571887007928160  0.73482358619903720  0.74391619727433189
  0.75306360157713947  0.76254847249249391  0.77258253631813723  0.78306887263474467
  0.79401217074648023  0.80536170026158937  0.81674358200385189  0.82767558554246001
  0.83788717106269150  0.84756806115103800  0.85702753351936101  0.86582794609599123
  0.87462057615910560  0.88356000022185310  0.89299683845633027  0.90360990664633167
  0.91449957970031948  0.92631658781774651  0.93760507949685434  0.94928629268067333
  0.96142507395211829  0.97469171467669091  0.98776905095531675  1.00000000000000000
 -0.00228080228692667  0.00950495906549253  0.01934866986717295  0.02938309636865453
  0.03985216143783430  0.05077957122125140  0.06223805040675007  0.07394965637405419
  0.08511994116393565  0.09585593744920605  0.10598043126072704  0.11551301336980262
  0.12465489605555426  0.13393084227467614  0.14357361525649742  0.15375513677109443
  0.16433795480142971  0.17598475085184728  0.18777178594874114  0.19856121413122618
  0.20878746901016298  0.21886132782239009  0.22917235496555610  0.23877875488158445
  0.24834779147013242  0.25837895740133315  0.26904078583051022  0.27926177090280108
  0.28899176140470295  0.29833086527628205  0.30787096209796122  0.31745631887659664
  0.32730354287643487  0.33739142688195323  0.34800624125713875  0.35883740877004966
  0.36911526257407740  0.37972839864596053  0.39024144137787287  0.40122861606997529
  0.41224111105510769  0.42351324383864702  0.43523510241032642  0.44609440050684962
  0.45616833927192196  0.46617039888956507  0.47608447405764048  0.48600377018933050
  0.49603803430653981  0.50654462333078543  0.51705795815075506  0.52704109423577894
  0.53663384819540660  0.54600657600356239  0.55563543519738012  0.56500868240356183
  0.57501662033339906  0.58476449331699010  0.59430408956542946  0.60443807540984384
  0.61454888061082491  0.62541545064719828  0.63611037206926213  0.64792160885544015
  0.65973763694047882  0.67124278895926914  0.68228068513161466  0.69284549514639782
  0.70347722989405093  0.71454028974834971  0.72588208560610235  0.73785220666696938
  0.74921509613332582  0.76063729391782031  0.77181055439151358  0.78339610326300557
  0.79400039032602210  0.80389895306594317  0.81363861080140754  0.82346246000234180
  0.83436908218308892  0.84542422650972926  0.85632931353759745  0.86643216786328159
  0.87641847529158334  0.88600642721283374  0.89535622067398535  0.90490311332737938
  0.91514324064258190  0.92620814102528148  0.93740261015551185  0.95020164867258439
  0.96243291595859837  0.97468959959446566  0.98699214705606764  1.00000000000000000
 -0.00215830220995197  0.00975736880613120  0.02000311330886559  0.03059283528863357
  0.04030205221712566  0.05004324950217857  0.05949724547683823  0.06892080740961060
  0.07814559348775475  0.08769038427538928  0.09772979740830370  0.10767227148742886
  0.11750187237043018  0.12699698738898271  0.13667572423092147  0.14701441217830577
  0.15784024774368052  0.16906837422482035  0.18037115674535376  0.19247032974889888
  0.20494280867921269  0.21632370341265994  0.22646657898623274  0.23676668423111713
  0.24697972820829120  0.25754001004186539  0.26807717126714825  0.27946514091929497
  0.29106810328852478  0.30176114085584055  0.31269509299178605  0.32349876615706441
  0.33391989242550257  0.34339500862071498  0.35348930697600806  0.36480470238901258
  0.37646859241007868  0.38767358733700402  0.39794857162212638  0.40780094037183795
  0.41810539593047286  0.42852830883044474  0.43907048805575788  0.44979471534835741
  0.45997881907468924  0.47033468739659112  0.48114240990159196  0.49232894921991943
  0.50349414523421898  0.51483978326753987  0.52715207890419069  0.53997737497323284
  0.55252616661852827  0.56406558667142614  0.57491630702534724  0.58613063763424667
  0.59750044836430294  0.60800275486983490  0.61795135796120393  0.62813329402146778
  0.63774239033667357  0.64694077538459505  0.65646997260773343  0.66661532763856446
  0.67763114483584397  0.68787418587771143  0.69782663936258049  0.70800177730364533
  0.71837247856877806  0.72923946686717145  0.73947571526087963  0.74923360889409174
  0.75885503306724733  0.76863041142144706  0.77884654171465251  0.78963582880859640
  0.80042213539676021  0.81076207058620653  0.82107547530774760  0.83238230458328477
  0.84468579849780068  0.85711687964506011  0.86901608352573556  0.88011496863449223
  0.89072456425275404  0.90127167254044882  0.91137829046534813  0.92187480842083092
  0.93175754590226068  0.94164319836259935  0.95147417122190869  0.96109346039992294
  0.97035669275744274  0.97978748273376592  0.98952355701976813  1.00000000000000000
 -0.00304460432979309  0.01155902512934319  0.02323656021850046  0.03474123118817770
  0.04533946952373272  0.05556280708132914  0.06559881698637816  0.07550658384166276
  0.08607201368864541  0.09693480664169198  0.10799327605403292  0.11978706720844237
  0.13143722811404104  0.14354217496214605  0.15408701732804975  0.16440518739308368
  0.17395250802378226  0.18351466534802444  0.19333296399835168  0.20350729621589739
  0.21436911947737330  0.22600604363266139  0.23811254252619229  0.25036081400140081
  0.26281478362229127  0.27461259803677590  0.28509648112349295  0.29524118128810517
  0.30623301293746280  0.31781073572969259  0.32886424837437839  0.33943841775844513
  0.35060355187961595  0.36329113296965071  0.37705119026403700  0.38808180010680898
  0.39874785587310607  0.40855862797408604  0.41805822298586315  0.42715904860101278
  0.43683927511016413  0.44702977491460505  0.45812872838031854  0.46889931988689154
  0.47982950044902434  0.48989129527166148  0.50040160203871153  0.51072686337740070
  0.52172327857146583  0.53210110650872589  0.54242339060029887  0.55223637380587109
  0.56193553200080337  0.57233968601947971  0.58315988613389524  0.59458988331627727
  0.60540346876743623  0.61627968566275459  0.62671352598081298  0.63649420705682125
  0.64671175021672345  0.65715302857433933  0.66717024841576988  0.67657542414721639
  0.68630468772489062  0.69656015120229786  0.70674023354547821  0.71626622140049989
  0.72532709202324641  0.73448446961326053  0.74405418471741069  0.75370608278896967
  0.76298793176075008  0.77224550924256163  0.78268120706872402  0.79394828735880429
  0.80536856487782238  0.81603442497892476  0.82600167890090048  0.83600595856250626
  0.84629420729195892  0.85622643482824023  0.86563287926069299  0.87500573000210524
  0.88452240484257871  0.89434302328208715  0.90478341900806891  0.91619564030094414
  0.92771795177360339  0.93932115925204829  0.95050987784744267  0.96071624295881897
  0.97024743028199223  0.97961023255097546  0.98988065890620014  1.00000000000000000
 -0.00240160679472965  0.01038952686814957  0.02143114576516878  0.03258483989841822
  0.04277258036677992  0.05270283002375833  0.06318384833516204  0.07373049818208818
  0.08429508866093144  0.09471399236591473  0.10568347438075298  0.11639968256733628
  0.12735809697145736  0.13814849379583968  0.14859725362972584  0.15805077103716672
  0.16795426318319226  0.17894868852338550  0.19038888477592414  0.20059838509886432
  0.21002255854927393  0.21921648253176657  0.22935441990914385  0.24012617698554198
  0.25091575598008287  0.26173807030535950  0.27253103930590822  0.28296942857438312
  0.29416452291580375  0.30459100908318376  0.31524260637345336  0.32550843558273362
  0.33582957526905183  0.34618366951878077  0.35570146314260570  0.36547614302624765
  0.37508334634954826  0.38488628721001339  0.39475847749808407  0.40511786830182250
  0.41534638927651335  0.42584081494541076  0.43619322172480524  0.44648199897753821
  0.45668724057971610  0.46712844631855666  0.47783972230215377  0.48802857956972967
  0.49846539946549062  0.50945504597249758  0.52105964217824186  0.53190168511031610
  0.54229918307872182  0.55247044806270496  0.56232822392834725  0.57183428571327677
  0.58144509154649671  0.59179385558221154  0.60220542975554825  0.61276356184224789
  0.62363390045938494  0.63494895454364775  0.64648536633106890  0.65806649440502596
  0.66941595592228009  0.68034977419883358  0.69097853945247856  0.70186929134334886
  0.71246487347796805  0.72323987738095197  0.73388692076758733  0.74458450961546996
  0.75556208163999172  0.76711261497382355  0.77823973553383519  0.78846098211203408
  0.79849263612317645  0.80902603704195941  0.81882122352042086  0.82842458965730248
  0.83817362792036432  0.84987033628596620  0.86093313646270631  0.87189302194551555
  0.88195642690830522  0.89261979017251880  0.90342359525002636  0.91417051586527498
  0.92459486785430445  0.93490286727715410  0.94544029455577605  0.95649550527271876
  0.96751081167741126  0.97870874598450730  0.98955192578191187  1.00000000000000000
   1.1484605243888461E-020  -1.0000000000000000     
 T T T T T T T T T T T T T T T T T T T T T T T T T T T T T T T T T T T T T T T T T T T T T T T T
