 -0.00187659828317301  0.00597393273275697  0.01314948198085708  0.02096092158565819
  0.02948160654908714  0.03854788369314248  0.04798530302823360  0.05760075406711353
  0.06769228062960436  0.07859667113022706  0.08935532517566708  0.10063141663850569
  0.11240232462492544  0.12439417384333187  0.13591250613251818  0.14737812467865680
  0.15898771935694456  0.16999917228654890  0.18095818978415151  0.19203164879001802
  0.20351148311285919  0.21515386914228291  0.22685071270547444  0.23793284538568299
  0.24877459524053833  0.25982102406508434  0.27091548106198793  0.28145425268271640
  0.29170825776729453  0.30163505837592386  0.31186889870214035  0.32224074595857399
  0.33353688052118774  0.34478561253374890  0.35558546290128590  0.36631764591133681
  0.37667751704374464  0.38693558404311484  0.39748072343240326  0.40840939456593800
  0.41936819458060809  0.42999833166116180  0.44058264873484920  0.45131219957450835
  0.46240283214651079  0.47387036169071578  0.48527454047358376  0.49628424122668280
  0.50680842888231226  0.51719539660986202  0.52763521524090451  0.53790666856206326
  0.54836503479800036  0.55926061646543224  0.57068908416753261  0.58239316823224963
  0.59382479438556779  0.60516299594694578  0.61446940131382610  0.62228550398221805
  0.63004387330623379  0.63763095617835819  0.64682234554197693  0.65760758715715595
  0.66825903036704548  0.67886969006987608  0.68937268619034420  0.69983259237758833
  0.71047837370540068  0.72062218320739779  0.73045592195331133  0.74023499797050596
  0.75033399644694565  0.76068655172458055  0.77107186085144719  0.78161716165974238
  0.79255459863532951  0.80368942724921433  0.81508626840940068  0.82662792640265437
  0.83812224512153710  0.85027287608839763  0.86198151697928627  0.87333600056892813
  0.88415254252349096  0.89465099849351337  0.90516778332808856  0.91586048951189158
  0.92654979451087904  0.93720047271916718  0.94753029751320950  0.95850902723796738
  0.96971118676347434  0.98049572026377629  0.99048446580188620  1.00000000000000000
  0.00000067155597495  0.00000787589937743  0.00000864157891585  0.00000929335398945
  0.00000975232570585  0.00001026391725462  0.00001083488177599  0.00001126665422962
  0.00001163778840900  0.00001197967847278  0.00001230388804632  0.00001261089097581
  0.00001291050332149  0.00001319788696851  0.00001346818992236  0.00001373115334579
  0.00001398173707258  0.00001423134462979  0.00001447710792705  0.00001472478882852
  0.00001497130911337  0.00001521416124666  0.00001545369264053  0.00001569026122508
  0.00001595149802722  0.00001622053596552  0.00001649017036966  0.00001676008153822
  0.00001702817330385  0.00001729321711959  0.00001755617848281  0.00001781572882973
  0.00001807759588727  0.00001834556523820  0.00001862638000681  0.00001892660876144
  0.00001925694065496  0.00001962231423858  0.00001997516223826  0.00002033175552940
  0.00002069533094257  0.00002106648954538  0.00002144880522970  0.00002184293349912
  0.00002224269385337  0.00002267668707754  0.00002315910550734  0.00002371282694500
  0.00002426164673837  0.00002481399490015  0.00002537393483393  0.00002594600609853
  0.00002654721422541  0.00002715699694534  0.00002783729195165  0.00002863915054929
  0.00002946961623047  0.00003028535811222  0.00003110371823964  0.00003193205959000
  0.00003276096927817  0.00003370225540343  0.00003472582353856  0.00003578242976835
  0.00003687626554542  0.00003801529937967  0.00003921175082081  0.00004057480406213
  0.00004222805519130  0.00004418798019443  0.00004657820797425  0.00004949781169591
  0.00005293559759082  0.00005533975987347  0.00005724544771333  0.00005945232692149
  0.00006183004133239  0.00006389130762634  0.00006523033141933  0.00006679758002708
  0.00006813385755973  0.00006927461704732  0.00007055908212439  0.00007165359346959
  0.00007253854543580  0.00007338721018827  0.00007495910375387  0.00007810840842365
  0.00008191027111608  0.00008406243731135  0.00008583782259874  0.00008795168425524
  0.00009319954412197  0.00011676665399501  0.00012455822259459  1.00000000000000000
 -0.00269305751292149  0.00977109679042984  0.02049363474413652  0.03078408084299119
  0.04176625010151457  0.05209086064828629  0.06204390304439274  0.07175846959141709
  0.08164660097166089  0.09170929557447112  0.10136341038733124  0.11118449885864946
  0.12107049267782004  0.13088225032091097  0.14077132486828881  0.15075627018041698
  0.16092698872137781  0.17131319099659528  0.18176457301061680  0.19185467902752945
  0.20185603400893773  0.21198843334050219  0.22266720585537325  0.23337091534187920
  0.24369162715526932  0.25376780640328694  0.26380507906250172  0.27398623380155612
  0.28450981634986167  0.29520287779001364  0.30641936874049774  0.31787443282552247
  0.32950721822720713  0.34075225952416160  0.35146872029296100  0.36199538147444904
  0.37260952871663749  0.38324584012071294  0.39383899365210695  0.40438587402048043
  0.41480201768130043  0.42534820368718584  0.43625048138000699  0.44776341422145238
  0.45941657026638932  0.47108158377010301  0.48289292133233819  0.49502983620859992
  0.50654794712542117  0.51647363051885975  0.52662804718579526  0.53686324763814308
  0.54819727878269131  0.55913252631180266  0.56960161429617140  0.58037989849053506
  0.59160227029877610  0.60352769717497512  0.61569498728058314  0.62720085346206489
  0.63886548657556574  0.64928647421449426  0.65940165242702120  0.66937185756818618
  0.67942188676943105  0.68967545367939620  0.69964592621678456  0.70966183425466434
  0.72030268300708766  0.73143563216038954  0.74290014702108254  0.75392631929869802
  0.76433712972569268  0.77510061711032907  0.78394940958334391  0.79256096740597271
  0.80150196464846246  0.81065319986791928  0.82153927190514686  0.83423876792573814
  0.84626921665805366  0.85777758141023386  0.86878100968312910  0.87934751452625171
  0.88954486195355009  0.89991625231212236  0.91025373402547693  0.91996085501970482
  0.92944296184063235  0.93848644830912509  0.94874056010667962  0.95915743492374894
  0.96915634121317407  0.97956601837122326  0.98957527064993311  1.00000000000000000
 -0.00207658070645514  0.00871515425739762  0.01776212257332165  0.02759615664136992
  0.03766795989682309  0.04756466168324699  0.05739329947297771  0.06713961845813282
  0.07706751411533538  0.08671469382937781  0.09637499765535287  0.10589412976153290
  0.11570754319605427  0.12552510806059541  0.13562931015320609  0.14556323482666886
  0.15517659460013150  0.16391497474183644  0.17086071197698841  0.17801592904174626
  0.18509279116081526  0.19342751070716060  0.20337290127098306  0.21378752668064369
  0.22490802062444731  0.23656550244096497  0.24811409678246255  0.25931380565802509
  0.27032764468309589  0.28186069747168319  0.29356082080557366  0.30483990072325895
  0.31627248649108097  0.32784456321996042  0.33921878350648582  0.35003281493086918
  0.36014258278727773  0.37018749278996055  0.38062684408786618  0.39144102683595039
  0.40185281058412453  0.41193257624713125  0.42235656437951241  0.43304862100888075
  0.44369408654037634  0.45430726983540459  0.46473206060812633  0.47468297341125920
  0.48440363850750107  0.49416429841303361  0.50439736018218240  0.51485256526562351
  0.52559290243029455  0.53664439168386691  0.54784656522838560  0.55890523743580489
  0.56993740543184790  0.58104779664754247  0.59228397593213189  0.60359761111749954
  0.61489530694257244  0.62639700341398852  0.63768876032894739  0.64908576256144868
  0.66072705884848182  0.67175393385364235  0.68303034682053243  0.69404879341309766
  0.70535396496233149  0.71627254195528467  0.72713833132553840  0.73831810690663990
  0.74989157832264275  0.76116691016463223  0.77227340911498898  0.78327144742945165
  0.79450187857737253  0.80520825893999681  0.81591669971509373  0.82699137082195906
  0.83756524022868295  0.84781561807430572  0.85779224696135015  0.86793272525011844
  0.87829279048952535  0.88859175515520250  0.89922959118883117  0.90988441382301377
  0.92044188912745273  0.93107463788958300  0.94268901277060291  0.95454438383329276
  0.96625073700301167  0.97757302251463718  0.98885860489156818  1.00000000000000000
 -0.00329555905962371  0.01323679073276742  0.02642365740787948  0.03939914416224570
  0.05043856426972104  0.06183115409779223  0.07259009354105128  0.08533891758671872
  0.09752046006882675  0.10983545621594698  0.12166461649452701  0.13402016433047756
  0.14650093957184246  0.15897070219664150  0.17081769890271326  0.18225437155401183
  0.19300101465886565  0.20263058398959144  0.21043746236406238  0.21776419906449757
  0.22518749761756604  0.23305591570033546  0.24223205589871544  0.25125033534336505
  0.26037183241374251  0.26995245100256338  0.27985900557496107  0.29006936267540812
  0.30062653253793348  0.31134691109477086  0.32163467166620863  0.33153080784366024
  0.34098471782818535  0.35039004135876656  0.36008271373884765  0.36990462192627904
  0.37983637018286187  0.38959240655277927  0.40021251310409850  0.41032717188520818
  0.41990357139351608  0.42938944419301567  0.43957193957153301  0.45105977876412567
  0.46216649131608589  0.47267958857477083  0.48297488364297375  0.49307243330837874
  0.50285893333482368  0.51242328180830610  0.52198639194612462  0.53147106697132329
  0.54098761700596165  0.55017476293129919  0.55923247968395662  0.56844048751242737
  0.57765294980347281  0.58726001690598562  0.59717630489494400  0.60745706282767387
  0.61845622747785667  0.62969040429612211  0.64066292834135175  0.65019145913432297
  0.65923711400759111  0.66852523329361457  0.67821639203874862  0.68835465266799623
  0.69871178722368588  0.70929162630128118  0.71996406562758219  0.73046666781834702
  0.74098552242061522  0.75117554977285328  0.76120004426081445  0.77123081720132525
  0.78163849642813588  0.79248869057904969  0.80361798438448673  0.81462289374434826
  0.82573678756486857  0.83673344750287881  0.84765715408228037  0.85861178503500035
  0.86994629869476059  0.88181255214729759  0.89384145473784660  0.90578115972106532
  0.91775365588760749  0.92946196265523873  0.94038039079736369  0.95129068187448917
  0.96256123727137766  0.97520050842826578  0.98744965643459048  1.00000000000000000
 -0.00217373291094477  0.00866720303251634  0.01885412636495568  0.02928649798691235
  0.04038931271579244  0.05166892461407481  0.06254361928436158  0.07322407715503913
  0.08356443231607580  0.09424700549426147  0.10493539023131584  0.11542113333236043
  0.12567991604796180  0.13566090755397833  0.14628962902654982  0.15736283647726543
  0.16827572847957301  0.17860185400873702  0.18893558699580026  0.19933952606065014
  0.20985084113684910  0.22038400549889653  0.23152837107471025  0.24286921528231850
  0.25167297873308320  0.25974664916497681  0.26788661125107677  0.27597987988618872
  0.28530609034583143  0.29503826646927839  0.30484413846828240  0.31545335718544387
  0.32649304647039684  0.33761868204481210  0.34842502473576048  0.35893248085068591
  0.36933170914328506  0.38015670986716860  0.39130760113838725  0.40188303113406354
  0.41207903557565001  0.42239353589995748  0.43320906376592239  0.44412161714001336
  0.45442550251322722  0.46428667809723467  0.47385943327483010  0.48354632601918646
  0.49364363861122690  0.50444871409664649  0.51553581140772731  0.52619624207324045
  0.53606559174017610  0.54608600967140308  0.55660559725893943  0.56811139498790175
  0.57968401684074333  0.59100211506018785  0.60216827438001375  0.61335318730099642
  0.62471698706748258  0.63592843621816297  0.64639900287473351  0.65617172752838104
  0.66574205497632299  0.67566748986220115  0.68592662648065394  0.69618527806977892
  0.70585570886289473  0.71561139377767535  0.72575102878944897  0.73681408360632183
  0.74839522894448907  0.75936539832720285  0.76985834900410754  0.78024288379109963
  0.79071242191798508  0.80157541674338018  0.81299371521292108  0.82438616033859957
  0.83542189171978776  0.84616874242980611  0.85673593600628728  0.86733382583302276
  0.87815433562991752  0.88884786841652830  0.89921079467735721  0.90957877661693498
  0.92061823023982958  0.93234372761550899  0.94413801339641046  0.95597396878465557
  0.96758037814165299  0.97873782024197942  0.98959368053155694  1.00000000000000000
 -0.00223435887792453  0.00727871151993443  0.01561903458427843  0.02363358150080713
  0.03176038452747623  0.04010736405588904  0.04886209165458949  0.05803857942809346
  0.06697060411491348  0.07552116833482722  0.08407479689406788  0.09275529373497991
  0.10183822625985064  0.11137262309167301  0.12106025704693379  0.13095853269270347
  0.14118634456342605  0.15195137057565086  0.16319254821137552  0.17412187517954539
  0.18469083113487073  0.19493096646544841  0.20486399207441891  0.21520070028053670
  0.22625161699477261  0.23831925542455981  0.24955835554749581  0.26044613239164277
  0.27092466403204912  0.28199808648435309  0.29349263040562784  0.30563279993853959
  0.31769163168617792  0.32999733950078813  0.34212791946552840  0.35398820111875567
  0.36618500741563592  0.37885444763517878  0.39176057055769592  0.40464677272408017
  0.41713263204447465  0.42950296848273040  0.44127132031686001  0.45115648089249649
  0.46073424284167097  0.47056775592408195  0.48205150864948049  0.49489054098377705
  0.50804142690512810  0.52145001257161538  0.53398557929673318  0.54680237407834298
  0.55879839147857080  0.56997842154643397  0.58052135439047980  0.59131191935297622
  0.60260274066388808  0.61376933506199149  0.62502041843878220  0.63642181858339431
  0.64724360253615565  0.65833716485080362  0.67021530568840026  0.68313269200628390
  0.69624503927226222  0.70853305045544968  0.71983531074009943  0.73066110421263475
  0.74179271592870799  0.75301929643270038  0.76407508499571342  0.77472686674234803
  0.78508668936825643  0.79531181471750501  0.80566652401750083  0.81626995656081536
  0.82668484479676996  0.83658908194808845  0.84621153210628619  0.85613576292971039
  0.86605419115382165  0.87581228646847720  0.88524205327244565  0.89455691525883119
  0.90420559623463503  0.91389254759275407  0.92348499037508369  0.93276153678091711
  0.94202020860833779  0.95107663165111922  0.95954552653967862  0.96755240292983047
  0.97557210545121387  0.98378657316941009  0.99208670162707269  1.00000000000000000
 -0.00274253211020434  0.00947864587449545  0.02026480150689688  0.03119821847276055
  0.04234558981708667  0.05390316787647882  0.06519883299167825  0.07638322113214346
  0.08751621944232731  0.09854261070205109  0.10972637226468022  0.12086640807579366
  0.13267645067005604  0.14456349312593780  0.15631968922336420  0.16771312031392024
  0.17900948090876340  0.18970933194087281  0.20047519265775643  0.21093570359919350
  0.22150702109324533  0.23233976421509736  0.24363722035054125  0.25441559939702674
  0.26460988559966425  0.27460106229941988  0.28444193968484022  0.29443452832284928
  0.30453253251718204  0.31442555700122210  0.32478502490812927  0.33487464492659746
  0.34558870612774545  0.35624704837084598  0.36710233200739845  0.37753901093229153
  0.38785239271693650  0.39788345516574752  0.40793643992024120  0.41802727035751835
  0.42819640991288482  0.43851689767200891  0.44866290200511416  0.45877621703428745
  0.46887161760134760  0.47926438605041227  0.49000460685171282  0.50050757595845141
  0.51073298122469879  0.52125894127432493  0.53169306102397784  0.54191056955276695
  0.55256737999301453  0.56275322967967167  0.57365129305111373  0.58440226148614838
  0.59584897726970676  0.60754381795069246  0.61860969155841516  0.62913105535710390
  0.63938087661989973  0.64962128305031219  0.66009827876498439  0.67104121682755991
  0.68228265919304165  0.69335313324792469  0.70415699659151443  0.71489376153548922
  0.72572607899722652  0.73671221760698946  0.74780789040151918  0.75897801081584237
  0.77001009498181694  0.78056900891770131  0.79085718022369433  0.80140996650476648
  0.81250036735473607  0.82274494050859537  0.83127729548179274  0.83935112092733288
  0.84732527858496642  0.85655081074971162  0.86665066446383010  0.87714112623957519
  0.88737669510488815  0.89758433644901070  0.90866062035932216  0.91967180410432015
  0.93009361316641237  0.94012757431648963  0.94993586501055860  0.95998977770182203
  0.96964593568852508  0.97903970364848436  0.98964441637579226  1.00000000000000000
 -0.00413331135246996  0.02257029234738060  0.03947939012434851  0.05337638730050995
  0.06623596907966010  0.07887633653221848  0.09227296903261741  0.10541027986327670
  0.11750985953879799  0.12912322390076567  0.14035574887414504  0.15154249978721229
  0.16301192861466535  0.17469478507008415  0.18593936218481538  0.19716193077543681
  0.20876401494942107  0.22059185483048840  0.23238629706467459  0.24373797542448186
  0.25477594737901588  0.26547406336618279  0.27604549396031686  0.28660353770435382
  0.29708177362680194  0.30750113472164797  0.31773792774605053  0.32780440855023862
  0.33803346197680234  0.34866891949372836  0.35967226150841136  0.37056675031948139
  0.38118629246675823  0.39181341602759295  0.40256408645640035  0.41331727112694172
  0.42400801534996801  0.43457331908520302  0.44538256032482126  0.45616119037500602
  0.46716334425029182  0.47860639224611362  0.49053677432756920  0.50229588263962299
  0.51320494850171583  0.52380517479904076  0.53514712336507608  0.54591113199202446
  0.55694889609364961  0.56760812954527240  0.57843070826806042  0.58930975174765921
  0.60021598101092555  0.61123645331918908  0.62219808750122396  0.63301596068077559
  0.64370957891195713  0.65426288769792906  0.66501692032810245  0.67589388500480252
  0.68719833775559691  0.69823434414703467  0.70844717455725903  0.71831772241378267
  0.72845754948341002  0.73932478189011386  0.75055398526461914  0.76133151269567234
  0.77163329097046729  0.78150416693828850  0.79152654848149195  0.80173457588141028
  0.81200439862077611  0.82272127688243835  0.83345626399368744  0.84390691333573931
  0.85433742707047866  0.86462250836156918  0.87495720520000286  0.88475632026700435
  0.89450972046170119  0.90397198554742453  0.91341076188437376  0.92287454947585856
  0.93236483457896813  0.94116157009406642  0.94943847093379707  0.95728425745931445
  0.96477463790947848  0.97202157886242524  0.97883055751123804  0.98462543402101577
  0.98925592953202979  0.99310831933976917  0.99659887516760670  1.00000000000000000
 -0.01883012382275220  0.11462027616743689  0.15972180599745178  0.19166855655200501
  0.21754725330892710  0.23952092924227036  0.25920327949660588  0.27733777833848516
  0.29402103561390869  0.30943987458759586  0.32411359728589573  0.33852401323518783
  0.35207499484430838  0.36489846345007537  0.37741713838306584  0.38993980447372872
  0.40153352957475669  0.41305338312407036  0.42472020661383414  0.43611558830183811
  0.44686693257187371  0.45764695722848114  0.46803439408247560  0.47831930090807290
  0.48815649537447875  0.49775263619135091  0.50713064938923735  0.51668680845819659
  0.52651510431123671  0.53642946625836319  0.54579471099101451  0.55461050016381563
  0.56303315977434343  0.57131585456500755  0.57947032329854775  0.58750221258742419
  0.59554329790782901  0.60357411725826049  0.61116960395346742  0.61825890835871666
  0.62527097379839636  0.63234218700437728  0.63964158103135171  0.64679294298077761
  0.65392798914472028  0.66107915176159460  0.66699798580250569  0.67302545111400569
  0.67919378244795892  0.68516453759746265  0.69135512954691192  0.69755216108080831
  0.70366488189041665  0.70966392036246317  0.71547936895726227  0.72115060575660317
  0.72680206536832959  0.73235532699357908  0.73773808577504996  0.74283756467777462
  0.74801938085131991  0.75319753500900366  0.75835096254505163  0.76340824407730690
  0.76830943445411004  0.77308824859642966  0.77785227804398638  0.78266586339108646
  0.78757111893940601  0.79269919846545012  0.79787846364871284  0.80304203090177184
  0.80815015729015860  0.81311485680460616  0.81793983055638919  0.82264509176051959
  0.82731929555707129  0.83207348306544049  0.83707709007708297  0.84234423394583768
  0.84760927968691158  0.85294145789948506  0.85821780453423113  0.86376233699995053
  0.86967981642260705  0.87569523385748027  0.88180739662428020  0.88794764574422957
  0.89424983351792797  0.90119416573855260  0.90879162048163264  0.91729890578463413
  0.92727704756511731  0.93956646878583305  0.95884620553399291  1.00000000000000000
   7.3004977366865130E-008  -1.0000000000000000     
 T T T T T T T T T T T T T T T T F F F F F T T F F T T F F F F F F F F F F T F F F T F F F F F F T T T T T T T T T T T T T T T T T T T T T T T T T T T T T T T T F F F F F T T F F T T F F F F F F F F F F T F F F T F F F F F F T T T T T T T T T T T T T T T T
  <DiscreteSampler_grid>
  grouped_processes
  1 # 1 for a reference and 2 for a running grid.
  10 # Attribute 'min_bin_probing_points' of the grid.
  1 # Attribute 'grid_mode' of the grid. 1=='default',2=='initialization'
  0.0000000000000000 # Attribute 'small_contrib_threshold' of the grid.
  0.5000000000000000 # Attribute 'damping_power' of the grid.
 # binID   n_entries weight   weight_sqr   abs_weight
    10   10   6.768156167880824E+001   1.041149081984696E+004   6.768156167880824E+001
    11   10   6.768156167880822E+001   1.041149081984695E+004   6.768156167880822E+001
    16   10   7.025889746519950E+001   1.172184491281027E+004   7.025889746519950E+001
    17   10   7.025889746519947E+001   1.172184491281026E+004   7.025889746519947E+001
  </DiscreteSampler_grid>
