  0.02348440165124957  0.03121012241564262  0.03968349991693982  0.04844100318982701
  0.05696411839664708  0.06537003910203401  0.07350361397697608  0.08107187247516788
  0.08847626020496865  0.09556096675764908  0.10219268324189258  0.10868452483656869
  0.11421554780463751  0.12049462995171500  0.12654209724560786  0.13245985212118966
  0.13887756739132012  0.14607815927199810  0.15390282280482639  0.16264008229563989
  0.17016849315561586  0.17812534744012787  0.18705079639030878  0.19471298934293219
  0.20065865369915142  0.20528793667069453  0.21061716935408725  0.21651858238745492
  0.22287980661512419  0.23135009936743792  0.24304226920871347  0.25676342536910007
  0.26711141828104418  0.27659193614586219  0.28527542584334742  0.29088117818599041
  0.29524571064965049  0.30009031648424045  0.30707595606760635  0.31246193777049769
  0.31774469663571953  0.32493596695549998  0.33173559514413153  0.33779272413723677
  0.34538917777178929  0.35290283900539954  0.36270043214321573  0.37458752547064839
  0.38715366853571287  0.39992216356069404  0.41334389769539165  0.42998517955328597
  0.44695493009090492  0.46100973260212552  0.47573693811904677  0.48998375194659227
  0.49929825454965321  0.50425317130570657  0.50914917965548701  0.51385170440735917
  0.51859570910422803  0.52364515317422244  0.52817683983519581  0.53180347375603387
  0.53877047208664575  0.54903892277283428  0.55842908194772389  0.56978804871692135
  0.58174070843620540  0.59385832311377851  0.60543106213215314  0.61519845440623488
  0.62508550327929124  0.63805853162090542  0.65381139911147002  0.67002033321433196
  0.68520595150363595  0.70198111925302742  0.71728424437634208  0.73329202632364920
  0.74878559942138911  0.76259261677535828  0.77505617933629001  0.78784468376854366
  0.80153226299720759  0.81486565605552042  0.82809197323077155  0.84134683710695934
  0.85543946771521695  0.87273429808340630  0.89232237911806045  0.91300961383513324
  0.93399002265780862  0.95455157922181078  0.97293977256366937  1.00000000000000000
  0.00000005263566118  0.00000036373614029  0.00000055417451700  0.00000075846625213
  0.00000096641811286  0.00000116740181353  0.00000137436698463  0.00000156825707539
  0.00000174274421352  0.00000188422401562  0.00000199025841545  0.00000209686401950
  0.00000221400991313  0.00000231364699695  0.00000239411006288  0.00000246674047395
  0.00000254067358958  0.00000262918457685  0.00000272892498320  0.00000282665112242
  0.00000292415466330  0.00000301723390089  0.00000310434725501  0.00000318282776404
  0.00000325377614623  0.00000332124421369  0.00000338826734379  0.00000345797207200
  0.00000353212383506  0.00000361574906425  0.00000370278503046  0.00000378272479172
  0.00000385447363672  0.00000393213423486  0.00000402306122207  0.00000411622494419
  0.00000419724131360  0.00000428162204613  0.00000437858743006  0.00000446989488150
  0.00000454556586710  0.00000459452518315  0.00000463765831223  0.00000468269924185
  0.00000471988314723  0.00000475642690969  0.00000479435714630  0.00000482807927652
  0.00000485908940822  0.00000489002277482  0.00000493391747695  0.00000499891451402
  0.00000506334335826  0.00000512761375950  0.00000519307001718  0.00000526073452227
  0.00000532892109644  0.00000538889350710  0.00000543110571506  0.00000547888661872
  0.00000553145535069  0.00000559136852986  0.00000565353193521  0.00000573969656891
  0.00000582417346799  0.00000593022130678  0.00000605426843077  0.00000619872994837
  0.00000638552255293  0.00000658651143903  0.00000680516639745  0.00000705237576517
  0.00000734189940873  0.00000772607297334  0.00000844361457519  0.00000950305921463
  0.00001110459053791  0.00001443888222562  0.00001855688959295  0.00002310447798836
  0.00002657824051222  0.00002912861580127  0.00003124205653053  0.00003307483338423
  0.00003453215693550  0.00003571847909137  0.00003718482541734  0.00004626154329015
  0.00006451568851454  0.00006901491472697  0.00007445826162178  0.00008426365671622
  0.00010464835733574  0.00017303104363689  0.00469109432008942  1.00000000000000000
 -0.00029633476129623  0.00275230755231152  0.00779644894272094  0.01549080627013173
  0.02149325667977169  0.02460773669492296  0.02838764604989271  0.03241908784800148
  0.03647913690583348  0.03979323498456731  0.04438869037705937  0.05470288552776742
  0.06887283242243693  0.08318227502501317  0.09712348998500804  0.11115405381344481
  0.12404606293643955  0.13503553696591947  0.14392106764561377  0.15285612543605842
  0.16231470674504661  0.17179415112560520  0.18289333926152612  0.19496453741878569
  0.20633805832447774  0.21760459687132599  0.22659707439052576  0.23670014670206499
  0.24824227368919713  0.25963224715689653  0.27183936121244545  0.28503611142297541
  0.29799856805946306  0.31023198897683246  0.32218584294274749  0.33420220275251306
  0.34796956750274943  0.35973712387859719  0.37071306476821331  0.38100975123869169
  0.39063370948362064  0.39954862559418081  0.40872480414540913  0.41836496863940820
  0.42813124498440014  0.43808060271594135  0.44956647967683772  0.46304731007474131
  0.47796270991794604  0.49321475254949793  0.50930860150279611  0.52237305714137228
  0.53610577293187966  0.55134972624900236  0.56693531137448261  0.58098195955318555
  0.59305265776649785  0.60307416073457898  0.61210506336773274  0.62149052160735663
  0.63030701697981339  0.63991128857821822  0.65082343830654232  0.66273119885933618
  0.67518684228775028  0.68772828710332834  0.70001522090067814  0.71142095816800022
  0.71974574934657343  0.72866761351334730  0.73868847917353608  0.74866346764850700
  0.75911152387482494  0.77235527592289699  0.78687028759350708  0.80235759924707328
  0.81723472669777797  0.82880404659624429  0.83852119026234773  0.84837485208760666
  0.85943826851719840  0.87234356024224535  0.88651174054457083  0.89985135964872631
  0.91003579038006677  0.92003005471480437  0.93110170871295939  0.94222502975720579
  0.95092062742908456  0.95730652367613722  0.96265933899601996  0.96727404674888884
  0.97460582638872284  0.98252626603367232  0.98933501123026912  1.00000000000000000
 -0.00115532389521873  0.00376183331050937  0.01017702085785020  0.01781826097277838
  0.02541918966928276  0.03297927404040710  0.04297340835804050  0.05447393126551314
  0.06548513111928325  0.07419545344821092  0.08609324538787017  0.09915132214642187
  0.11186088844716141  0.11749399819836735  0.12261861170815939  0.12804156365897990
  0.13484913869640641  0.14153396181650579  0.14856396800259122  0.15635445161732359
  0.16397348378133961  0.17155906024499157  0.18369726499645520  0.19835855058165347
  0.21220716347308466  0.22678059445473298  0.24138219568440247  0.25470932766412968
  0.27301112166784447  0.29169179688098362  0.30716537417534129  0.31785608594027115
  0.32602696488185767  0.33544774021551821  0.34593871550795618  0.35508228817171250
  0.36238118078609560  0.36897769533965669  0.37869999076463734  0.39189014856662935
  0.40332697309650667  0.41193801581181466  0.41892637815457934  0.42602397070456771
  0.43504637423923570  0.44564010816682675  0.45617625857322097  0.46677213573651083
  0.47928340976333861  0.49304480215536317  0.50526019228432650  0.51392680240968913
  0.52169113202751982  0.52917393002789437  0.53695389427432261  0.54760609735516830
  0.55846046021729001  0.56591392988878730  0.57304964018291127  0.58276941798621473
  0.59239435732456003  0.60152385127515340  0.60850572921063673  0.61544571378841495
  0.62259688192262030  0.63269420468629078  0.64537201150315315  0.65811303292598455
  0.66974272030325599  0.68178598478340691  0.69505295168469139  0.71081436308969836
  0.72519702325057123  0.73795072455645794  0.74954613133743953  0.76110233077199407
  0.77352000529896436  0.78657343655433176  0.79971293925009368  0.81311785236159950
  0.82782251939303464  0.84079706897194240  0.85174059289891679  0.86129711454467239
  0.87063641711490036  0.88036958579622338  0.89030297925064106  0.90193287497193397
  0.91578601327325559  0.93079518880821455  0.94411796476205101  0.95568340865961388
  0.96581328157440438  0.97654080379495645  0.98726911176124321  1.00000000000000000
 -0.00426989906730613  0.01618897557529577  0.02995744086391838  0.04388586923305604
  0.05567480826836109  0.06211988615472692  0.06896782546141275  0.07523468839878737
  0.08127089921605174  0.08721062323282798  0.09374356673503847  0.10010403031811475
  0.10767522782066814  0.12347958860462427  0.14054793638428631  0.15842649614468146
  0.17205105986356398  0.18333455601032533  0.19459089422987080  0.20494606311370603
  0.21253976235538588  0.22019517702203367  0.22763367308123861  0.23613835763559385
  0.24708615064141456  0.25834396985797137  0.26838150968777635  0.27953087207605698
  0.29080635768972402  0.30271506194863812  0.31454667689145893  0.32499830764202786
  0.33452988577878623  0.34036878007648724  0.34446344495136355  0.34900724929942145
  0.35615270152919631  0.36240333384467149  0.36785086880531842  0.37527552161460759
  0.38155450576095573  0.38750508747305645  0.39438330669853239  0.40693480068224985
  0.42179021908831515  0.43674576318020847  0.45037966214066283  0.46341496829835443
  0.47505935168083763  0.48435158139526818  0.49203155129186948  0.49706369229587671
  0.50185888595042227  0.50831810638305042  0.51486744638883730  0.52136946332571488
  0.52701714357482921  0.53286611820234964  0.54041896359867514  0.54763914656581547
  0.55364006125958565  0.56069667019473524  0.56723395482284600  0.57290003417171398
  0.57961844634933690  0.58701774748382696  0.59664772434886437  0.60579265818694439
  0.61385330346371059  0.62183674445603021  0.63072827065243431  0.64159725421212688
  0.65399914431262429  0.66684941805271691  0.67815841354324435  0.68820543134725576
  0.69876214450743124  0.71042694196748080  0.72200311547573859  0.73308423849758175
  0.74428232503301639  0.75590553589034437  0.76940072587228359  0.78225649132362252
  0.79349030686414757  0.80428755342368774  0.81816455781284814  0.83445114045473412
  0.85090290150240755  0.86667343414500697  0.88191096430226446  0.89700833658446522
  0.91327000081725962  0.93131489725941552  0.96451871353011198  1.00000000000000000
 -0.00078383289446526  0.00446836445669263  0.01253905636253396  0.02009777980057823
  0.02794625847811311  0.03747735820303977  0.04683801933888222  0.05541849526896663
  0.06247740040691632  0.06791310119771200  0.07364782209430683  0.08045206679318642
  0.08783133055169791  0.09602488211801452  0.10466733731638221  0.11320607451980266
  0.12302233783795417  0.13316252574806239  0.14101255150768569  0.14643215036297658
  0.15799065864074641  0.17065618247925776  0.18197587265593113  0.19233319806730173
  0.20291680729354208  0.21462615058670217  0.22683701038165113  0.24215956837942115
  0.25721859103611588  0.27102461909556175  0.28374188540063960  0.29507040939123702
  0.30562368748576063  0.31640021023976150  0.32573894151580324  0.33441747099428526
  0.34513699152236166  0.35591621534170459  0.36530365268667891  0.37420159189932900
  0.38619257303938281  0.39903345794471268  0.41045869946500568  0.42048076439179788
  0.43025350084175024  0.44016113241395832  0.45016279833307160  0.46028659873759076
  0.47026549460188716  0.48116522280228174  0.49420652330122933  0.50936853017867068
  0.52434697063742453  0.53349834869433710  0.54076335809847897  0.54883553513864980
  0.55495402903359681  0.56076826621759523  0.56846443965510463  0.57683791752211488
  0.58718084126749903  0.60057491524898088  0.61357309859011377  0.62631308053609813
  0.63881326580478726  0.65123792688219673  0.66398251392037910  0.67420187532519971
  0.68452801920973605  0.69434852687015736  0.70445868670193157  0.71564681190569934
  0.72807970663109522  0.73918666728711291  0.74936825916024208  0.76187941825697114
  0.77676479696913603  0.79263948136025009  0.80916670126066859  0.82570973438540374
  0.84107790476006028  0.85461424955860477  0.86635135879953085  0.87694449348327652
  0.88591296040842615  0.89455796118925812  0.90409571836393721  0.91495095894432443
  0.92666759478759542  0.93848744617412294  0.94768509026542602  0.95725219447510101
  0.96774147055533255  0.97992907713975419  0.99121347882507560  1.00000000000000000
 -0.00270331893444142  0.00784672389990450  0.01777346074069724  0.02771996570274188
  0.03794394573625129  0.04842039284355777  0.05919527173907417  0.06927391911388282
  0.08083266044183265  0.09273477409908089  0.10543819233607313  0.11822420724939385
  0.13070466588354568  0.14308227782556299  0.15450054634120311  0.16460046476058315
  0.17460622706623632  0.18438692681111518  0.19570121066576149  0.20723588730262280
  0.21932499477170797  0.23166026040994012  0.24414946332668400  0.25636204858395351
  0.26773089533358169  0.27823019367829366  0.28956364297593989  0.30314181435784127
  0.31700045050123571  0.32910094648226801  0.34015493392329305  0.34980199247933114
  0.35845769531228178  0.36609120266708850  0.37407403519620436  0.38118292559090960
  0.39027490931787479  0.40405155175533047  0.41863261350639602  0.43119658157607738
  0.44313693598813048  0.45448518568004881  0.46193152541983729  0.46874287864677150
  0.47788642272949305  0.48736199550390585  0.49701120679540089  0.50753342867179907
  0.51786051556654689  0.52934283257195502  0.53779673830815677  0.54526019879440468
  0.55261027750159686  0.56011513544676983  0.57252543213250284  0.58787928337095841
  0.59904401041748245  0.60765104049017116  0.61577817768374343  0.62373335027762655
  0.63056801664562889  0.63779792809372471  0.64566291130364750  0.65337853207331542
  0.66046596960423987  0.66901550044298919  0.67863289186731324  0.68828024560446810
  0.69769354516102444  0.70805846877117873  0.71988534689651140  0.73259860021008172
  0.74697184776859504  0.76163329920327827  0.77651456033505095  0.79193785496845159
  0.80580527487166131  0.81736907860228791  0.82690875043162448  0.83697153306440597
  0.84836234127037147  0.85983419325249999  0.87133787607838920  0.88225050495391610
  0.89341285975547235  0.90429203017799475  0.91450564491599839  0.92436031124677220
  0.93524105161457338  0.94885726127060199  0.96294497234830878  0.97198876954514546
  0.98066228497673369  0.98730436423865364  0.99370074921832041  1.00000000000000000
 -0.00565827350846500  0.01613253648542803  0.03336612769242293  0.04897907863586420
  0.06364793325952484  0.07640462774345243  0.09135224192571977  0.10573255235383132
  0.12004380973250497  0.13221229467952966  0.14440205093288178  0.15608595226515590
  0.16428568393273027  0.16971902220879484  0.17470627165227956  0.18036244606704444
  0.18675488593729220  0.19333351209167521  0.20040752773471260  0.20845908350185663
  0.21611824903275137  0.22437818715656913  0.23541421872953147  0.24754244432191236
  0.25950552809255772  0.27051062224633482  0.28267588857018694  0.29681147198498636
  0.31150062174504001  0.32287023854547447  0.33148848918086110  0.33962298300274141
  0.34734639718633931  0.35509393957272822  0.36337679380921872  0.37485340113102700
  0.39105082395057073  0.40573778369354951  0.41972110378555200  0.42949186175939846
  0.43916959501275371  0.45093312526318935  0.46256899371708166  0.47284796401056733
  0.48474272968866122  0.50099587807031198  0.51682157025704467  0.52887149997826211
  0.53688253960355969  0.54485952027385243  0.55355106251752906  0.56062671211616211
  0.56694561973757907  0.57319463894566325  0.57881431196750410  0.58568697931046709
  0.59601962603114900  0.61127309626299331  0.62573463234162963  0.64066800862922069
  0.65646565682943325  0.67241982177977555  0.68829319581618265  0.70234618366481549
  0.71162822631997869  0.71942010317548422  0.72586827899642969  0.73161535131864042
  0.73827096723894514  0.74480702060431703  0.75155112706713734  0.75918795498693481
  0.76783710868327515  0.77389927635796207  0.78072829176660952  0.78996458685064908
  0.79950859769461891  0.81202117172811261  0.82349268383463581  0.83431900025569550
  0.84480666721341569  0.85516370937238784  0.86533238529210055  0.87498883493830504
  0.88412925951117838  0.89423878984876382  0.90486929645302816  0.91223719148084670
  0.92165217649337361  0.93081540250238892  0.94247005863101230  0.95355841823118337
  0.96584441328074255  0.97754621212212922  0.98781392821168723  1.00000000000000000
 -0.06359409715668354  0.52693537754034492  0.54073472917052201  0.54745182477297261
  0.55132227601694717  0.55314793183866129  0.55405785671017971  0.55469233114346261
  0.55519089004065281  0.55558609485718846  0.55592411816333853  0.55622567625213026
  0.55647090056870296  0.55667028323417034  0.55682546257264909  0.55696845538965345
  0.55705912126548651  0.55710861602754769  0.55715312051995525  0.55719452945361225
  0.55723042072528095  0.55726127421110372  0.55728891873425257  0.55731606444193715
  0.55734313968555327  0.55736954998804722  0.55739544086855142  0.55741972447948018
  0.55744129518308039  0.55746055300120134  0.55747860368261315  0.55749524494865721
  0.55751069253764451  0.55752477847939497  0.55753687631857340  0.55754873905038871
  0.55756042087999469  0.55757060828871285  0.55758048947666561  0.55759007339438782
  0.55759963004516044  0.55760926076903217  0.55762073932471190  0.55763408249846091
  0.55787755162734476  0.55789190722472959  0.55790429221081950  0.55791580188224710
  0.55792489015278601  0.55793384062107843  0.55794415320449209  0.55795439682382542
  0.55796440875309938  0.55797465583226213  0.55798506983638074  0.55799567629607805
  0.55800692617997105  0.55801870241166462  0.55803086664192336  0.55804354658199662
  0.55805744994956208  0.55807145232195465  0.55808732837831854  0.55810763889831816
  0.55815381011898912  0.55820103030305468  0.55824929595949091  0.55830506296204752
  0.55837126808959403  0.55845235831813511  0.55855432317273757  0.55869273893913030
  0.55885561639815629  0.55905851608747292  0.55931009343950511  0.55961096663448406
  0.55998046668279045  0.56043400679156430  0.56106616765599071  0.56204275098941081
  0.56348812157154415  0.56547644348097492  0.56830314536524651  0.57309719446961627
  0.58029449000071631  0.60166860818322843  0.64757951312217843  0.70435440238444880
  0.74863343903775292  0.78772687360070814  0.82752872615612738  0.85969888778726333
  0.88693261910575039  0.90727293862239466  0.94116567144735264  1.00000000000000000
 -0.03115581495502057  0.13742258213317235  0.17187124347570060  0.19621625424618463
  0.21706879979443697  0.23573222295340185  0.25436977714179904  0.27070910575706619
  0.28622985482881225  0.30090560170492636  0.31528597929310564  0.32768232998954139
  0.33944230008919107  0.35159294985170775  0.36391288041813952  0.37670457735305385
  0.39016996253543695  0.40384569839176510  0.41713517533320305  0.42911290455402157
  0.43919647713110688  0.44905708749675499  0.45882681683801108  0.46846253325129195
  0.47847598458222745  0.48906779674320827  0.49783567032766124  0.50523180416501901
  0.51274653842639861  0.52002618179235527  0.52828073009621201  0.53647771613233919
  0.54396921121259356  0.54858983545409601  0.55303848685453760  0.55780760506808136
  0.56435737558321530  0.57107020630748329  0.57660169555020835  0.58283282548421878
  0.58907004589035483  0.59488251954048244  0.59951509037222783  0.60436967418935539
  0.61063450753669535  0.61817185677037489  0.62654022150440447  0.63566288365534129
  0.64499540499059460  0.65232151006368877  0.65949431009073656  0.66676217667866544
  0.67365833266482322  0.67942900256061289  0.68570300513550164  0.69190442052113099
  0.69511034368466063  0.69851931029857617  0.70181348934039822  0.70488808009726112
  0.70799423487264090  0.71121425827548324  0.71474448788933398  0.71830866698764018
  0.72156939641286555  0.72832944225814711  0.73839619123764211  0.74755522662957552
  0.75527243371573782  0.76194845065389527  0.76813400703455048  0.77511262637006495
  0.78108839333885427  0.78543340935092731  0.78991739485557222  0.79491249371850425
  0.80078483139450085  0.80621777846069509  0.81086426003528611  0.81624610412178855
  0.82242763747154124  0.82925104520433102  0.83646791056922198  0.84558962536616333
  0.85390877309008217  0.85941088677399713  0.86406092055653783  0.86831643441404038
  0.87302322432066715  0.87908675322479579  0.88539027684100113  0.89168684735163184
  0.89853370822732970  0.90509651194964591  0.91872502992966709  1.00000000000000000
   2.4239915577851052E-016  -1.0000000000000000     
 T T T T T T T T T T T T T T T T T F F T F F F F F F F F T F F T T F F T F F F F F F F F T F F T T T T T T T T T T T T T T T T T T T T T T T T T T T T F T T T T T F F T F F F F F F F F T F F T T F F T F F F F F F F F T F F T T T T T T T T T T T T T T T T T
  <DiscreteSampler_grid>
  grouped_processes
  1 # 1 for a reference and 2 for a running grid.
  10 # Attribute 'min_bin_probing_points' of the grid.
  1 # Attribute 'grid_mode' of the grid. 1=='default',2=='initialization'
  0.0000000000000000 # Attribute 'small_contrib_threshold' of the grid.
  0.5000000000000000 # Attribute 'damping_power' of the grid.
 # binID   n_entries weight   weight_sqr   abs_weight
    10   10   5.488733318621230E-011   6.301964849811761E-021   5.488733318621230E-011
    11   10   5.488733318621206E-011   6.301964849811770E-021   5.488733318621206E-011
  </DiscreteSampler_grid>
