  0.00180094801875802  0.00291055462712152  0.00403074746576260  0.00525239491329592
  0.00639490266535662  0.00770821147287624  0.00903896413773871  0.01032347339525173
  0.01166663355554541  0.01315040509064966  0.01469469689070702  0.01625400132134206
  0.01781006870384178  0.01942185666708764  0.02107937129330398  0.02279453826499073
  0.02450004841236691  0.02626782959628300  0.02793186886711115  0.02962736408113524
  0.03128284976356484  0.03314074714642429  0.03497289254867835  0.03709941174543630
  0.03915514157394183  0.04140411382078645  0.04365603776078043  0.04588283607231120
  0.04803839746442586  0.05024181400012432  0.05258855710833429  0.05508167310432723
  0.05759275614337458  0.06010992777897756  0.06274990592560256  0.06570116069218826
  0.06886707545275862  0.07208836053978419  0.07524823641884563  0.07834199627673123
  0.08144117514015273  0.08463220267095192  0.08809688643200196  0.09152115987430083
  0.09494972750989769  0.09836972509179680  0.10180101972482533  0.10538549645894163
  0.10914846779593952  0.11308336207314040  0.11723053032785812  0.12166786935533153
  0.12678482164466881  0.13177573587923144  0.13675311173556581  0.14173125023831931
  0.14714495555917079  0.15294246321494670  0.15884605051325187  0.16501124323814029
  0.17132313853230705  0.17808553713217129  0.18517465751958986  0.19260120363490543
  0.20043837362294464  0.20865867286925760  0.21726273047504691  0.22614970765243209
  0.23544267523067969  0.24533302701560866  0.25546391274719432  0.26585999828868206
  0.27668598161922753  0.28781555646371709  0.30001848756054811  0.31293447645219180
  0.32614359780898911  0.33935120269812535  0.35312079594202511  0.36702540790052279
  0.38165619833600811  0.39718270482150830  0.41364786065428139  0.43109074735979414
  0.44914048998715972  0.46807069976024290  0.48736551717592136  0.50726735849074989
  0.52836610951035901  0.55211471686603653  0.58189965894451290  0.61525387101081186
  0.65405641158063899  0.70350374019449280  0.75432562442603768  1.00000000000000000
  0.00592308975807978  0.01030682423349124  0.01443504716906251  0.01769220733421217
  0.02112840027351561  0.02499203042631845  0.02928216380754047  0.03328148846203668
  0.03769953507861025  0.04243784582598937  0.04697147959451045  0.05117573020823280
  0.05566526864308777  0.06091976582902591  0.06627961680162280  0.07185727086490754
  0.07732381268763383  0.08287034299688185  0.08839113753779174  0.09395603801125861
  0.09938767333218367  0.10470895997013509  0.11003314845756848  0.11524141745897405
  0.12031817846477760  0.12548076255847260  0.13087795469131139  0.13638029063955356
  0.14208041966312099  0.14779470406750034  0.15376025552475811  0.15964943320854122
  0.16556444531122735  0.17165136469059247  0.17778543576745875  0.18402649759015066
  0.19019647888618160  0.19611594982103780  0.20203359105214150  0.20827761345730897
  0.21472699481792676  0.22191687792618853  0.22942870282879874  0.23661564018010531
  0.24353043928844992  0.25020374814215979  0.25738401360040797  0.26501193320906491
  0.27284062215816596  0.28051490345928237  0.28822735046415504  0.29646355746813091
  0.30495170612015005  0.31318283508769051  0.32110510849646234  0.32848256811026227
  0.33610920842272107  0.34379803809057369  0.35233817239830623  0.36121570330358715
  0.37042768192063880  0.37956204844777086  0.38861039149483939  0.39770618322314732
  0.40695933909762333  0.41635609634416321  0.42582495311780222  0.43555654021979212
  0.44542903066285294  0.45584307893464415  0.46667461328045962  0.47773927806662114
  0.48917064348348405  0.50116299327854263  0.51317133471238041  0.52573854853279955
  0.53913124497615272  0.55305054379956597  0.56768677922614363  0.58294504745320108
  0.59801462787322757  0.61355060917535909  0.62941259714648223  0.64605476756384439
  0.66347542676239690  0.68140421381132654  0.70004935448608241  0.71982011490483877
  0.74051998158568111  0.76237320703430334  0.78539499154224146  0.81076129250775641
  0.83865933893557587  0.87340453854824662  0.92273843798386546  1.00000000000000000
 -0.00191390595274190  0.00839289610218639  0.01793936350903711  0.02813912089840765
  0.03832763292188537  0.04888261151594425  0.05990070080598981  0.07079257080143846
  0.08131345380807342  0.09165996642210276  0.10206338805408940  0.11301198555769396
  0.12410100435888298  0.13420887377882182  0.14352869780753261  0.15271188368526928
  0.16280080998782898  0.17408506377637589  0.18564235756706995  0.19659187178661838
  0.20690821866827752  0.21766703160364395  0.22868273025800698  0.23968010826665714
  0.25019689613514745  0.26051758167372852  0.27049389025184695  0.28051209311399450
  0.29057423409146821  0.30079298420207939  0.31133855060615856  0.32260446584053226
  0.33444060474409593  0.34605850545451933  0.35740507951244199  0.36850016265232993
  0.37898226168128202  0.38937605987118151  0.40008293222371877  0.41154578081749404
  0.42294055596806351  0.43424169706899168  0.44508590324451963  0.45552178972807011
  0.46616649374741798  0.47681995558622736  0.48734484607894263  0.49769331014809109
  0.50808482391446330  0.51882742584201824  0.52908667925309216  0.53917563620566666
  0.54908450003119402  0.55926795222411996  0.56978065718744986  0.58107939258681696
  0.59226521543807109  0.60299758481593191  0.61305873781720466  0.62269736363836747
  0.63244816503513057  0.64238955199943015  0.65303577316314110  0.66409070524244773
  0.67484360031821056  0.68566972147127159  0.69631917106327024  0.70730536344991835
  0.71796311434357918  0.72864500720709091  0.73902450848676082  0.74925117444987133
  0.75926355083700070  0.76953006684047909  0.77991695896030311  0.79045177560322477
  0.80098998711160241  0.81180157411902143  0.82271683583380462  0.83331461642042826
  0.84339885342998666  0.85346855970018043  0.86347609630145228  0.87370158947536558
  0.88409065378367302  0.89466251343547387  0.90511964977824833  0.91547426832659151
  0.92577730592313023  0.93631894600128085  0.94643841938435003  0.95668469969603309
  0.96680065462227993  0.97751384859110246  0.98838286167234446  1.00000000000000000
 -0.00211137281205157  0.00980139947288196  0.01992347679293127  0.03030967111664692
  0.04018485864879538  0.05006281591073777  0.06009563465969599  0.07070500006783692
  0.08120866016794556  0.09142451932372658  0.10133144235333416  0.11133822047228206
  0.12164505976129408  0.13178410589824141  0.14213668715759137  0.15247852520511723
  0.16252072242618482  0.17283968425584056  0.18291144387259117  0.19429815126956820
  0.20529857251251815  0.21610143945101670  0.22715170918552385  0.23804666739203820
  0.24902310635025576  0.25936922927667339  0.26980067875725755  0.28017277467098906
  0.29099496501840577  0.30234655469384419  0.31401600635379295  0.32526091351280662
  0.33571939887932362  0.34623765460121336  0.35654604199818446  0.36726574808041557
  0.37773686781682952  0.38814585328214551  0.39849811205046815  0.40945723782700849
  0.42045546050054694  0.43158024825890878  0.44209919177747048  0.45243912359821264
  0.46296228388019667  0.47374939681152739  0.48461218896212488  0.49532203874703501
  0.50562323601487691  0.51619636902894128  0.52612685848254936  0.53632717494895821
  0.54660637145642932  0.55687875492138228  0.56726588251599896  0.57727001977778669
  0.58742432568748315  0.59756067412804703  0.60795463955102980  0.61857878020750523
  0.62919043322455470  0.63992666879360161  0.65090659899095737  0.66189584060616979
  0.67250812792621051  0.68297827046984017  0.69385726866571229  0.70522944962223955
  0.71648740456959359  0.72715542183060811  0.73745055792133496  0.74757786947655702
  0.75757864068734426  0.76753785619794790  0.77756539995014118  0.78762471188733940
  0.79743572036165156  0.80724423637246934  0.81759830515099730  0.82886951384865171
  0.84063559257018816  0.85213917214685941  0.86284758525909810  0.87367978247235167
  0.88425933401225387  0.89439103923670638  0.90431951783774045  0.91412457642928624
  0.92480524663044394  0.93509187068373711  0.94538485442912079  0.95621651172170907
  0.96761092412996719  0.97900416476060237  0.98934068069250480  1.00000000000000000
 -0.00256218644683140  0.00946174630794471  0.01951783697557233  0.02953880600112631
  0.03957821911238543  0.04933288708553565  0.05905090535741430  0.06918262571149070
  0.07998724932876450  0.09097035268242996  0.10174661255580231  0.11248692752416618
  0.12364162444271495  0.13496401524693927  0.14637765520437465  0.15740620125974628
  0.16818110185758003  0.17832137760593711  0.18821226000323626  0.19813913000652633
  0.20829188885046868  0.21859580503880560  0.22864528898246306  0.23869364341490729
  0.24899854334116203  0.25931590097305557  0.26950823959029252  0.27955260772973090
  0.28963548048999260  0.29997041002162861  0.31033036705908440  0.32067526431640014
  0.33097994906724254  0.34092333554781723  0.35083466216798848  0.36087328191821194
  0.37118690618730427  0.38153851536060984  0.39206398869725267  0.40265344938840136
  0.41305477241395688  0.42324605466131615  0.43316405465391905  0.44311131071071408
  0.45322359352003788  0.46351377475167233  0.47384257394301044  0.48394290185159045
  0.49409174993397564  0.50462736523129614  0.51562150580987687  0.52663837585881623
  0.53729425001271180  0.54802063994274419  0.55878575331987856  0.56938553806942338
  0.57974529546197862  0.59033559989860829  0.60152422738507028  0.61286553110255504
  0.62425384508973769  0.63547433639386364  0.64639397482401051  0.65696180298181328
  0.66723400666607857  0.67758847853270321  0.68798259821978358  0.69816098045194164
  0.70812552468747547  0.71790934778981386  0.72803745153190147  0.73850885659473109
  0.74925580864345032  0.76030582394753510  0.77119611434397173  0.78191508899085937
  0.79262222203809884  0.80383284249569686  0.81461121811974935  0.82506872057973402
  0.83541772533075875  0.84631822700020509  0.85743203164597570  0.86871892736232759
  0.87998806899658089  0.89111564318160064  0.90203720399515963  0.91269633917962223
  0.92336212386861827  0.93443803304873896  0.94556497881745072  0.95719482392020749
  0.96785147130910965  0.97896423375368979  0.98929084335754258  1.00000000000000000
 -0.00246379809675695  0.01088693892755609  0.02238764500705978  0.03389246558538955
  0.04567563413114080  0.05781503644953858  0.06945573679349575  0.08030565239595205
  0.09070503543801438  0.10086621078432646  0.11092937732837191  0.12051654358006607
  0.13036736573209665  0.14067306711695524  0.15113357875619729  0.16155703754907719
  0.17208101705977660  0.18290072144393249  0.19378233106087425  0.20472650236350884
  0.21568943164867291  0.22660629474940652  0.23747788687352606  0.24854987475692647
  0.25939901964498707  0.26976753389167302  0.27959373626419792  0.28911055280164544
  0.29885727932027745  0.30866781385281483  0.31922223051389981  0.32978348574941518
  0.33976064230976788  0.34972806570090892  0.35983625643537320  0.37077898296055706
  0.38198463062678178  0.39313597282428747  0.40431934265585395  0.41516286104032596
  0.42571660361619607  0.43584231018662817  0.44548988670703404  0.45531129034688922
  0.46552829311805455  0.47582860166476176  0.48596250610143504  0.49656580899447056
  0.50734260066027337  0.51815801489797875  0.52871646455467491  0.53920708708156417
  0.54910209219927741  0.55868190248457550  0.56820209006446287  0.57799026687667610
  0.58802324703571929  0.59806021406038867  0.60861716469759031  0.61969427392818111
  0.63126719544272003  0.64255937708241817  0.65375063199400996  0.66477427885355556
  0.67527121786261635  0.68579390550240815  0.69669589330728909  0.70742690140858577
  0.71757538621176753  0.72759586901093487  0.73780391428874204  0.74822374408749603
  0.75855512840695427  0.76876191051184395  0.77876562472512467  0.78849381982105582
  0.79831292784972774  0.80833484561293156  0.81882263666793131  0.82882736148102176
  0.83905794307497195  0.84901631119386500  0.85949686316411300  0.86925107413142899
  0.88009581664014946  0.89138217676384213  0.90286935557317272  0.91408735263276497
  0.92555670251451516  0.93647162547844720  0.94664872859316418  0.95697315387498716
  0.96794412130232721  0.97902289323224545  0.98954958440308327  1.00000000000000000
 -0.00186725643395805  0.00957715716061319  0.01904921201118891  0.02924833285242958
  0.03902447326444643  0.04934392697684437  0.05964675134077569  0.07105094354500310
  0.08251653433245808  0.09372701896188958  0.10471199279954932  0.11650294831066754
  0.12767203819370129  0.13819920001344352  0.14847881859663858  0.15912457688939685
  0.17047706345013949  0.18229612755986788  0.19386659020114613  0.20477958944182331
  0.21517123746805325  0.22503908373255635  0.23523815905633089  0.24564993291260948
  0.25606922018388900  0.26628123725274633  0.27705744340349614  0.28822051197929788
  0.29930026023743683  0.30988482274695472  0.32059152103715788  0.33131801538135008
  0.34180868337897191  0.35232792749100145  0.36271071530930105  0.37319271004500282
  0.38346550323388157  0.39361916366506716  0.40376329048532722  0.41409958411071079
  0.42461810694919833  0.43510186228402042  0.44547137101330103  0.45602666957586713
  0.46677894215812260  0.47754444275457086  0.48812927584535526  0.49833241562955116
  0.50824379075162529  0.51808156221448354  0.52852962163462602  0.53971298483979313
  0.55099099678248731  0.56181431783919178  0.57187045657389757  0.58187039352415315
  0.59189565444662062  0.60213515522479755  0.61233026591481887  0.62223702427701411
  0.63230136671972070  0.64253558091800056  0.65293139865880123  0.66342230093851151
  0.67394024887172022  0.68449185153602732  0.69495986162170287  0.70533179321625239
  0.71571698400537265  0.72617567223372881  0.73685297914660597  0.74765810784100839
  0.75820011069385418  0.76842206365455501  0.77839977299471896  0.78868405643780548
  0.79944955625319813  0.81046120143922196  0.82087169990956865  0.83083868402718275
  0.84100498399224932  0.85152831574385390  0.86239385274222868  0.87363309951815582
  0.88487516540460265  0.89584419994044107  0.90642302131692942  0.91673850882524421
  0.92715890185603633  0.93738994594013170  0.94829399023945560  0.95909711625983252
  0.96938212369676902  0.97946316882898166  0.98959527117647728  1.00000000000000000
 -0.00224180968268120  0.00932518232840272  0.01933649419020503  0.02932458803186374
  0.03953867631645430  0.04989020484497132  0.06006089928353323  0.06984369145546505
  0.07957948196750879  0.09023899234440094  0.10116865255546878  0.11180126838867206
  0.12194595194196360  0.13238826717747207  0.14345841985559879  0.15470392936062255
  0.16615598803900672  0.17741500896316137  0.18845478235778731  0.19927800236451079
  0.21031587208821542  0.22127198746716148  0.23193325897242231  0.24247608603201526
  0.25336510521262573  0.26459493588122873  0.27568824715981483  0.28699946418160294
  0.29832678374228933  0.30958050325409853  0.32045330397006977  0.33098591465727983
  0.34146412225074224  0.35269208124397183  0.36419618400016041  0.37533852364310516
  0.38590313471613052  0.39602063311129715  0.40627211306094690  0.41669235263860549
  0.42770689793945449  0.43867494105430033  0.44912576376511620  0.45910373449097674
  0.46948131402098847  0.48070143210151400  0.49222529509163138  0.50286082135775745
  0.51385949644756967  0.52539408480957261  0.53693909942703522  0.54754218019303558
  0.55726428359571556  0.56672560853217491  0.57647280891668562  0.58662342242388843
  0.59745182553650888  0.60834217351976749  0.61925146823996335  0.62973988291429750
  0.63967533602711357  0.64885626866996238  0.65838795413594275  0.66853211385073930
  0.67949932562863180  0.69097562034896942  0.70223275355504289  0.71325703204099855
  0.72421182673429885  0.73554615879195717  0.74685256204191264  0.75735927431437378
  0.76745601103244876  0.77803807208126319  0.78863285907870961  0.79937348200580505
  0.80981544718051213  0.82046899029768694  0.83142296844558850  0.84190437007987862
  0.85230612021800500  0.86220228610312966  0.87219667165395698  0.88238369181042053
  0.89226667347608657  0.90270196087221000  0.91308727314831828  0.92276637220289537
  0.93198769208760390  0.94143097499699169  0.95106573716402532  0.96106416305822673
  0.97091391302671159  0.98050592441210926  0.99037842263719733  1.00000000000000000
   3.0656362157409555E-015  -1.0000000000000000     
 T T T T T T T T T T T T T T T T T T T T T T T T T T T T T T T T T T T T T T T T T T T T T T T T
