  0.00191691927803753  0.00194780131652257  0.00198991692421430  0.00202993336154910
  0.00207113986059488  0.00211476515749412  0.00216027370946115  0.00220769851238879
  0.00225717267413158  0.00230750922227909  0.00235851276023543  0.00241259785346866
  0.00247041321617379  0.00252839981446339  0.00258656145240962  0.00264277811251276
  0.00270077367990475  0.00276050222142249  0.00282276705094137  0.00288728398707543
  0.00294848032181561  0.00301283798361191  0.00307961988534683  0.00315128570003016
  0.00322756776299591  0.00330714806078154  0.00338667383089469  0.00346772333462366
  0.00355141520500232  0.00363636964369084  0.00372300249269165  0.00381265777269618
  0.00390456667126126  0.00399990000873636  0.00410201876594313  0.00420674945308627
  0.00431700294162005  0.00443029394365882  0.00454932377570750  0.00467436993591602
  0.00480185880126731  0.00493452893178519  0.00507251630233979  0.00521557976306758
  0.00537150713582829  0.00553137398342182  0.00568893357053441  0.00585214662243034
  0.00602020063551701  0.00620489581106108  0.00640690649470283  0.00661355751007521
  0.00682604381811122  0.00704618760411376  0.00727542621219736  0.00751839145485652
  0.00777139379111017  0.00803620892970237  0.00831489337374900  0.00861844389965529
  0.00894175426348205  0.00928947791459531  0.00965958259538072  0.01005475520922250
  0.01046478392756500  0.01088530588136831  0.01132785892949705  0.01179808723111092
  0.01231550346559409  0.01288831167716094  0.01350399728731849  0.01413484015359605
  0.01480881155336278  0.01556854316422087  0.01641634345741104  0.01732534670975812
  0.01829043480043236  0.01931394763687188  0.02043969700145080  0.02166080064529872
  0.02300912156818579  0.02456947591497030  0.02639577366392696  0.02848349114846489
  0.03087925755904172  0.03386209627986612  0.03787865170503758  0.04300077452581243
  0.04890232976215896  0.05587020832365753  0.06583685307973280  0.08064127054643869
  0.10632074497945608  0.17708484075169048  0.91858874179706895  1.00000000000000000
  0.00460361635652814  0.00581380156310532  0.00674748169216868  0.00761866688450928
  0.00842805032804007  0.00925543198691601  0.01015608994794761  0.01110543302436798
  0.01208853841830833  0.01308830388540007  0.01410571335782284  0.01511521864004687
  0.01612710108416173  0.01714090937003483  0.01819308198259746  0.01921873070619439
  0.02029525355188314  0.02150449078762504  0.02285138073521085  0.02417346013740456
  0.02553576266704162  0.02694827931496685  0.02834079520118378  0.02975198072821566
  0.03115991754228414  0.03265401159527480  0.03431656351314344  0.03610936263873434
  0.03789579813628775  0.03969195142152272  0.04155903889590077  0.04352550281443283
  0.04563676138696932  0.04791204967703970  0.05036866443320129  0.05283012115103739
  0.05530348825652640  0.05778963854149564  0.06030775081982041  0.06294710402468313
  0.06574131120548293  0.06867670563794359  0.07171466620448555  0.07485572479194484
  0.07809120268415143  0.08134500039307019  0.08467061946017777  0.08813858864542273
  0.09168502324216753  0.09539651295390740  0.09929968201611286  0.10341830254633075
  0.10770699132993983  0.11193305555590337  0.11624924085811088  0.12072268610335943
  0.12545238992207475  0.13050954511892757  0.13588830096620366  0.14137334391287010
  0.14681524394825368  0.15225325503852180  0.15803192313558417  0.16403081031867875
  0.17009468916306336  0.17662697096709765  0.18384405662336920  0.19115897103799237
  0.19870827668918012  0.20671826914354482  0.21543068638223303  0.22473468343564512
  0.23452215296767701  0.24495635387439527  0.25625667697184745  0.26842397187161082
  0.28158828236844785  0.29552200405304618  0.30969235168262693  0.32451194385147369
  0.33994597263365434  0.35655656293807175  0.37498838807955137  0.39520607995707152
  0.41700252044268005  0.44041744198940225  0.46556090953664658  0.49256711346643989
  0.52172715101650813  0.55445478371874823  0.59043662971962485  0.63237667597739922
  0.68160393723673784  0.74619838359140611  0.84428762860541540  1.00000000000000000
 -0.00229697072676846  0.00937695076382631  0.01968462480729723  0.03038127042673875
  0.04095545761460939  0.05156629546709474  0.06217590139787020  0.07310953783395335
  0.08402964409238688  0.09452658424577393  0.10491819296871326  0.11513549130603937
  0.12511847276512561  0.13507374148802459  0.14509282403571791  0.15541925348025962
  0.16563852002125806  0.17603892952072250  0.18680149129361875  0.19824576800660365
  0.20945733005774750  0.22010909259586128  0.23033841328993568  0.24045230336190232
  0.25035628397514309  0.25999151625507994  0.26953318132029808  0.27944529075838270
  0.28964725320741574  0.30019983598757194  0.31088397211787933  0.32192376611133960
  0.33321920602147515  0.34371463929301527  0.35403213589159577  0.36409516109993073
  0.37462540573916941  0.38505254624131208  0.39529511246067917  0.40558418338508329
  0.41536347676891017  0.42508348252634415  0.43482577990446458  0.44534443912477506
  0.45571233363510355  0.46625394873896636  0.47650404710304800  0.48669247787550990
  0.49680144352186723  0.50729855996060591  0.51837263069400208  0.52978957582155162
  0.54139228763300651  0.55288161277969117  0.56397649622732293  0.57502271144206685
  0.58605374398986465  0.59682590377619260  0.60736924910290724  0.61782055567168648
  0.62822999477824515  0.63800490372383856  0.64786924746256025  0.65740875233243734
  0.66688093972580331  0.67634582790901110  0.68607289240086389  0.69626321006431957
  0.70687331780480112  0.71769425920826269  0.72869860086646154  0.73969266838820980
  0.75053797606730033  0.76138323766791982  0.77237206284529136  0.78332285814077296
  0.79428645499840256  0.80544094029845004  0.81644695307482451  0.82735758955831051
  0.83809742227943906  0.84876591586298888  0.85931728402652419  0.86969390090363374
  0.88017001435319864  0.89100994904365793  0.90190856064614444  0.91294017617752832
  0.92402774827973744  0.93484178362875370  0.94528097478614703  0.95556135528269204
  0.96581994564798967  0.97683522800338174  0.98810160002371039  1.00000000000000000
 -0.00229393583174582  0.00926276516902850  0.01987807250763601  0.03110631351824275
  0.04285716060872064  0.05442796330768181  0.06623270924561760  0.07775518588995534
  0.08885222158187134  0.09953210418186881  0.11009541139016744  0.12058072409697149
  0.13120927020027362  0.14192582960920982  0.15281104157694392  0.16347052943144036
  0.17388854406545015  0.18428239268395588  0.19448285527512565  0.20475297000804682
  0.21494372235492512  0.22551567377662873  0.23617584935379371  0.24712820483022202
  0.25814179197103032  0.26933082474743386  0.28027384471964467  0.29109317232924342
  0.30179847016546507  0.31242950052428708  0.32295548788936074  0.33338526973515742
  0.34376903442677437  0.35422421922361458  0.36455745006846357  0.37473832068616492
  0.38509991054246001  0.39568558943760052  0.40633983192222145  0.41695133886645591
  0.42752608970370198  0.43803367055459758  0.44828021954539388  0.45803131894328691
  0.46733552581941645  0.47653091833115124  0.48584774855868357  0.49534207733815855
  0.50499690031848432  0.51440528287740883  0.52397725305216658  0.53433906082867366
  0.54554165202813176  0.55704478270131663  0.56791342542989198  0.57838455956334278
  0.58842574609621223  0.59816363023736863  0.60811063574639224  0.61853052952161447
  0.62915608589304939  0.63870094119475007  0.64832636315762726  0.65873239366505099
  0.66926605237913039  0.67947359865745949  0.68963532759368062  0.70039397598895903
  0.71116878681956741  0.72207891841738814  0.73286857544570938  0.74339896111098236
  0.75373865934246864  0.76433546186136869  0.77493921913418551  0.78608023440134034
  0.79649631237666951  0.80650989375553561  0.81709361266731151  0.82801444557945680
  0.83964546606073021  0.85030557951326191  0.86120689005967355  0.87193642898669466
  0.88295770257490958  0.89403656862888159  0.90454727851923977  0.91463917362327940
  0.92439475873285504  0.93440804844947145  0.94490726642030076  0.95565996902972095
  0.96700742980455912  0.97783962581556949  0.98913793899818980  1.00000000000000000
 -0.00201023237097507  0.00859699117145207  0.01808622688469033  0.02798717523902437
  0.03764385225562867  0.04812418161868712  0.05854081318536581  0.06894491493137228
  0.07918831305149067  0.08866994509472383  0.09809763836338764  0.10764245591132370
  0.11711220326525650  0.12680516275332915  0.13667210964105489  0.14688686391032543
  0.15763196075929017  0.16823380349146913  0.17856175255836926  0.18902380433925448
  0.19914245936943581  0.20864555507542776  0.21816381541269156  0.22818824008370212
  0.23884050655070721  0.24948458470136189  0.26007828211858325  0.27070744574374778
  0.28137247309310670  0.29204025829790836  0.30283334419256547  0.31367939379697041
  0.32460052589600136  0.33556340975178411  0.34650710667112161  0.35712351621855892
  0.36782271792103555  0.37899029547211138  0.39047822193206561  0.40162597622132890
  0.41233684091852718  0.42310943736771850  0.43421596344811386  0.44536577439877562
  0.45648888946490390  0.46780679755429433  0.47949993481709696  0.49061198521577948
  0.50152328570394245  0.51182961625208090  0.52205348551596809  0.53224969986057746
  0.54243654077532100  0.55262386009717623  0.56297497564332322  0.57369824284221815
  0.58468401778563062  0.59545546141033012  0.60610906809859233  0.61671527028485496
  0.62741869268270190  0.63797536027471158  0.64857877165899969  0.65897829709933509
  0.66951324058136807  0.68050083843482811  0.69189990000174351  0.70263537889617778
  0.71346359678195281  0.72424915575635185  0.73541320157005785  0.74614253926402208
  0.75713426845247167  0.76850278442461550  0.78018049595788230  0.79112715628265218
  0.80118574250277597  0.81090621783739336  0.82094611976881193  0.83139130406793293
  0.84197405601423636  0.85235528204237854  0.86276355205100985  0.87338300438554384
  0.88429955134177229  0.89524239941940609  0.90583675054685142  0.91666701131336714
  0.92748716676369947  0.93828105153913199  0.94834489742385941  0.95819776139487522
  0.96863824273684940  0.97930352122061648  0.98982302060053085  1.00000000000000000
 -0.00240979143020799  0.00977893618242611  0.01980453894109243  0.03039744192783283
  0.04113072774401452  0.05190008887456066  0.06242481088557832  0.07317334127381157
  0.08413279366610271  0.09548256370351731  0.10697106714654414  0.11810069867880202
  0.12937135785220547  0.14011961352883809  0.15021748329129303  0.15995778928792098
  0.17006740036035384  0.18063416655393341  0.19105749497583016  0.20167252057567089
  0.21208445661438718  0.22260072909096870  0.23280155453745252  0.24366662701462272
  0.25387496262634307  0.26358715015624151  0.27341314638458392  0.28341532576634637
  0.29347547255702783  0.30337907024585575  0.31324109682841172  0.32415493294321285
  0.33515701615184790  0.34593241530044305  0.35675572901463382  0.36689182035696716
  0.37700879635306828  0.38680032075239629  0.39704548500618808  0.40780644523407605
  0.41814766884778432  0.42806303635491799  0.43777607107567362  0.44757215912869741
  0.45763971898336048  0.46770637097074713  0.47772975653850208  0.48772301908175469
  0.49782924040155657  0.50817377659749585  0.51889769650916961  0.52953087877055061
  0.54052397427060261  0.55178833887744116  0.56311606842346118  0.57419798989788484
  0.58473065168484140  0.59504132435866408  0.60532696129209518  0.61552234863687916
  0.62571324002917317  0.63593211399769212  0.64646144733363875  0.65684663481954586
  0.66690556842680260  0.67686437142461897  0.68706070302630839  0.69775296781063489
  0.70918014424637177  0.72098174594514841  0.73256276575244073  0.74325313185910480
  0.75393171391033353  0.76474709477228464  0.77575927188386484  0.78645819123234162
  0.79701348291189711  0.80769175121668579  0.81789834628879321  0.82809663949315981
  0.83801937076806077  0.84812624348716170  0.85835325732388512  0.86901956949808290
  0.87983323047345052  0.89057136653160107  0.90137147200448076  0.91224382227811118
  0.92337329409733848  0.93451241456014067  0.94543829042621386  0.95636650040587323
  0.96710818804869181  0.97803000603674894  0.98882214191685103  1.00000000000000000
 -0.00230908222112745  0.00965321451089802  0.01977333157762219  0.02990396803916941
  0.04009090287955366  0.05056196057920316  0.06129977632020356  0.07165194140776834
  0.08180388516609827  0.09213032543024469  0.10263176534950513  0.11372722103939958
  0.12443599309840721  0.13554617678382161  0.14638882969656389  0.15704923996640030
  0.16824913308066372  0.17936458978638226  0.19049877246014085  0.20080825300158711
  0.21143309953812534  0.22205917677110840  0.23272669789199768  0.24376024747612685
  0.25459359434776829  0.26556110238963371  0.27630713036671883  0.28751407711228039
  0.29874060788673773  0.31001298040576081  0.32123488823932844  0.33234499264606632
  0.34316669642368525  0.35350460237426662  0.36381688424856978  0.37427255167443624
  0.38479811736760183  0.39556535572652740  0.40653553638353912  0.41727990625790284
  0.42754018898466573  0.43756511217188798  0.44752143011994699  0.45736946926172517
  0.46710966366273049  0.47715353792292342  0.48778158779755448  0.49840149391990091
  0.50886670939976497  0.51919056936582941  0.52967131651603661  0.54059628982964880
  0.55173302911176869  0.56303073269854276  0.57429968549173782  0.58542192381008518
  0.59630016110018769  0.60699309340854635  0.61770235179230581  0.62849626750268550
  0.63933912874253773  0.64990530464768759  0.66026806746239441  0.67066076677260711
  0.68123559818350088  0.69195051934084129  0.70263043636623557  0.71330347412266182
  0.72386951865698312  0.73439448155122800  0.74490640311167622  0.75583809666675861
  0.76709801392243016  0.77820558111583038  0.78890479804101610  0.79925913024040085
  0.80935120023947860  0.81945549830534248  0.82967341450786902  0.84032638500928214
  0.85113649549162529  0.86171929592904017  0.87190366055795698  0.88210370679150418
  0.89199059758698951  0.90135227149240371  0.91020328491743896  0.91922493456763821
  0.92868565392764379  0.93859596406843615  0.94895825073183704  0.95950904224136568
  0.96988704997241848  0.97994310315300714  0.98952066869289301  1.00000000000000000
 -0.00232125214984017  0.00938395665247344  0.01894399494165382  0.02978147764089868
  0.04035178095478626  0.05093575561980337  0.06159829679766950  0.07113700354763990
  0.08081175948851636  0.09072595404375691  0.10125920184844550  0.11182112175994741
  0.12218302197727707  0.13311425093663823  0.14419048082341984  0.15465074691831984
  0.16494327886935145  0.17519055928431021  0.18542004243766913  0.19554872031807535
  0.20595877468345558  0.21656818073966616  0.22696912040338668  0.23722795613255529
  0.24766196579257690  0.25854540278640864  0.26933569346476388  0.27979701556050335
  0.29022225840912591  0.30097632194025636  0.31177138022126227  0.32235455372937311
  0.33268204731715723  0.34336026858245422  0.35418683731600464  0.36504597343010475
  0.37544012846712882  0.38587620025535158  0.39644997696576062  0.40713227545591091
  0.41803024521081644  0.42903734651817216  0.44030123190331089  0.45108083521555348
  0.46159313192163853  0.47221310995244825  0.48278344163875081  0.49333443010845102
  0.50364576948671980  0.51433623032678666  0.52528209834726747  0.53648093510410466
  0.54754396030835317  0.55887738638939943  0.56977487263979898  0.58075755571535326
  0.59164716188811484  0.60282583323831784  0.61350229290509473  0.62440927416147196
  0.63518926802212661  0.64604611560458036  0.65578719840119459  0.66568351433460271
  0.67565240522109515  0.68636867596985984  0.69667490325412862  0.70702140629881349
  0.71750647849366034  0.72834419476951928  0.73919190131183443  0.74989417550743409
  0.75930245926797968  0.76850457186171006  0.77773222095530348  0.78763122777757877
  0.79763462228726645  0.80747660851951730  0.81837422421463335  0.82991482432884112
  0.84105996426845231  0.85174533194393010  0.86288170979630197  0.87425844562253341
  0.88522584613154853  0.89604338535620753  0.90657206605744411  0.91695139003752224
  0.92658814694664382  0.93645140089583390  0.94681228335149059  0.95777469190926534
  0.96832508919922078  0.97856436036876926  0.98928880278870901  1.00000000000000000
   4.2400635519283503E-012  -1.0000000000000000     
 T T T T T T T T T T T T T T T T T T T T T T T T T T T T T T T T T T T T T T T T T T T T T T T T F F F F F F F F F F F F F F F F F F F F F F F F F F F F F F F F F F F F F F F F F F F F F F F F
  <DiscreteSampler_grid>
  grouped_processes
  1 # 1 for a reference and 2 for a running grid.
  10 # Attribute 'min_bin_probing_points' of the grid.
  1 # Attribute 'grid_mode' of the grid. 1=='default',2=='initialization'
  0.0000000000000000 # Attribute 'small_contrib_threshold' of the grid.
  0.5000000000000000 # Attribute 'damping_power' of the grid.
 # binID   n_entries weight   weight_sqr   abs_weight
    10   10   3.000554601124491E+004   8.817994880427362E+009   3.000554601124491E+004
    16   10   6.936183908859534E+003   4.448514888760403E+008   6.936183908859534E+003
    22   10   6.936183908859534E+003   4.448514888760403E+008   6.936183908859534E+003
    28   10   3.000554601124491E+004   8.817994880427362E+009   3.000554601124491E+004
    34   10   3.000554601124489E+004   8.817994880427349E+009   3.000554601124489E+004
    40   10   6.936183908859532E+003   4.448514888760401E+008   6.936183908859532E+003
    46   10   3.000554601124487E+004   8.817994880427345E+009   3.000554601124487E+004
    52   10   6.936183908859532E+003   4.448514888760401E+008   6.936183908859532E+003
  </DiscreteSampler_grid>
