  0.00191811925471248  0.00194330883675985  0.00198481057319368  0.00202051070011593
  0.00205810588083472  0.00209825681117809  0.00213969109374880  0.00218318930838306
  0.00222973612574542  0.00227847794722350  0.00232815576737494  0.00237927004125345
  0.00243338918895823  0.00249076309839535  0.00254826343752310  0.00260582685283643
  0.00266513525021981  0.00272607633041324  0.00278861718801854  0.00285335553957975
  0.00291843134198080  0.00298709549429099  0.00305796619256715  0.00312992776037219
  0.00320229927308875  0.00327676516473823  0.00335499605267032  0.00343680583028004
  0.00352121749936247  0.00360602822777839  0.00369181675798588  0.00378153510786651
  0.00387481218721557  0.00397053150613742  0.00406912354921354  0.00417105913224619
  0.00427856587640189  0.00439117300848988  0.00450772734204490  0.00462368768892866
  0.00474678790730703  0.00487992511893239  0.00502164837935295  0.00517030561218880
  0.00532152830045081  0.00547460576934786  0.00563078486097464  0.00579162415568566
  0.00595815105400011  0.00613083658718656  0.00631166593737098  0.00650534264149376
  0.00671376818806138  0.00693219213978588  0.00715648094126881  0.00738687517546847
  0.00762965341811788  0.00789206327065861  0.00816417008871788  0.00844914551587860
  0.00874409918023044  0.00905433922276953  0.00938113679453593  0.00973022237616106
  0.01010264945105226  0.01050845882164766  0.01095059246476262  0.01141281161601094
  0.01189431165333573  0.01240856646647576  0.01295243022029526  0.01352852530704197
  0.01414962920758381  0.01482340697718661  0.01556018653755229  0.01637694718181419
  0.01727391565050887  0.01824624533998353  0.01930438518253100  0.02048562576573272
  0.02181382901249432  0.02327306451286614  0.02488083416029751  0.02673224763699993
  0.02895172401352029  0.03153180012074201  0.03469237234905091  0.03876285741962381
  0.04370235408963233  0.04924776239033387  0.05609429599170922  0.06593798682346774
  0.08052912976682300  0.10555828425060379  0.17769282131694875  1.00000000000000000
  0.00427483216486135  0.00543568794990239  0.00628206268889711  0.00707350002377753
  0.00783337464110917  0.00862488560283526  0.00945083643782439  0.01024943962638957
  0.01106054205005912  0.01190679429466273  0.01278653765015064  0.01371570290490672
  0.01472239127467951  0.01578772723882253  0.01685637632492945  0.01800120533110840
  0.01920473382377982  0.02044789234613665  0.02174230179023078  0.02299550317709015
  0.02429856922227291  0.02565395892444693  0.02707421289007977  0.02854924580781695
  0.03007689065811170  0.03166894823069779  0.03331309458058512  0.03502746851715861
  0.03678883524035279  0.03860036247276613  0.04047256454863332  0.04245617408257048
  0.04451588487378165  0.04671118847522697  0.04900389779894653  0.05140945546046592
  0.05390191504162809  0.05645534673076383  0.05903689043019220  0.06163208111968770
  0.06425232030351524  0.06697287924708026  0.06980347360763513  0.07274782684322958
  0.07585126985223531  0.07919299098277711  0.08278742337089721  0.08645935729707890
  0.09025687391877257  0.09401946509159356  0.09784959858444948  0.10177233187474774
  0.10589778124477457  0.11011711978988130  0.11451115653826417  0.11909111672804759
  0.12387722955434816  0.12892522802831197  0.13436819712299633  0.14013366096036184
  0.14603794198317954  0.15215247987828373  0.15858812609705059  0.16524498216914660
  0.17213770322265712  0.17930763866832439  0.18668187290689969  0.19405806650454152
  0.20168534446456829  0.20946679759353468  0.21749403588948366  0.22599634388105722
  0.23533545892934837  0.24567482364677939  0.25683200756911800  0.26846016506682974
  0.28056557065438320  0.29342797635887041  0.30725822097038114  0.32210515694962666
  0.33810234758067909  0.35563094653307897  0.37443823926981962  0.39461703946039750
  0.41611060239189834  0.43928149998231175  0.46439707624846693  0.49154946413635964
  0.52119711189106999  0.55457090616920701  0.59286428180144968  0.63765088762759092
  0.68968656424493591  0.75536661343654532  0.85152697955859280  1.00000000000000000
 -0.00207492035846172  0.00834051609410301  0.01782326022490669  0.02797937035561095
  0.03823901448212588  0.04848762289804703  0.05860385295841934  0.06920701650129035
  0.07975762440504140  0.09043991322497420  0.10119224565221044  0.11203777718059173
  0.12295308500039369  0.13410816531894645  0.14521829353331686  0.15574255699613018
  0.16595072638419153  0.17628246087035002  0.18708427883150075  0.19826903134973678
  0.20936710870556952  0.22011472304998592  0.23071388131415707  0.24088257623148773
  0.25105576124818019  0.26122490022990641  0.27157467881560082  0.28186625668433268
  0.29196795715521046  0.30249596899301345  0.31284980619559055  0.32325785975677362
  0.33347157697838620  0.34388295461062862  0.35446342412256460  0.36511981006541533
  0.37569193075051116  0.38606127382220523  0.39685233738425446  0.40776181889321378
  0.41864327211593821  0.42911864142683936  0.43960333317165001  0.45012712697305124
  0.46039276527854484  0.47041275771825630  0.48049113395668247  0.49066475053075964
  0.50106627786956226  0.51147170730023583  0.52195256542069313  0.53252032073890132
  0.54288598170448343  0.55302225671491179  0.56332175826301412  0.57428243086062714
  0.58544768824090831  0.59630985256275704  0.60693683190546843  0.61785243125908418
  0.62872699326739823  0.63972503818602988  0.65021510687033501  0.66068845112003483
  0.67085827831861755  0.68130848480890205  0.69183348163268110  0.70229399710032259
  0.71258093772951847  0.72261930696776377  0.73266151226382781  0.74283029019439839
  0.75356733524700192  0.76474268420361480  0.77553756824563014  0.78585212562137163
  0.79627245699789939  0.80677822860077808  0.81747042337473563  0.82808268253364092
  0.83882999193654373  0.84958990615030450  0.86048544646640335  0.87150039383833944
  0.88247128405489317  0.89297974519163170  0.90360974302263530  0.91445719309448392
  0.92541908172888943  0.93659837725639494  0.94747383177680333  0.95858003365751998
  0.96929504153676338  0.97978871326473471  0.99007474667288609  1.00000000000000000
 -0.00237634232261805  0.00890376610162606  0.01865136033253447  0.02892203413815823
  0.03962457191541453  0.05061510056482701  0.06158023419368922  0.07238337961265345
  0.08289401814020922  0.09320612972436651  0.10352774805226853  0.11414253013319170
  0.12465408004013064  0.13509980168931562  0.14578613627919626  0.15668374231904195
  0.16748474223886289  0.17826934946072220  0.18882975123936482  0.19970480579902955
  0.21058020316809625  0.22148211967630640  0.23210920815583241  0.24241796192934673
  0.25305395571492101  0.26404639273818081  0.27470062944159929  0.28544870728652649
  0.29588962389814827  0.30624927279292558  0.31627121229963856  0.32648922221779691
  0.33658610748409429  0.34697007831751814  0.35753100855753961  0.36804151174824390
  0.37807600402541475  0.38759234994154934  0.39749136777385963  0.40764564794870517
  0.41780374394879494  0.42861757854814425  0.44017470480916138  0.45160421370313114
  0.46245614152290054  0.47233441524656872  0.48266666656441404  0.49315676705022787
  0.50367257187578918  0.51400820596903218  0.52413174273179242  0.53428661066145899
  0.54459773424292413  0.55497820296111311  0.56507830212219601  0.57497665799202813
  0.58497348825400974  0.59547621851325405  0.60643695699131950  0.61746799929421292
  0.62847443859685348  0.63891686954786076  0.64954623914964749  0.66002811881340451
  0.67093467847722676  0.68153019028640205  0.69192748582266783  0.70276423817356948
  0.71405087906157994  0.72543238900439244  0.73627306091398992  0.74678305508941789
  0.75729385331092780  0.76774878622771303  0.77829387879643563  0.78892112560185235
  0.79934370154829437  0.80968349764258296  0.82012862529814157  0.83094439978355450
  0.84172124578875651  0.85248148756465225  0.86333305055323029  0.87411807740697389
  0.88485168491687383  0.89544569515023109  0.90613827440565264  0.91684371079423099
  0.92754367187174247  0.93786267759901842  0.94765248292720661  0.95756696071325798
  0.96775014999342257  0.97862185856843331  0.98933551622982696  1.00000000000000000
 -0.00251965905396391  0.00902435525597794  0.01903274959996827  0.02942396527459863
  0.04013356523000195  0.05114051319027053  0.06203910601973546  0.07350811533671767
  0.08471684029783684  0.09589042408105664  0.10695359080963830  0.11797400223672948
  0.12883768908147752  0.13974976083415622  0.15067360492670012  0.16161839915513440
  0.17221841231404680  0.18238230658474036  0.19241409722040403  0.20245509987795429
  0.21268047193667877  0.22311549442818818  0.23380586068986958  0.24478760209292205
  0.25585307750499775  0.26672484081854841  0.27749223427250064  0.28830588334231105
  0.29911510963450938  0.30992056794217487  0.32062191109562399  0.33122099614501277
  0.34178646845061428  0.35200906834771845  0.36233024518004092  0.37222616858966495
  0.38227594627374867  0.39218558739789278  0.40243388716827144  0.41289668016705217
  0.42368820676864583  0.43413647887789969  0.44451954754409123  0.45498440219538661
  0.46571529938369000  0.47658596321011454  0.48765496121121832  0.49852206995301429
  0.50893281441832405  0.51894484321717027  0.52881185295422573  0.53856013428573601
  0.54845445928620828  0.55838882754012864  0.56832152490228394  0.57840893664488868
  0.58870772581101249  0.59965249474156024  0.61050520018956078  0.62111682009664793
  0.63138447484867499  0.64156163036259528  0.65171330618423706  0.66230581489523321
  0.67340539492422102  0.68499359527210490  0.69626983715841850  0.70713871490150471
  0.71797611560401331  0.72878440244907694  0.73951195650756685  0.74985420277591219
  0.76028140433896063  0.77063246004087738  0.78106559238192519  0.79149461738473403
  0.80221245827674226  0.81306166390091017  0.82359444135359583  0.83398280493333565
  0.84421993692413599  0.85476651411508409  0.86491116800098333  0.87492764574784854
  0.88478602480140112  0.89503157615938900  0.90549651430548139  0.91600736303807651
  0.92687076414472735  0.93731792775994527  0.94776642492803220  0.95826438197015829
  0.96902848472308356  0.97981058998269022  0.99003693630788925  1.00000000000000000
 -0.00236383340391780  0.00922276447902163  0.01945859848077795  0.02985082182215306
  0.04044683818374423  0.05063374840281932  0.06076901899817747  0.07103293303804266
  0.08104358633970957  0.09112749681509466  0.10137889870788319  0.11215122661462761
  0.12284533816599769  0.13320441051485091  0.14367631166203926  0.15401940665171657
  0.16432147178113304  0.17458990335854471  0.18499616852684739  0.19550387872772451
  0.20597358481724143  0.21622068656339602  0.22636938488241498  0.23647515076457168
  0.24674314263218586  0.25715599906881020  0.26753064499633961  0.27786224376111324
  0.28811907238826262  0.29840734749197068  0.30878932657057806  0.31927190647009757
  0.32970417610507363  0.34003996599003233  0.35046852889272317  0.36104450069512267
  0.37162496334878581  0.38224031373838963  0.39293552154863931  0.40379948148581246
  0.41444281603397232  0.42506954178188661  0.43565692283458207  0.44617068324898046
  0.45673206947098233  0.46741257329054919  0.47841205160742861  0.48936601884053899
  0.50005735746618285  0.51062269735843191  0.52124509526631235  0.53211728380012746
  0.54306832394277726  0.55376155203700128  0.56421758110417919  0.57454551110391683
  0.58488108896322022  0.59532679273985989  0.60580530133072730  0.61645741586237812
  0.62734638299604073  0.63864652677096667  0.64976670030294215  0.66038782543663344
  0.67025651165543942  0.68006356007097390  0.69008406690831348  0.70064150391136426
  0.71161432186704299  0.72284903601208883  0.73423292566852405  0.74576723767478348
  0.75666904161851056  0.76735383463006568  0.77784716542874488  0.78852347270939505
  0.79915442689940708  0.80983160800048926  0.82064884025971407  0.83140519636110932
  0.84190954703044019  0.85234630637374953  0.86307133416292448  0.87395524112492518
  0.88489560059471772  0.89556524426271655  0.90593162548911965  0.91640650568891602
  0.92703212810936464  0.93763330046475157  0.94798521735224006  0.95824411862189562
  0.96873594416328923  0.97922895629113538  0.98961394733431340  1.00000000000000000
 -0.00232594379745975  0.00937486870875715  0.01920059188155419  0.02963210192349237
  0.04045221208306400  0.05026155393841106  0.06028078540144716  0.07048381119786402
  0.08176337649682254  0.09246721017528793  0.10310479978969510  0.11312488113350441
  0.12345951088698236  0.13360125547262808  0.14382993586200923  0.15400491491177282
  0.16420207828259029  0.17474640057315527  0.18547987899520385  0.19614481240205800
  0.20681816295312591  0.21742092320647635  0.22786958723240194  0.23793941404367419
  0.24812596551199073  0.25873900324924803  0.26948499261327913  0.27976502625358735
  0.28983523369332381  0.30009639670225569  0.31057477230529429  0.32110147934073374
  0.33162750654812911  0.34198737546746721  0.35246390402225530  0.36306038868974899
  0.37367897251587018  0.38416745216800724  0.39479638228320058  0.40562194154077491
  0.41659538969217014  0.42776794808856156  0.43863667848522958  0.44901885702461919
  0.45917622370199040  0.46965289697299745  0.48000005465020418  0.49014790117013146
  0.50019670820438300  0.51059684485815870  0.52089804447452204  0.53135995352394527
  0.54219895416729602  0.55322803403546994  0.56405777173304306  0.57461949703728776
  0.58505818766873463  0.59544406095113334  0.60589824858980701  0.61655832314272330
  0.62745155710345701  0.63823726749385890  0.64893294353150144  0.65967127676594672
  0.67034404152559834  0.68087825266697088  0.69130801622590488  0.70195324179707463
  0.71281162912125817  0.72375961462828964  0.73483045175066741  0.74574277323602023
  0.75648730360772054  0.76690535973041496  0.77724384890333287  0.78773631990176352
  0.79863202429545677  0.80929558403729374  0.81968081792090464  0.82993537307284782
  0.84018880250120076  0.85055166031450469  0.86111648357661474  0.87191141353010060
  0.88272086526774352  0.89335197516748788  0.90403395095582062  0.91484116514627578
  0.92546216541830228  0.93612968058564405  0.94703568843515118  0.95832703887018855
  0.96914309646060470  0.97972722263840828  0.99004656404195668  1.00000000000000000
 -0.00253418470362786  0.00926866499786477  0.01971667151479620  0.03022057601349449
  0.04062500904986727  0.05093762297547254  0.06125292124662413  0.07154919508675951
  0.08151369908879876  0.09198931074539400  0.10177472527879428  0.11244202978415314
  0.12288559081876335  0.13415319938697903  0.14493579504980564  0.15604902357273698
  0.16709420188709156  0.17831520366311246  0.18915255060780614  0.20003169032707124
  0.21080537436900340  0.22157776105727836  0.23212627482734285  0.24246395879010069
  0.25250836446800345  0.26264029100440395  0.27281080057906937  0.28318583037026307
  0.29352881823338889  0.30365458750416469  0.31398066939388908  0.32497393044108136
  0.33636450950586166  0.34755527617276838  0.35833094870722509  0.36904615807603097
  0.37969385919391951  0.39032791121371641  0.40085707952342453  0.41119805158612333
  0.42136646467995842  0.43163541184919541  0.44216989649100924  0.45283530625171481
  0.46320462603865270  0.47358685389894078  0.48431300805970823  0.49561845953963674
  0.50668997448601327  0.51721985518479208  0.52749025916757353  0.53782553761628205
  0.54824869939849774  0.55842845415668185  0.56830784944180357  0.57815396254951767
  0.58816449311617625  0.59847095301115405  0.60878380992127645  0.61915019058044329
  0.62963952464718453  0.64036238059133654  0.65105676210914931  0.66153405326449788
  0.67174564349220534  0.68166836134357822  0.69149311133382430  0.70137566777351945
  0.71121991499827442  0.72118840440425291  0.73137439989214281  0.74172843124475241
  0.75206380967703113  0.76201190596032842  0.77225334233595522  0.78331128358753666
  0.79421523604443867  0.80479919847023362  0.81515999039322529  0.82619944509582921
  0.83732418595353775  0.84867968752103462  0.85968997977677619  0.87032584733697893
  0.88047635180142647  0.89063913047224486  0.90116730395445999  0.91196830195889267
  0.92291301951697202  0.93388447490538240  0.94456307834659625  0.95516630908011591
  0.96621401606799184  0.97763656813512467  0.98906281091368953  1.00000000000000000
   4.1688358247110040E-012  -1.0000000000000000     
 T T T T T T T T T T T T T T T T T T T T T T T T T T T T T T T T T T T T T T T T T T T T T T T T F F F F F F F F F F F F F F F F F F F F F F F F F F F F F F F F F F F F F F F F F F F F F F F F
  <DiscreteSampler_grid>
  grouped_processes
  1 # 1 for a reference and 2 for a running grid.
  10 # Attribute 'min_bin_probing_points' of the grid.
  1 # Attribute 'grid_mode' of the grid. 1=='default',2=='initialization'
  0.0000000000000000 # Attribute 'small_contrib_threshold' of the grid.
  0.5000000000000000 # Attribute 'damping_power' of the grid.
 # binID   n_entries weight   weight_sqr   abs_weight
    10   10   3.205108649506814E+004   8.582976205991629E+009   3.205108649506814E+004
    16   10   1.891104181631334E+004   3.083196455297001E+009   1.891104181631334E+004
    22   10   1.891104181631334E+004   3.083196455297000E+009   1.891104181631334E+004
    28   10   3.205108649506814E+004   8.582976205991632E+009   3.205108649506814E+004
    34   10   3.205108649506815E+004   8.582976205991636E+009   3.205108649506815E+004
    40   10   1.891104181631334E+004   3.083196455297000E+009   1.891104181631334E+004
    46   10   3.205108649506815E+004   8.582976205991632E+009   3.205108649506815E+004
    52   10   1.891104181631334E+004   3.083196455297000E+009   1.891104181631334E+004
  </DiscreteSampler_grid>
