  0.02807603977283189  0.04819950181553796  0.06429601848223131  0.07567789188331631
  0.08515674072065468  0.09448120664393932  0.10392302327954843  0.11382470227950089
  0.12237417281978953  0.13212686614035712  0.14336105227290755  0.15644641436051485
  0.16789552100388391  0.17828546047569679  0.18762352181616948  0.19837093509453327
  0.20864285200206534  0.21785371516418547  0.22708749516185767  0.23626063534453962
  0.24524043902182960  0.25350317081267654  0.26140650310672603  0.26964841084479979
  0.28067115768838391  0.29350222424620093  0.30675266145297414  0.31979342882329204
  0.33177239532205083  0.34248495130707035  0.35157047479552672  0.35968347142664697
  0.36746614144802103  0.37541429723342201  0.38402051694389983  0.39381755003944385
  0.40379294063490678  0.41214230783125766  0.41922564560902936  0.42615724808787192
  0.43375679993151389  0.44182799761333907  0.44984301604064292  0.45827445914644482
  0.46635305098665647  0.47470856874557171  0.48441097679904199  0.49449240791728011
  0.50416748771554487  0.51455539750086987  0.52450963453675259  0.53497668901179918
  0.54497124119750162  0.55763072595740193  0.56985087914124688  0.57780098052341500
  0.58598212728585641  0.59378815728373335  0.60111539374654965  0.60809589816957210
  0.61508140677705281  0.62297272655554969  0.63129819131684162  0.63975021625806816
  0.64761376014124516  0.65483393273112578  0.66185741611678994  0.66974948949270152
  0.68003874638662742  0.69152661615204436  0.70364301285608755  0.71421443229960524
  0.72315123560766958  0.73244850445780341  0.74166857105858630  0.75046639765030743
  0.75898466856723690  0.76723383751135921  0.77749340209553364  0.78856358196597298
  0.79970373198676736  0.81108920943099705  0.82245450905642070  0.83347048998255147
  0.84440466638214229  0.85560978659223108  0.86862562905920482  0.88368248267539562
  0.89853227036848071  0.91337677078602131  0.92919061044572526  0.94362832846870603
  0.95548814968922247  0.96476339040733960  0.96924490369024274  1.00000000000000000
  0.00008961873070510  0.00011021085328798  0.00012209899729255  0.00013144204358352
  0.00013904561535639  0.00014611498980912  0.00015315797635240  0.00015988121845913
  0.00016649592007246  0.00017329926593351  0.00018109709510921  0.00018947101719482
  0.00019675063453953  0.00020309093095193  0.00020890908624604  0.00021471592296128
  0.00022098074638645  0.00022772467842070  0.00023382599458801  0.00023958871921285
  0.00024540441552932  0.00025154357601829  0.00025798484244638  0.00026436373938182
  0.00027073720727664  0.00027734736038057  0.00028472410285006  0.00029198223214527
  0.00029851617417204  0.00030524973180695  0.00031272458973550  0.00032114255641197
  0.00032925650889630  0.00033659220778456  0.00034365316208772  0.00035049574103801
  0.00035736235025107  0.00036426605362758  0.00037147216878445  0.00037974827826203
  0.00038977200699848  0.00040142108799607  0.00041395788416330  0.00042607448605464
  0.00043694349768906  0.00044804802878015  0.00045962482938917  0.00047146307001575
  0.00048368235112045  0.00049576994239583  0.00050728981123987  0.00051717865796585
  0.00052732386058252  0.00053861574654385  0.00055046119829781  0.00056603869453363
  0.00058591234224266  0.00060317864415939  0.00061943207635760  0.00063255579764457
  0.00064423701185624  0.00065620732443299  0.00066962359957144  0.00068842590007762
  0.00070650222685576  0.00072318969933255  0.00074041902174129  0.00075764292114162
  0.00077543212384692  0.00079915685090560  0.00082249568364296  0.00084531835028481
  0.00086500910982821  0.00089093699082519  0.00092707167413579  0.00097082736435658
  0.00102128247325831  0.00109730243071194  0.00123763617628209  0.00131852090536865
  0.00138675177760597  0.00145732546903758  0.00154443819591400  0.00163645575202746
  0.00171664253715068  0.00186091689929905  0.00199313596337554  0.00210270291392092
  0.00231164525561140  0.00261857398183792  0.00306197870240020  0.00334762688022309
  0.00368856692878327  0.00426367957024834  0.03019292996146735  1.00000000000000000
 -0.00002004783000596  0.00031557030821036  0.00103235594715273  0.00234205978009136
  0.00405346674383483  0.00621582163146180  0.00927796157227779  0.01257370151753711
  0.01676588705743929  0.02131539484135951  0.02541525835929581  0.02959482007427572
  0.03507043077138432  0.04132116337625152  0.04781930517880757  0.05417805450634808
  0.06103177071865669  0.06873394141390449  0.07682042604653051  0.08463766595568505
  0.09205272090017390  0.09929940255592050  0.10667299698314517  0.11461949841959129
  0.12293835802404991  0.13104778439996473  0.13978994629384134  0.15076818396359778
  0.16343340424027467  0.17458372211590023  0.18458698501562992  0.19515888689650610
  0.20596263175238694  0.21705138512472305  0.22949368060170197  0.24307837255243100
  0.25883851423941889  0.27481210521038668  0.28593349380457289  0.29707996804430425
  0.30764045922123590  0.31857234279879709  0.32861655512150090  0.33886619739874896
  0.34996013414821109  0.36114527788053369  0.37200254120240001  0.38412273715673112
  0.39809149490982843  0.41178778416403061  0.42490615942819143  0.43791011013545733
  0.45022821538082858  0.46271100045747504  0.47639339736981312  0.49102031336414709
  0.50709248364113280  0.52357762883612802  0.53769354942122405  0.55177322393080763
  0.56535986146182726  0.57815602495983121  0.58992511824388572  0.60052539793576110
  0.61149589297743401  0.62315641580800052  0.63539840121444469  0.64794827061867055
  0.66071145971745171  0.67374985911406760  0.68710961595680986  0.70051506810020447
  0.71303482299045595  0.72453618016869603  0.73572463633821572  0.74713348031359894
  0.75878779644725280  0.77011590569799615  0.78185830662042965  0.79399249817404138
  0.80603547521435326  0.81849021780969256  0.83085389289057698  0.84235423032719114
  0.85414533645440838  0.86628611474906081  0.87855578603233309  0.89403433101359009
  0.90870888561048768  0.92337471973344609  0.93791801882690740  0.95087562427541317
  0.96408815915113721  0.97645602501556594  0.98835380251907612  1.00000000000000000
 -0.00215913683786711  0.01164059007935606  0.02425806675670100  0.03796004179919552
  0.05361541583046186  0.06970885530078454  0.08570902115864480  0.10065986424540357
  0.11365606212613126  0.12472527163868473  0.13553171683020307  0.14657574789650038
  0.15525122478703682  0.16461768111065286  0.17521986536766296  0.18634203039676578
  0.19803005238532254  0.20929341305049295  0.22023528682238497  0.23111980011803318
  0.23994253059110085  0.24851968725177173  0.25682147728390403  0.26473806235349939
  0.27368995368760179  0.28361145847434771  0.29272057073914631  0.30143599036739605
  0.31054496102014228  0.32169031245217350  0.33524862198018412  0.34552955987907613
  0.35537544563196205  0.36498696899583716  0.37457692833265605  0.38402880567230913
  0.39360216861860714  0.40618970371329566  0.42008916877572483  0.43343688602651831
  0.44612211171030258  0.45879048563031866  0.46694294381313023  0.47511982113221102
  0.48328010946349836  0.49176818445168813  0.50069932417898377  0.50906523828011729
  0.51724320824215642  0.52505893988886043  0.53353748763430464  0.54205440700325491
  0.55368210077647440  0.56531469449896699  0.57881231742959771  0.58980968618790686
  0.60078178865596121  0.61211160243226559  0.62435560969390524  0.63666462192515050
  0.64869375883174663  0.66089044461350910  0.67247420770918609  0.68376426586104300
  0.69547004249893585  0.70588660559598215  0.71378325217700911  0.72062213068139391
  0.72807801424616458  0.73568519819679290  0.74334260357254267  0.75081592417334975
  0.76024123779635389  0.76985279848962418  0.78103724530396357  0.79052407944074266
  0.80044423147188415  0.80924730240523213  0.81871453120422732  0.82835437981931603
  0.83942272227204517  0.85205890745265100  0.86243812242540985  0.87220442537238407
  0.88050838645635809  0.88843259563987087  0.89693230017830894  0.90535548988696202
  0.91358829952036791  0.92203736441117345  0.93218110995354286  0.94372317326531607
  0.95751481631326396  0.97062590919939973  0.98488286454149709  1.00000000000000000
 -0.00263701636787889  0.00870435978413078  0.01921764503253634  0.02959695139757846
  0.04126410418833532  0.05332867629640110  0.06490449111408142  0.07530504062817943
  0.08486528773211624  0.09351813501226487  0.10204990572431033  0.11070482231001799
  0.11971147974046031  0.12936002928678883  0.13889831272029718  0.14902574912384242
  0.16049874294961664  0.17280928162947060  0.18515616474589455  0.19640572047260338
  0.20812630901685486  0.22049707102749422  0.23224322883563317  0.24168963185473372
  0.25095807730630948  0.26005420405207230  0.27036718272076776  0.28065142941291760
  0.29048410590939561  0.29929041672046464  0.30678516042285736  0.31544757495861636
  0.32488037850176549  0.33516800684055570  0.34592930065432176  0.35693605428201980
  0.36916372268238812  0.38229200571919925  0.39550964210666550  0.40609639173792722
  0.41599425915111005  0.42598911416596508  0.43595132087527005  0.44548531261888835
  0.45469490080994707  0.46516149359611281  0.47666865961021415  0.48816545069451461
  0.49914892249241244  0.50950512026024886  0.51876783961372663  0.52805215002829731
  0.53771310265282202  0.54839890588912410  0.56070658948138041  0.57488897153650453
  0.58969883821557478  0.60548721853513321  0.62229132968643330  0.63750653286597669
  0.65029006195696104  0.66014188934023510  0.67002746374746003  0.67947429091673206
  0.68898520164149990  0.69825525718315240  0.70800390218774367  0.71817124555030543
  0.72923918034084589  0.73991136804908375  0.75069466158955800  0.76159552795275931
  0.77301869589167804  0.78446884888494284  0.79569459446814139  0.80691830681934151
  0.81969685087950028  0.83246090725237054  0.84284476156573396  0.85161078095927190
  0.85985262923604666  0.86802145104896089  0.87655270264914087  0.88439108562022073
  0.89228966724519865  0.90136448852895790  0.91195088411339853  0.92253692790202801
  0.93113945696087397  0.94035207246307217  0.94946745005924382  0.95810775985641694
  0.96746834189977993  0.97748983038411297  0.98907927197408596  1.00000000000000000
 -0.00363837474515920  0.01549431395312076  0.02855977979667495  0.03968754679505695
  0.05001826377842531  0.06054637165100667  0.07085896517184576  0.08084974777908660
  0.09164146637732513  0.10199605317886312  0.11118972152069662  0.12031885808371073
  0.13012638354213624  0.14041766412240655  0.15047488643946424  0.15978892159699493
  0.16928228971208278  0.17906976230635943  0.18825181641864705  0.19665147555989129
  0.20505597464690248  0.21418730698177246  0.22424010944252940  0.23381304423387486
  0.24361102695654069  0.25458080689700874  0.26711729955578478  0.28123240647715325
  0.29486263426002329  0.30395022704532226  0.31271956431166670  0.32039773252112608
  0.32762193323535943  0.33511067059210675  0.34285504572730491  0.35111203485850784
  0.36195881006725283  0.37604739582413654  0.39190621907177436  0.40640358186556519
  0.41849694443644253  0.43119948894906723  0.44448089561493748  0.45832169565187797
  0.47247554595653557  0.48605640596537780  0.49993803620046168  0.51488150628946550
  0.53104421023987658  0.54570997644947961  0.55666391157809081  0.56690235324610927
  0.57722690594904691  0.58751298638297744  0.59948583047380199  0.61198542675317724
  0.62510525785753146  0.63815471355803144  0.64953762620056033  0.65875777992790641
  0.66746875779255244  0.67602377839256056  0.68423299584826158  0.69283171956280154
  0.70140125891115035  0.71200318637628723  0.72328299420894326  0.73410513829789870
  0.74400893744312013  0.75458870260311350  0.76660710912712293  0.78032635805325046
  0.79347750288547869  0.80468585293267558  0.81510218889516517  0.82588297331032989
  0.83614539643189056  0.84579309953728743  0.85474323900346316  0.86165130204335205
  0.86899101043412441  0.87830593573987426  0.88732026906294537  0.89515819280795006
  0.90264102391548784  0.91069769985495874  0.92031651033687645  0.93141936596757791
  0.94197876645025402  0.95201127445896649  0.96151177829328582  0.96986060137234575
  0.97772144630467850  0.98511442887538714  0.99275705920094903  1.00000000000000000
 -0.00092695020180373  0.00453285710810934  0.01034291932620289  0.01579081013020569
  0.02202888051690642  0.02920680098887527  0.03679258083015333  0.04472199367916563
  0.05407697958948435  0.06355656495037747  0.07265242456393613  0.08179217221614379
  0.09165879503950036  0.10265908792786786  0.11502864478617346  0.12703794046831274
  0.13682809878942256  0.14558879132803992  0.15406656498143695  0.16288314604844928
  0.17263131382921448  0.18310085539414822  0.19321766104568916  0.20423732555202159
  0.21462894094611751  0.22472115810904533  0.23513740151248158  0.24681294227343559
  0.26059097832236638  0.27588250402025460  0.29063028299122523  0.30357452806119772
  0.31460758093017088  0.32461624764794300  0.33485630663311017  0.34616619570300938
  0.35939446932709707  0.37174920253244897  0.38187426308181610  0.39116266830777685
  0.40091686731440757  0.41010608680574479  0.41947937402137681  0.42947282886104893
  0.44017721360661444  0.45114432898086398  0.46257635961300408  0.47405061096799594
  0.48546243129728228  0.49682954012969177  0.50911667938750360  0.52213767043669435
  0.53620338436490111  0.55068375246374879  0.56419441954962213  0.57446590463347202
  0.58440772592353707  0.59410208553777277  0.60382794425750286  0.61300392827080241
  0.62162496863889949  0.63339812516976746  0.64597506948400385  0.65811884601749493
  0.66892187427638905  0.68119884561027499  0.69278123257773061  0.70330137889207378
  0.71351795206519886  0.72378974811696106  0.73329635087515166  0.74221987228547148
  0.75136131296062281  0.76184301098660534  0.77244642640573846  0.78336539124810245
  0.79523487587310582  0.80847715583537927  0.82215731119106006  0.83488352522106091
  0.84599508285901992  0.85678474444985397  0.86788619740121875  0.87935203216765057
  0.89086199787680476  0.90228415666729556  0.91345013835756017  0.92308772289718766
  0.93265163357059300  0.94118856038468646  0.94972952163647906  0.95872974360884533
  0.96754899516661608  0.97716464604468400  0.98843633368553419  1.00000000000000000
 -0.00228891336657636  0.01155772392645462  0.02344499279172216  0.03230425873074148
  0.04136113697144735  0.04993517315185142  0.05883731580048141  0.06863256321718567
  0.07948365515657693  0.08921434570949910  0.09675807044976441  0.10459669390776340
  0.11290228553284687  0.12133680601276813  0.12933439766075136  0.13742844047001510
  0.14589140037855930  0.15588733534446403  0.16566167781262553  0.17436146849628317
  0.18266741822333191  0.19058843070158391  0.19905938289622452  0.20846221632837672
  0.21826887603503384  0.22860475762350135  0.23883920264709080  0.24840563124841086
  0.25932196113296319  0.27039913097195101  0.28190767965164104  0.29357943922913138
  0.30570207894344770  0.31756410078787278  0.32945221445640677  0.34095640788945664
  0.35216544031686559  0.36502297083935303  0.37960390167262725  0.39400552790534460
  0.40976160597424477  0.42623600837651388  0.43856501665966452  0.44880626252775013
  0.45761081923786284  0.46696502715563870  0.47614852014487241  0.48627707970535633
  0.49583840072543939  0.50570293200174743  0.51728026237312164  0.52969174718281709
  0.54322134091325669  0.55554973257285423  0.56763848598859690  0.58034825458552508
  0.59354019773372446  0.60573682456075340  0.61771054641440037  0.62904678185098106
  0.64022704664894303  0.65153005459961910  0.66365060098785866  0.67496882267526881
  0.68722278300138340  0.70023578450649848  0.71339176913914848  0.72570348292545095
  0.73662415997873387  0.74698205330942158  0.75773271293507616  0.76911746631392153
  0.78177257323008598  0.79389212605658221  0.80206822945260148  0.81035233108206384
  0.81824633078958897  0.82730129235475069  0.83680522876117713  0.84420053765966696
  0.84970887203467582  0.85621344389433074  0.86386853969707234  0.87402701118668069
  0.88808973494857368  0.89818829510882336  0.90690583502668964  0.91532435771924947
  0.92531397298394447  0.93679411886793185  0.94889319503240444  0.96044645741257340
  0.97181255164083213  0.98259083089243227  0.99188011361211037  1.00000000000000000
  0.04843460875220722  0.24320187169891266  0.31454415984902867  0.36415313051003700
  0.39950557969595146  0.42572633303150936  0.44827364317786239  0.47001698378152135
  0.49454063421688926  0.51902507118514574  0.54044362002734758  0.55763961336528756
  0.57253572668459651  0.58590663669555854  0.59892884980236116  0.61074718334059919
  0.62239664523990290  0.63423168114519590  0.64592924532570251  0.65654151097424862
  0.66588533523334059  0.67454463540613097  0.68329533536673870  0.69224045728874739
  0.70087136571958586  0.70892403334672149  0.71684598630014551  0.72471776635155805
  0.73287640538983689  0.74109608749299005  0.74817856916188952  0.75479606593037807
  0.76182815878426624  0.76837809035818605  0.77427296081988684  0.77967845311319328
  0.78500727922060398  0.79041352911518825  0.79558376575862677  0.80030726246130113
  0.80434505191827632  0.80847181582121763  0.81250996386096519  0.81659451751569645
  0.82016003505620461  0.82348192032610901  0.82684993214624247  0.82988943003901738
  0.83330704713064385  0.83728399046555213  0.84171791016786246  0.84614616493474881
  0.85017356447672077  0.85367991066703452  0.85662531997406210  0.85925138231144782
  0.86203935754687133  0.86478274097909058  0.86744268274793801  0.87028737238099596
  0.87340709613211087  0.87660830554261460  0.87974928818229603  0.88312843255480344
  0.88637331537175168  0.88961347611287100  0.89300271190706448  0.89664142349993681
  0.90035039103773185  0.90372525416518434  0.90681097450545445  0.90964920563280605
  0.91230787632143373  0.91490528328178267  0.91742774565603147  0.92025875822396175
  0.92294105345278876  0.92570557969709233  0.92868749294753405  0.93183431226254654
  0.93472159602438643  0.93736496944714320  0.94021615686958782  0.94301733203426463
  0.94575920851278750  0.94859700267560132  0.95180319622508358  0.95534254896011772
  0.95919126152637113  0.96341570813712829  0.96758914707697974  0.97218706094972862
  0.97761984743453412  0.98393870910039027  0.99135317330831052  1.00000000000000000
 -0.02062633264226677  0.13653886241266372  0.18549533895362369  0.22303178174539812
  0.25296944660499565  0.27709266060819782  0.29793315030481693  0.31721139210411181
  0.33753953923759294  0.35526873853254154  0.36909406696799929  0.38037668113142298
  0.39082302266379143  0.40150604014884866  0.41266574892087632  0.42261481986038657
  0.43148189075125037  0.43974489986945264  0.44729701410901351  0.45480706024247380
  0.46225519903183415  0.46908695851695764  0.47543511464817800  0.48244389167624313
  0.48992884862565073  0.49828665588080018  0.50509640618246932  0.51146798868555077
  0.51772565913566537  0.52416814144375246  0.53161189511422802  0.53965233354698783
  0.54704322426900454  0.55390592761271706  0.56008778707973961  0.56563193257796796
  0.57108829246091997  0.57706256148726709  0.58325612085999123  0.58903090470823583
  0.59421333432852486  0.59857286293191125  0.60256138728119168  0.60666833063669567
  0.61082091705378083  0.61531341616161284  0.61963473660456803  0.62354137226528650
  0.62951281051368480  0.63664032899656886  0.64441105732180370  0.65200744362762952
  0.65897290112770557  0.66590029709500798  0.67165390812210357  0.67673258862544239
  0.68159811710601537  0.68641624744040952  0.69147770635617134  0.69668538199260888
  0.70197793238495476  0.70739604359150643  0.71297082851696814  0.71878063326123331
  0.72480642948192930  0.73084845382091757  0.73682152330780604  0.74285600498759075
  0.74914304137183996  0.75486597321050797  0.76012566850280405  0.76548637384418938
  0.77083342921425813  0.77591808963571729  0.78137375701496881  0.78742732409717764
  0.79316191588861729  0.79819830962579963  0.80310164196565881  0.80800935367146420
  0.81351808189295849  0.81954048347474961  0.82585556844797126  0.83246802534350794
  0.83935403464527669  0.84667023510269246  0.85419544437611705  0.86175229855186974
  0.86998210151131661  0.87870080208874035  0.88799952509573055  0.89793322843995138
  0.90882193435288794  0.92382112368458402  0.94666635917178021  1.00000000000000000
   1.9154449392250477E-019  -1.0000000000000000     
 T T T T T T T T T T T T T T T T F T T T T F T T T T F T T T T T T T T T T F T T T T F T T T T F T T T T T T T T T T T T T T T T T T T T T T T T T T T T T T T T F T T T T F T T T T F T T T T T T T T T T F T T T T F T T T T F T T T T T T T T T T T T T T T T
  <DiscreteSampler_grid>
  grouped_processes
  1 # 1 for a reference and 2 for a running grid.
  10 # Attribute 'min_bin_probing_points' of the grid.
  1 # Attribute 'grid_mode' of the grid. 1=='default',2=='initialization'
  0.0000000000000000 # Attribute 'small_contrib_threshold' of the grid.
  0.5000000000000000 # Attribute 'damping_power' of the grid.
 # binID   n_entries weight   weight_sqr   abs_weight
    10   10   1.276999806109758E-010   4.693456582496197E-020   1.276999806109758E-010
    11   10   1.276999806109763E-010   4.693456582496216E-020   1.276999806109763E-010
    16   10   8.250561736857610E-011   2.236747771635980E-020   8.250561736857610E-011
    17   10   8.250561736857619E-011   2.236747771635987E-020   8.250561736857619E-011
    22   10   8.250561736857614E-011   2.236747771635982E-020   8.250561736857614E-011
    23   10   8.250561736857620E-011   2.236747771635988E-020   8.250561736857620E-011
    28   10   1.276999806109758E-010   4.693456582496195E-020   1.276999806109758E-010
    29   10   1.276999806109763E-010   4.693456582496214E-020   1.276999806109763E-010
    34   10   1.276999806109758E-010   4.693456582496194E-020   1.276999806109758E-010
    35   10   1.276999806109763E-010   4.693456582496214E-020   1.276999806109763E-010
    40   10   8.250561736857614E-011   2.236747771635983E-020   8.250561736857614E-011
    41   10   8.250561736857620E-011   2.236747771635988E-020   8.250561736857620E-011
    46   10   1.276999806109758E-010   4.693456582496193E-020   1.276999806109758E-010
    47   10   1.276999806109763E-010   4.693456582496215E-020   1.276999806109763E-010
    52   10   8.250561736857614E-011   2.236747771635983E-020   8.250561736857614E-011
    53   10   8.250561736857620E-011   2.236747771635988E-020   8.250561736857620E-011
  </DiscreteSampler_grid>
