  0.00191015069009986  0.00195004766023386  0.00200082140143453  0.00205304432334127
  0.00210373233432607  0.00215671678126931  0.00220623650714459  0.00225475338666472
  0.00230205267046289  0.00235086324291329  0.00240091119420607  0.00244953528279565
  0.00249964228166393  0.00255281915390679  0.00261001163718024  0.00267488088993659
  0.00274121190012906  0.00280919490941819  0.00287655460744734  0.00294531863189568
  0.00302408972723262  0.00310940181276444  0.00319658335488419  0.00328179132525166
  0.00336401844540769  0.00344613771790010  0.00354079770309252  0.00364118936873357
  0.00374154996525381  0.00384891174952674  0.00396936116504571  0.00409831142902377
  0.00422652464107475  0.00434941845018719  0.00446733296212568  0.00459325450245521
  0.00471925835511575  0.00485124252264782  0.00497901586751400  0.00510644082518541
  0.00523383772842206  0.00536884022372486  0.00552221751048196  0.00567565771810706
  0.00585082135343415  0.00603496390156839  0.00623919487251205  0.00647203239223910
  0.00669045689459264  0.00690779667716177  0.00713107891113297  0.00738010230268015
  0.00766186679996275  0.00792978955982820  0.00820001970073290  0.00847474466437189
  0.00876549196695197  0.00906576472512574  0.00937830978210243  0.00970343887011144
  0.01005473480157733  0.01044283732384946  0.01086470611400630  0.01130958651910727
  0.01178628954472669  0.01229590631869943  0.01285326361537945  0.01344293374764835
  0.01406101770428923  0.01472939417020000  0.01547918997056517  0.01629813931320101
  0.01718371253558033  0.01817122580482569  0.01926608377473281  0.02048853783768633
  0.02186737064745884  0.02344295025056035  0.02510852253295038  0.02677990061785167
  0.02864974692688312  0.03076840510967162  0.03298607752912211  0.03549470213381094
  0.03833439503626131  0.04186875523773670  0.04589599048529427  0.05065423471103312
  0.05651935746313420  0.06442843439984579  0.07499182679359473  0.08880258223969754
  0.11026518039573240  0.14620151106130974  0.24683596080783415  1.00000000000000000
  0.00500594889522423  0.00581146215973284  0.00663549425453861  0.00731470089510862
  0.00793507176840375  0.00854135233251220  0.00914557196877859  0.00983630253453848
  0.01056817505852172  0.01122711271135031  0.01190965212686902  0.01266518862793646
  0.01361697210663542  0.01465618731090543  0.01568151166055060  0.01678748651777794
  0.01780762298848330  0.01890129911262493  0.02000320260834617  0.02113416055772382
  0.02235251019853459  0.02365652914699221  0.02497245431617370  0.02628298957933937
  0.02756373502128518  0.02889471459042602  0.03036626156701944  0.03204482985856994
  0.03393514121565220  0.03585988377889088  0.03784897824563212  0.03996081936016449
  0.04205707844798806  0.04422401127494324  0.04642243539247956  0.04856320516429531
  0.05073126276121673  0.05311013726325199  0.05572539470027803  0.05850925919209796
  0.06126013497328434  0.06410300665855649  0.06700583469047040  0.06981520623925867
  0.07280551054364892  0.07608031498390963  0.07950726766432453  0.08345799067140298
  0.08737924108948725  0.09126602813424686  0.09517192326540848  0.09900836651739597
  0.10282143446199163  0.10660731622853971  0.11040784002920004  0.11490511993878910
  0.11953710940039430  0.12421810291206328  0.12881637910044749  0.13387926305444969
  0.13953365123029998  0.14585846638728039  0.15267464084216448  0.15980128218154482
  0.16701104816860007  0.17436548993272585  0.18277325633729069  0.19181433434887921
  0.20085799998622422  0.21023371948344258  0.21980179357712262  0.22993124058236422
  0.24092269708422170  0.25258594959348896  0.26573836099711318  0.28017725112046082
  0.29539426274295638  0.31094370675809252  0.32617760209291907  0.34154772310047182
  0.35744420148816758  0.37497968252541919  0.39411902780664615  0.41408115210694663
  0.43462858402162780  0.45621132189050700  0.47963516010387369  0.50652289370753212
  0.54039506116764024  0.57888026237522072  0.62110123767910186  0.66560363491373098
  0.71738928278296077  0.77941667910728518  0.86600563012578335  1.00000000000000000
 -0.00269502846011635  0.00903227915891707  0.01961755254514275  0.03081297506227538
  0.04227005101945798  0.05262625973356128  0.06284518954201149  0.07346938811975642
  0.08446089459987627  0.09456078314969614  0.10430248363921066  0.11462502176085587
  0.12498653054100020  0.13499261145375097  0.14527971990304955  0.15656338977691220
  0.16740712783703166  0.17670117573653174  0.18525774273357989  0.19365482413044063
  0.20262941916894942  0.21213177138655301  0.22206657538983499  0.23271728028315289
  0.24439670673274122  0.25633811451231747  0.26764978356120156  0.27761381329117757
  0.28667787692577151  0.29602363326825687  0.30634731697508805  0.31796712566902990
  0.32966215303437996  0.34135387717659271  0.35249142129871586  0.36298886900125699
  0.37367767705489446  0.38493320341692838  0.39645711615477969  0.40804671462287151
  0.41951418564597376  0.43133201501697704  0.44388867871232851  0.45650087593633148
  0.46797001947210676  0.47843152173356829  0.48880111822429179  0.49966229824943170
  0.51038124959515574  0.52110592766826314  0.53211931738084883  0.54348165797719095
  0.55497437053297738  0.56600847424796208  0.57738898831600471  0.58903769128514172
  0.60028357758372164  0.61077266081888282  0.62032602895475120  0.63002796812755812
  0.63993080650731948  0.64974730941207159  0.65964655095466385  0.66961124244345571
  0.68011251997330135  0.69112032189745243  0.70129702791531412  0.71187977382335854
  0.72141050597072987  0.73116054946296782  0.74005969505440106  0.74966655722049902
  0.75898806607965530  0.76900060877568321  0.77987304227142373  0.79148644479490848
  0.80322441944740630  0.81493444934882564  0.82702515761706852  0.83869450773339227
  0.84950743787382210  0.86020012859884298  0.87138588942515138  0.88260120613212045
  0.89296410532843085  0.90264181157395429  0.91216678214893532  0.92223953637347644
  0.93290307603879130  0.94337546346932355  0.95204527724828014  0.96068151722012884
  0.96926009821782699  0.97972240322877879  0.98969125529695956  1.00000000000000000
 -0.00189311515617766  0.00815170285624205  0.01666012266303748  0.02573698793515479
  0.03451685259718772  0.04376251331825887  0.05453997271943632  0.06599653342394327
  0.07745726285220525  0.08846775389808247  0.09891120473655039  0.10897661640458541
  0.11934359382641109  0.13119058033872688  0.14379936120048536  0.15583667394759360
  0.16730030802990434  0.17887040570624818  0.18994215880499657  0.19979238275646710
  0.20855531386579884  0.21694229128440132  0.22564019291747167  0.23562375144619488
  0.24605347080915610  0.25604276857991798  0.26562753133271283  0.27565871099721079
  0.28663281122229978  0.29837278590103800  0.31046559535955370  0.32215302204291352
  0.33331540467695447  0.34372967831950030  0.35341911577634466  0.36293773327332213
  0.37263212796143363  0.38283373476164428  0.39314023688524130  0.40364717602069661
  0.41455181930301704  0.42461802587645603  0.43386703923606751  0.44312281531167352
  0.45188440773647798  0.46121415095213059  0.47162619916044890  0.48250545808746947
  0.49331055788421652  0.50370599253158976  0.51494442916441685  0.52533633572242711
  0.53565375153400030  0.54545000641105279  0.55466771888460764  0.56352038945538485
  0.57250164603034259  0.58194336491947474  0.59126739916758864  0.60058718128108357
  0.60962529555647527  0.61829275911450987  0.62701404231924129  0.63614825848259204
  0.64632339479404943  0.65709481243127743  0.66854483602266512  0.68088877257078018
  0.69324411882815862  0.70522301554379940  0.71698267284150108  0.72850550334762432
  0.74007616105150231  0.75155215302807410  0.76384176764745459  0.77592653034952241
  0.78785348873383887  0.79861751678909088  0.80897361148973457  0.81933395317834168
  0.83059047642684003  0.84270796217807753  0.85566849456815097  0.86858656450889693
  0.88051187271591991  0.89175924023009612  0.90288616260601418  0.91506372008654557
  0.92690162827164901  0.93864801380233398  0.94918346543978327  0.95968258807889006
  0.96909978030654065  0.97891841302868643  0.98910181632070893  1.00000000000000000
 -0.00205915835887636  0.00855400044044914  0.01755801200569818  0.02689590336115893
  0.03609051954883492  0.04534071322247137  0.05519998913487024  0.06562608952367810
  0.07625648713155476  0.08692279149259260  0.09699807098389975  0.10698967842707147
  0.11681972427482018  0.12695156778168987  0.13820237264224763  0.15016479731052468
  0.16154179233549759  0.17221283260417300  0.18208166422965730  0.19164209690255496
  0.20144326375144400  0.21207619773740088  0.22428387913774314  0.23673753524800573
  0.24869576812965674  0.26047505238068758  0.27098642345148088  0.27994342664812094
  0.28903028687523702  0.29878115197188554  0.31005330616763888  0.32158587139318445
  0.33243965155733551  0.34303003750927891  0.35325940319693921  0.36299825313506878
  0.37311668351814392  0.38398837087142723  0.39561641154044441  0.40692106459064997
  0.41795451673280215  0.42857597385956137  0.43891037464423122  0.44921449097849175
  0.45931416964951671  0.46913734417257930  0.47929763153577215  0.49020324621523281
  0.50031370084279114  0.51178751911859743  0.52243653409320245  0.53456885547345268
  0.54650211707974738  0.55917954467427855  0.57186618722560500  0.58414171493811684
  0.59585953321730900  0.60695674723359128  0.61773461196743229  0.62870259644940674
  0.63954917886307749  0.64930966113003941  0.65818651353122382  0.66703963934162736
  0.67668498529257737  0.68702163278720052  0.69717891234084828  0.70649977224829019
  0.71588601640312954  0.72585359179062670  0.73646859779327933  0.74737428240262238
  0.75828822929189621  0.76966184030984297  0.78134626059060774  0.79294076179799577
  0.80406350506091562  0.81524762163614173  0.82672784226239138  0.83791804872028897
  0.84838080757918699  0.85778951066444198  0.86705369854137626  0.87673533851600527
  0.88703190966271983  0.89704806172368923  0.90666476098406024  0.91704937763006900
  0.92787934192048394  0.93790778506700034  0.94713521325814487  0.95607080038437886
  0.96661432322013674  0.97818377606805607  0.98926341062034973  1.00000000000000000
 -0.00293465060858296  0.00874956175680583  0.01888730216742578  0.02875349789543667
  0.03901394655903362  0.04901980367141057  0.05901094680636276  0.06924357809929978
  0.08039876626602667  0.09238817758927478  0.10434493003882457  0.11511659605418412
  0.12493857744912477  0.13469813913208556  0.14473099384022101  0.15479808770434156
  0.16527542916292015  0.17597403824687591  0.18699345709763451  0.19810995404506362
  0.20848734078854819  0.21816518002637617  0.22743332120698539  0.23680880741828478
  0.24710077647955761  0.25958268375817439  0.27242986289797588  0.28417644893088156
  0.29450562759553484  0.30452573163380642  0.31465204081717157  0.32464004731051049
  0.33439631846652812  0.34332036666156079  0.35237508540652268  0.36182619095345386
  0.37212377279693365  0.38302887973316752  0.39412451451366803  0.40603597525074386
  0.41847292863135743  0.43061546027487740  0.44192813945111442  0.45249847646366187
  0.46279665953109506  0.47283955330314736  0.48254517328460100  0.49247471249745650
  0.50307346295584376  0.51426503720933070  0.52552174822243070  0.53669088164651768
  0.54826091393524212  0.56038823059879384  0.57260802573812242  0.58391924619182023
  0.59389212689869442  0.60372996103959553  0.61367777517565425  0.62304571161981059
  0.63205229222056536  0.64073694422486926  0.65046814600996317  0.66043706368291588
  0.67127407736217415  0.68228782920424025  0.69254148272857829  0.70218094429659461
  0.71161738337032610  0.72101147071610228  0.73043176806874366  0.73985609656701656
  0.74937349913080975  0.75873394793779714  0.76762782612755698  0.77660343000193210
  0.78627691797585619  0.79709392987546956  0.80868564818203026  0.82007220502929234
  0.83193668028751833  0.84323690815481445  0.85449343363117580  0.86505996959508646
  0.87589046947294269  0.88679378369928130  0.89834567452029290  0.91013553927151047
  0.92159000217772535  0.93270655095370314  0.94378032061294614  0.95520903807743995
  0.96648387896698451  0.97780492001917685  0.98880546289099758  1.00000000000000000
 -0.00176262415015970  0.00857877278570433  0.01731459620286047  0.02641169833323154
  0.03714800521206869  0.04910250191272705  0.06191784096848909  0.07457611438266877
  0.08616168336237792  0.09719959627347576  0.10781000185154205  0.11827378091510796
  0.12893892795670339  0.13982689009251631  0.15088882163816350  0.16204780396442459
  0.17291965217874788  0.18370096235260974  0.19467924638071762  0.20612152676485812
  0.21713204768637054  0.22805575678990778  0.23838446412937089  0.24870719761659241
  0.25909490583316602  0.26967275103736316  0.28005623533935520  0.29064898921810961
  0.30183627113553946  0.31299534941598872  0.32304476134375476  0.33182162118868841
  0.34081346313168653  0.35028378500344609  0.36029546882291497  0.37086889688881036
  0.38086433336889913  0.39117193368246506  0.40168961232211620  0.41230124655268174
  0.42288063671535081  0.43342737373497936  0.44406324231501004  0.45461890719345488
  0.46621982004186951  0.47841752971758966  0.49243664657385733  0.50537120960953263
  0.51824765547256124  0.52986487082808997  0.54124203181170438  0.55229065095396201
  0.56238747882515405  0.57196070902953466  0.58104905854054212  0.59015504224627935
  0.60011666329379798  0.61044901756045544  0.62100451948646673  0.63144805704091089
  0.64248946695909415  0.65379520236392052  0.66506325272998490  0.67624427083229433
  0.68628985148733601  0.69530241168388518  0.70365723997093688  0.71267400818848992
  0.72288098606224283  0.73349445950090364  0.74419745260107628  0.75434170578036908
  0.76477578092696974  0.77548361709052549  0.78687767234206152  0.79791317962121855
  0.80851844910021686  0.81846256133865725  0.82876865307373493  0.83870496385645299
  0.84808343312501189  0.85711823499406492  0.86537541304442023  0.87419669834859526
  0.88374605793453076  0.89377970958280972  0.90413241383370080  0.91430250894931608
  0.92465197664231946  0.93523797380050755  0.94612221245248096  0.95708106941061688
  0.96785166096638720  0.97835333453804096  0.98925932186089249  1.00000000000000000
 -0.00243256290263151  0.00901015708046790  0.01752809707627584  0.02672510326778312
  0.03614553987288863  0.04621093562679468  0.05578867669793856  0.06574259124094554
  0.07513868818595187  0.08478909356885633  0.09438865042991394  0.10469005236177396
  0.11560222767434834  0.12675773346334734  0.13820121332078977  0.14986066210756391
  0.16015145298855929  0.17128924607578735  0.18241751567865691  0.19346330765736822
  0.20450846810641107  0.21393612660934314  0.22278848860968106  0.23120815792265992
  0.23902398358084223  0.24737528434666467  0.25565275540684618  0.26551030261874703
  0.27555802953611203  0.28627074060865204  0.29700221323390652  0.30957294057739654
  0.32428860629057227  0.33820147324978916  0.35069878511730429  0.36264868432753655
  0.37407912321087133  0.38481868734804980  0.39513750134360237  0.40539061586895525
  0.41617935739437056  0.42754885458885489  0.43944576278479458  0.45000983016353474
  0.46026400865510197  0.47105050228651468  0.48205316185707625  0.49201162546354421
  0.50043808683581836  0.51056794778859427  0.51976103636050774  0.52894137107173400
  0.53816020207180204  0.54766825942644903  0.55783386497192455  0.56883594702156615
  0.57986815068567499  0.59059585873076070  0.60027230356699235  0.60944685885802796
  0.61862114885216912  0.62770492215805840  0.63740400181168311  0.64726297212396477
  0.65742288450606479  0.66819167314145811  0.67927743170603994  0.69037242205397076
  0.70177297051803200  0.71324302734855460  0.72491435131550241  0.73628859433851745
  0.74746007116983126  0.75741359654178031  0.76706368753462295  0.77701401955050620
  0.78740504186411220  0.79821722673494577  0.80937548175221308  0.82165264815629069
  0.83444877558907926  0.84625820492690729  0.85731316195071894  0.86792911856798671
  0.87880928744401465  0.88974193392244472  0.89943523431396855  0.90872419500062296
  0.91798880842773101  0.92867264395844795  0.94031359517068769  0.95323464552071624
  0.96566570539099328  0.97751803532555059  0.98895912044435241  1.00000000000000000
   3.6697779735071102E-011  -1.0000000000000000     
 T T T T T F T T T T F T T T T T T T T T T F T T T T F T T T T T T T T T T F T T T T F T T T T T
