  0.00171702272480145  0.00380009866041197  0.00570788386018060  0.00769100923308462
  0.00973355454168041  0.01177093061903998  0.01375054301448903  0.01574782061625033
  0.01788824517005009  0.01994123070376596  0.02200756870269152  0.02414610411113942
  0.02648235012711274  0.02880131341765037  0.03114216825949127  0.03344156040557687
  0.03581382922194731  0.03821478252549848  0.04059488619531761  0.04300275515030646
  0.04543655645663507  0.04788386607276116  0.05031447100771830  0.05266298576646040
  0.05501598533738385  0.05733588340792210  0.05968240083819664  0.06212029641786174
  0.06459136673719604  0.06722966629836048  0.06988001899785395  0.07250509851427644
  0.07513784668019566  0.07781827230170828  0.08057569771042701  0.08341799962366404
  0.08645146095286879  0.08949355618244662  0.09254491002044389  0.09564241592699667
  0.09884801818596207  0.10218172888702100  0.10553920903339804  0.10921554507244155
  0.11310898785571627  0.11704137700337450  0.12121914494796654  0.12555012344051589
  0.12993267776179937  0.13436576422604429  0.13883821684224409  0.14336413371508605
  0.14806863254755803  0.15267750907283514  0.15724435933319014  0.16189221761832376
  0.16669558902457721  0.17165743041676571  0.17680966541356763  0.18234705107759414
  0.18810806378006728  0.19407532886825304  0.20016818612163736  0.20624520401901419
  0.21235726292923454  0.21873851488061516  0.22546197962903236  0.23260841685093203
  0.24029945038075071  0.24853377666789658  0.25706885488936038  0.26573794860217093
  0.27505769020368409  0.28486851127582213  0.29497094290434456  0.30522926486164115
  0.31566083179195187  0.32645324983667434  0.33768665348851828  0.34939634465245190
  0.36143119173405852  0.37334589322026207  0.38592915832654556  0.39949970165214582
  0.41421680291439666  0.43014998059125209  0.44709346982379533  0.46540137421716382
  0.48583534399176370  0.50876908967418188  0.53516515899861294  0.56587758967873469
  0.60366502912563447  0.65463082225766744  0.74480355293001743  1.00000000000000000
  0.00417410057286186  0.01103293806342362  0.01346422547733989  0.01606323216547061
  0.01893661788440060  0.02196634087548269  0.02508892911205594  0.02807031851007079
  0.03116260086935195  0.03482748796755515  0.03908601353089105  0.04324308037168105
  0.04722682277380769  0.05117909886475682  0.05522645731348356  0.05951990569819788
  0.06395791584586100  0.06861098073244563  0.07314379257126517  0.07791225961866299
  0.08248594782177959  0.08734033433857832  0.09243789288952588  0.09791445766078971
  0.10334401430341213  0.10869568413710726  0.11444364206264504  0.11969156393832990
  0.12513962498922715  0.13056288875523592  0.13599322271596556  0.14118598034910793
  0.14620261233721521  0.15124920634179478  0.15641679620247201  0.16159565368378892
  0.16672512836565598  0.17175567390545962  0.17683848260165044  0.18213303164221326
  0.18784789416162961  0.19369219045358008  0.19972456082164575  0.20565506788322704
  0.21152946838753769  0.21755255439924909  0.22383472313465266  0.23041111592639021
  0.23671626677618457  0.24299782904022046  0.24961429017343359  0.25658187931117654
  0.26417728346718117  0.27218297340655290  0.27969619329361800  0.28740262046694193
  0.29500667409439851  0.30292279176414921  0.31110210062941340  0.31910322605165309
  0.32720675543438288  0.33553018042486304  0.34429836008175818  0.35357400703854475
  0.36311118678175375  0.37289167242298893  0.38281965266975421  0.39254963051973329
  0.40275244194453647  0.41319504635130122  0.42410027565889241  0.43551082352529802
  0.44757304334395226  0.46034730208336999  0.47328775381293814  0.48600783054539737
  0.49872718006770450  0.51145093347646775  0.52462419723740694  0.53862946452236171
  0.55356713347290687  0.57045337378312122  0.58770728726452059  0.60518457459869579
  0.62274322673433025  0.64098954123836938  0.66042431405181212  0.68081303960856943
  0.70260616987904201  0.72543809636270151  0.75019290247025605  0.77752554440656685
  0.80921373243743788  0.84927505946966375  0.90671067991314380  1.00000000000000000
 -0.00228146680780467  0.00797407194283379  0.01769001997991192  0.02805423925562229
  0.03890201317584174  0.05015199191862445  0.06113348624406551  0.07191043026876857
  0.08249855735200118  0.09321730461031645  0.10401225767289729  0.11442704378672910
  0.12494908967134725  0.13571003362771455  0.14692055179093427  0.15850817929129216
  0.17024177463662818  0.18184236081932287  0.19262909089512562  0.20284211442756322
  0.21299176999062452  0.22303834141447007  0.23294305525553338  0.24309990410397922
  0.25430597010525030  0.26563721842445842  0.27614611987000481  0.28608455899990948
  0.29594158037409546  0.30577844055876768  0.31547119186417749  0.32527438750968801
  0.33504435979776692  0.34472855359186366  0.35421971883475989  0.36417479861088992
  0.37448639733257799  0.38572127170816145  0.39659597424788334  0.40866396187346826
  0.41911313938537004  0.43000975706273709  0.44050925301059685  0.45118663470800391
  0.46241511738244623  0.47349502210203409  0.48439658676481140  0.49511124628988479
  0.50518402351357761  0.51468221536563385  0.52423545961905882  0.53357287294680322
  0.54348372356942032  0.55359164739687738  0.56434881184618568  0.57451733121573167
  0.58422566949001864  0.59387501191292880  0.60366220720605079  0.61391305978956168
  0.62451171221244295  0.63565906423734131  0.64660773062120636  0.65738936834679118
  0.66812831951088747  0.67933870609982949  0.69049313990685146  0.70125570150817840
  0.71190385988051530  0.72240199772718283  0.73287525009500776  0.74348287560491078
  0.75430420191933145  0.76512004734038275  0.77599827119320652  0.78637249446275659
  0.79654670782070358  0.80654307155012950  0.81675844003481146  0.82740920104893323
  0.83826276404913980  0.84908593053759085  0.85977172363195986  0.87013058736237248
  0.88034030313261435  0.89055836265837818  0.90089931148215674  0.91101682899068481
  0.92101671887723369  0.93100994516908975  0.94147412731547531  0.95193334219788783
  0.96332883561064453  0.97525087166137436  0.98774538907122045  1.00000000000000000
 -0.00241682484241829  0.00983695492452007  0.01997002254944916  0.03075451939387613
  0.04114984232549961  0.05184590157020028  0.06223001777713401  0.07300151223811557
  0.08398602710750241  0.09554539146318428  0.10697015214189960  0.11845404910332345
  0.12972653974350107  0.14144513176941051  0.15344606135236519  0.16548231659952745
  0.17703444009250355  0.18831237305623544  0.19959769474752614  0.21175896944551545
  0.22409238173490392  0.23570717851519873  0.24689344826992185  0.25767142083557165
  0.26805453265601009  0.27797952219814082  0.28804446553032764  0.29852746158192683
  0.30848322217688789  0.31777973728192443  0.32719537079519873  0.33670252298496084
  0.34738216502831654  0.35850530285300997  0.37031593914486033  0.38210307772772117
  0.39418585683080543  0.40593832032617699  0.41703410689497528  0.42755367490671620
  0.43807370618106378  0.44795063563447696  0.45760565719810115  0.46748746240676559
  0.47760326618073812  0.48776089256540611  0.49726832088460765  0.50721960433123958
  0.51735345572195746  0.52793419959734056  0.53821986162927582  0.54884279925763801
  0.55963599878030945  0.57053190288281197  0.58168433075584258  0.59287797740276382
  0.60410207051357478  0.61524853482514519  0.62644782561966772  0.63808763123165591
  0.64914830150056413  0.66025685171259063  0.67071263114823099  0.68073110769760103
  0.69001539309964943  0.69915063056815308  0.70852454348565508  0.71855950656747158
  0.72890407153349479  0.73947943321729237  0.75018338383985472  0.76020697342929233
  0.77003467841791207  0.77950266272159074  0.78898948995847984  0.79876736451497188
  0.80873226960370503  0.81884976327883519  0.82865978318920042  0.83791784137138503
  0.84682767165594253  0.85602163751895088  0.86548761242005312  0.87511492087854348
  0.88487498766406136  0.89522028448392288  0.90624522720585932  0.91698489076699263
  0.92724812883779451  0.93730407015851636  0.94741666379343203  0.95758767200355588
  0.96765534355684168  0.97824961233356300  0.98894131133822161  1.00000000000000000
 -0.00236694527021737  0.01023279808758790  0.02003475522219992  0.03077925181862814
  0.04118144166985575  0.05190181388864220  0.06230630553197325  0.07224026721100718
  0.08267836043155634  0.09335387538684857  0.10424030572535020  0.11521560500193838
  0.12587205289529987  0.13605983707752969  0.14630649930596468  0.15624844403734314
  0.16692148813606669  0.17676059279022743  0.18604054933936609  0.19513162687996966
  0.20462208313786517  0.21496112790311300  0.22539676943257714  0.23640061458165512
  0.24755701275570430  0.25788879016290350  0.26782418519795670  0.27797932688683186
  0.28858359331444855  0.29883603050875829  0.30867927692177705  0.31867853350520459
  0.32902594664512502  0.33920262958814446  0.34925565523627472  0.35963596651922036
  0.37029264389249006  0.38076116674814459  0.39114510457079893  0.40190084918944363
  0.41333875693384275  0.42446640756803378  0.43515459839247311  0.44567812590990091
  0.45647563391686846  0.46806943987028460  0.47994182428255344  0.49149437929163575
  0.50193184270982605  0.51224913965127927  0.52238665512399340  0.53267402011847398
  0.54292808635506540  0.55342895150612370  0.56434863364986587  0.57569417189230887
  0.58746294431879753  0.59924997653066903  0.61053765624763501  0.62173818277687420
  0.63254571530865800  0.64330107035894979  0.65388692838799400  0.66406291007470353
  0.67388550886995247  0.68370704012370609  0.69403399564619050  0.70489383490694268
  0.71597470134821251  0.72708888900914503  0.73816499148217884  0.74888785232185973
  0.75904251975267423  0.76909701297208233  0.77925166401423596  0.78952499462055670
  0.79975855997705614  0.81011407434549110  0.82058108083936032  0.83066016912108864
  0.84019001792722692  0.84983850342236356  0.86022932328995316  0.87138564333028834
  0.88290289343037198  0.89377553399861065  0.90449267473235617  0.91489648255067868
  0.92525126952538961  0.93576384805269330  0.94592537424603029  0.95662528633730548
  0.96718365720588939  0.97833312183291543  0.98919285310261718  1.00000000000000000
 -0.00223726157601052  0.00897884343905537  0.01929844824080869  0.02993017029548526
  0.04086386993925620  0.05194906635172664  0.06302640825207984  0.07344435022803857
  0.08383677546679402  0.09434079426110428  0.10565928141437167  0.11646549263565317
  0.12663376733684786  0.13664040025403781  0.14711855630922230  0.15809348101565018
  0.16864836674312414  0.17902375076298507  0.18913495357833143  0.19891246954520897
  0.20872072334382577  0.21847813871045080  0.22853426096194052  0.23879571413633124
  0.24915042602578744  0.25980256637378063  0.27100951166221465  0.28248994426613483
  0.29363491611339410  0.30417335649093014  0.31442666382403783  0.32513045598050988
  0.33554925512356315  0.34566972937356938  0.35579779445338355  0.36633415618724474
  0.37738069987450634  0.38898816228565369  0.39979945568460662  0.41045151925458967
  0.42101220572619047  0.43112565567687888  0.44099390187435700  0.45071151993048181
  0.46058495992244675  0.47056937507752872  0.48035958143636098  0.49065984055483319
  0.50102950769882360  0.51154970942227640  0.52229355725583160  0.53343634866889122
  0.54467690770516852  0.55558332636780239  0.56628279513414281  0.57714291228686487
  0.58762635925184414  0.59825423990680471  0.60912158708160535  0.62067356085936110
  0.63175424315702577  0.64300207161056366  0.65444074992728529  0.66567791894885997
  0.67588408053116023  0.68615962541056807  0.69655545644230610  0.70738178779865923
  0.71754969054335394  0.72753489351835920  0.73725862248598251  0.74717658627778616
  0.75783597285228854  0.76903595010409431  0.77980304084842078  0.79020221333245189
  0.80096544895423682  0.81213009398436575  0.82308631344259986  0.83379127834246713
  0.84455973134380935  0.85489095986210317  0.86495438052292950  0.87532087876594966
  0.88589379318028350  0.89648807681056375  0.90701955215395091  0.91777647103795168
  0.92815645995457008  0.93788685841502062  0.94796859588407645  0.95839248405801780
  0.96907922059073504  0.97944966067811867  0.98968565512615791  1.00000000000000000
 -0.00208868708063291  0.01049290487876748  0.02110438741613346  0.03157472983384771
  0.04201573227960663  0.05273024679292908  0.06318045491811936  0.07346934925676163
  0.08367600910318905  0.09410255254603345  0.10484108322881532  0.11576157814569309
  0.12681709588891987  0.13746885388987315  0.14786698358533082  0.15839923601144340
  0.16916769813756097  0.18021860275145118  0.19107232130900004  0.20148687209046198
  0.21152563885974196  0.22132562246028181  0.23141859955937649  0.24170400183618443
  0.25193182156767846  0.26194568757154990  0.27213898301919492  0.28245085875803905
  0.29250324908453429  0.30261613444021002  0.31357987648577496  0.32583682416669518
  0.33749597883319055  0.34798636348093465  0.35834514778019100  0.36869848754461942
  0.37923069143955568  0.38949318422341195  0.39987748947442753  0.41090980596091786
  0.42193042240035528  0.43302208106478046  0.44378687699897401  0.45473502501724494
  0.46571010781408995  0.47658484207717755  0.48725288326613991  0.49810744169147958
  0.50871150340830706  0.51909071499201254  0.52966478216507495  0.54119467155659573
  0.55290109128403409  0.56431648004339363  0.57522883223470300  0.58604078390824743
  0.59675327378099619  0.60792677002852291  0.61893794606655972  0.62955590983932563
  0.64000553013661698  0.65037597475818787  0.66040763028617100  0.67028191507583390
  0.67988898529965125  0.68958756433488200  0.69936178883240641  0.70948875661461974
  0.71918601706491037  0.72865993705147181  0.73793650959222401  0.74744051629155461
  0.75737839400960916  0.76769261727096916  0.77841966678719010  0.78941659987797019
  0.80042080192241116  0.81120380541414727  0.82143714949862201  0.83197254741244386
  0.84300955338266814  0.85452771070499689  0.86554697769262512  0.87632907682686412
  0.88736703761382218  0.89849666999714528  0.90899920866722406  0.91919864725771483
  0.92937856559531040  0.93945477073887440  0.94930637109140592  0.95917325559443745
  0.97005033935115970  0.98069128675718886  0.99056323448565753  1.00000000000000000
 -0.00227314807179920  0.00892740855519197  0.01864853877008302  0.02829159281698972
  0.03790326162616874  0.04798727676209429  0.05772937504846015  0.06768457846718320
  0.07749885551605566  0.08827609615560160  0.10007077960464260  0.11134397095941570
  0.12199463995567973  0.13274687155258363  0.14314343030845464  0.15345968236374494
  0.16355635532493826  0.17369127160499154  0.18372214215131624  0.19352865840980502
  0.20345090216524772  0.21380687663901229  0.22443999937456569  0.23533707101011606
  0.24622335145771218  0.25721481664940238  0.26793015148776672  0.27835531181553130
  0.28877641636510099  0.29970615754087127  0.31066505397080119  0.32122648959936051
  0.33139018467053460  0.34121552161973673  0.35112354018607750  0.36097612348424701
  0.37102537217393528  0.38084129110473125  0.39039121252772074  0.39968239207149531
  0.40927584877377687  0.41917725853715726  0.42938918949719740  0.43998579845156938
  0.45101619635084572  0.46205255786107097  0.47264338299978359  0.48332241740471549
  0.49434026949124982  0.50584620873198327  0.51725672833981662  0.52893298608362982
  0.54053894628711452  0.55188325665352433  0.56329518127551881  0.57440758639553668
  0.58517419196774301  0.59570486066142325  0.60606414847921297  0.61655603249776891
  0.62699255980315916  0.63715247421192789  0.64767733304880459  0.65871603046237071
  0.66994443795596614  0.68127124406756800  0.69257501658165932  0.70368066514369476
  0.71400285170487665  0.72425459856104812  0.73481154596750120  0.74559372022623882
  0.75641013936787838  0.76727361546288264  0.77837324853699219  0.78962179554242373
  0.80069204532756733  0.81147205352500029  0.82219643159674560  0.83253768920185778
  0.84249909767951525  0.85253279993260234  0.86297579388169021  0.87402852383656926
  0.88525493170860592  0.89611630115775232  0.90684042301347401  0.91714665118180361
  0.92763021585092587  0.93816197465659756  0.94869082951830863  0.95929730483258469
  0.96989734711013631  0.98017726139239869  0.99016924001768114  1.00000000000000000
   4.9965563600695030E-027  -1.0000000000000000     
 T T T T T T T T T T T T T T T T T T T T T T T T T T T T T T T T T T T T T T T T T T T T T T T T
