  0.00191644669206253  0.00194635901723383  0.00198516096444392  0.00202530392593682
  0.00206311334123054  0.00210342854796273  0.00214645551225925  0.00219097104860911
  0.00223692825999558  0.00228370383964146  0.00233125483492912  0.00237994823112477
  0.00242918937324254  0.00247991043237981  0.00253305656628728  0.00258763786791105
  0.00264209729607154  0.00270091065070206  0.00275942969661186  0.00281887583030643
  0.00287969772414650  0.00294322120089788  0.00301029598498982  0.00308334349602311
  0.00316235053780728  0.00324273721254560  0.00332462317190723  0.00340823185961782
  0.00349205462708804  0.00357617122683425  0.00366231954761546  0.00374960411044435
  0.00384144408667631  0.00393710625170023  0.00403406829581514  0.00413443680752978
  0.00423690449507400  0.00434417300324007  0.00445831426907410  0.00457700110255829
  0.00470140044349637  0.00483477101650332  0.00497441725215456  0.00511810238975180
  0.00526809193480425  0.00542763077899562  0.00559635789101964  0.00577049796859348
  0.00594972237955176  0.00613259883291657  0.00632552929675953  0.00652656599951277
  0.00673754588701376  0.00696296063125912  0.00720799862503046  0.00746414631775885
  0.00772349304455246  0.00799054241438473  0.00827488321339375  0.00858373112794507
  0.00891461400787765  0.00926072068902216  0.00961440839031607  0.00998175218186305
  0.01037118836837159  0.01078345272264432  0.01123499366936398  0.01172060902622990
  0.01222475507299797  0.01274958076743604  0.01329980063367497  0.01390081437687883
  0.01456929739748323  0.01529272304832923  0.01607624531592327  0.01694537927562531
  0.01791155985489698  0.01896260069588535  0.02007562736007027  0.02129208977102737
  0.02264423716537808  0.02412232673600936  0.02576813591895715  0.02760436487207061
  0.02976945815294656  0.03225331514306143  0.03535285648564227  0.03945775613407864
  0.04457265159170813  0.05041616284797886  0.05759020208729097  0.06738875352817288
  0.08221916995403135  0.10727047930972967  0.18804690488023390  1.00000000000000000
  0.00194665492972796  0.00359116465358064  0.00467753393016348  0.00562527786403802
  0.00650944677576704  0.00743476847449159  0.00840093910154056  0.00938328637298130
  0.01038205275185035  0.01139353461562022  0.01240964843182012  0.01343847711818644
  0.01452150321236154  0.01569422047461393  0.01695542843333426  0.01829770340415836
  0.01967976174130755  0.02111014442310022  0.02258354104698882  0.02410322379562410
  0.02564512037946062  0.02723983396739033  0.02890192805216404  0.03064581932184391
  0.03244825271543354  0.03430159729580008  0.03617546638907662  0.03806245258748916
  0.04002807968778869  0.04206005916365520  0.04415740118896511  0.04639109586485216
  0.04873469019474776  0.05116525183210892  0.05363484547257856  0.05627072125758028
  0.05906853082756737  0.06204294573513798  0.06503103278051321  0.06799618956029080
  0.07102272340225467  0.07417205288597384  0.07751083386935582  0.08102825900176833
  0.08466259910429434  0.08843191884529931  0.09227230278575956  0.09614440801153749
  0.09997886737081457  0.10394401783140805  0.10811296401491206  0.11258462085413390
  0.11739237619216940  0.12224506935379839  0.12721281770088988  0.13224511783883589
  0.13757410800352485  0.14310437671809309  0.14876481539725059  0.15457798503931727
  0.16049549623706785  0.16661280070801768  0.17309370118219064  0.18006552027238909
  0.18751945526548322  0.19531660724092653  0.20333396012639804  0.21144504103905859
  0.21965435208710052  0.22872048007348150  0.23784977726272596  0.24760622911173369
  0.25823275253627104  0.26944201325737849  0.28098578698013632  0.29299456491208453
  0.30581722761704105  0.31960695521646248  0.33408833505361574  0.34891702512430478
  0.36486391032087589  0.38157345344915761  0.39917753597260935  0.41834932860010449
  0.43899285940685789  0.46164857228090633  0.48641345427907873  0.51295512237975471
  0.54136811450776423  0.57259319639295936  0.60830586881256488  0.64900097254015621
  0.69746129688581371  0.75836160546418774  0.85053041770161864  1.00000000000000000
 -0.00209783178633307  0.00845779037827738  0.01786726940993290  0.02846453084684540
  0.03883570806534545  0.04934936780489035  0.06011899404550404  0.07129383077507026
  0.08203607994033263  0.09293745980601094  0.10336203247370775  0.11398991715875899
  0.12431971944178956  0.13509606749097997  0.14579231202002541  0.15671213303300474
  0.16750915917243558  0.17930787357096523  0.19039973966814733  0.20111200069602203
  0.21201243719352772  0.22284931410691503  0.23382442849012081  0.24440415695948503
  0.25481808892448354  0.26498977807032659  0.27506544894370427  0.28558251214740898
  0.29635879802172443  0.30740626627291801  0.31832678846613854  0.32915906329065425
  0.33986638900996513  0.35059961052960364  0.36134456757597333  0.37189753079459598
  0.38227580215087570  0.39244642699573029  0.40267614333703777  0.41296291110171363
  0.42335145050763329  0.43378646313861224  0.44422373756851108  0.45472659266156512
  0.46515748003175644  0.47576675053514600  0.48602955215925775  0.49709959864350545
  0.50803345111234421  0.51916237089963335  0.52998784433780710  0.54068720666062409
  0.55116903451631649  0.56160400907520114  0.57171586155909260  0.58215189200202777
  0.59215367230724036  0.60227593095033494  0.61251845642488978  0.62314566536712690
  0.63423674450440914  0.64529605602327733  0.65601279576119431  0.66655114110334912
  0.67672771116770836  0.68663986583461900  0.69634584406977806  0.70620733609293440
  0.71675350177349240  0.72736704142454656  0.73817484687044277  0.74884775390503189
  0.75948694417197860  0.76983336782282641  0.77979515155120416  0.78990295771512464
  0.79992406167086882  0.81004287887022586  0.81993528771708679  0.82979667505395205
  0.84021404393565435  0.85058154726399038  0.86069423953747615  0.87053300897059116
  0.88079434650601918  0.89145742012905538  0.90216132276619843  0.91293750705196897
  0.92405018825379692  0.93489806903624084  0.94575867823222104  0.95653674039010994
  0.96732388854716245  0.97787012362594949  0.98883128790067187  1.00000000000000000
 -0.00266762505116608  0.00961531178914413  0.02026876194177865  0.03055460162389274
  0.04065483489795046  0.05053729250366748  0.06103639334271528  0.07180931148235305
  0.08244395150143362  0.09288355990241283  0.10334831378913878  0.11434943141004879
  0.12533077200360068  0.13629702540180805  0.14696837804114177  0.15711923226069954
  0.16739893862151203  0.17750410564601218  0.18780453575568315  0.19783778569349031
  0.20817320087555422  0.21907515949363907  0.22962018836606207  0.23991724221364058
  0.24989025421075509  0.25998678610628367  0.27018111464469696  0.28049222870376384
  0.29061636133355728  0.30062435418866013  0.31105339428251022  0.32177487884333755
  0.33252759425303757  0.34283749409305170  0.35314116456270273  0.36361763534006447
  0.37404252936070020  0.38469280521002119  0.39552754451559891  0.40660214457984112
  0.41801625290309813  0.42907330889749440  0.43957613557184994  0.44995301353761463
  0.46019943979003086  0.47094198864304510  0.48164612939852836  0.49255211808829807
  0.50359527057699816  0.51535667677496100  0.52678950106165912  0.53823377450614074
  0.54927250645510595  0.56068787087458627  0.57145032047577726  0.58172317952185826
  0.59195258127629724  0.60246693415805097  0.61376325011609389  0.62527712039234473
  0.63659459275512009  0.64779223877035375  0.65885825778438223  0.66934903183652172
  0.67936135381284324  0.68911720550748468  0.69910390550560553  0.70944396759643868
  0.71980017215154968  0.73021024472562979  0.74015702401265004  0.74990388344284820
  0.75993955104598387  0.77021649766494060  0.78080810106156606  0.79098881113267261
  0.80117293135825773  0.81158639168394819  0.82227105548937229  0.83324058289448122
  0.84358333833734633  0.85424486669659194  0.86472655971207457  0.87568508782961374
  0.88662507502730914  0.89708657750487342  0.90784540891695475  0.91792436186233994
  0.92823380754890383  0.93844731284285521  0.94870921359376248  0.95894160205383105
  0.96897637835559525  0.97896017745858155  0.98930640210518384  1.00000000000000000
 -0.00225313439582227  0.00870951298834630  0.01944032758535661  0.03025834957601688
  0.04125158584712281  0.05209667573734664  0.06287343425405256  0.07392851779671508
  0.08509225416993847  0.09576185361214999  0.10622510606236368  0.11654720763473810
  0.12705489915363316  0.13737212336193202  0.14776308547142308  0.15823933118903344
  0.16870728290624576  0.17880254723969757  0.18872526335044540  0.19873864382144935
  0.20893376019921933  0.21926979903374780  0.22978626273817979  0.24036354327432943
  0.25074372682295498  0.26107982278341246  0.27146180494312899  0.28199757991725033
  0.29258433287309055  0.30356946603668455  0.31480778091652312  0.32591336315063746
  0.33661106789734779  0.34690081884912999  0.35738384918185495  0.36785214152811219
  0.37842638310733817  0.38879077484366020  0.39924285991525543  0.40981467266287369
  0.42032773374059917  0.43066876459336251  0.44085573966470520  0.45089516329321311
  0.46126173795500897  0.47198908427238584  0.48320105270894737  0.49457639571808870
  0.50526501743615815  0.51507158711181988  0.52463716051511844  0.53448244279098978
  0.54440413677074584  0.55405154944689383  0.56379264405157714  0.57377501050914492
  0.58365569551599894  0.59402859612991576  0.60481396075149474  0.61592579928828661
  0.62691889904892584  0.63771966531229496  0.64860972413054463  0.65931310754033845
  0.67022441858199255  0.68146454361778819  0.69257932704034209  0.70361776068338877
  0.71446146267244481  0.72532160994433414  0.73600444510707919  0.74619310563680930
  0.75651123520597596  0.76704387331662682  0.77783536399274666  0.78843849351869333
  0.79875892979871110  0.80897069600449834  0.81933622007691831  0.82971849388942676
  0.84006731004266910  0.85051413142288823  0.86091984505297792  0.87134514151889864
  0.88168624720927147  0.89241310285467423  0.90341170713038688  0.91454458719244724
  0.92559814323405054  0.93647125153769928  0.94754432493060059  0.95848277629724732
  0.96936647870251980  0.98017826938182973  0.99031881456665938  1.00000000000000000
 -0.00273873058611305  0.01037885346624441  0.02051003217465534  0.03119286145395861
  0.04170951660087024  0.05249236617629564  0.06335555419280829  0.07377540171771113
  0.08415933987982149  0.09488721113990400  0.10533186199829991  0.11614638443440692
  0.12657156169468742  0.13777796888788166  0.14888038282719568  0.16010234580799254
  0.17113485723055769  0.18194806338535213  0.19272917136265258  0.20343857545266381
  0.21419909254321554  0.22480551149423511  0.23526858494515993  0.24548665215185692
  0.25597661345478895  0.26666638831383505  0.27738149498691284  0.28795343886225255
  0.29809502831744739  0.30850993369744056  0.31978249933525699  0.33136814503525475
  0.34275926200678647  0.35322814056640467  0.36317137801083699  0.37327248588671613
  0.38392274839274104  0.39514609431474185  0.40586949800927924  0.41664052733330731
  0.42757684594169892  0.43860294925337512  0.44959829816431313  0.46067199233022604
  0.47184350883512921  0.48280537012371977  0.49308895788066126  0.50319866377577704
  0.51304181600735888  0.52321771208233214  0.53339552318457883  0.54367911773411370
  0.55410275751886029  0.56478047384547481  0.57589088133509669  0.58692323944486624
  0.59778680013946262  0.60835674463106615  0.61912970588805549  0.62972237049405277
  0.64022307496579822  0.65027285626799725  0.65996570619169637  0.66963267347372102
  0.67971690551861441  0.69024837594267663  0.70119938222699196  0.71155673557914223
  0.72184123883406603  0.73174038386948037  0.74197105954080111  0.75236196910853570
  0.76271957618367037  0.77290471786066572  0.78307173456807799  0.79372029832680213
  0.80487558986294572  0.81614566980727343  0.82693277414575417  0.83734316290857103
  0.84755829259145932  0.85787224751839064  0.86834119985205271  0.87843577883952251
  0.88882029094527493  0.89878354272562277  0.90901066970561617  0.91933807991605987
  0.92965860555367807  0.93982206572009541  0.95005694301729271  0.96023452112104413
  0.97058169361820923  0.98066980616682897  0.99032339805146707  1.00000000000000000
 -0.00232648166251551  0.00900436854812300  0.01914311279534726  0.02943319319457820
  0.03998417790011699  0.05041971973790000  0.06072473979555239  0.07121628759470436
  0.08216882230455497  0.09286785220598642  0.10388984931827178  0.11479184536928855
  0.12582282186077648  0.13663991849917123  0.14743255247945347  0.15813442690184470
  0.16888889356089590  0.17936372628819011  0.18989250798163423  0.20019716309288263
  0.21076275386635951  0.22094570728781684  0.23100843610741303  0.24077252565800000
  0.25044973197490866  0.26022451553440179  0.27014929977731922  0.28046934984426869
  0.29055990755995259  0.30087036742817025  0.31145876185888405  0.32208428279843965
  0.33294326264744467  0.34382899741068029  0.35466988619619544  0.36555995253221890
  0.37646000101342830  0.38763719852182887  0.39874953967211874  0.40975753078060539
  0.42054137449487239  0.43104266220387077  0.44153052666520071  0.45188033762522439
  0.46235781024476563  0.47283208362589352  0.48346990148678776  0.49401471927564788
  0.50430420999818915  0.51459342569166389  0.52508995968711258  0.53574266652740510
  0.54628469337532537  0.55669168808959668  0.56704884350883644  0.57730009575188512
  0.58772305122703539  0.59806408540464973  0.60827726858706987  0.61855560962668721
  0.62892655202281778  0.63950870381846781  0.65023431272385535  0.66114746940848412
  0.67179851023342985  0.68220736788924174  0.69259483612983141  0.70351310412778101
  0.71434833006614051  0.72496658599450359  0.73537742878610779  0.74615405533973500
  0.75690321276142025  0.76751580661955232  0.77761742033480608  0.78767113088967444
  0.79804715938980453  0.80884255711849651  0.81961490880651999  0.83012470767808444
  0.84052641731529443  0.85111013822120329  0.86140670469811753  0.87182624658444552
  0.88243540559118638  0.89339462486728438  0.90403570897063146  0.91437386729852554
  0.92487132395916827  0.93573764974540230  0.94670453496243356  0.95739908702183885
  0.96811802486147169  0.97881490668193982  0.98971953012195668  1.00000000000000000
 -0.00240151526612035  0.00957560067046039  0.01934313819995424  0.02976350686751180
  0.04013483127891102  0.05063679290739028  0.06101248122336379  0.07182868858999980
  0.08302158125126846  0.09391388574160608  0.10447950299149447  0.11491207622448840
  0.12525793322091394  0.13595767481683246  0.14660426324197709  0.15701693578126011
  0.16723583396627936  0.17742417441734482  0.18792385969041994  0.19862073330738708
  0.20925107473963198  0.21962745475277914  0.22999767903028534  0.24042141222312644
  0.25117754014405758  0.26210217224015125  0.27303310347644011  0.28405087103119864
  0.29496897722051796  0.30595235169409341  0.31657242099525146  0.32691370252437146
  0.33716588483759347  0.34755240520247110  0.35830757667109403  0.36923420556122050
  0.38032105612929096  0.39173573498431935  0.40294776012194061  0.41389315905550267
  0.42478675296357676  0.43564257250428784  0.44647644902183881  0.45716807034274365
  0.46766166422719796  0.47805409598670506  0.48863135026231952  0.49950065012880124
  0.51040331354991808  0.52122480608950017  0.53194609110147084  0.54263964652404939
  0.55323695613428825  0.56378280907615297  0.57433864948562996  0.58491331696322435
  0.59562653395169574  0.60635370229864738  0.61697914269126330  0.62727079367400906
  0.63751377062621972  0.64782886918769955  0.65841000434812913  0.66897314969418209
  0.67917163428257854  0.68922530177821850  0.69906612298026360  0.70889052183648393
  0.71908306393097710  0.72937270454982883  0.73984617968172506  0.75009727624940259
  0.76016296636468395  0.77094582181131177  0.78141763189329660  0.79182085604754360
  0.80176146286805350  0.81203956951353673  0.82219636375295224  0.83261122595809711
  0.84355426319989946  0.85475523575880741  0.86570494447850743  0.87603005203356676
  0.88657057200087142  0.89668995810192786  0.90688599071113440  0.91659102051100561
  0.92642575612251976  0.93622918514790698  0.94629696527508944  0.95619903418766139
  0.96684544989101240  0.97757547800913802  0.98878466863680070  1.00000000000000000
   4.0742492512700138E-012  -1.0000000000000000     
 T T T T T T T T T T T T T T T T T T T T T T T T T T T T T T T T T T T T T T T T T T T T T T T T F F F F F F F F F F F F F F F F F F F F F F F F F F F F F F F F F F F F F F F F F F F F F F F F
  <DiscreteSampler_grid>
  grouped_processes
  1 # 1 for a reference and 2 for a running grid.
  10 # Attribute 'min_bin_probing_points' of the grid.
  1 # Attribute 'grid_mode' of the grid. 1=='default',2=='initialization'
  0.0000000000000000 # Attribute 'small_contrib_threshold' of the grid.
  0.5000000000000000 # Attribute 'damping_power' of the grid.
 # binID   n_entries weight   weight_sqr   abs_weight
    10   10   6.977370387007695E+004   1.585448112414128E+010   6.977370387007695E+004
    16   10   6.967032708766792E+004   1.580532409715520E+010   6.967032708766792E+004
  </DiscreteSampler_grid>
