 -0.00230906813230469  0.00932619629667594  0.01940926416300152  0.02996238668545551
  0.04051616099022375  0.05106398770267540  0.06161524704152847  0.07215972291627108
  0.08270945876681089  0.09325025794047127  0.10379621337273619  0.11434117116016285
  0.12488432630140643  0.13542257306374006  0.14595786865756252  0.15650270479607889
  0.16705288912253033  0.17760547108109423  0.18815632099959492  0.19871022045247608
  0.20926015216045468  0.21981111828211503  0.23035863215766775  0.24090877920971052
  0.25145898281558221  0.26201164402371657  0.27256168733780201  0.28310970433171018
  0.29365773112468496  0.30421152667361079  0.31475557779287489  0.32530210793641873
  0.33584446911032123  0.34639660316592547  0.35693787373254765  0.36748084673550946
  0.37801781528894812  0.38856485059115231  0.39910228673564613  0.40964987732583319
  0.42018614956411965  0.43072056882461562  0.44124853590099983  0.45178645166977466
  0.46233329299649911  0.47287570131937123  0.48341245499995672  0.49395325097391485
  0.50449917453548565  0.51505192459949023  0.52560518972676840  0.53615137204749141
  0.54669512626134575  0.55723622916695759  0.56778174493564548  0.57832572229995660
  0.58887151029563300  0.59941804775446339  0.60995053486761563  0.62048576193897054
  0.63101165521433067  0.64155074295697279  0.65208646037090101  0.66263635601152260
  0.67318700471904813  0.68373656956943185  0.69428380385736466  0.70482936974784305
  0.71537135746981195  0.72591672440744515  0.73646025686615979  0.74700766525507600
  0.75755426488243238  0.76810825086257628  0.77864656083898909  0.78918537557352986
  0.79971483536548960  0.81025982507125494  0.82080433875294434  0.83135753227131026
  0.84190712323019390  0.85245130623871235  0.86298766810011018  0.87352839050495501
  0.88407055124961664  0.89461343879611388  0.90515328544861273  0.91569584680176175
  0.92623533435125893  0.93677852665828287  0.94732392425914191  0.95787596470793868
  0.96840655747890225  0.97894137522882818  0.98946933543800430  1.00000000000000000
 -0.00235707348537508  0.00932370042626574  0.01941211887248865  0.02996289841192843
  0.04051028074827465  0.05105011092184888  0.06159090510249466  0.07213734391318700
  0.08268195250509879  0.09323191531631404  0.10377685978833504  0.11432234435786313
  0.12485590200728450  0.13539739381193278  0.14593403908130140  0.15647975236343972
  0.16701467095403635  0.17755893606910722  0.18809945196866884  0.19864231705083132
  0.20918624199406680  0.21972859422796789  0.23027689158547304  0.24081415562362174
  0.25135735858106406  0.26189907114467115  0.27244720912031029  0.28298814568834857
  0.29352783638315805  0.30406633976270142  0.31461496174215153  0.32515861261455969
  0.33570025212147958  0.34624166153204272  0.35678595296017429  0.36733617459871926
  0.37788508886744532  0.38843542292273808  0.39898230231374116  0.40953041929128214
  0.42007548399982081  0.43061805409386367  0.44116115674987622  0.45169734895743269
  0.46223835710902017  0.47277673217945637  0.48332614841052962  0.49386694820202809
  0.50441091571635410  0.51494776760414018  0.52548744408276304  0.53602674076910839
  0.54656809086774805  0.55711498046846342  0.56766052038778425  0.57820477402630743
  0.58875066729576297  0.59928989789455456  0.60983744992644173  0.62038428606230811
  0.63093400411207712  0.64148508638130963  0.65202758267708849  0.66257701985459283
  0.67311650277513557  0.68365936545859185  0.69420119600420049  0.70475168347093464
  0.71529816312761907  0.72584078451098288  0.73637908298230137  0.74691619530040410
  0.75745972802333805  0.76799427780769802  0.77854091520543933  0.78907979494765634
  0.79963391806687145  0.81017706763766573  0.82072312237366685  0.83126929033308261
  0.84181481695289229  0.85235640666645529  0.86289318402234705  0.87343740349048660
  0.88398596521658590  0.89453894490625441  0.90508747049726745  0.91563550077443201
  0.92618171490412904  0.93673380347049962  0.94728591395183148  0.95783681814161958
  0.96837510599583299  0.97891204218122196  0.98944968560630919  1.00000000000000000
   2.3053878978446913E-007  -1.0000000000000000     
 T F F T T F F T T F F T
