 -0.00164956145883571  0.00662245062274310  0.01388501083902293  0.02140681646731993
  0.02934263287910620  0.03792231769383291  0.04757801634618438  0.05761399909677594
  0.06734450562333716  0.07687866958408798  0.08727073341616041  0.09821327429208813
  0.10886551333296947  0.11899956231257121  0.12918882721291064  0.13991447129081441
  0.15083335183807872  0.16172514233527002  0.17239733348032157  0.18316771613594021
  0.19403507518705093  0.20492288208031195  0.21523138561420160  0.22514008085520731
  0.23518457499925854  0.24542555919266826  0.25620319897777810  0.26739843217391601
  0.27857842485238826  0.28953463332201901  0.29979716280021396  0.31017918841321085
  0.32058015462641903  0.33075395885298314  0.34073151998644818  0.35119912957252747
  0.36230921471603750  0.37348588745053868  0.38458571128706359  0.39602157750664257
  0.40745555047147564  0.41854364216410850  0.43003334783926794  0.44123332948551564
  0.45188948531426049  0.46251140762149828  0.47310899559878355  0.48375735054168933
  0.49423891385237317  0.50512015835801083  0.51600686886041203  0.52637459678319853
  0.53623870192682210  0.54673248104509420  0.55683869872040481  0.56690716823143650
  0.57711260434761602  0.58821137119672884  0.59956229872669464  0.61023519802812287
  0.62018786194851283  0.63020324455684873  0.64084016384865550  0.65229286154180555
  0.66393504013007887  0.67511713501564752  0.68631728745226683  0.69757115279478288
  0.70871148812982476  0.71977524997186848  0.73072342152994119  0.74179397440537853
  0.75264371234916083  0.76368938346486614  0.77504044921461079  0.78670309541977923
  0.79833168634443807  0.80966728255836140  0.82074890467167383  0.83146546372732355
  0.84199777880570059  0.85279729011890226  0.86433509937312236  0.87678007968404414
  0.88898406855604228  0.90099020594191170  0.91228548157108635  0.92319145939892344
  0.93360000670829757  0.94378396159226741  0.95357786728446103  0.96336824631069440
  0.97292096488856750  0.98237630999126879  0.99135501511804380  1.00000000000000000
  0.00000447000383914  0.00001000149869959  0.00001051996039470  0.00001090851979038
  0.00001128766812876  0.00001161570720542  0.00001191440082340  0.00001219293418817
  0.00001245966279115  0.00001271429575999  0.00001295930372030  0.00001319471595993
  0.00001341823920121  0.00001363675613112  0.00001385151969213  0.00001406692558165
  0.00001427904236125  0.00001448731506790  0.00001469466280374  0.00001490380182589
  0.00001512072015502  0.00001535022077358  0.00001558131123414  0.00001580929847019
  0.00001604721899692  0.00001626876747142  0.00001649581517075  0.00001672579436684
  0.00001695780973916  0.00001719178975038  0.00001742788927984  0.00001766946161213
  0.00001791976566365  0.00001818010170176  0.00001844826832061  0.00001869943256639
  0.00001896205746981  0.00001924424446576  0.00001956286570806  0.00001988838526202
  0.00002020973613200  0.00002054536531962  0.00002088731690186  0.00002122563076408
  0.00002159838788976  0.00002199684370813  0.00002240935842986  0.00002280803278729
  0.00002330501642432  0.00002381525147064  0.00002433524191496  0.00002489721604938
  0.00002549293245207  0.00002612579119488  0.00002676684854862  0.00002741074286024
  0.00002813412059490  0.00002887569864226  0.00002963554275775  0.00003038445189454
  0.00003111663987130  0.00003188867463560  0.00003264699484354  0.00003346673949425
  0.00003437338544091  0.00003529873570398  0.00003623601924655  0.00003718724863809
  0.00003819523355539  0.00003921705667005  0.00004047951772653  0.00004198981910580
  0.00004376294140356  0.00004585087876512  0.00004834502479758  0.00005080603359249
  0.00005296959018831  0.00005484199830439  0.00005651406149490  0.00005833960716026
  0.00006104594626382  0.00006404809876848  0.00006796239308373  0.00007138329581773
  0.00007373718481844  0.00007560060226305  0.00007734351312465  0.00007860475797038
  0.00007965257468292  0.00008715690126609  0.00009532349688881  0.00010319812321785
  0.00011044881814483  0.00011633297442952  0.00012089346500223  1.00000000000000000
 -0.00253038648438064  0.00913997117231279  0.01933510536697554  0.02967561441188421
  0.04022339738149216  0.05047803388274663  0.06079265862311104  0.07137727906708834
  0.08208437160619489  0.09259852107326773  0.10271998706714876  0.11306873666694042
  0.12322158599176132  0.13378646385355097  0.14465875904248884  0.15599320842987482
  0.16771248530694147  0.17967151706618301  0.19187655251882313  0.20401839752643702
  0.21544097341798513  0.22632858841595196  0.23714543176863020  0.24798013257233403
  0.25906667662374022  0.27013459182101346  0.28100407655194193  0.29138955694122870
  0.30132532058259770  0.31109841350564743  0.32094173646362639  0.33114349828987710
  0.34207424993143443  0.35316096542603115  0.36371154048936966  0.37412105352281522
  0.38477871471405667  0.39554476263638366  0.40597838525006619  0.41667967737916589
  0.42766672690742380  0.43836014751230667  0.44845423502794618  0.45889826480111900
  0.47004737337048264  0.48136764741369492  0.49268856751516277  0.50379772469237116
  0.51489963316559784  0.52525304146962992  0.53491952687947975  0.54484793439602963
  0.55496159640340625  0.56492975647352628  0.57421004864305658  0.58327572159811569
  0.59306359721676749  0.60351411219929074  0.61379559291871810  0.62408019964099826
  0.63440311425281526  0.64487716050349020  0.65555479900023039  0.66596180112328829
  0.67681195180554221  0.68748811298486245  0.69798109648611528  0.70851158585189278
  0.71898292667830843  0.72913339861315174  0.73901821339858575  0.74910955562835901
  0.75958108297365579  0.77003703549827440  0.78056601807317005  0.79112922923104967
  0.80219373772042668  0.81349058650880768  0.82426626152811366  0.83508583149759663
  0.84595346408743111  0.85709271652473362  0.86794019305256365  0.87891322932625449
  0.88971832606877188  0.89988232838635263  0.90961386540732314  0.91937300322338134
  0.92994487352836375  0.94058531887642349  0.95083180003519074  0.96107588898563567
  0.97129800165952629  0.98091213052371695  0.99063598277877463  1.00000000000000000
 -0.00236454001449030  0.00949020912488323  0.01970267887268733  0.02997135971705255
  0.04063333776874962  0.05040994153319710  0.06032381779556602  0.07052724120191385
  0.08169296366326100  0.09284690726714320  0.10395177007173348  0.11524363836971303
  0.12629970450278852  0.13734430356189903  0.14797505471203129  0.15836902677204320
  0.16898108385617697  0.17997302235591300  0.19132820567356354  0.20238335464521190
  0.21223038517450074  0.22263766251647635  0.23288809194519189  0.24389683693270831
  0.25454906946671946  0.26555532442431445  0.27589979218690452  0.28622907971420047
  0.29610317537295200  0.30624950048716454  0.31649241527461974  0.32696778407278948
  0.33755000737984936  0.34822955274634243  0.35893786646813081  0.36974246307158309
  0.38045246462193988  0.39117346098176631  0.40209677745706557  0.41293258403331845
  0.42395825951740013  0.43521424876981846  0.44681824451575225  0.45787857563217665
  0.46894747983042723  0.48023805842498873  0.49146955937541054  0.50238881586189643
  0.51223571610957919  0.52220176132046436  0.53200920568037369  0.54201457997540547
  0.55155030475331546  0.56120352394361650  0.57110163939631098  0.58125087064314518
  0.59154058011200117  0.60182734070830302  0.61213858430552093  0.62238651733627148
  0.63277921168875340  0.64326700823271421  0.65320080985536622  0.66293241460086338
  0.67314829443247870  0.68388637639974381  0.69498940387534291  0.70621731343712346
  0.71769180240345842  0.72904320397522959  0.73999533677950780  0.75066452999481981
  0.76111984652792264  0.77180326616547712  0.78246497505872759  0.79297268653774133
  0.80268268812910581  0.81231855313121604  0.82216635878023803  0.83261883435105788
  0.84328584592768119  0.85385139957025602  0.86462326106254550  0.87525185269954886
  0.88505079914971185  0.89444844454952921  0.90363221813285666  0.91318945834982068
  0.92248879996746802  0.93208259869109744  0.94269807928480120  0.95477736376597122
  0.96633805381729698  0.97752888816940708  0.98867063200950334  1.00000000000000000
 -0.00187715307615647  0.00930967040357744  0.01934569864509150  0.03050258230559866
  0.04221348220867054  0.05370153536304135  0.06485368406756500  0.07587608297289948
  0.08706760538249560  0.09846832615960245  0.10968345345821649  0.12055375368565754
  0.13120670127642986  0.14165392175607669  0.15196920759802396  0.16227427742595038
  0.17254591942031083  0.18263251940929148  0.19279685294399673  0.20299571710979000
  0.21334789824760114  0.22394702959209087  0.23472391046818450  0.24538559132185644
  0.25583075438424069  0.26623874912829415  0.27666629198940645  0.28693272742687970
  0.29691477347383954  0.30703575895304797  0.31700593148650014  0.32672036858615122
  0.33638425742724332  0.34626560476995327  0.35677710892679582  0.36772984802947389
  0.37860867585735758  0.38922846226658114  0.39953665567802971  0.40975990608879587
  0.42006525105073167  0.43037913424669971  0.44019970176589057  0.44969893282548518
  0.45897802541497423  0.46866032465636576  0.47841976385708812  0.48825489382090148
  0.49788394118716411  0.50767464678618168  0.51795646896674230  0.52839332259417282
  0.53890656506991863  0.54917114965151437  0.55940922327806919  0.56933600336584644
  0.57914354773876964  0.58905695234625155  0.59865412815236607  0.60822167496683488
  0.61785619043445761  0.62779531601713157  0.63786085116370672  0.64808654306519031
  0.65817653748289306  0.66860122386854715  0.67922044968762985  0.69002237243603504
  0.70072468108355490  0.71109545584951794  0.72110500055414128  0.73125191934086253
  0.74195033988740811  0.75316233421929357  0.76447431391509546  0.77577000118317452
  0.78716178435765227  0.79820113912914292  0.80895889659346454  0.81966085827525037
  0.83020433830553653  0.84075751416552558  0.85116975231308145  0.86133819724924499
  0.87142025122688815  0.88168865431959154  0.89232293525558870  0.90291023906631784
  0.91349819354081274  0.92509484420963994  0.93762483130129959  0.94949956952596759
  0.96153817939028297  0.97380470081075898  0.98683912811622854  1.00000000000000000
 -0.00237969605086678  0.00953934620301867  0.02011378397909015  0.03146528534530849
  0.04270637948549474  0.05308516664935509  0.06355994361081509  0.07379304432756069
  0.08425931335870221  0.09473948255364092  0.10533720698316300  0.11573153331970937
  0.12623263694399614  0.13687188601214872  0.14751721543800622  0.15787902074275642
  0.16782256374022819  0.17833474115144959  0.18912583338894010  0.20013481014829124
  0.21085459585654193  0.22172491168789443  0.23282841671989279  0.24412368115219563
  0.25483520350250483  0.26514610296636582  0.27500487495407377  0.28544811700292216
  0.29617886812657085  0.30743464303865564  0.31843655005778176  0.32885804954613707
  0.33910689958401552  0.34881006899025557  0.35828751202976145  0.36737223604278529
  0.37665274425097445  0.38634544394136616  0.39610175234376122  0.40587216421535977
  0.41553524362597760  0.42563930523649923  0.43645025214046246  0.44761123803659580
  0.45923285043398143  0.47037711340608240  0.48203812619137032  0.49368046522417308
  0.50554689911765038  0.51644471176384377  0.52663108450351181  0.53718880755504617
  0.54874618455318780  0.56090400259909734  0.57097813352565430  0.58097699240618284
  0.59145683250790237  0.60248021373703775  0.61332997638698683  0.62362841968984339
  0.63387009457975607  0.64410766934635633  0.65431197364588045  0.66508715717628775
  0.67569916895287940  0.68670013008957353  0.69713598181640146  0.70777450639678396
  0.71841261892187724  0.72941423741492639  0.73991051569480160  0.75072016475969294
  0.76155380516995430  0.77263853503366653  0.78380961393111936  0.79486155374144252
  0.80582236886099401  0.81613840030185714  0.82604724343514713  0.83581553639682260
  0.84519124727598205  0.85462603476443977  0.86402192848782733  0.87377799009594259
  0.88393805518466806  0.89396526415030952  0.90433026217520596  0.91452584763659228
  0.92495615423021216  0.93515683649230785  0.94528348416718877  0.95532720354371370
  0.96604203935229660  0.97715680994326637  0.98872906702834062  1.00000000000000000
 -0.00221307825807122  0.00818471401580100  0.01589228596690145  0.02377163694495058
  0.03163390123781454  0.03938671784583558  0.04684360257273225  0.05418557634824249
  0.06184388478415532  0.06995263668773012  0.07806616361329291  0.08630587503344317
  0.09452660323069514  0.10313966866278851  0.11261015249697566  0.12260667535581043
  0.13291405893127062  0.14382643275665621  0.15505733569529317  0.16630687330228719
  0.17718283296955747  0.18763202060571532  0.19799935222306514  0.20820854207429818
  0.21893562935680883  0.22980391281444826  0.24124338818533628  0.25245237022291217
  0.26385815538799401  0.27481541244917734  0.28616836685375685  0.29746686749191292
  0.30910819646727633  0.32101756434133422  0.33297226740287228  0.34428202953654718
  0.35545705176533743  0.36670034904018761  0.37842761980884249  0.39032026765716105
  0.40158393710133122  0.41197610849613286  0.42239396006059066  0.43355946719632071
  0.44546950203312680  0.45740381504730904  0.46901603600642305  0.48105174136680950
  0.49357933165429008  0.50635087560390279  0.51891661290743718  0.53070629196143426
  0.54208785667287041  0.55361165423336034  0.56549434162774503  0.57800329372837000
  0.59087943341125393  0.60412378531083799  0.61669318029151898  0.62973878697394192
  0.64298547174215681  0.65596817975979127  0.66769920199798904  0.67900556404215195
  0.69001239172281370  0.70121249301689403  0.71229064700368583  0.72379309771947475
  0.73484872360613906  0.74633636862570751  0.75786243090510474  0.76905173896494727
  0.77963255729803371  0.78981657478420919  0.80000600965628921  0.81012345511295769
  0.82037986463792789  0.83097990956344459  0.84120595896777506  0.85105802716078671
  0.86096024931762105  0.87124516448478895  0.88129520738195088  0.89114023935410236
  0.90089625382358152  0.91097798334367563  0.92063171747820371  0.92972694318968452
  0.93885716097354932  0.94813167210712579  0.95697626886465859  0.96538911579658959
  0.97361893523663756  0.98223081777357568  0.99115933157902392  1.00000000000000000
 -0.00205389864312088  0.00895316906282916  0.01842432388197695  0.02802078044284478
  0.03789159780942908  0.04760373705093625  0.05735761423926077  0.06612087675540756
  0.07512290589312071  0.08420614724079339  0.09483699701822970  0.10525155091269198
  0.11598386002585945  0.12622266386017339  0.13707266346670971  0.14787655650181911
  0.15869309957759570  0.16980170711866596  0.18120227792545054  0.19250597079212020
  0.20346172553967581  0.21457282291439117  0.22583511678441667  0.23643594956327543
  0.24678136702991116  0.25705145121472617  0.26785182523712037  0.27854941903196317
  0.28886123143667464  0.29852508863095895  0.30822971857867143  0.31858532322391386
  0.32903733195668267  0.33949850378049373  0.34942416712666802  0.36005959961567607
  0.37099324877368844  0.38186748962303191  0.39302459057717815  0.40417679196719242
  0.41586351975779262  0.42675608040123852  0.43771138373579460  0.44795508280289159
  0.45858811757206969  0.46936597707949523  0.48017636582629430  0.49172159002603422
  0.50319173069451106  0.51496277032470028  0.52595102825328255  0.53699923301278996
  0.54750172487038673  0.55776915060769605  0.56870477104383710  0.57947494617346429
  0.59069823932769194  0.60173056010867465  0.61310469120635003  0.62439828915189866
  0.63584202862127814  0.64699139251306781  0.65772061873731047  0.66789241854060721
  0.67772274464463556  0.68784892799052844  0.69819151020104697  0.70846151640605470
  0.71857534548567481  0.72880812005949169  0.73892837732345762  0.74894519633812984
  0.75919884052772579  0.77016641731049262  0.78198582842156139  0.79378084688787631
  0.80489805477764276  0.81533208855643113  0.82561244463933270  0.83621261258882507
  0.84660434604234502  0.85654061854684382  0.86661521685093412  0.87654832213584810
  0.88632887725026799  0.89619996140803115  0.90634348699230904  0.91675501754039090
  0.92691231029130294  0.93657160233617509  0.94717100877450788  0.95813518007663789
  0.96857832749585382  0.97907747696667113  0.98935617850272595  1.00000000000000000
 -0.00182450951979126  0.01985001118186687  0.03664037572536410  0.05115049536574097
  0.06492197982770233  0.07807992584131609  0.09037345807031674  0.10213014302322894
  0.11362517694574503  0.12471897238417554  0.13554595749742587  0.14633601465789076
  0.15748511247994618  0.16891681485013538  0.18059585025362224  0.19220654001132670
  0.20354101371860020  0.21464626781943039  0.22611775072358323  0.23789032932953308
  0.24939192193779985  0.26031229898313907  0.27134769308549567  0.28260019301765704
  0.29401231411324580  0.30558179269415131  0.31735676467416291  0.32898803849329056
  0.34059865324629879  0.35189111756216945  0.36244885357020762  0.37262045253738962
  0.38287585233635252  0.39345500071235051  0.40377735924678881  0.41403925468717828
  0.42467449969836696  0.43539074314310910  0.44620599152793466  0.45706715976383810
  0.46880419641543664  0.48049784610552804  0.49252645675748902  0.50459568631840312
  0.51691704430072372  0.52910654813073310  0.54093415298699044  0.55223924568575478
  0.56291215845569886  0.57326270724284667  0.58387707462860894  0.59500688213907027
  0.60599920846098942  0.61653036189003085  0.62730063240439804  0.63811419692827021
  0.64873130755235509  0.65911375803753380  0.66960715674708104  0.67999921720158518
  0.69017887819457424  0.70011338817725688  0.71011031647113854  0.72003404376973656
  0.72998168038882372  0.74001111861574498  0.74990448664510667  0.75947569411536342
  0.76896352586131189  0.77913628282060887  0.78943159853860834  0.79999498984785933
  0.81043162771795374  0.82115347543946771  0.83143036647408919  0.84136541667778830
  0.85099376722891307  0.86096445923088027  0.87111465026138413  0.88084380626673542
  0.88996408912317082  0.89867083598026753  0.90738560023168968  0.91592361400762967
  0.92441443089165620  0.93308579940724923  0.94205912792106450  0.95150635745270806
  0.96019159192470893  0.96781525345440800  0.97484705482610501  0.98112327032753988
  0.98662491792293505  0.99146572075538364  0.99584262292993464  1.00000000000000000
 -0.01420406908739096  0.08448263075761157  0.12061939037765285  0.14389909186535282
  0.16202710277746446  0.17797864784730064  0.19240383939077932  0.20583361147493681
  0.21852028554580646  0.23029285227494412  0.24129554306451398  0.25167756243538875
  0.26138924601623736  0.27056046089154584  0.27927407885830036  0.28794074395012959
  0.29667935253005406  0.30536755359637269  0.31367416828644840  0.32164893540645817
  0.32903493795268707  0.33594861852058711  0.34227233799556650  0.34860504667730458
  0.35522713573989523  0.36209119976214055  0.36913095991778860  0.37605582663790438
  0.38290527176845018  0.38954109629988054  0.39604286269422440  0.40224346400895600
  0.40851427643572169  0.41494506062429892  0.42121785601165623  0.42743329215150816
  0.43357723175153390  0.43941480636819785  0.44492220878979621  0.45027204060448645
  0.45565309759794531  0.46108047384201117  0.46664695548465202  0.47205776093182161
  0.47741293332900459  0.48290736982296045  0.48855355854561433  0.49439689720861207
  0.50020452798437387  0.50632785081735920  0.51244939398653178  0.51844662939875275
  0.52446935083362412  0.53051399587356474  0.53659606702810903  0.54275996237050317
  0.54907291096771749  0.55522037921483380  0.56139933997938263  0.56751245070154610
  0.57357253035930666  0.57962220453994007  0.58578631519753843  0.59207325962714508
  0.59838304952324106  0.60459022872165913  0.61078923557664055  0.61728784951796500
  0.62403382214500058  0.63098330677487280  0.63802453757568900  0.64531279114760565
  0.65270251885265385  0.66030975464251807  0.66770273341019881  0.67501448660669139
  0.68250361105206780  0.69037081516511911  0.69821008094237569  0.70636134037111586
  0.71462797499415820  0.72310158684975445  0.73159180399174795  0.74041136352958825
  0.74964375270112948  0.75968026811006983  0.77060108723297460  0.78233085576371342
  0.79500737794058574  0.80904931148010151  0.82405334402329700  0.84046293434420372
  0.85949551578034467  0.88313338976054978  0.91942673642620365  1.00000000000000000
   8.2968134616912060E-009  -1.0000000000000000     
 T T T T T T T T T T T T T T T T T T T T T T T F T T T F T T T T T T T T T T T F T T T F T T T T T T T T T T T T T T T T T T T T T T T T T T T T T T T T T T T T T T T T T T T T T T T T T T T T T T T T T T T T T T T T T T T T T T T T T T T T T T T T T T T T
  <DiscreteSampler_grid>
  grouped_processes
  1 # 1 for a reference and 2 for a running grid.
  10 # Attribute 'min_bin_probing_points' of the grid.
  1 # Attribute 'grid_mode' of the grid. 1=='default',2=='initialization'
  0.0000000000000000 # Attribute 'small_contrib_threshold' of the grid.
  0.5000000000000000 # Attribute 'damping_power' of the grid.
 # binID   n_entries weight   weight_sqr   abs_weight
    10   10   2.673053918151654E+002   2.716524403733817E+005   2.673053918151654E+002
    11   10   2.673053918151662E+002   2.716524403733834E+005   2.673053918151662E+002
    16   10   4.135620632185776E+002   7.531051584296346E+005   4.135620632185776E+002
    17   10   4.135620632186024E+002   7.531051584296403E+005   4.135620632186024E+002
  </DiscreteSampler_grid>
