  0.00191665789612028  0.00194923670357538  0.00199064750162306  0.00203167995137786
  0.00207322354391911  0.00211881505350430  0.00216594108937941  0.00221585859323878
  0.00226907410579430  0.00232365918994042  0.00237628489452127  0.00242841806533483
  0.00248205430065391  0.00253818328265663  0.00259712699236829  0.00265788640424094
  0.00271912604077954  0.00278065951901782  0.00284398978029976  0.00290937891888264
  0.00297630840700230  0.00304527237450457  0.00311574302865282  0.00318870859354553
  0.00326909828759231  0.00335111599090359  0.00343516350186056  0.00352044155494723
  0.00360495104353172  0.00369067922784776  0.00378134250908348  0.00387654610442015
  0.00397378511315368  0.00407440620374309  0.00417931685795539  0.00428857830619275
  0.00440266379767349  0.00451886497704773  0.00464245641423514  0.00477113089494656
  0.00490492346006506  0.00504446257439932  0.00518489466522639  0.00532930541153216
  0.00548043517945741  0.00564217929487354  0.00580523478929954  0.00598257557555472
  0.00616318852896991  0.00635710674490411  0.00656386848229002  0.00677673742272112
  0.00699404885881247  0.00722155088028340  0.00745623350877268  0.00770140112498278
  0.00795907091157104  0.00823255358310413  0.00852778134786153  0.00884316129038432
  0.00917008221352842  0.00950838965616244  0.00986203325520966  0.01023782541117734
  0.01064378494390362  0.01107818655726077  0.01153462796335945  0.01202700458660161
  0.01255648917505494  0.01310761543068842  0.01368089624965119  0.01431809383159571
  0.01503364048481183  0.01582519001212833  0.01669516896223987  0.01760882609388535
  0.01860098177553599  0.01969402776530572  0.02090065614857715  0.02221917636550295
  0.02366810298269805  0.02529497205680054  0.02718914403668118  0.02941618051300393
  0.03197650857323703  0.03494224340533239  0.03846010563364555  0.04272245548386759
  0.04802752174585934  0.05498290333658395  0.06454720345108968  0.07890304073503407
  0.10315212483529945  0.17394257685076678  0.91818341291467565  1.00000000000000000
  0.00447846043846954  0.00529944222064201  0.00598212246296749  0.00667589616045304
  0.00739766499671338  0.00816245836755364  0.00897748084194241  0.00981144205293688
  0.01064708518564000  0.01146921796701701  0.01234496357786175  0.01330388068995606
  0.01433280155347309  0.01535994414086113  0.01639294600540539  0.01744387966923847
  0.01852309518574836  0.01967121788351234  0.02089882412445768  0.02218442725088043
  0.02352418560194676  0.02490335586601189  0.02631995497089181  0.02779438961065995
  0.02933116877840904  0.03086517697479710  0.03249414017167095  0.03418586122203899
  0.03595581586044357  0.03786901146405588  0.03990308831457246  0.04198634217838799
  0.04411738815959659  0.04634487452264328  0.04867723513881136  0.05110453551945382
  0.05362604694369907  0.05623950721176774  0.05892948547727106  0.06168691677076882
  0.06451424194117783  0.06737125115483687  0.07036879090093921  0.07342006897153973
  0.07655532420822371  0.07981667363125937  0.08322522545496974  0.08675024800072684
  0.09034810718290116  0.09417523261032842  0.09824152174227842  0.10242216526974904
  0.10655132105301314  0.11079017768665762  0.11506552251871538  0.11963191561321758
  0.12447792549071210  0.12964095631969130  0.13496252548684953  0.14041460096008093
  0.14603064900910051  0.15190204086740597  0.15808658124253078  0.16454462582941715
  0.17135148718491094  0.17863285238147070  0.18631083586246844  0.19425186432984456
  0.20255500930094275  0.21112302294397664  0.22013919968063372  0.22975360517237498
  0.23990438159735358  0.25054654865094356  0.26179432158830473  0.27376402970281033
  0.28651766143762403  0.30018971438710357  0.31443412965688983  0.32958258326878481
  0.34598437568377094  0.36339492603032369  0.38193386942935598  0.40181394768666340
  0.42333760621118821  0.44660078731742575  0.47210717665611629  0.50023094920785582
  0.53050566492781237  0.56295554344935173  0.59895104703537083  0.63941193917787076
  0.68838858659083435  0.75139993046552944  0.84742601409386620  1.00000000000000000
 -0.00235457703953998  0.00883249313123521  0.01825047168928702  0.02861253987339527
  0.03910077776373468  0.04928556759054822  0.05937630696033462  0.06926673811362287
  0.07937314938497685  0.08922486097676788  0.09951300365268106  0.10988107780019063
  0.12005041925084385  0.13015928732683824  0.14017624497845926  0.15049615088249932
  0.16116377464646503  0.17195816616553664  0.18273556911895936  0.19339956142720119
  0.20400052477055433  0.21437786937564193  0.22443094141595749  0.23446927155209296
  0.24444374488134635  0.25457250385801433  0.26484337969086408  0.27513511044193556
  0.28567275720176660  0.29622011723840080  0.30707957191716628  0.31811218666833641
  0.32900840788513913  0.33959373516396368  0.35010413524269701  0.36042950362652137
  0.37079899536573702  0.38118704279736182  0.39171062513738730  0.40200204648335836
  0.41225330298964180  0.42270765622472783  0.43356416879873522  0.44461210108399513
  0.45541114726218768  0.46590436707174021  0.47638570316792206  0.48679954402979642
  0.49699572606080189  0.50705963839847246  0.51721071373937910  0.52764873671109902
  0.53800929110409268  0.54836526016709819  0.55887545167824271  0.56937871497149894
  0.57983886732006851  0.59039165164085783  0.60093685005096797  0.61115009678610710
  0.62121183500240973  0.63124865667179608  0.64169857949474907  0.65265523862835584
  0.66407126965653251  0.67545434884643618  0.68652633285272691  0.69753340286388044
  0.70855210213318198  0.71921211779626382  0.72998459786527892  0.74065915962194839
  0.75135723499265650  0.76212099695118907  0.77305658569500024  0.78368354300556431
  0.79421691881525380  0.80458831389439156  0.81516181776150665  0.82607262819689398
  0.83716501978721458  0.84838012825123321  0.85933797912059529  0.87021278759740928
  0.88117144044964324  0.89216475015222119  0.90308298107907192  0.91392074655211386
  0.92466207241226783  0.93572746895505454  0.94659673548253720  0.95775828827283249
  0.96824141769590000  0.97886396593642544  0.98922216208422209  1.00000000000000000
 -0.00246156645870262  0.00938690175270491  0.02007243390325750  0.03072611736911128
  0.04175121698086270  0.05248774315904236  0.06371433451912054  0.07511111155794037
  0.08610275770770141  0.09698946891587239  0.10746357447201370  0.11871071693803265
  0.12961438486697061  0.14031307353327682  0.15103503061146614  0.16172972367731900
  0.17229627244778245  0.18244047158616328  0.19253613706106323  0.20271415636566351
  0.21303027048077697  0.22358361976264593  0.23403115169532465  0.24420341033004492
  0.25423429342943132  0.26465271125399981  0.27527433860538586  0.28584709035616263
  0.29624569745714513  0.30687850272908379  0.31747328282787729  0.32779324831428491
  0.33788152504155672  0.34795005980727545  0.35843497817759545  0.36895443952804258
  0.37973244923134553  0.39063650499060737  0.40168331334861868  0.41246657228723510
  0.42311664088507639  0.43356622678072598  0.44413783240013360  0.45473848098495534
  0.46544650430657608  0.47613037899159666  0.48722509366506345  0.49840749441739607
  0.50946888064035922  0.52020914589666967  0.53083981427796023  0.54137267899793462
  0.55161231357139362  0.56183943795335145  0.57201043408670460  0.58227954742344112
  0.59267966765288815  0.60334564982103167  0.61437703024026957  0.62528606159820710
  0.63579855932056961  0.64611982011981473  0.65602663520860061  0.66561191069920189
  0.67508235245160919  0.68508289279640866  0.69571553719293833  0.70631644034089691
  0.71719933926005852  0.72822209366132706  0.73943506179683238  0.75044135037852255
  0.76142329720955215  0.77188565729538272  0.78175234318896658  0.79132381370429739
  0.80098442571638406  0.81095400693796804  0.82125736101966507  0.83151382956752395
  0.84143844169229842  0.85138357167409739  0.86182422947841086  0.87214078509921156
  0.88232609223221858  0.89243800512567384  0.90308967334699120  0.91391662708156496
  0.92469029645063761  0.93558335409353721  0.94644635872849436  0.95766795831942764
  0.96872695495145167  0.97958586765612887  0.98993656531188123  1.00000000000000000
 -0.00262844878893460  0.00996711937314220  0.02032598242697923  0.03137819927476165
  0.04190814683985560  0.05219059318872030  0.06267896361265991  0.07350652210702976
  0.08426616728597723  0.09482973858407878  0.10522951326082636  0.11640791376369244
  0.12708041425220176  0.13790297582775571  0.14852104014369830  0.15953416425764980
  0.17021835201445226  0.18078130890797753  0.19052994238460882  0.20020727621096754
  0.21004741019233869  0.22018179789620457  0.23061592696455016  0.24107205168146700
  0.25169089307268849  0.26259684352524904  0.27331213015845046  0.28380691220783338
  0.29390493250862115  0.30422405436947703  0.31452872717554592  0.32485974101284160
  0.33514094754398061  0.34544872663276677  0.35573319715509727  0.36638006128296069
  0.37734025250615799  0.38881198855172855  0.40001310293339259  0.41052151369404066
  0.42062599523827204  0.43086272427631339  0.44168599238423245  0.45263649465605499
  0.46337049030447924  0.47390080486701897  0.48448911819474827  0.49513587857240732
  0.50574349185393630  0.51640458565498526  0.52722715780837437  0.53809761781909471
  0.54870332386653664  0.55930239730774423  0.56982911548733262  0.58031760146352163
  0.59085057878105940  0.60160331236039299  0.61230671309842710  0.62250496322093718
  0.63244260391310703  0.64241418336782830  0.65257456132994929  0.66300744251773180
  0.67376388506057105  0.68454529082617410  0.69513213787387218  0.70550160467580292
  0.71635467929129371  0.72733677016768783  0.73809628223058699  0.74846569094881843
  0.75887682847838289  0.76927431750965702  0.77989171528865042  0.79037246131283712
  0.80110518187286994  0.81164534549630485  0.82202677237331756  0.83239209941142067
  0.84265353080753547  0.85329725797736322  0.86418445895278795  0.87509906769925216
  0.88562867181606120  0.89621440408007702  0.90639399401838805  0.91660022800484309
  0.92632203955635273  0.93630551291861563  0.94661673392495371  0.95719302982351095
  0.96807842969186986  0.97853617688911054  0.98923602403267341  1.00000000000000000
 -0.00223151061718395  0.00859670118572603  0.01828626667889812  0.02855678357486287
  0.03909563435700715  0.04953286951927141  0.06007511793828843  0.07091691298170175
  0.08169070157662349  0.09233364255011663  0.10294595153259185  0.11335600386480964
  0.12389986562086266  0.13433077305694277  0.14473953112071358  0.15481055320600878
  0.16485452664369984  0.17495993079690811  0.18546721334390306  0.19660597135387145
  0.20759816211969548  0.21853523931117702  0.22925618649574905  0.23998596389737792
  0.25051472557276161  0.26129369452225004  0.27198688711604557  0.28292089334401838
  0.29338451389267012  0.30367635823830308  0.31377375787223977  0.32385648246509929
  0.33359416912739698  0.34358763470406783  0.35378690601059842  0.36441456659757226
  0.37505012392548792  0.38577149416622375  0.39687449622041665  0.40816565061201004
  0.41941854662556538  0.43034587732453633  0.44124009007759962  0.45197462087983842
  0.46253673293211456  0.47247239402493507  0.48225589530087987  0.49225232090799242
  0.50273824914837872  0.51326955184484702  0.52387999235723892  0.53472175392374266
  0.54552459507737261  0.55616197102459897  0.56668270711787538  0.57744608916953144
  0.58837133175897760  0.59956261600412930  0.61098401153723758  0.62247413370587878
  0.63390823698286558  0.64519667272546011  0.65619086442147567  0.66695075643019885
  0.67764396711536357  0.68870593280645576  0.69988994657732961  0.71103856668916066
  0.72184124173302111  0.73217778836572289  0.74208437024936158  0.75193781792569447
  0.76173983870029016  0.77154169879595980  0.78166891528038074  0.79215460975381224
  0.80350461757587288  0.81463501791183368  0.82523017055061665  0.83556816565579328
  0.84565744777022045  0.85560470936171262  0.86552427688371336  0.87587066418382231
  0.88650470539365533  0.89711506846697553  0.90743984320688453  0.91797733507325607
  0.92845809888572173  0.93873481798561376  0.94847983671016345  0.95864987163561466
  0.96917791297545774  0.97948848971966374  0.98974760482830315  1.00000000000000000
 -0.00241499632982599  0.00961160523328750  0.01960804890709834  0.02975645874629392
  0.03999217201949209  0.05036775128805531  0.06108415837551423  0.07168795904807239
  0.08249116846817953  0.09284156758480749  0.10342432495267340  0.11392090485383488
  0.12483967000065205  0.13569543106429033  0.14684675081124252  0.15800837239579310
  0.16864085321784314  0.17897753333411062  0.18913421942722108  0.19947780808481355
  0.20992486062266325  0.22037239988917787  0.23091155545454051  0.24141133465714137
  0.25195604220567425  0.26264420895293616  0.27318419273118616  0.28380658449143653
  0.29431310339209044  0.30478584669855213  0.31505877192623172  0.32526926867953099
  0.33565340527141807  0.34613162083273513  0.35685278255599728  0.36707779040824995
  0.37745871434448686  0.38772976122308028  0.39795528562920807  0.40801554488040387
  0.41785810921689054  0.42806230042183685  0.43838437290818538  0.44905945066076314
  0.45970499573980356  0.47011164879498718  0.48045754388662631  0.49081639976194658
  0.50148711131116674  0.51251759948041964  0.52374129787068280  0.53495947958276868
  0.54594221891921391  0.55675178842358941  0.56783324235502952  0.57916559814735080
  0.59035888081013088  0.60167399769832008  0.61287781297478461  0.62395231603308665
  0.63454652074074480  0.64481210383430065  0.65480255902974671  0.66493628215174838
  0.67534040528364814  0.68579041473616786  0.69564341932707141  0.70547708643461082
  0.71560375344178417  0.72613700905403966  0.73606230657722538  0.74581685314390689
  0.75590345108410106  0.76617226513342829  0.77640922486446595  0.78649854695505528
  0.79656246483483872  0.80695583398802528  0.81731834395297187  0.82811071044035878
  0.83846757452996135  0.84900126486140137  0.85935449481413173  0.86982841542466971
  0.88055550534919913  0.89126852008857982  0.90230429303674475  0.91329980373370989
  0.92449094373318863  0.93553023262221413  0.94608446608137420  0.95641561968709732
  0.96709214990307213  0.97803916429792526  0.98899606389102790  1.00000000000000000
 -0.00243571891656982  0.00966871278259572  0.02022888982852749  0.03135953989552629
  0.04273771725045666  0.05349445935809594  0.06394011210315886  0.07410614338289867
  0.08453030917991720  0.09475766861231809  0.10493274697929010  0.11559441201139635
  0.12641825105964993  0.13739091631804207  0.14861633014732389  0.15997708277394018
  0.17123322294110177  0.18265419284742543  0.19404680725856666  0.20567505050778478
  0.21640452411994068  0.22656174367575876  0.23656765034154234  0.24691745122853270
  0.25738188089569214  0.26782928945971973  0.27830762318615282  0.28869087210499156
  0.29882355761888973  0.30903534417964368  0.31944154387754659  0.32999515690332765
  0.34032855974485621  0.35058442051532984  0.36110334856819476  0.37177589284276069
  0.38233061274504987  0.39270836637526119  0.40306992835737071  0.41341330642344165
  0.42352208219494769  0.43341618207109806  0.44365613771011270  0.45419583646092060
  0.46474782563802630  0.47501114325612781  0.48538885657337744  0.49587359373748802
  0.50595267047693471  0.51614870955621694  0.52637065886238321  0.53707836742492865
  0.54755673829274609  0.55786543775005137  0.56821729918508357  0.57812945759838541
  0.58845528582746454  0.59887654564799953  0.60961334879248075  0.62047186250598285
  0.63135194791434524  0.64228566903273643  0.65275772327808190  0.66307692651833150
  0.67338817718609001  0.68364555141241068  0.69402740694184040  0.70421700566008993
  0.71476315526187695  0.72536446984997782  0.73613176306384687  0.74671755417866814
  0.75733251814693647  0.76800776387275027  0.77867579226914418  0.78940547478477552
  0.79971464808261605  0.81026302339715228  0.82067837814532163  0.83111966868941090
  0.84120052662446398  0.85144878932870416  0.86192801096230265  0.87246471001722414
  0.88319396379706427  0.89398595383970825  0.90484371065500135  0.91536280868601261
  0.92644793737150610  0.93750864357111452  0.94840722483674023  0.95855519612355633
  0.96861051540349630  0.97874501985513718  0.98926187008496891  1.00000000000000000
   2.1844932308330579E-012  -1.0000000000000000     
 T T T T T F T T T T F T T T T T T T T T T F T T T T F T T T T T T T T T T F T T T T F T T T T T
