  0.00191344627094342  0.00194911497274928  0.00199084260329110  0.00202823356596785
  0.00206993181387903  0.00211645668207891  0.00216355208277560  0.00220884219339433
  0.00225347695391476  0.00230166397624266  0.00234784119878472  0.00239828800523432
  0.00245342761845660  0.00251111215022059  0.00257028173953025  0.00263123038547503
  0.00269246850810060  0.00275682241965036  0.00282298231067251  0.00288900297235653
  0.00295557705506357  0.00302404321127904  0.00309474205123992  0.00316848590280193
  0.00324829968984949  0.00332934842870156  0.00341033446453291  0.00349447984194144
  0.00358257337292302  0.00367559613809860  0.00377419459697010  0.00387700363608528
  0.00398434981723163  0.00409927379647399  0.00421690606559496  0.00434532328512570
  0.00447673650600841  0.00460863067566142  0.00474348335221500  0.00488043213205419
  0.00502034008251298  0.00516992486612379  0.00532925267274280  0.00550187065848244
  0.00568111811542869  0.00586866947499394  0.00605633598049475  0.00626075028689584
  0.00646411913476632  0.00667538312085841  0.00689108427869633  0.00710975431566795
  0.00733797336886240  0.00758472162885016  0.00785569221316360  0.00814947983768710
  0.00845973718070201  0.00877890959381464  0.00910770821782371  0.00947655027976509
  0.00985891697100997  0.01027124581561037  0.01072057287276856  0.01119365509497453
  0.01169178284389608  0.01221903480652980  0.01278089310870640  0.01337236969586970
  0.01400969792504048  0.01470324788906113  0.01542596970427632  0.01620584341281768
  0.01705072653687399  0.01799359632499077  0.01901387068898056  0.02013384781457731
  0.02136969646072977  0.02272248992231294  0.02421080684132713  0.02586031917150607
  0.02769248018343851  0.02969828339551027  0.03195541390569183  0.03458219643725270
  0.03777956513383992  0.04148627261922691  0.04578464638840959  0.05079088028761290
  0.05687080048236896  0.06448969412512269  0.07501495562233351  0.08931978990433531
  0.11080735476080233  0.15197805985958265  0.27004424617802048  1.00000000000000000
  0.00218465884467372  0.00328085908458519  0.00406212235476876  0.00483361074691592
  0.00557899944056083  0.00630131339350296  0.00703479102270510  0.00778985800103279
  0.00856903951109158  0.00937444123149109  0.01022451396595155  0.01111307822663024
  0.01202724021560404  0.01297883188631743  0.01400814708917354  0.01507865398247870
  0.01617747246217797  0.01730280612463487  0.01848516460096855  0.01973784924626150
  0.02102694933966670  0.02236347719561404  0.02373990109675101  0.02516713306087449
  0.02669842349997634  0.02829351595991426  0.02991813552532961  0.03158674638602031
  0.03334473518728811  0.03520938936168111  0.03718073722197594  0.03917320226957462
  0.04118848120573558  0.04323180438875805  0.04539076994206039  0.04770986490659185
  0.05009628318463508  0.05254845139006811  0.05510868995875573  0.05776042976134178
  0.06054333249963838  0.06347926208870958  0.06654027886118287  0.06972184694328720
  0.07297932195539170  0.07639304710617301  0.07993007594025354  0.08378064076299493
  0.08766689493220978  0.09173105608712645  0.09595152365912776  0.10038022901072068
  0.10506390975724984  0.10994970037696306  0.11507249456825404  0.12031088921270768
  0.12573503046129778  0.13132886108091490  0.13705240770288582  0.14291994793662083
  0.14898051500423443  0.15526568615449635  0.16160575088622481  0.16826205627590213
  0.17510306844596665  0.18219636072828177  0.18963973298621678  0.19750833269006604
  0.20586708649603647  0.21479700943252145  0.22424033105568530  0.23448273993124708
  0.24461270040259886  0.25475025188776851  0.26522963053504456  0.27620340275960881
  0.28784742285978171  0.30054272650967834  0.31407523833535256  0.32864781639623619
  0.34456210618825939  0.36106368820343232  0.37843738542623995  0.39702425934908164
  0.41702833669666761  0.43884120511556152  0.46272310382793103  0.48905693896610314
  0.51885037152729663  0.55150944786997647  0.58922163633063385  0.63234826930208821
  0.68389378034780113  0.74874797729174858  0.84339745222479967  1.00000000000000000
 -0.00254595899586486  0.00985733378014045  0.01991757815341401  0.03001142312189410
  0.03974319970256882  0.04972533960824758  0.06008136508724407  0.07031023797630710
  0.08030305823085497  0.09028271405070826  0.10014030945127270  0.11062152587630600
  0.12107740002787219  0.13188509168327700  0.14251130333335016  0.15358814717517133
  0.16491255592159962  0.17551040093434772  0.18570330562904222  0.19579188487789112
  0.20596955652602156  0.21628301462496846  0.22606338974134649  0.23602368032298807
  0.24622888445743693  0.25678593452057846  0.26706130990439009  0.27741193868089020
  0.28775565364325162  0.29857965618841870  0.30938688682835769  0.32030263416186816
  0.33055614638871744  0.34034459018400182  0.34994363093803288  0.35992377457110425
  0.37066646293031358  0.38084439290871963  0.39148308044219193  0.40222013418745950
  0.41314793368601965  0.42332652861506248  0.43314018924246439  0.44341870712401960
  0.45403420099704300  0.46499555007880783  0.47532399959006461  0.48559312110625685
  0.49563000524621748  0.50565814607409687  0.51590960343415204  0.52655667887063018
  0.53761896015986577  0.54918804373429919  0.56078478079377814  0.57238581641400843
  0.58364043876987715  0.59477380161192828  0.60642343417086964  0.61794439366797560
  0.62986375237138448  0.64131091198750478  0.65222883587697578  0.66236940539566136
  0.67229566844230060  0.68220935937513283  0.69240147958578380  0.70295824357815018
  0.71353957359885167  0.72435075038314312  0.73559659627036333  0.74728584923425390
  0.75904747534949879  0.77025185761624460  0.78070516513150112  0.79077760838421696
  0.80110223627818711  0.81129667191348609  0.82156042343391544  0.83167361052418265
  0.84194966411172156  0.85245869622254011  0.86285825504469948  0.87321989094549080
  0.88312123455640479  0.89289352532136279  0.90293091826420546  0.91329845211442728
  0.92381462993515151  0.93493859140439872  0.94590043565140047  0.95675125091124558
  0.96699055089750452  0.97762663662136318  0.98864008098178313  1.00000000000000000
 -0.00266950377643482  0.00984101559899457  0.01998388910956455  0.03079271256159293
  0.04182458128249090  0.05238682949048932  0.06278913010785239  0.07253185028543409
  0.08278836619056995  0.09293816594278553  0.10300273032879437  0.11250680425377824
  0.12160365643853878  0.13122667069435773  0.14098912332248603  0.15096255128926170
  0.16110480931085314  0.17183945796515870  0.18312280862956140  0.19437081033232201
  0.20526552633944317  0.21614901196701458  0.22694470052018573  0.23796651218596640
  0.24903118879187239  0.25950874670418855  0.26969160953105309  0.27979625261969082
  0.29028363776980032  0.30129451975307375  0.31254202335395587  0.32420782539353582
  0.33488375410680515  0.34529097803213638  0.35548028653823932  0.36577142939462276
  0.37566818704307803  0.38548572585218116  0.39574054841822670  0.40698622627079090
  0.41829802720181003  0.42959143446613263  0.44028141963339407  0.45105655974102660
  0.46211444920565514  0.47292739776122161  0.48303554221090700  0.49271755342905205
  0.50277649028366878  0.51326160093457041  0.52414572708031004  0.53475757840975768
  0.54525256111486375  0.55549293107251430  0.56590773574633657  0.57663926258121623
  0.58748668574176111  0.59820714786636342  0.60882201649616663  0.61950699450528657
  0.63026804029797812  0.64098762049543911  0.65146801294200885  0.66201727508794506
  0.67301231242636161  0.68439590594032995  0.69582574571088440  0.70675747354572171
  0.71773314892026463  0.72816392910468775  0.73884675832463753  0.74893762295248145
  0.75983655632712788  0.77045428949950301  0.78072943322242794  0.79119627060794273
  0.80194249229214165  0.81274260788744424  0.82351300467075850  0.83426700380873009
  0.84549967866094622  0.85606462125991567  0.86681487432485094  0.87762964644254227
  0.88820212500723306  0.89815101654499729  0.90766466587099415  0.91715040148355764
  0.92708869879636602  0.93680553312471726  0.94743420141175083  0.95772655390832451
  0.96781532533446135  0.97780551526840831  0.98862848044053953  1.00000000000000000
 -0.00245022270807016  0.00988990259921997  0.02083269011443017  0.03250408789057950
  0.04443081491971326  0.05575018806874247  0.06648623917431455  0.07712916606224629
  0.08720519694608322  0.09694020011644340  0.10718058192713746  0.11772101174638995
  0.12804034931243966  0.13805951141519529  0.14820689283460764  0.15869990880936241
  0.16943861233428123  0.18039360285694181  0.19147084341507051  0.20239779971025687
  0.21305957367483067  0.22353091141048992  0.23383054411308152  0.24413691227335654
  0.25478865050626603  0.26601501565708213  0.27740390369552920  0.28865532856785137
  0.30018255202269778  0.31147307190879103  0.32266791604183465  0.33337526797522099
  0.34390036124386064  0.35415397992408437  0.36437710624908165  0.37458374370704595
  0.38529635123046185  0.39631832046744447  0.40730851382003985  0.41781244085698488
  0.42778745602831197  0.43780924142055899  0.44815068781134754  0.45857001581301399
  0.46894552204562273  0.47899486035330052  0.48889056633679939  0.49855451707812815
  0.50822521783788621  0.51840789703309587  0.52951020437861551  0.54107902528094132
  0.55280993642427512  0.56424412152678161  0.57464295355670580  0.58462464981871332
  0.59442603085116896  0.60441658801138454  0.61410736457209525  0.62399517159400164
  0.63486166815908007  0.64592154110750777  0.65650176582430408  0.66669066784044628
  0.67707711510554347  0.68743499944407538  0.69777885263251727  0.70787957876052188
  0.71815601831924447  0.72828252648918967  0.73817235464443898  0.74820252767012774
  0.75855228617237924  0.76953132142404157  0.78057591818451144  0.79175153805195775
  0.80289904197074935  0.81362350773815073  0.82473656763787018  0.83524830930606120
  0.84565579327684270  0.85591776241884621  0.86620585688165275  0.87676660030088860
  0.88713505432349982  0.89754536999386691  0.90759472883763403  0.91780476361177887
  0.92826296578808765  0.93896464033794447  0.94961825906493791  0.96061390043414152
  0.97117748515890623  0.98112056594660624  0.99084313557990866  1.00000000000000000
 -0.00242868409064001  0.00924767536200185  0.01878695309285211  0.02926452133467180
  0.03989941384630635  0.05114824103948072  0.06217483604115343  0.07400528647185899
  0.08590264004926641  0.09724575549487013  0.10827481986345930  0.11884154678607949
  0.12893696411269465  0.13934393265450282  0.14920001267987473  0.15880443149574761
  0.16844612362218114  0.17824536748757455  0.18885213800402872  0.19947849417638086
  0.21008580946570399  0.22089533972892797  0.23169433831018668  0.24239128761354944
  0.25305723097498473  0.26378492383553925  0.27435030837242608  0.28442940984634080
  0.29421260452841091  0.30429922321484038  0.31479461013189902  0.32577653233038023
  0.33683855323467027  0.34797275872400196  0.35911976145101449  0.36980135813731546
  0.38010106077926242  0.39027749293582426  0.40030445463518544  0.41024668978669948
  0.42006348963616924  0.42973077908857982  0.43948349009265247  0.44971290887665166
  0.46053541808015480  0.47186483702326032  0.48328513713811155  0.49465799086954454
  0.50627409197906326  0.51781255627485023  0.52923023432898109  0.54051309255300406
  0.55180049126765462  0.56306501327844460  0.57433270397628267  0.58583046805818151
  0.59719465577273312  0.60803926544611075  0.61821057368187216  0.62821117573584428
  0.63836148954502059  0.64869505589190901  0.65950941222783988  0.67027109890214465
  0.68079321794661718  0.69115787609346746  0.70123224929466732  0.71131762542929611
  0.72129210463429305  0.73186541505327374  0.74270377773097640  0.75346466230148890
  0.76413568600880399  0.77492663369519921  0.78528949401599069  0.79536739360539510
  0.80536784627140301  0.81534937513856842  0.82519543721086908  0.83489322911361241
  0.84472917735542097  0.85471593705188731  0.86494650753846691  0.87536662127793874
  0.88603284738858057  0.89678884165602735  0.90782071422277211  0.91878410855176273
  0.92934564164577260  0.93961883242702893  0.95002009169548229  0.96000126233182870
  0.96971545848978546  0.97926153612552347  0.98938791018582417  1.00000000000000000
 -0.00209204421321548  0.00758329273602552  0.01688917414459916  0.02659597011037478
  0.03675919006669880  0.04686992418886904  0.05716920048567398  0.06736568027149090
  0.07748388627821358  0.08749573572058170  0.09752473763575437  0.10772097461017391
  0.11811464427013124  0.12871021908568125  0.13935442138331361  0.14993596181436733
  0.16058840618648515  0.17133810489257642  0.18210352812457470  0.19267647753911044
  0.20331335272390216  0.21430857203481157  0.22531420408681296  0.23602573289892700
  0.24615708432145011  0.25660563166107442  0.26686505985080355  0.27683578823236471
  0.28672195554725111  0.29720654272644481  0.30813659980947139  0.31876669921512901
  0.32900888203782575  0.33964517893587698  0.35084280101536458  0.36174137068601958
  0.37219480408327588  0.38225262676323862  0.39211014201966277  0.40217126853885971
  0.41266448994638527  0.42358861270054110  0.43424327812883723  0.44435583908455389
  0.45437917643385761  0.46445649343238277  0.47456213705574468  0.48457941761486489
  0.49482209605223793  0.50532448768036631  0.51622009667736779  0.52716739938459511
  0.53811559574618562  0.54921329800431107  0.55998483825778478  0.57107569838668071
  0.58181074720840775  0.59282189505812977  0.60399791166162420  0.61536354168733021
  0.62650608388201656  0.63712795208039608  0.64741550907971801  0.65774367189254890
  0.66822753221967535  0.67882527675422621  0.68963343101690455  0.70063833141166132
  0.71147549200500393  0.72237591609364782  0.73332176146350680  0.74439759839727260
  0.75536444683780801  0.76612206167217201  0.77671431624607090  0.78747746692387321
  0.79863228980695244  0.80993305583956332  0.82085997548039114  0.83121253518356175
  0.84145698100249511  0.85168577710198123  0.86196142837218936  0.87213580185857709
  0.88243978157585934  0.89303767118958444  0.90345187005713545  0.91359994085910479
  0.92353093570530109  0.93362209617336012  0.94377706289537644  0.95396270343519940
  0.96501912139134960  0.97653365100465317  0.98825967358019329  1.00000000000000000
 -0.00298524293249948  0.01128979782428268  0.02285982232193853  0.03390898656210163
  0.04472707640303919  0.05553901599208111  0.06643648999997316  0.07742969459457349
  0.08869370967874275  0.10016215032736490  0.11142752890418239  0.12222484122821124
  0.13313206337745770  0.14415014600259299  0.15465782582950924  0.16518486162219018
  0.17474436591268824  0.18388198135652675  0.19287723478921001  0.20218088510288520
  0.21184328445069908  0.22193245437652759  0.23245801994965204  0.24382788705387312
  0.25454707059389908  0.26473935882459365  0.27482196470813836  0.28485719589905473
  0.29426713839418672  0.30353115976056499  0.31329047461798071  0.32381414150982391
  0.33461345882760452  0.34528453965246692  0.35589451496441099  0.36667728803870542
  0.37743942822188226  0.38790010066755126  0.39819705722529675  0.40840037552586927
  0.41847410845988930  0.42826704913792651  0.43806286044454867  0.44809508134325637
  0.45830332899058396  0.46860955762020556  0.47874231475299195  0.48873506103018638
  0.49913779903029781  0.50987886419009210  0.52067799035282336  0.53149369274662928
  0.54255756036403546  0.55377084317166647  0.56500913025687005  0.57603608964909370
  0.58687792104997605  0.59768961672915699  0.60844078284804348  0.61921403229538408
  0.62974002441317745  0.63993397539481822  0.65005930985456950  0.65997728553034907
  0.67012174812049663  0.68062604441863261  0.69176158544527222  0.70331368337659583
  0.71473719179907436  0.72635312878223401  0.73805640124116068  0.74931094609488325
  0.75983682200936109  0.77019567888098495  0.78063979103874481  0.79089736769701291
  0.80099579838879986  0.81113753586768922  0.82179862111239266  0.83268966395091926
  0.84348025920523628  0.85423177438848652  0.86488281606492634  0.87602672098921353
  0.88695241727478691  0.89740024967432497  0.90765306670872381  0.91793295114458351
  0.92879048649216667  0.93918403619071977  0.94951744445699282  0.95948184140509762
  0.96971749065163215  0.97967902404038310  0.98973260565451626  1.00000000000000000
   4.1544208192431776E-012  -1.0000000000000000     
 T T T T T T T T T T T T T T T T T T T T T T T T T T T T T T T T T T T T T T T T T T T T T T T T
