 -0.00235997648251827  0.00849873793251800  0.01804014591752287  0.02806133532174166
  0.03837883841307045  0.04906952538623312  0.05977578287980715  0.07031690430168831
  0.08095526687360476  0.09172410384226118  0.10267071077331257  0.11346333306930921
  0.12420060145632883  0.13490770411170636  0.14545059634845847  0.15562394285896616
  0.16575049525052904  0.17573561643600716  0.18590327530860792  0.19611230505450594
  0.20646805477529290  0.21687008188624729  0.22743659931684584  0.23818740466187643
  0.24907129459842939  0.25987722563330878  0.27051033548377906  0.28113405457483154
  0.29183560372733847  0.30257392938629729  0.31309748164573586  0.32334716007376169
  0.33349905785849304  0.34369435400565435  0.35397817306723872  0.36459142130314914
  0.37538101098134052  0.38651910618659480  0.39766499120704002  0.40885637605613334
  0.41984349686701633  0.43061752784181989  0.44094456320096825  0.45129085111611333
  0.46175532816329201  0.47246648652131840  0.48321218015559508  0.49393874733991983
  0.50461886933026623  0.51528788862611496  0.52600077624365726  0.53691432289049768
  0.54773418906210980  0.55853464940601405  0.56904545965317976  0.57948877868624393
  0.58992608332825158  0.60053985727919945  0.61108096644029020  0.62145661670933205
  0.63176207122701178  0.64200541623392915  0.65250860673967703  0.66293861359720951
  0.67361862571502806  0.68419759698736893  0.69484722634639162  0.70537075749272560
  0.71610803425095104  0.72704013491161146  0.73761466290855482  0.74812845210923140
  0.75856891024411166  0.76913344671699979  0.77965457422514806  0.79027613823097653
  0.80087060765687701  0.81150658009173449  0.82203021223013073  0.83269825085154070
  0.84337098767192620  0.85396544457374546  0.86444824788461150  0.87482464465435850
  0.88527636431239909  0.89596786378915338  0.90646484887811796  0.91677030963940631
  0.92698253084987958  0.93713597281856342  0.94761320584774167  0.95786002543500715
  0.96839605595087785  0.97903507349776864  0.98968942500460788  1.00000000000000000
  0.03765601954058981  0.04547952605341608  0.04996064857511932  0.05328620339948276
  0.05614951168959759  0.05873261560331323  0.06115493598332989  0.06348788941479862
  0.06578340842701476  0.06797488027066352  0.07006684056728134  0.07211219051781473
  0.07412891063491810  0.07617348020103552  0.07820075630455381  0.08023227793157651
  0.08228305643349136  0.08434390744894291  0.08644457732163521  0.08854625762301843
  0.09064047845796427  0.09272449480432458  0.09481377253939910  0.09685818300072445
  0.09894468354801614  0.10104170424191079  0.10313778247015280  0.10530143697660749
  0.10753576015663222  0.10981630600790640  0.11213605915291761  0.11449901710294598
  0.11693877031895543  0.11935466946359882  0.12180931291764246  0.12430243670825596
  0.12680581680855318  0.12933750044695538  0.13193723574501720  0.13463614398225626
  0.13740735756811157  0.14023568113326892  0.14315988067918958  0.14606925785136038
  0.14899924410833520  0.15203678184259484  0.15521446984954984  0.15846912740350161
  0.16180497767095245  0.16528723338156598  0.16885717152468693  0.17237301766591376
  0.17601511835433192  0.17985210732590556  0.18372681217015799  0.18768350846008469
  0.19179658978190101  0.19603189409611055  0.20035713483916440  0.20488683928479412
  0.20974304764149820  0.21466962835167552  0.21989391282324219  0.22530740362206150
  0.23089095526677961  0.23675841505361109  0.24293497129660041  0.24938892948095764
  0.25622618786026641  0.26343315508849230  0.27099259407448223  0.27904531672436228
  0.28752870593776714  0.29657546766667081  0.30637819872734307  0.31692698036646666
  0.32861236951297107  0.34122168544312709  0.35493992961481513  0.36984752131716780
  0.38613867936104035  0.40391198776111509  0.42333473755075274  0.44425760833623640
  0.46727396085162798  0.49194273518580323  0.51904275363804342  0.54778373665895785
  0.57800858470014771  0.61026886907810840  0.64492115451369036  0.68328562132001713
  0.72696370714946090  0.78030263177370862  0.85659311434728125  1.00000000000000000
 -0.00243660408252639  0.00936931065267549  0.01924881154327596  0.02957017822736976
  0.04005777554766970  0.05042525446559313  0.06065298448305483  0.07124001612989500
  0.08188401316587318  0.09228777592428254  0.10255142364721742  0.11277350535218865
  0.12342253836314654  0.13388901939367756  0.14425701138175623  0.15456667709260885
  0.16517559390713049  0.17611066430645664  0.18691942051526272  0.19750587479178544
  0.20814372069800643  0.21864439677519529  0.22905815951997041  0.23919198860456978
  0.24955530287420713  0.26007163759328078  0.27058027204271073  0.28095913322848148
  0.29121796670055444  0.30148440269141175  0.31200067656796082  0.32288480719924872
  0.33387460470183483  0.34489087592161505  0.35565304288074467  0.36648933889777346
  0.37729263810502034  0.38812707144138897  0.39881856116550057  0.40925824538084715
  0.41978596292136489  0.43051026916263141  0.44129355991888275  0.45184096478098440
  0.46227551705126191  0.47286727876165141  0.48352190435973325  0.49423145646521627
  0.50482599791593807  0.51539882483955002  0.52583120416023177  0.53632498709045484
  0.54673900162603351  0.55718907746012369  0.56779886470685192  0.57846559410499254
  0.58935052363918528  0.60018420650636617  0.61107252301234405  0.62169296354225245
  0.63244093153334957  0.64320788793369310  0.65395773989905792  0.66443189335105102
  0.67491001974938369  0.68539030898054476  0.69572421243806148  0.70614612676279809
  0.71646096794846703  0.72681257772748542  0.73699368945859245  0.74728730005960009
  0.75767772296296121  0.76791348159927819  0.77817362427918091  0.78841262232150833
  0.79909705640008588  0.80995713611741893  0.82081666938847342  0.83154634619840673
  0.84228116631045791  0.85298983229885106  0.86354951887481024  0.87393671961321473
  0.88428380637872295  0.89448313518476374  0.90497867184804959  0.91556509649567863
  0.92630062260091151  0.93682000756530248  0.94744678985507347  0.95800548404642516
  0.96840672107822323  0.97880434632338853  0.98942596565613383  1.00000000000000000
 -0.00252179031063772  0.01026938782184658  0.02091880313756212  0.03149099569599261
  0.04195338782952848  0.05241791788877956  0.06320160866726396  0.07366530349209614
  0.08402006452513094  0.09410559023558571  0.10451903873893989  0.11510976396677214
  0.12572312229631832  0.13633643478868496  0.14698138371952665  0.15810744891877357
  0.16913705470830806  0.17990505666567175  0.19059027987359903  0.20113708601978869
  0.21162285347250706  0.22204063258263682  0.23224203112741237  0.24263729774264881
  0.25304070328722827  0.26380588360773888  0.27458121538038383  0.28519960067511224
  0.29601194997002134  0.30663193301556446  0.31721753258715318  0.32738033495826002
  0.33768427149739483  0.34817991126302972  0.35877020130133908  0.36927946376319642
  0.37976687927502056  0.39057071668928939  0.40132369921427979  0.41209111451765484
  0.42255115584220743  0.43290437002545334  0.44332085361369367  0.45356969277053205
  0.46404663581306754  0.47446325205096629  0.48521872671904687  0.49572432214547274
  0.50634160635314429  0.51683836654117432  0.52749019352820092  0.53775904787545314
  0.54816155775051767  0.55832687921340507  0.56854577959241914  0.57864376381048088
  0.58907961784557816  0.59981301707605073  0.61072687501585099  0.62158206313915043
  0.63226998170492366  0.64270159825865547  0.65315870253278852  0.66359558201091984
  0.67414761992600458  0.68440744221594618  0.69491365383305026  0.70541472223259705
  0.71582740000687428  0.72617239549795709  0.73646366853211953  0.74689370063579430
  0.75718998422590478  0.76741452871543014  0.77784635088561560  0.78843809014362831
  0.79915089775340209  0.80990553753766370  0.82046315102077083  0.83082207060016211
  0.84130037755815867  0.85191442092563063  0.86289168765837720  0.87378806141610810
  0.88481150661818853  0.89577636845094744  0.90655406094970248  0.91706484349155315
  0.92718902014135984  0.93749732656215889  0.94795168018053644  0.95843485143420237
  0.96874750163925205  0.97899099611534368  0.98949880309562988  1.00000000000000000
 -0.00271128456420041  0.00989451440199287  0.02051758242733776  0.03114940205759788
  0.04182369388848997  0.05226205461575207  0.06253394141898456  0.07287784108919113
  0.08332505907080044  0.09393121379840728  0.10450397104159706  0.11518042364859735
  0.12590353639959123  0.13650121815944952  0.14684202545039921  0.15695762554479797
  0.16704605040840134  0.17725252979409492  0.18762192755878163  0.19798075496174938
  0.20813090398800102  0.21840430723712892  0.22890514501951637  0.23959033106162222
  0.25026361644604156  0.26095279447378650  0.27168946605952043  0.28238460191213077
  0.29325252669177793  0.30440747116705208  0.31524543550445300  0.32565218516346894
  0.33590149482073928  0.34627327542899178  0.35675983353219187  0.36710238337945572
  0.37763476500429560  0.38828670610565791  0.39900318843304117  0.40947088190623304
  0.41999449430629376  0.43038819965000813  0.44093667451845853  0.45120991827145490
  0.46167329445061223  0.47223039474682171  0.48289842369466918  0.49360851738898498
  0.50402309858780470  0.51446847130791462  0.52487449498802918  0.53559634766090247
  0.54614442731175250  0.55672225167443212  0.56722297496855900  0.57797532998185253
  0.58858579196201855  0.59908025275948518  0.60964367224236027  0.62013954298596619
  0.63064461990330489  0.64094328711692949  0.65140816910689936  0.66192335699479476
  0.67244871052951050  0.68303832679714060  0.69365118916835622  0.70443299226623357
  0.71503676287230455  0.72566562534661361  0.73602825530235039  0.74624267523096477
  0.75653108606193731  0.76706601989643441  0.77775212051691078  0.78853945891587784
  0.79898950435068061  0.80956960372522968  0.81994998618128068  0.83029826608373003
  0.84067789688417549  0.85108756821123221  0.86173939853491477  0.87199306585818559
  0.88251146081277754  0.89308504469977290  0.90400726659262898  0.91459014137316130
  0.92515317412987796  0.93584592927260246  0.94658685940802878  0.95720374796369434
  0.96769686809887667  0.97834155417340918  0.98920508143982355  1.00000000000000000
 -0.00224780646661123  0.00950557497026573  0.01976306010387734  0.03009961719944203
  0.04045174716329256  0.05065846481462680  0.06091283253760916  0.07133359859540796
  0.08171143797072408  0.09208771456588724  0.10264852864700461  0.11320775735436889
  0.12368321260861048  0.13394169783136795  0.14422926179383933  0.15471648145508371
  0.16515730893657796  0.17577570832754333  0.18650387544089683  0.19742381212672921
  0.20799121583005151  0.21878969946118329  0.22950466991217847  0.24049595484708963
  0.25129561389573279  0.26177090842671713  0.27218458942677543  0.28236712559713489
  0.29267594302315253  0.30302022731414507  0.31330677268734342  0.32361588104017813
  0.33392432973283015  0.34461838713761062  0.35550928775044660  0.36610285206519810
  0.37667088332698356  0.38729420867158793  0.39814268472379971  0.40891858867117353
  0.41956163062145363  0.43022845630360051  0.44061336221288616  0.45099785781301072
  0.46154934902193534  0.47225526609587865  0.48300301939401263  0.49348485404550813
  0.50395145089930493  0.51441916485115557  0.52496731972204258  0.53549402642485278
  0.54598807036212205  0.55651417799386604  0.56715858652027096  0.57770408436591458
  0.58832921433631802  0.59889868394460977  0.60959522146639888  0.62030999905117779
  0.63105762412254618  0.64174233715356177  0.65256682075583017  0.66362999262183398
  0.67418114661716844  0.68450606245270806  0.69455749656779209  0.70485438031679826
  0.71513097835499873  0.72537963257183158  0.73562139797103077  0.74624359582304434
  0.75688798447893424  0.76752103455432086  0.77790967800012578  0.78841550037286301
  0.79892389226701499  0.80952009914546696  0.81983786786712620  0.83051015637522596
  0.84103759115371424  0.85175483143511044  0.86211530945454395  0.87244468834285360
  0.88273318512926136  0.89315049394591306  0.90359838554134320  0.91427723469111200
  0.92503800387104895  0.93578058800244801  0.94651537203739722  0.95715744344225118
  0.96799639552977024  0.97869825368002883  0.98935990180585409  1.00000000000000000
 -0.00254862830099155  0.00939415715595065  0.01961177263841509  0.03013339794952949
  0.04065999798727664  0.05120648675239953  0.06179491505321640  0.07231324202583204
  0.08287534592321247  0.09330237419843590  0.10396039146507388  0.11443139484262499
  0.12486928639027678  0.13520049189807246  0.14560330132197782  0.15622281503745189
  0.16692175981361498  0.17732753444109922  0.18752790082318690  0.19759727151420931
  0.20770325460743957  0.21789822956389443  0.22831841480091186  0.23880718177545862
  0.24929609719852053  0.25970273930087340  0.27015912138823012  0.28050667513567484
  0.29076410451365803  0.30110315071236293  0.31159791772177431  0.32216474704727782
  0.33278903999179948  0.34355434211862046  0.35422502836023528  0.36476573108787741
  0.37518277612474760  0.38558904126028470  0.39613017473221857  0.40675761750329920
  0.41777261157202056  0.42876410501773365  0.43968345645570006  0.45013110012414964
  0.46069772900923772  0.47104408930512848  0.48133021845899621  0.49149001643386536
  0.50182309798570490  0.51232322851749201  0.52285777011953705  0.53344876291880361
  0.54421721506239351  0.55494468739338254  0.56565680920431261  0.57633578514648653
  0.58687494601902557  0.59753550168052916  0.60817973830309091  0.61890961777520115
  0.62931169936035125  0.63956503774461182  0.65012400136439108  0.66064875736959561
  0.67116227553747165  0.68128589060256839  0.69150696105055520  0.70187485282688689
  0.71245989099191198  0.72325590935414430  0.73378441019361418  0.74426741662983309
  0.75470811478345312  0.76537676722218329  0.77623845637787003  0.78724217953177389
  0.79816620190896581  0.80884187917073913  0.81923942649370174  0.82975154633681614
  0.84039209859196895  0.85095978312128140  0.86125410010118053  0.87122577405486634
  0.88144881683287435  0.89170769330930943  0.90240826856797407  0.91304272501111994
  0.92406174104373406  0.93501637871539423  0.94603060433575303  0.95706415250204924
  0.96790503045940512  0.97882029075156463  0.98941679080408884  1.00000000000000000
 -0.00242350834227591  0.00955028002164492  0.01957014838845922  0.03000707227242567
  0.04050341749156591  0.05125513582799161  0.06204824485699138  0.07295064869109720
  0.08361760928952529  0.09447431897082478  0.10538195825718299  0.11626121989585197
  0.12703832558503975  0.13742977607956575  0.14767520035268641  0.15778058253544844
  0.16802421633773584  0.17834923643850281  0.18859451139324687  0.19885585103429315
  0.20913515726091592  0.21952096883231473  0.22983499594057044  0.24004393857578316
  0.25023803032244307  0.26091501136125822  0.27164779325371469  0.28250312005564504
  0.29296590097867686  0.30388267370731886  0.31465328047930619  0.32547545286216206
  0.33582983056210114  0.34640816119857287  0.35702094246086225  0.36766317588986974
  0.37840578647047896  0.38912138913128369  0.39977613195276762  0.41039836055453838
  0.42084395635953364  0.43151656249398379  0.44196566462223169  0.45278479667099125
  0.46363720912089373  0.47450277761105486  0.48518197975587218  0.49564479938975742
  0.50600748465725864  0.51637170911244012  0.52672549405030311  0.53714555639113903
  0.54748050080915389  0.55786577094074974  0.56829616008662998  0.57894830405050535
  0.58963810171725817  0.60013902688796361  0.61057407744950831  0.62107342935322274
  0.63158435390642909  0.64228323526630382  0.65310913205477017  0.66392934910889168
  0.67451089927239261  0.68507263003766838  0.69561609190534790  0.70607535034560798
  0.71639330533036638  0.72668816958695792  0.73690144393445711  0.74721008572252612
  0.75749638201995284  0.76792244501451923  0.77821221879732860  0.78869924314531026
  0.79939968377565207  0.81027089382303175  0.82092492037414644  0.83143739500183234
  0.84202121514333839  0.85273876271942695  0.86316917210283317  0.87349616968949428
  0.88389625333653532  0.89463058182207855  0.90517583190337825  0.91565985774756731
  0.92629921141439153  0.93682109406207992  0.94738446539520038  0.95770469331950192
  0.96845613536184139  0.97905084591967906  0.98955892076244156  1.00000000000000000
   1.4215437963264888E-011  -1.0000000000000000     
 T T T T T T T T T T T T T T T T T T T T T T T T T T T T T T T T T T T T T T T T T T T T T T T T F F F F F F F F F F F F F F F F F F F F F F F F F F F F F F F F F F F F F F F F F F F F F F F F
  <DiscreteSampler_grid>
  grouped_processes
  1 # 1 for a reference and 2 for a running grid.
  10 # Attribute 'min_bin_probing_points' of the grid.
  1 # Attribute 'grid_mode' of the grid. 1=='default',2=='initialization'
  0.0000000000000000 # Attribute 'small_contrib_threshold' of the grid.
  0.5000000000000000 # Attribute 'damping_power' of the grid.
 # binID   n_entries weight   weight_sqr   abs_weight
    10   10   6.446043600114840E+006   8.593907689773273E+013   6.446043600114840E+006
    16   10   6.445954601803725E+006   8.594042277966083E+013   6.445954601803725E+006
  </DiscreteSampler_grid>
