  0.00000009424611374  0.00000009619004831  0.00000010007727467  0.00000010408080723
  0.00000010774567375  0.00000011168299698  0.00000011585068400  0.00000012017872678
  0.00000012464086812  0.00000012918719918  0.00000013394078578  0.00000013910141032
  0.00000014481089410  0.00000015093487647  0.00000015737405966  0.00000016418934111
  0.00000017133513115  0.00000017871048285  0.00000018634794077  0.00000019420880342
  0.00000020252612765  0.00000021127945770  0.00000022045270894  0.00000023010677838
  0.00000024011628570  0.00000025113836073  0.00000026270862720  0.00000027496687169
  0.00000028802703757  0.00000030204931974  0.00000031704284294  0.00000033274356581
  0.00000034929226355  0.00000036695276022  0.00000038558548288  0.00000040512015603
  0.00000042593105407  0.00000044878266007  0.00000047381706800  0.00000050045704506
  0.00000052882068703  0.00000056022203918  0.00000059248845653  0.00000062703976414
  0.00000066623244486  0.00000070700531902  0.00000075132296368  0.00000080072813895
  0.00000085352167556  0.00000090991049098  0.00000097385690231  0.00000104278388360
  0.00000112177406604  0.00000121034502027  0.00000130541706560  0.00000140924260645
  0.00000152615188682  0.00000165646964812  0.00000180308085815  0.00000196660106258
  0.00000214682297028  0.00000234849040565  0.00000258238471322  0.00000285863050692
  0.00000318076566943  0.00000355407772091  0.00000398796810694  0.00000450276217468
  0.00000513961149246  0.00000592521600037  0.00000690394002088  0.00000814887186025
  0.00000972016646948  0.00001175495716416  0.00001462685063493  0.00001887475103601
  0.00002573095795679  0.00003685949893982  0.00005314307396403  0.00007412744871463
  0.00010043189476465  0.00013034514539405  0.00016368107748119  0.00019988107933278
  0.00024808662392109  0.00030197260029464  0.00036766805475223  0.00043257040852949
  0.00051535620039730  0.00060521929376974  0.00069010312645981  0.00078650041262235
  0.00089544391846607  0.00111765680501055  0.03068205352619252  1.00000000000000000
 -0.00910743526642960  0.04196806725222561  0.06334544055467607  0.07902033515843210
  0.09304110681245946  0.10586633310554401  0.11785348396478075  0.12943233709685137
  0.14096531387186820  0.15275462838705922  0.16447713409135983  0.17583428061649298
  0.18684900848348435  0.19792423915379875  0.20906976449322354  0.22042409433358126
  0.23167847514745379  0.24289938246466861  0.25422654889440938  0.26532646549206251
  0.27630449093459436  0.28730570059171412  0.29826387320618347  0.30876221313349561
  0.31865281976580867  0.32841264021833450  0.33854222252707000  0.34901884626447705
  0.35970461834946038  0.37058306430951382  0.38192705827362494  0.39356720060308537
  0.40523887854914320  0.41654842458048424  0.42744565732142276  0.43810922684257414
  0.44870402927355141  0.45939373218481860  0.46982460941688486  0.48005363051730310
  0.49050869248289625  0.50121784918224543  0.51174318054757206  0.52193959365872655
  0.53224106297390217  0.54299166211141736  0.55400681665631635  0.56492708372556244
  0.57580426791941175  0.58647148418786743  0.59728546551754669  0.60825337863151296
  0.61907862360902643  0.62946528308618577  0.63950398761535010  0.64961929708408894
  0.65929525289572710  0.66901673847034837  0.67899620884949874  0.68965309858962554
  0.70092615476146991  0.71153120351241106  0.72143003720742960  0.73109611278515085
  0.74071830072915690  0.75044582832240059  0.76039769728655837  0.77066232039958016
  0.78159742868707616  0.79260673677087878  0.80309423004422309  0.81346050522095570
  0.82307765486448559  0.83253515302108050  0.84236798372116528  0.85231100657830983
  0.86252877140720985  0.87248514622823881  0.88222574747006377  0.89162663765785899
  0.90078080361042312  0.90991522199415720  0.91918225956465371  0.92854707446783880
  0.93779021957052688  0.94676424425257799  0.95514190279806521  0.96269950844412489
  0.96964997513830697  0.97617569132525583  0.98218745959469178  0.98743524760388679
  0.99160403572189537  0.99481028340719713  0.99751105498924741  1.00000000000000000
  0.00000000206022701  0.00000001394411890  0.00000002985036958  0.00000005138361897
  0.00000008122440975  0.00000011765945718  0.00000016425914915  0.00000022421056121
  0.00000030147746418  0.00000040516337977  0.00000053733131432  0.00000070464665060
  0.00000090820203431  0.00000115131129353  0.00000143567056620  0.00000177873239679
  0.00000217994378363  0.00000265768252287  0.00000321898851562  0.00000385376113752
  0.00000459734348070  0.00000545578299637  0.00000644009573680  0.00000756624523870
  0.00000883796240016  0.00001028623694109  0.00001187455077383  0.00001368777303953
  0.00001562717515075  0.00001772972667545  0.00002002228860752  0.00002248446653337
  0.00002504864761762  0.00002778187290526  0.00003066441907932  0.00003360324173771
  0.00003662288930291  0.00003988282635472  0.00004351780944908  0.00004729907698557
  0.00005108307794504  0.00005500474520222  0.00005911026334820  0.00006340177433307
  0.00006790769624830  0.00007266963478188  0.00007776320994189  0.00008296089063765
  0.00008814380961088  0.00009360780581116  0.00009953040251087  0.00010627196631870
  0.00011359327592640  0.00012119785689509  0.00012934489027807  0.00013752366382745
  0.00014644968909650  0.00015680452654462  0.00016809758653223  0.00018050056373254
  0.00019340630543564  0.00020634441139160  0.00021873950435139  0.00023139504599634
  0.00024433631875398  0.00025762173092452  0.00027293143562065  0.00029074019902610
  0.00030997686676685  0.00032972669497940  0.00034944757432343  0.00036993010368245
  0.00039312521656457  0.00041458018398236  0.00043911251511678  0.00046804508461198
  0.00049770918977198  0.00053133526752395  0.00057071865456691  0.00061864718132722
  0.00068236103352661  0.00076104366671645  0.00084438335870832  0.00095953932759747
  0.00108909825130960  0.00119113380765957  0.00129604483596704  0.00140385187646271
  0.00151621090679996  0.00163595573283595  0.00184711042907497  0.00209964625325522
  0.00235674791036716  0.06315723150374875  0.32723997704067842  1.00000000000000000
 -0.00368187164642357  0.01488036250858716  0.03004194991182644  0.04570630085427726
  0.06083280052708085  0.07497746140279452  0.08837655158537151  0.10133146304641348
  0.11407444536795329  0.12650816983273822  0.13878417417252173  0.15064635119579836
  0.16226397616696961  0.17357037230328667  0.18444266488816519  0.19495243995586595
  0.20512550216282563  0.21511533441019567  0.22506223148187854  0.23497110800100457
  0.24464834932607651  0.25405735104461591  0.26362449512129577  0.27351750410691228
  0.28366088210885299  0.29357488975784096  0.30334895685418783  0.31301558176107908
  0.32228835594625471  0.33112066022232517  0.33960314689201682  0.34804899327837291
  0.35675206526758113  0.36598972346711434  0.37556722237460288  0.38503604481016301
  0.39416092313313111  0.40295763522244832  0.41133446995184836  0.42017264006256810
  0.42913284717557026  0.43840456067912165  0.44782154759612647  0.45719295966077811
  0.46622480926462051  0.47492945172582096  0.48335993513529124  0.49203410760627642
  0.50108344511596281  0.51037267421118271  0.51963119431918925  0.52862030143703775
  0.53768854059324778  0.54681812010540998  0.55556241952764551  0.56437387292251495
  0.57314923434442766  0.58221187858277546  0.59126159384450550  0.60027940141881164
  0.60939479931387563  0.61845863336477058  0.62724589934752428  0.63576516572579056
  0.64462183615203561  0.65395436248236072  0.66295949344637506  0.67184241450385029
  0.68071907516156860  0.68985823178159678  0.70003159493379064  0.70964032170844393
  0.71938862485978239  0.72919663688036584  0.73857421534130818  0.74795023928235305
  0.75769185656780225  0.76834666157197773  0.77970279955825617  0.79049460517065162
  0.80150759590293519  0.81213093239092704  0.82331880948957736  0.83449984806516353
  0.84626288558619100  0.85804167583031066  0.87006876772971009  0.88241018263438797
  0.89540575403693534  0.90903513265250624  0.92288180103969841  0.93696730991496857
  0.95146207571760733  0.96647123435636684  0.98274554761436639  1.00000000000000000
 -0.00246357396075516  0.00949579979820196  0.02055608237670104  0.03189949248932823
  0.04300539489389298  0.05392302163577765  0.06447101666495569  0.07545619223679029
  0.08587997204132053  0.09597235686970988  0.10603005431958065  0.11584941034308048
  0.12568169289282549  0.13557920318015770  0.14564910722162783  0.15651617094770459
  0.16751777636050000  0.17849684885237188  0.18942402075590134  0.20019439241375486
  0.21079491600992331  0.22121716033551217  0.23157627814857099  0.24157812560507483
  0.25116821693442576  0.26101332747113165  0.27118600822799488  0.28197784731347791
  0.29294814438384076  0.30399460980104182  0.31493577353618768  0.32570972787770425
  0.33662848110719434  0.34758001245874648  0.35852176090865906  0.36926118162580224
  0.38003439643356535  0.39058355856315341  0.40104940092567198  0.41151327825644163
  0.42185219162019055  0.43210239645161691  0.44238567964738196  0.45264876035006357
  0.46295021415313448  0.47339483642136487  0.48409059087281858  0.49500350234357632
  0.50569317723131013  0.51631735789100497  0.52689117028387955  0.53743909463089745
  0.54799074822863802  0.55800377119420130  0.56807032312922001  0.57827516716192617
  0.58902348728589782  0.59993197658244002  0.61041070330325253  0.62059963120299910
  0.63043773243257983  0.64040557887802907  0.65055743816883993  0.66074223750602412
  0.67096788247740058  0.68126092572187724  0.69175660825595453  0.70237069768368487
  0.71305727629308202  0.72377755795833087  0.73435262663044198  0.74469594919456095
  0.75525925490024493  0.76613532114460570  0.77722930213014518  0.78809093318031753
  0.79834528305796093  0.80828641336772389  0.81819600628818412  0.82840053214016141
  0.83897467750400045  0.84950983818922832  0.86015707493365334  0.87118442499918303
  0.88197310679803864  0.89270119011657467  0.90372778514197694  0.91452731065733428
  0.92555110208641600  0.93649337400809851  0.94745397572778822  0.95859012230167262
  0.96896906440600072  0.97965208793232261  0.98985552101977481  1.00000000000000000
 -0.00177318006051051  0.00680512150754056  0.01558558866682247  0.02395038666302204
  0.03259313937291922  0.04121095057754616  0.04988593278074209  0.05871684174411603
  0.06769960153908830  0.07666520726075335  0.08600129845206243  0.09537523977927340
  0.10507107820903691  0.11503473289317077  0.12551861286249738  0.13595048804152743
  0.14650785217526335  0.15687087804124239  0.16810069918069748  0.17966529334097664
  0.19126590773360894  0.20238030226171311  0.21307552359488294  0.22413690453589249
  0.23491269071654303  0.24579296199015147  0.25738379085852725  0.26963964746270896
  0.28183527675924352  0.29374091921206552  0.30605051448279413  0.31809127312821184
  0.33054753844876800  0.34326738063383744  0.35629528232027408  0.36901593549467715
  0.38181682038632125  0.39445331768792813  0.40741436826847527  0.42033101488647573
  0.43362184272113735  0.44682147433381103  0.45992465822157763  0.47284647831342341
  0.48571775766974884  0.49847049646892522  0.51088829412466563  0.52327810885027271
  0.53596980578020936  0.54882645910441208  0.56146373953812756  0.57422158360161513
  0.58711991160868771  0.59997167676824781  0.61251284893952906  0.62471067386555157
  0.63661225217104223  0.64840005655233668  0.66013707420893275  0.67165563678039208
  0.68301254019460744  0.69436577523727983  0.70571912334890197  0.71682985022263057
  0.72762030543628231  0.73831457891805241  0.74871946581114757  0.75897237595820066
  0.76925009471539763  0.77961955528768012  0.78993127750155623  0.79968001553855961
  0.80889543100868222  0.81798976221468800  0.82725785599150103  0.83660344025899769
  0.84589441753471062  0.85463149203141076  0.86279106871525546  0.87073286796066807
  0.87885275526164941  0.88729659066704436  0.89575729983749042  0.90391547724116139
  0.91168720763135158  0.91960549374943801  0.92788117609106091  0.93620981613078313
  0.94460019444594179  0.95294596394222664  0.96112801040207241  0.96899842818563608
  0.97661686173559070  0.98425332906795460  0.99209986809231232  1.00000000000000000
 -0.00232687938207691  0.00925322857446524  0.01942034785004968  0.03025691367220650
  0.04084322280734316  0.05116922317006713  0.06147218814078671  0.07208137366140789
  0.08260028737260533  0.09332474828788168  0.10430002720182568  0.11496648304654818
  0.12560967561495215  0.13613061541416688  0.14675424129879702  0.15712125308530853
  0.16743387926974182  0.17772681107691574  0.18809858588080175  0.19850507965480435
  0.20900382412216240  0.21964826075881017  0.23064240584089352  0.24124098256339324
  0.25188769345025708  0.26244279028179807  0.27327193212847234  0.28407250780547300
  0.29470900978097925  0.30545295543969564  0.31631978687993656  0.32737467431055012
  0.33839173767228387  0.34904115758675486  0.35975442493660009  0.37034069064501690
  0.38152681341781297  0.39260614180098397  0.40356230069321636  0.41453987702648742
  0.42571755665637501  0.43685647337978717  0.44745783239072651  0.45816625452164655
  0.46881838432640704  0.47971250047020525  0.49030651429547112  0.50049063358589085
  0.51064595922782086  0.52083298294496183  0.53140832665883952  0.54214094815517055
  0.55281160860427558  0.56367728095978542  0.57452886528500846  0.58545981602975461
  0.59638396950258410  0.60729082641099652  0.61782531986374556  0.62792796936120399
  0.63773137452861883  0.64773059151365353  0.65804349730154088  0.66887432029718075
  0.67981506611226872  0.69066253843237702  0.70098473040817433  0.71106158260571339
  0.72124493550790336  0.73173445851473473  0.74211059694869286  0.75213787073055993
  0.76192664840656343  0.77204958712553107  0.78244214356898323  0.79278058507685134
  0.80348483725298181  0.81436843473270382  0.82527130485774502  0.83590582028011740
  0.84664701718738888  0.85747908535363582  0.86789186222905601  0.87792600253380504
  0.88813605786610328  0.89843275389293198  0.90861241332749743  0.91904880182776605
  0.92934548722001853  0.93972224815918814  0.95006292573480267  0.96048474018110952
  0.97065635705780973  0.98043050229720818  0.99015252611639659  1.00000000000000000
 -0.00259365022432631  0.00951449966746901  0.02053616657492087  0.03182066150170336
  0.04302477700235429  0.05387812745211802  0.06433762589248035  0.07465512218293748
  0.08550749453512010  0.09699862673895476  0.10765999326241023  0.11765415931629002
  0.12768193642942252  0.13824657319937972  0.14884802405578892  0.15905171437654017
  0.16918906663638567  0.17937642855171487  0.18945922859014572  0.19946438924472271
  0.20969701772985325  0.22013346870813619  0.23073728725400378  0.24127678340476891
  0.25183990894014763  0.26227247441353974  0.27268029243415909  0.28330507105093822
  0.29421951884591058  0.30518016205674270  0.31589537142011082  0.32664541035899886
  0.33710595468644627  0.34764672542067476  0.35791561589397830  0.36842366122489056
  0.37923654283474667  0.39020821323421667  0.40121451818545079  0.41197074447421828
  0.42275733017792394  0.43370249589742577  0.44471876429563606  0.45571410734042977
  0.46651452148061878  0.47714281296724798  0.48768101506722378  0.49834367638443416
  0.50913036435339720  0.51987742261182213  0.53046740110264556  0.54090631547704582
  0.55130329709627313  0.56174460833780449  0.57239610418850995  0.58327908799671935
  0.59420497579227949  0.60494280786916388  0.61543986511777227  0.62602198292566902
  0.63674769024388966  0.64731637071358861  0.65745024846380984  0.66726198738860432
  0.67735039843712064  0.68792150771403560  0.69888211298952241  0.70984251152130917
  0.72041641229349018  0.73081257507705100  0.74127227223424152  0.75179873915414897
  0.76222819821571763  0.77249622845038834  0.78255224054399208  0.79253864934053142
  0.80236161414823925  0.81220165786168752  0.82199406498914507  0.83181488158068617
  0.84202213822928307  0.85232234176346533  0.86251762012172906  0.87264537324252300
  0.88279071026614564  0.89325903974045451  0.90399407669400578  0.91500994294895588
  0.92608313838923728  0.93672143507667893  0.94706696416080849  0.95702669417187836
  0.96742906856446020  0.97804028943080357  0.98902915806176350  1.00000000000000000
 -0.03744400050098341  0.19781874250117659  0.30234248757834453  0.35134603484997040
  0.37417447385142560  0.38715326783734072  0.39624222287725397  0.40317562411322599
  0.40934967312032794  0.41512523930594908  0.42063220059598877  0.42577152593216316
  0.43090403798212112  0.43570469226345804  0.44035819450325386  0.44501198215813864
  0.44966526333264289  0.45420862325204947  0.45863889454408424  0.46298094457233013
  0.46723314919210773  0.47143261067904502  0.47564488272497402  0.47994094591386205
  0.48425455107686433  0.48845649577444028  0.49255087597752084  0.49661454976010666
  0.50068072149222054  0.50489238406326731  0.50907433905133526  0.51327282951383302
  0.51738164320744706  0.52152085046436503  0.52576109048663444  0.53015186128476877
  0.53465926089092364  0.53917541961565829  0.54361694068424493  0.54797898352098573
  0.55234312960139331  0.55678962389442865  0.56129195587224223  0.56581765449557297
  0.57039046869720600  0.57497050438427921  0.57954295966566571  0.58418049487875801
  0.58891133603215318  0.59381242193766881  0.59883910999739109  0.60389606040063515
  0.60903737985080952  0.61421149635539085  0.61939720843944057  0.62472397654814815
  0.63023214823851892  0.63589148869929724  0.64173490972062019  0.64777124807840758
  0.65395260207083461  0.66020026213028438  0.66644706384738606  0.67269193312297715
  0.67898197262506832  0.68535548798912160  0.69186839606053152  0.69866531762600792
  0.70564655109518759  0.71272190984932005  0.71994998823813805  0.72725314479310998
  0.73478389959247603  0.74248514029966450  0.75026242581355562  0.75799452633644782
  0.76591286823751392  0.77424342748227837  0.78314945304127448  0.79224052630002328
  0.80133333400948714  0.81077183880200399  0.82066000775054537  0.83067074779858319
  0.84068934173505383  0.85110312567697288  0.86243466292835236  0.87405756543351498
  0.88564794193083030  0.89761272462817787  0.91022982149294762  0.92376377907618223
  0.93834733458577602  0.95445087341354806  0.97458718529140376  1.00000000000000000
 -0.03310875906113136  0.14956729279191325  0.20191890364110640  0.23648590721900442
  0.26438170386962129  0.28794197404900573  0.30842199508717344  0.32635407629042162
  0.34272285446475365  0.35740462160303410  0.37084862395567586  0.38388690407876130
  0.39692815352725752  0.40968376297982800  0.42223166552743963  0.43467062270405299
  0.44630890730268830  0.45728290107576486  0.46781436566586571  0.47798811130548785
  0.48788959811203830  0.49751736260126828  0.50722379050717903  0.51690320140181489
  0.52633709528973516  0.53557560177269126  0.54465686799760948  0.55372101336382129
  0.56262447973146690  0.57130307222812537  0.57964150340058496  0.58772748451633128
  0.59556633377036594  0.60315720162334385  0.61040275572536673  0.61743439437735137
  0.62438864310335029  0.63101518653643540  0.63745166017738919  0.64383904099368150
  0.65025177184115934  0.65660062198361924  0.66262869115286516  0.66846585124389957
  0.67417642563554925  0.67987242230657230  0.68565500264988721  0.69112744383120672
  0.69644119179492125  0.70145712963845019  0.70648157773750531  0.71160221845347915
  0.71688663656405571  0.72216888095734766  0.72739489522229461  0.73252896547314317
  0.73759957506136076  0.74247995672835365  0.74719181506584309  0.75165136042159142
  0.75605303610609798  0.76047594571521748  0.76493899490469963  0.76947863148203655
  0.77404081548146120  0.77858597983958233  0.78314461984363704  0.78779252683700118
  0.79248474551087800  0.79699636898767023  0.80131648430397218  0.80570153769937836
  0.81004135057888116  0.81441352118062715  0.81876699530500119  0.82303590670839377
  0.82729218145315120  0.83150538312435451  0.83583925424537453  0.84027293779454015
  0.84481456052398030  0.84945820173021724  0.85414359816920682  0.85894476725111479
  0.86390235438713270  0.86908603269143159  0.87447202813014846  0.88034585642210961
  0.88661189947691521  0.89335047893640318  0.90062759096863088  0.90861908392389390
  0.91763927005989121  0.92917230721982025  0.94849077886130539  1.00000000000000000
   4.2063208920180540E-009  -1.0000000000000000     
 T T T T T F F T T F F T T T T T T F F T F F F F F F F F T F F T T F F T F F F F F F F F T F F T T T T T T F F T T F F T T T T T T T T T T F F T T F F T T T T T T F F T F F F F F F F F T F F T T F F T F F F F F F F F T F F T T T T T T F F T T F F T T T T T
  <DiscreteSampler_grid>
  grouped_processes
  1 # 1 for a reference and 2 for a running grid.
  10 # Attribute 'min_bin_probing_points' of the grid.
  1 # Attribute 'grid_mode' of the grid. 1=='default',2=='initialization'
  0.0000000000000000 # Attribute 'small_contrib_threshold' of the grid.
  0.5000000000000000 # Attribute 'damping_power' of the grid.
 # binID   n_entries weight   weight_sqr   abs_weight
    10   10   8.009468654729528E+002   6.229105991595867E+006   8.009468654729528E+002
    11   10   8.009468654729451E+002   6.229105991595747E+006   8.009468654729451E+002
  </DiscreteSampler_grid>
