  0.00191071941077668  0.00195620396970352  0.00200385342121025  0.00204999525867836
  0.00209556216269868  0.00214260675178725  0.00219121314225743  0.00223984360868311
  0.00228952556158654  0.00233835615415001  0.00238487032886677  0.00243631248317244
  0.00249067575129294  0.00254495075680456  0.00260276591997526  0.00266309329329281
  0.00272394490275410  0.00278709921085233  0.00285077377191799  0.00292000455237879
  0.00299347293763580  0.00307142013415560  0.00315120305846181  0.00323348249546497
  0.00331665675743059  0.00340181612037551  0.00349176001062727  0.00358615077658279
  0.00368275229477423  0.00378086617732746  0.00388220852202903  0.00399079250666122
  0.00410640659874254  0.00422552927229227  0.00434705448439114  0.00446959307396462
  0.00459434026507150  0.00472590382467087  0.00486771818578008  0.00501498924068086
  0.00516143661191872  0.00530926517635895  0.00545646480286485  0.00561649930904127
  0.00578435764092883  0.00596068889023936  0.00614206073387089  0.00633054666577727
  0.00652954772578575  0.00674521501129730  0.00697702974825377  0.00721838792092060
  0.00746624772687851  0.00772706865671909  0.00800054843998751  0.00829162242538605
  0.00859135155914920  0.00892396526618736  0.00929513672136616  0.00968119425608648
  0.01007268081659096  0.01049475892799506  0.01093778513832435  0.01140232724222705
  0.01189062260782139  0.01240757912823754  0.01296028610292674  0.01354843534986731
  0.01416109763945685  0.01480172083991038  0.01548991664179039  0.01624886444538895
  0.01708308309392480  0.01799082617082735  0.01898156588738512  0.02003943737497828
  0.02117846984920254  0.02243870840732172  0.02383482106803244  0.02538912361189959
  0.02713181840720015  0.02915595823125574  0.03141770206972305  0.03398104940851837
  0.03692318000956946  0.04037370627906855  0.04443836504943675  0.04925008612987882
  0.05513489016971814  0.06276576673176050  0.07277009755248405  0.08653390597171991
  0.10837708505709888  0.14695020371944276  0.24729873107410302  1.00000000000000000
  0.00465738752283507  0.00509176216757041  0.00571667919314090  0.00632410620729956
  0.00691690307408683  0.00750897975407769  0.00812520274706265  0.00879051502011157
  0.00949983274317614  0.01024411213422903  0.01101952811412642  0.01183769391199462
  0.01268482760541667  0.01353132638697365  0.01437758735502241  0.01525413939030476
  0.01619954822203089  0.01723797652512510  0.01835930457134231  0.01952021050726185
  0.02070628891124516  0.02191902695424122  0.02318369770508681  0.02453377482005426
  0.02594921570184171  0.02737593715998095  0.02880021257640252  0.03023438567732265
  0.03177294112638748  0.03343410611637445  0.03516687623823074  0.03701771732814008
  0.03898498396754264  0.04105533405898195  0.04323435989241405  0.04552067525251030
  0.04787346873600240  0.05028999922151745  0.05275600350960043  0.05531035911340362
  0.05797506778099381  0.06075910162840943  0.06366074382933749  0.06661571257694267
  0.06966726800343440  0.07268075391779914  0.07576304445243662  0.07889694815369386
  0.08207555392400394  0.08541591907644737  0.08916476479990529  0.09323000095552743
  0.09742696489075187  0.10167563319400587  0.10604806654912811  0.11022382730427530
  0.11447050021523945  0.11916032178587856  0.12426319081389592  0.12970250340326764
  0.13533541378612837  0.14106934052158923  0.14691459452093056  0.15285803529188327
  0.15913890226478358  0.16582493655189404  0.17295611554068585  0.18060549938929918
  0.18870021834376705  0.19754127426124302  0.20709949972984676  0.21690026947256283
  0.22731237926794076  0.23804665115369097  0.24949340557650804  0.26125699415003045
  0.27432838451708891  0.28815653784438278  0.30217405995508162  0.31667895386492412
  0.33136733265677681  0.34767529947955284  0.36603189728080343  0.38568113010461302
  0.40718371900495431  0.42990199723934003  0.45452400804139392  0.48267846064910552
  0.51390611133471964  0.54828545453339972  0.58785568987235937  0.63421749314155917
  0.69095335410629422  0.75817641494362009  0.85024820782392618  1.00000000000000000
 -0.00261652032941812  0.01065480605517855  0.02174810574017154  0.03248537362798096
  0.04262634105400873  0.05297734248118932  0.06320037491887025  0.07346618271320629
  0.08398711375500598  0.09473206898767815  0.10522017067237639  0.11536598009883808
  0.12597145061344023  0.13692734946836627  0.14815297916613612  0.15927136462371938
  0.17014539567980319  0.18028158868545044  0.19088313785685684  0.20219555814334705
  0.21355450585122976  0.22429759923072951  0.23458661090032606  0.24427686118816341
  0.25391836245925714  0.26338882821359871  0.27284434971609800  0.28250494315725172
  0.29215233313093403  0.30229080907540079  0.31238483128031486  0.32291797341599271
  0.33358998827043251  0.34450679802727219  0.35582427814176432  0.36722223305925888
  0.37825763836086251  0.38873270629256701  0.39957669550237801  0.41003271953853898
  0.42031156636181094  0.43062821515277427  0.44134516718218064  0.45216043680943235
  0.46223986124603966  0.47236045931905934  0.48264150252576277  0.49334632688570967
  0.50418619778385898  0.51513226125227485  0.52560889024660151  0.53548555331666647
  0.54570792535799151  0.55634470835493821  0.56719582157164372  0.57754234592080467
  0.58783968896966865  0.59800326582811103  0.60834563640026573  0.61890929230833969
  0.63052006749273204  0.64244648212208777  0.65397836440069690  0.66516595105362319
  0.67598371906182697  0.68635689460880334  0.69632175596692247  0.70613060449091281
  0.71619236917080054  0.72627087510927635  0.73631141612060291  0.74628313201746743
  0.75684347678009678  0.76771472360676263  0.77889381512229139  0.79013723070949493
  0.80123150002845089  0.81197299147209201  0.82305023770239882  0.83400832252428270
  0.84418275996700598  0.85389407749571700  0.86388427053694805  0.87496759804676927
  0.88677154982796125  0.89805008714992962  0.90855003744436480  0.91860965147667017
  0.92870278621769287  0.93908916033941736  0.94938307232604002  0.95904453078622509
  0.96946948412358558  0.97968797964645515  0.98994887670910980  1.00000000000000000
 -0.00253835515604945  0.01009717156802919  0.02008576276169807  0.03055793539345820
  0.04054418014491057  0.05096466035687552  0.06148919302134758  0.07211141203784313
  0.08202868901373550  0.09169288750821762  0.10159006382023167  0.11231935232454854
  0.12287615279746268  0.13314332174140139  0.14318500099216963  0.15380228506069551
  0.16484254349804123  0.17597955132607898  0.18681430766198870  0.19706059308475146
  0.20736922083251955  0.21787548067768378  0.22860120412263174  0.23906212256013032
  0.24924815582282614  0.25934083290217297  0.26944429126670488  0.27947920097770501
  0.28929750832805579  0.29905647184256956  0.30906634542526190  0.31944551134642774
  0.33003174450191908  0.34052152551988163  0.35102470509375794  0.36164573995963711
  0.37237916815131950  0.38243043857764619  0.39249946393113255  0.40281985788219421
  0.41307066745154131  0.42334522608252201  0.43368539165118630  0.44424830797706355
  0.45512728349179865  0.46631282754799680  0.47776922921801684  0.48886768120280727
  0.49946277283567686  0.51008906706559953  0.52091765838324011  0.53174604859692898
  0.54265812491072229  0.55304517790137675  0.56336412043890705  0.57385468740590051
  0.58392954222208271  0.59386363440551759  0.60375536460155721  0.61431333082227191
  0.62485995907788161  0.63548549807179455  0.64553935694840547  0.65626860502145756
  0.66663713019212112  0.67787354099221264  0.68858188631956185  0.69956292568611567
  0.71061549661377132  0.72215574667021465  0.73317807701506221  0.74385716490728548
  0.75447605472159096  0.76477123462850738  0.77545732468844786  0.78590700934210000
  0.79684712576450711  0.80741508037338539  0.81769929427975419  0.82840044853998285
  0.83929240903594637  0.85033624479255299  0.86116786912492438  0.87124029067396125
  0.88174540475352570  0.89222848370917751  0.90335873964268909  0.91393474942993769
  0.92451468461560649  0.93521286908781454  0.94602281454012427  0.95722536083057308
  0.96798496272141510  0.97892252786250455  0.98941435696612157  1.00000000000000000
 -0.00264791298394574  0.00989062661499274  0.02065875297718866  0.03131662564244105
  0.04224466528806934  0.05338967139074173  0.06424419460473095  0.07441158679617096
  0.08447999522725531  0.09450230587175151  0.10441702096946205  0.11433249350248896
  0.12428539772325567  0.13484706885289088  0.14532215093729145  0.15611349055938684
  0.16668386562349916  0.17723450040365726  0.18749419268773160  0.19777390291709737
  0.20814473849511361  0.21826726216882139  0.22820417412086763  0.23815569131079617
  0.24839054263509933  0.25889065460457722  0.26936552749510245  0.27993649966511441
  0.29076268287364782  0.30172753894226390  0.31259605669959933  0.32302042989396390
  0.33330450107274284  0.34350751417683850  0.35366693818525180  0.36422798552682145
  0.37525310261248007  0.38670895577983444  0.39785492573999043  0.40854909708374804
  0.41867837726107104  0.42868420002597568  0.43920275174981360  0.45047182374268668
  0.46149685958678505  0.47246456899648898  0.48310240041732522  0.49320289444535398
  0.50315178118274129  0.51302980133309162  0.52316616278366568  0.53366823722166268
  0.54436299506093921  0.55529550391312821  0.56604952478073045  0.57693816838832701
  0.58775433934937438  0.59826711632174734  0.60869414486691187  0.61929309819711553
  0.63030766704366237  0.64116867332780147  0.65217433811182834  0.66342652205534347
  0.67495712142547304  0.68606979643668564  0.69721102051742467  0.70822256361070235
  0.71951296268713905  0.73042116195827034  0.74059444129918817  0.75066351482131632
  0.76090634348772412  0.77112296110337553  0.78132414918208892  0.79145602423374339
  0.80185872442610473  0.81202408019239014  0.82232387285065056  0.83273280549381978
  0.84298989957290471  0.85324071953603065  0.86378180414449002  0.87427234241240215
  0.88425160216561638  0.89410645112107168  0.90464546088408093  0.91615576410826183
  0.92736395738948751  0.93824372684145407  0.94900420800233665  0.95921077632843177
  0.96903894166386539  0.97907728661178772  0.98955168256650461  1.00000000000000000
 -0.00255101151661788  0.01003067691737583  0.02053705360816856  0.03078597978422894
  0.04146313585405807  0.05205774924194497  0.06255847389968458  0.07327761099349717
  0.08447674392868341  0.09588337588088619  0.10697510803886601  0.11663722487321362
  0.12676557507488193  0.13688688696996124  0.14781892244227943  0.15827356647548030
  0.16782420345987606  0.17802850034080697  0.18819304145909121  0.19879854893550647
  0.20960207510958806  0.22045899372922326  0.23109511533051902  0.24183888310138035
  0.25278812150714369  0.26380168447325680  0.27484300494807556  0.28590250417995311
  0.29693008554041767  0.30763313390364899  0.31839054033677544  0.32951453140293441
  0.34045842625061162  0.35071565834494423  0.36091378095264137  0.37130957649981838
  0.38194841627564130  0.39236864292657059  0.40267816917627225  0.41316291033329172
  0.42382100751873236  0.43428286546521216  0.44421972276327359  0.45398305705275904
  0.46398628983578338  0.47411245133017194  0.48422184600103574  0.49403517403105224
  0.50409736841219399  0.51437596240086603  0.52483243537032442  0.53541922684259047
  0.54601723500696464  0.55652687856548055  0.56691657736039835  0.57711961672925161
  0.58704697639560610  0.59693122014219546  0.60701301543320851  0.61751007460802065
  0.62817223886572737  0.63905462369610577  0.65007068631116627  0.66069555193187024
  0.67094718194766667  0.68110363613733116  0.69150345082842257  0.70236216129712992
  0.71328084668434777  0.72395092190399246  0.73466246252559109  0.74534470958189658
  0.75582811570273944  0.76603171204367049  0.77653596096357791  0.78732349112993094
  0.79806077220005534  0.80847215547888107  0.81904219785819854  0.82974891140938345
  0.84044517987594236  0.85103049517461249  0.86170869811013884  0.87235211985757444
  0.88285955926210224  0.89301163420218577  0.90320587473679592  0.91370490624704559
  0.92452760690017477  0.93532492971179970  0.94607604495410114  0.95681303046612998
  0.96753046150234556  0.97825140776094310  0.98905775462015943  1.00000000000000000
 -0.00262601908110234  0.00990300729214197  0.02055567161486332  0.03126551717890699
  0.04184028377050800  0.05175767477778049  0.06174603238096724  0.07230360271193596
  0.08348584565043533  0.09495589782218794  0.10651210069088762  0.11795425356559054
  0.12829013401516656  0.13819824512276471  0.14789314553395483  0.15795535887168560
  0.16837732184091841  0.17881846217384173  0.18927441883543977  0.19961333478205612
  0.21008679604436217  0.22025911760447056  0.23042032483863414  0.24055611067937724
  0.25080035108362275  0.26140768515524648  0.27182308889097567  0.28256819198836480
  0.29338576620537793  0.30437160876321739  0.31518601283373532  0.32539471059519398
  0.33611443359823473  0.34658671940971242  0.35722893348928553  0.36747646810609463
  0.37782866587562264  0.38777149405074562  0.39814568533211964  0.40916057529745087
  0.42113556909570343  0.43305893145772878  0.44439128930042693  0.45519902515939947
  0.46593824273877388  0.47682418182776565  0.48779584738625581  0.49814788809919025
  0.50832285703221314  0.51834235809354767  0.52874705357299234  0.53918420527044475
  0.54933594095903693  0.55927777184031258  0.56935278392586308  0.57990535380810215
  0.59065215288705564  0.60141006076680537  0.61201571697118984  0.62246399275955477
  0.63325145328325538  0.64424365124217176  0.65549510323331661  0.66649300625121088
  0.67734506202523415  0.68794254106903230  0.69808866393960500  0.70794276597864414
  0.71774633165293800  0.72763318260578469  0.73760367375395341  0.74765221308676888
  0.75764362760165194  0.76782800369437332  0.77788783497353764  0.78783367192215559
  0.79797650550095678  0.80859931393712414  0.82025415170929616  0.83196776369428993
  0.84277973182156563  0.85311042365554990  0.86331752814691354  0.87355431396070837
  0.88379408521564118  0.89368280277513823  0.90398086422976143  0.91434679828369358
  0.92482589134974635  0.93512255998463434  0.94580726493079914  0.95652401850628554
  0.96718658992765227  0.97809814146554475  0.98898904473666593  1.00000000000000000
 -0.00258856320548998  0.00956178194835484  0.01963793282296408  0.03023718865474514
  0.04128746504236833  0.05230304182078988  0.06259190671525211  0.07279585365208781
  0.08306539450424265  0.09324471985653920  0.10381354860371343  0.11411893483878219
  0.12437679740485184  0.13452741930909420  0.14518465174500567  0.15626168272050819
  0.16724548696283389  0.17862833839482442  0.19030048045196860  0.20126398476786006
  0.21258637907902314  0.22411288712243946  0.23531135912944640  0.24595380250551288
  0.25604759540697136  0.26640583998646189  0.27673054100204120  0.28737750162566361
  0.29825773767929187  0.30913715120412094  0.31997897813364373  0.33090756392770260
  0.34141207043691196  0.35196832754477292  0.36256768757734020  0.37355046653727114
  0.38448447177349471  0.39563882443689513  0.40657613594361208  0.41716211173985590
  0.42745935372914245  0.43771357452802179  0.44811584986315650  0.45862083848993557
  0.46921843261882701  0.47991320552548722  0.49049787283433333  0.50075694745249189
  0.51064140674918168  0.52043821143321189  0.53029984883488634  0.54028632997159676
  0.55029961266931371  0.56031810309762486  0.57038467150472882  0.58066553250017106
  0.59125222037868208  0.60253511470180243  0.61391107604342443  0.62498995352921360
  0.63563118310331890  0.64596779346076916  0.65652981850377745  0.66698127782326755
  0.67773232406051021  0.68829587851646379  0.69876339552114386  0.70922466803681794
  0.71970999282597947  0.73053371604122530  0.74191813189247380  0.75329133151498251
  0.76445819359006895  0.77537926261209467  0.78628051711348124  0.79683018815260842
  0.80706077908714535  0.81725554907504394  0.82710114370259247  0.83665401406336648
  0.84604641107704137  0.85561437401233853  0.86583142093554322  0.87669221709654122
  0.88804257497023076  0.89943640220892584  0.91089562675156965  0.92181936753182425
  0.93268949557178915  0.94297774558515790  0.95316863591557610  0.96272317099496219
  0.97208544145989506  0.98129828700176169  0.99067154773648369  1.00000000000000000
   4.9593923796885410E-012  -1.0000000000000000     
 T T T T T T T T T T T T T T T T T T T T T T T T T T T T T T T T T T T T T T T T T T T T T T T T
