  0.00191627686570761  0.00194935562266966  0.00199212444515032  0.00203432504271450
  0.00207577808518396  0.00211791290787568  0.00216173295396571  0.00220661247993305
  0.00225382829556593  0.00230227350020551  0.00235126047049281  0.00240138148080331
  0.00245261951353785  0.00250448954464456  0.00255794671035820  0.00261426621464293
  0.00267273984347266  0.00273283574020718  0.00279592993172535  0.00286048955317881
  0.00292729951407794  0.00299386125823616  0.00306364032992636  0.00313406427530714
  0.00320760708685168  0.00328603350341542  0.00336841007909861  0.00345380343892307
  0.00354347529464724  0.00363573791338612  0.00372744283510288  0.00382002977371340
  0.00391464632245414  0.00401312351202543  0.00411684352048832  0.00422212864298414
  0.00433196448901673  0.00444517235218457  0.00455895596188896  0.00467683832601170
  0.00479986911664758  0.00492894946279461  0.00506523863955221  0.00520816724470699
  0.00535981570572168  0.00551987157927014  0.00568445216823767  0.00585788025117249
  0.00604114835296771  0.00623063206954418  0.00642680594229582  0.00662549827587067
  0.00682608371546216  0.00703699960547823  0.00726158262782427  0.00751071356714555
  0.00776845170019072  0.00803648706212845  0.00831521318608269  0.00860810721732331
  0.00891563507419967  0.00924740390398622  0.00960346022729942  0.00999066710041805
  0.01040339784950435  0.01083667259838972  0.01129091878360294  0.01176965627849853
  0.01227958518172000  0.01281508254394301  0.01338222685594025  0.01398491220473996
  0.01463411534933566  0.01532370821358183  0.01607890818020494  0.01690955761499157
  0.01783851969104674  0.01884962067639843  0.01997426437346680  0.02121397505217594
  0.02257564134132025  0.02408049043230475  0.02574395523057256  0.02761190130087085
  0.02976206045236476  0.03230354337272662  0.03535250870855434  0.03894845999145814
  0.04322684858066746  0.04864697673278259  0.05559161417337499  0.06552420812177198
  0.07999446606941771  0.10503977917816069  0.17611828761580839  1.00000000000000000
  0.00432101315421808  0.00535586226258053  0.00630468934673190  0.00714663812928456
  0.00793620197127620  0.00871108955059867  0.00952144575064464  0.01038962555860098
  0.01128468168485413  0.01219711699109812  0.01315201066382303  0.01411745897289185
  0.01510154985617219  0.01612570198293094  0.01715309641200580  0.01819544107911938
  0.01927885715951249  0.02042500881275810  0.02166950832551187  0.02297185065038146
  0.02431147602606328  0.02568664090279014  0.02711244811589975  0.02861782515447486
  0.03020052840790471  0.03188785759958913  0.03359170037090158  0.03530429994330180
  0.03709264428099394  0.03902576554416866  0.04107973263029426  0.04313767166812253
  0.04518461299892018  0.04728387365558376  0.04945824828586220  0.05185711611859956
  0.05419129253026245  0.05659447388765262  0.05903507222165280  0.06171108860650092
  0.06445347339664945  0.06739276213284542  0.07037857345384325  0.07352382161487908
  0.07672123128002581  0.08005685063370829  0.08353254608767095  0.08711984833969780
  0.09077619043187127  0.09456600788336228  0.09865868939444161  0.10303235182061928
  0.10760205968157149  0.11214144081490819  0.11662052050534043  0.12114964931651083
  0.12578525411237534  0.13064041110049052  0.13573489953811529  0.14108266427068653
  0.14684047837932701  0.15299394318574316  0.15937584341138880  0.16593359772511065
  0.17259384768517588  0.17953236948290069  0.18691224931018624  0.19483432271774118
  0.20314179680263195  0.21164330265259526  0.22024774009057788  0.22916032252408244
  0.23861576989360084  0.24882553037862182  0.25965990296048347  0.27096186273016354
  0.28282546882572457  0.29549832836714829  0.30916203368696127  0.32401942723951838
  0.33966771105180049  0.35633647825762849  0.37403493167606888  0.39257675280340598
  0.41323637626932302  0.43544570834453922  0.45978529641804960  0.48726177246408658
  0.51817320988810789  0.55245574629699701  0.59091595733734525  0.63520236846282185
  0.68787681944991719  0.75281567774408653  0.84903634952831009  1.00000000000000000
 -0.00237389244597456  0.00915223225032094  0.01866606497345774  0.02887705218756077
  0.03909494044019606  0.04952068523527982  0.05968293229350050  0.07006206391965858
  0.08090979105252136  0.09211843553220631  0.10309264125441815  0.11374615249500430
  0.12429014573486069  0.13524947860253189  0.14562730202117297  0.15629908120829700
  0.16714621220507936  0.17836975620564399  0.18958730750875810  0.20042633693518883
  0.21131742712983625  0.22185458493473609  0.23208056372909774  0.24204635544001749
  0.25211142615449827  0.26203874150105905  0.27208838720725459  0.28255808943739813
  0.29355915347640821  0.30487542427576619  0.31575318414747089  0.32653430209517403
  0.33753324627191811  0.34821179153885556  0.35906750994338971  0.36978126797365102
  0.38049051242877135  0.39146037621704205  0.40261381379745526  0.41351686465661763
  0.42409047126654831  0.43443791082956557  0.44500162849600372  0.45557655408332892
  0.46609438769015871  0.47650436871294505  0.48660757642239338  0.49633354477159941
  0.50599760284110151  0.51571482880913722  0.52554413334307870  0.53543525088980082
  0.54571601846475437  0.55637666045435685  0.56722242963169223  0.57806868891411056
  0.58838784476718331  0.59826470136756615  0.60837525805226189  0.61878226141752268
  0.62929875700719451  0.63959816708433093  0.65028297816810077  0.66132509064700296
  0.67239095484199685  0.68346163723481890  0.69429538452817841  0.70502568437354063
  0.71549055051657962  0.72583913629723584  0.73620614187340250  0.74663777707949841
  0.75712313896832895  0.76742420893002761  0.77789523203280175  0.78830385278021931
  0.79891289016630462  0.80947480607912392  0.82034328702805104  0.83135459684029178
  0.84251585495813464  0.85352105724627658  0.86383049625617658  0.87402886682023506
  0.88431689497770172  0.89459903205383262  0.90479937289783519  0.91504114418578431
  0.92563981568834530  0.93723250317003337  0.94765240394844763  0.95806654557558690
  0.96851792590371277  0.97911014350123104  0.98976440404911592  1.00000000000000000
 -0.00278983303248056  0.01071077559206371  0.02174324431523425  0.03222201823049369
  0.04227436074626752  0.05196594584580250  0.06185118729593593  0.07183510168050873
  0.08152142614475703  0.09134071843579854  0.10162337435956487  0.11266429797349997
  0.12393318383189207  0.13441036469788548  0.14477901258360396  0.15519837337027045
  0.16574413523449708  0.17618987170480421  0.18676400464816670  0.19756524958843100
  0.20835046499289084  0.21863613091356732  0.22865749388595455  0.23892392186597078
  0.24966476705061677  0.26099137724718280  0.27201912040909526  0.28268357924917398
  0.29294068717726834  0.30323025786646507  0.31377524493118020  0.32434289807691941
  0.33490088259122891  0.34561563928936878  0.35632583175507770  0.36716643858989501
  0.37810055715805402  0.38895448687945749  0.39965725337964558  0.41015659365999235
  0.42087232938425839  0.43156334471032043  0.44238938502627323  0.45297404834736077
  0.46375233206629846  0.47464159414546947  0.48515786882422135  0.49573751555210649
  0.50631257040652311  0.51689078235116148  0.52714116713803993  0.53726631201772246
  0.54806497754657235  0.55952140457270627  0.57067682821091070  0.58171967204067843
  0.59233330362840708  0.60308034895107820  0.61382732500755088  0.62456155233899779
  0.63512251683274490  0.64576730314384689  0.65668635472425574  0.66781256722011895
  0.67845737971746822  0.68873978746107711  0.69906394865617427  0.70972637271554950
  0.72072556646087638  0.73169038360215188  0.74248138713945089  0.75321924732000489
  0.76388500738230614  0.77451788975795766  0.78508810721644939  0.79525217161227513
  0.80513592822889057  0.81506413760570073  0.82551807153501588  0.83593221600703171
  0.84614809286263004  0.85669642412190994  0.86781596382777570  0.87873630132581804
  0.88905043765140002  0.89902125830927460  0.90915911066875532  0.91958362732733268
  0.93014761161007742  0.94051713682781113  0.95048595311192241  0.96055331684400536
  0.97067600314723634  0.98099927882032456  0.99062083312454774  1.00000000000000000
 -0.00218193682944839  0.00862997922402261  0.01887587078109927  0.03028647066712060
  0.04187613368129219  0.05272453949628553  0.06317970516037011  0.07333170237787885
  0.08375771826043175  0.09403743114431648  0.10445234755541086  0.11481789169449019
  0.12558764026120331  0.13665738067524985  0.14779174748522786  0.15866713942578836
  0.16913224802080740  0.17931916741879028  0.18925447803165948  0.19908848700242107
  0.20907992420925978  0.21959226879724392  0.22977730551492623  0.24006817003222100
  0.24972597973511862  0.26027884129084039  0.27056598692724282  0.28092173727843095
  0.29154195017859841  0.30255200973296897  0.31399066594285746  0.32510808153847565
  0.33617933587801702  0.34749660114037201  0.35906515404731282  0.37057249207923321
  0.38171814529436648  0.39275861486083918  0.40378703416078610  0.41470685893133058
  0.42525431009264303  0.43552527148292930  0.44550519883830503  0.45536087555755322
  0.46530522522269563  0.47526290579032765  0.48540601738730188  0.49580066122455391
  0.50643818296879928  0.51762288520555599  0.52857894502550973  0.53948169542157998
  0.55005162162926224  0.56079691142116872  0.57188523216191456  0.58310885384663125
  0.59400365910219322  0.60446490493449168  0.61497721126561455  0.62530821242682344
  0.63563035221913000  0.64591663383310216  0.65621023351431096  0.66626377095719436
  0.67628236136143105  0.68636583113652683  0.69664381374250262  0.70721786247064333
  0.71768249918214444  0.72824803874184230  0.73882956808495470  0.74938188026089847
  0.76015011420818401  0.77106947248781876  0.78189133940326594  0.79233426597139689
  0.80268519782898051  0.81322244376590580  0.82390385551373246  0.83454325278175268
  0.84502624628439116  0.85524301998477525  0.86555077982069906  0.87574025327622607
  0.88629817821563017  0.89667236828622976  0.90706229280897599  0.91711763676812241
  0.92713624917384563  0.93750540613965894  0.94790217185724501  0.95792973962910122
  0.96802339802104831  0.97813089907307949  0.98899599417970885  1.00000000000000000
 -0.00224216426641230  0.00859223731573949  0.01898687682675012  0.02941329130603479
  0.03990854148820434  0.04980171154740665  0.06017330033096822  0.07104720439920750
  0.08149451399972471  0.09187258837238427  0.10223358921053466  0.11266187266570717
  0.12290030673719021  0.13265809651051264  0.14240130475536769  0.15240377977245442
  0.16244517314857684  0.17222595414687789  0.18238180652425212  0.19261251563946422
  0.20315071707517904  0.21372562631150654  0.22443088935798711  0.23527365448896007
  0.24621509179995973  0.25728553795177783  0.26823658784776433  0.27905479489519869
  0.28963250509531607  0.30028908097631296  0.31079271357555555  0.32105557945901547
  0.33091122902347597  0.34079023938901465  0.35096275671229155  0.36147411854690498
  0.37233888797971904  0.38333313146741438  0.39426738234500075  0.40482548101394472
  0.41530643037982723  0.42584520993599539  0.43653835936193247  0.44717163853502140
  0.45805626966710006  0.46893834759653569  0.47997174163682826  0.49097515980246115
  0.50191498342001106  0.51285345566102947  0.52382464997861333  0.53492881697340811
  0.54573447650699791  0.55635039978174761  0.56671279744382874  0.57725155673741779
  0.58818042051851893  0.59890047643647404  0.60906853043926590  0.61909272836555440
  0.62942784737880952  0.63983217302001882  0.65027207795217246  0.66093348621189618
  0.67170851899735518  0.68222085291693846  0.69255057822331512  0.70296334340810940
  0.71340853728079912  0.72382619975769880  0.73427824123244523  0.74502237191258081
  0.75591205266078365  0.76667515784879969  0.77733525994743913  0.78781386768957062
  0.79860417751678570  0.80975795950734908  0.82075466942177000  0.83153681384267386
  0.84215218992439933  0.85263893242124100  0.86278317732725762  0.87313502286168476
  0.88374152721479560  0.89468139901821297  0.90532710863695642  0.91587472513739787
  0.92662490473843173  0.93730692985261532  0.94737844001142335  0.95750004279933720
  0.96775739833169350  0.97860999432684781  0.98934837782262053  1.00000000000000000
 -0.00240565960308688  0.00931003288636102  0.01931609509352817  0.03023516887174532
  0.04103446610187105  0.05175675637947623  0.06253737242885607  0.07307134299236268
  0.08352109411439845  0.09375965398715740  0.10414917643258280  0.11462889548753888
  0.12507421509510994  0.13517207305481654  0.14507991886786126  0.15493031039973612
  0.16521476134843527  0.17576015715014279  0.18652522875994063  0.19695867784676660
  0.20747013575826495  0.21813443894594770  0.22877640895714643  0.23933634039358986
  0.24975785933769573  0.25984458191382631  0.26981943009362480  0.28004132141019822
  0.29058330764799256  0.30128157840650410  0.31174064119782818  0.32229490025074398
  0.33281540593361181  0.34326293597546126  0.35380259545588322  0.36473353047350865
  0.37557804560065727  0.38622599310317901  0.39667911717808402  0.40707457762078714
  0.41721546516269481  0.42730259599510062  0.43734332365710843  0.44783031541459323
  0.45814639405902124  0.46842317173700138  0.47831721684744477  0.48873532702498679
  0.49924777056447800  0.50991431278160737  0.52030557180747528  0.53077655946975433
  0.54161941134708080  0.55270360408189712  0.56376670060186773  0.57443806988673241
  0.58472019071418990  0.59495408806009564  0.60520854709425331  0.61582274193579989
  0.62675196890676133  0.63789369921851946  0.64887349234054503  0.65948880586168113
  0.66992375169929419  0.68032820654740911  0.69090690171614144  0.70178182617573148
  0.71291049778867688  0.72390378309186421  0.73476373003065865  0.74541565545752286
  0.75622754369827305  0.76699113300094113  0.77752442108618636  0.78798997149563110
  0.79822314092589663  0.80858435312698429  0.81896643698415827  0.82915937244461912
  0.83967506005597048  0.84974834782432151  0.85987694623231326  0.86989728019778911
  0.88067886680827290  0.89178744478873007  0.90273793533322555  0.91358419645307276
  0.92465194381490856  0.93572380802937993  0.94699867982947694  0.95799040414600412
  0.96879024916933498  0.97909442471270525  0.98952873129941255  1.00000000000000000
 -0.00237562093483023  0.00931567699620905  0.01966535421368568  0.03085382471004931
  0.04134440305444333  0.05209834520029284  0.06274654885383374  0.07328122578714037
  0.08363595570021931  0.09403479851921648  0.10461417159482028  0.11516725769034424
  0.12531773703818391  0.13513452898521519  0.14565572885123990  0.15629446241224329
  0.16705685351756056  0.17762299924543884  0.18821202031322343  0.19913879793661368
  0.20986484229013866  0.22038149516540023  0.23093649782057540  0.24192510106404566
  0.25313666652891043  0.26439772811296330  0.27514033251018527  0.28567092549229589
  0.29598443707924610  0.30638906899060220  0.31697362823172520  0.32793074574786008
  0.33847359142416067  0.34884998290692976  0.35875392225342700  0.36902205278961936
  0.37920623625597910  0.38982564782994961  0.40059387868677587  0.41120985704052476
  0.42185806388868086  0.43244429962814113  0.44295959268099228  0.45330201230832606
  0.46368975126317280  0.47430480970342720  0.48496905030453163  0.49558442058195329
  0.50614471758486046  0.51649061017412690  0.52676705174980465  0.53693035256699484
  0.54761341497042870  0.55842792065606128  0.56914787626974805  0.57966593063389082
  0.58995875302175527  0.60039620125871329  0.61063628235185852  0.62102125644730266
  0.63163019015611777  0.64217310947653483  0.65191916312210585  0.66158701703720668
  0.67119537323924328  0.68166668998431101  0.69146105544355885  0.70165372020206340
  0.71189423665975959  0.72257275444586444  0.73320118754267405  0.74402870021375267
  0.75494134068994256  0.76565866488960854  0.77601837603425183  0.78642461870463232
  0.79696808194470281  0.80758993874363283  0.81816781428034158  0.82883206040812585
  0.83936360979477753  0.85015181366723991  0.86117745126300616  0.87220260110938941
  0.88312180606431878  0.89377755949177995  0.90418975738388629  0.91453202394988131
  0.92485993471513195  0.93566635968077905  0.94615493060984424  0.95654858970923196
  0.96708667237794022  0.97804281775795820  0.98896082235725769  1.00000000000000000
   4.2580671991592410E-012  -1.0000000000000000     
 T T T T T T T T T T T T T T T T T T T T T T T T T T T T T T T T T T T T T T T T T T T T T T T T F F F F F F F F F F F F F F F F F F F F F F F F F F F F F F F F F F F F F F F F F F F F F F F F
  <DiscreteSampler_grid>
  grouped_processes
  1 # 1 for a reference and 2 for a running grid.
  10 # Attribute 'min_bin_probing_points' of the grid.
  1 # Attribute 'grid_mode' of the grid. 1=='default',2=='initialization'
  0.0000000000000000 # Attribute 'small_contrib_threshold' of the grid.
  0.5000000000000000 # Attribute 'damping_power' of the grid.
 # binID   n_entries weight   weight_sqr   abs_weight
    10   10   2.810577175544139E+004   3.533675861701310E+009   2.810577175544139E+004
    16   10   1.312050151536475E+004   7.889200957932791E+008   1.312050151536475E+004
    22   10   1.312050151536475E+004   7.889200957932788E+008   1.312050151536475E+004
    28   10   2.810577175544139E+004   3.533675861701309E+009   2.810577175544139E+004
    34   10   2.810577175544140E+004   3.533675861701312E+009   2.810577175544140E+004
    40   10   1.312050151536475E+004   7.889200957932788E+008   1.312050151536475E+004
    46   10   2.810577175544139E+004   3.533675861701310E+009   2.810577175544139E+004
    52   10   1.312050151536474E+004   7.889200957932781E+008   1.312050151536474E+004
  </DiscreteSampler_grid>
