  0.00191622250901918  0.00195050322780769  0.00199530036526250  0.00203641082377944
  0.00208022745955028  0.00212654277292840  0.00217334029263082  0.00222027528347986
  0.00226775364545173  0.00231638667148931  0.00236641731148436  0.00241817973869355
  0.00247194199826927  0.00252686091367836  0.00258299978580907  0.00264058754760136
  0.00269822171371623  0.00275949546003760  0.00282281622893181  0.00289124956984987
  0.00296182684786227  0.00303476709500517  0.00310890398998595  0.00318339179640726
  0.00325848776869754  0.00333369922197560  0.00341063541859597  0.00349138122195703
  0.00357605972986715  0.00366361113206482  0.00375358752045045  0.00384604647134989
  0.00393844245878811  0.00403831207999758  0.00414231335930025  0.00425147629310517
  0.00436720971230752  0.00448942493194488  0.00461389987511006  0.00474380531415459
  0.00487559508446273  0.00501243667198665  0.00515400731050052  0.00530016544584843
  0.00545180890170072  0.00561028276340188  0.00577482072599874  0.00594568132299103
  0.00612459554625124  0.00631732237916076  0.00651684457949628  0.00672105560059303
  0.00693185392134244  0.00714799338621068  0.00737326059290872  0.00761085954810989
  0.00786561117910914  0.00813631945873749  0.00842263155501313  0.00872027972208956
  0.00902583894767138  0.00934570130038698  0.00969544219079393  0.01007571427315967
  0.01047724180471532  0.01089305450602716  0.01132604500923693  0.01179548902691262
  0.01231316701287249  0.01287041978505197  0.01347037739720989  0.01411146105297402
  0.01479717251195780  0.01553000441527548  0.01632738926440637  0.01720721090498980
  0.01818747753015784  0.01924262730039270  0.02038032030852690  0.02163327633878759
  0.02305411250780865  0.02467815747709971  0.02652257432939467  0.02863320226404899
  0.03116817506707970  0.03424902517674591  0.03827023109403299  0.04319463760645158
  0.04882671288286849  0.05584350163972401  0.06595382258573237  0.08067074914641160
  0.10567219103272923  0.17539154397360968  0.91632096951287023  1.00000000000000000
  0.00494998807568292  0.00588901592322633  0.00663326791706226  0.00732574023196681
  0.00801119326160216  0.00869813002974159  0.00938384401163532  0.01011855973654252
  0.01091543594911852  0.01174662339219973  0.01260921795584813  0.01349381758478064
  0.01441017743596432  0.01537665908955007  0.01639192686769516  0.01745673184690217
  0.01852690368084699  0.01965355356857070  0.02087768152794523  0.02214371125373144
  0.02344906172122429  0.02478579197599482  0.02616637361655571  0.02758514866880700
  0.02907876622373352  0.03066146051635805  0.03233079923529720  0.03402338606882709
  0.03576783393885506  0.03758277943211506  0.03947594780750178  0.04142083350063452
  0.04344684884787405  0.04555765969941970  0.04778838425846715  0.05014055770050415
  0.05262662692975882  0.05519430811825980  0.05777991258890890  0.06041882947376059
  0.06320021126465206  0.06609395771111577  0.06900115107749889  0.07198301216159689
  0.07503769388753644  0.07814442791986281  0.08143121797636384  0.08488002580392394
  0.08855328715945447  0.09242756697528146  0.09645545928121992  0.10060826136734510
  0.10487374329633369  0.10932095586288372  0.11396924300345644  0.11872556768999792
  0.12361478498193289  0.12878025678196672  0.13424630520141292  0.13996922862055933
  0.14594225606820702  0.15215142896339898  0.15865561409277953  0.16529485555243167
  0.17197264385817151  0.17886513636540946  0.18624946339737236  0.19387263861043647
  0.20191493274289271  0.21033557418152773  0.21934425394196785  0.22884969891263071
  0.23856815911257689  0.24858542376278825  0.25897441377480279  0.26992034303552392
  0.28180812683554135  0.29452034319842674  0.30837968425043899  0.32321292436214122
  0.33923332922546817  0.35612603692078160  0.37403907038046713  0.39353177485355467
  0.41470421018095588  0.43790730544389217  0.46365403060149263  0.49236720650363008
  0.52414268109522932  0.55902106119082184  0.59733517133966718  0.64106362934453986
  0.69307547183377860  0.75627380738097139  0.84799972920171240  1.00000000000000000
 -0.00216530890276692  0.00859398166849325  0.01865416134313275  0.02917322364282265
  0.04005320654088687  0.05067963490878916  0.06127322207895922  0.07195385139924847
  0.08219926300677653  0.09261502084666833  0.10313680392717624  0.11408335709730368
  0.12482405597434916  0.13551020574247541  0.14615306838064174  0.15670024382654529
  0.16728632237233171  0.17732214538785146  0.18715635259997643  0.19689861335914394
  0.20703556287189151  0.21756155971965271  0.22832554324172599  0.23914674190937746
  0.24957472074733345  0.25999565529244550  0.27045541498795483  0.28116758423615984
  0.29208267996644854  0.30311927477141304  0.31427909938240439  0.32534148724570483
  0.33649156405530484  0.34759496691256542  0.35873796541551228  0.36966324303559239
  0.38069016425220453  0.39157550417910109  0.40220852602770646  0.41242864320323097
  0.42256494392064148  0.43276191117621138  0.44288251100453635  0.45306124261506375
  0.46345936810979782  0.47413500771146688  0.48448832828403909  0.49455075071106525
  0.50475885941888421  0.51526503726028150  0.52612612073864640  0.53685373049772334
  0.54771183971736026  0.55845560469842859  0.56895816481647410  0.57937503234394494
  0.58986023910802332  0.60051427080850972  0.61094111062789624  0.62105213994964248
  0.63151757510419448  0.64229782413313563  0.65356825032715182  0.66459861792491892
  0.67546924494766836  0.68580316229777483  0.69612450862358899  0.70650543277908273
  0.71711030633690043  0.72738406408746636  0.73760172065438701  0.74804328300109613
  0.75862128484555058  0.76935131378532295  0.78021093625868077  0.79079695693311969
  0.80130676748445762  0.81183715950413449  0.82286081539792921  0.83386466490986433
  0.84420037605756137  0.85436935240829059  0.86457798824371290  0.87482547264124233
  0.88494870027521411  0.89506868609852663  0.90563464867555044  0.91631527933683610
  0.92669336756733800  0.93704260992988386  0.94748680585173795  0.95813565451469440
  0.96861465894555576  0.97945323664577877  0.98991654291145659  1.00000000000000000
 -0.00231414771306422  0.00834184481939090  0.01759824080038425  0.02807169436926125
  0.03856719686563165  0.04901764932195452  0.05921245963927858  0.07019502963560477
  0.08149119576440429  0.09292908966835885  0.10410421640958448  0.11496040275814699
  0.12563014843209319  0.13630900174329438  0.14709000014673212  0.15745804870947946
  0.16801090534145688  0.17833509350418927  0.18852529602142287  0.19823569931289595
  0.20790916275891336  0.21780509788996905  0.22762318156895989  0.23767501486902073
  0.24795348784826099  0.25847484090202461  0.26902317324625502  0.27927321409493960
  0.28911812237020335  0.29924677856618670  0.30951587232034811  0.32011693898307825
  0.33038356617514592  0.34049489510961073  0.35067554144954255  0.36116176851007126
  0.37209045934764168  0.38314684015821954  0.39435226089071473  0.40554621358431037
  0.41626249701369594  0.42651582129740029  0.43684218102212119  0.44762170779702443
  0.45824646705138705  0.46881346106314781  0.47921628068765160  0.49001507768856511
  0.50094766353460229  0.51224269351835539  0.52324313126121857  0.53410498182933774
  0.54478945082395447  0.55547815709720927  0.56625245318960249  0.57700211731922546
  0.58787568199107387  0.59878660520967841  0.60985069969240990  0.62084086203796551
  0.63175298271098246  0.64236630964046837  0.65310714450121310  0.66404623464657753
  0.67513521466088022  0.68589624510538494  0.69642025797728480  0.70676792318944315
  0.71682247222090034  0.72715869955125567  0.73758670489681011  0.74829454143237895
  0.75855173869429271  0.76862207600316490  0.77865514075206033  0.78872317420131821
  0.79906092905873305  0.80987618861529398  0.82074718285283343  0.83165941080204331
  0.84212828937468565  0.85257933139695519  0.86286820708871304  0.87320361183999473
  0.88399098548515964  0.89503095138163735  0.90615892003763931  0.91725904403128289
  0.92844421223541218  0.93939046447836294  0.94983547250142619  0.96010661287113663
  0.97005306390947077  0.98025566086550742  0.99014960472446423  1.00000000000000000
 -0.00276521156901954  0.00988701428628685  0.02087357289709521  0.03176686064457122
  0.04238786578954461  0.05263907453391482  0.06270106795935747  0.07310700471331584
  0.08373868385116548  0.09426758439065400  0.10465928045544821  0.11517908834205752
  0.12617297789847226  0.13723753085606247  0.14785086889072635  0.15860124888727636
  0.16927991025559150  0.17997717644015290  0.19045149388623303  0.20103041141135786
  0.21166315200193525  0.22241167092323560  0.23270012735537232  0.24244952622697080
  0.25190963835539143  0.26145773297678321  0.27109582161770507  0.28051976451595562
  0.29015351649695764  0.30025969938292529  0.31056794016594075  0.32100040447550854
  0.33173899845698440  0.34250610739871012  0.35320404150569118  0.36386939469459129
  0.37497947274652271  0.38622904830676985  0.39728554924232168  0.40788953116155413
  0.41851762369571316  0.42937897097167504  0.43998029802249933  0.45042544594774114
  0.46088274629447690  0.47148279703488982  0.48217287502921286  0.49280652402856623
  0.50330924018019418  0.51397019053668203  0.52464342791462759  0.53524087978627788
  0.54585380406959350  0.55649452729388726  0.56737372981515222  0.57816810176651079
  0.58931202566570584  0.60028949491549755  0.61068550322697401  0.62069613299149906
  0.63086086078852632  0.64140528555679166  0.65192176025795201  0.66223571405789616
  0.67282397470409394  0.68374060148562188  0.69478025838221225  0.70553900814732950
  0.71614751760116502  0.72685763726043795  0.73772372142863352  0.74866845497545975
  0.75926271879001939  0.76960215702113410  0.77987570624262381  0.79039986619949343
  0.80109888815339114  0.81191039314410229  0.82268567357596245  0.83344060482365256
  0.84348803760313085  0.85331966605542575  0.86313426156291240  0.87346127132878182
  0.88434686990434674  0.89525247001382946  0.90601118675373027  0.91657015301070077
  0.92686108064506012  0.93698191866630187  0.94697210303546930  0.95726593802050930
  0.96801777096973507  0.97858261853653783  0.98927435354351001  1.00000000000000000
 -0.00219579775942934  0.00852721761172370  0.01802536002710282  0.02892779463619675
  0.03950862259698282  0.05003976463135545  0.06041843025120665  0.07074831312369209
  0.08136261371262347  0.09163833545012871  0.10215614647931370  0.11240075376928201
  0.12312744950305513  0.13369310456592295  0.14421129957524725  0.15482188704590213
  0.16537656864473071  0.17591865532988507  0.18628273921211111  0.19663005610915474
  0.20699275534858869  0.21749014712810713  0.22805248040427198  0.23867862108573751
  0.24912868055337875  0.25970559213817890  0.27039862753778487  0.28071453525825318
  0.29101422578541175  0.30119163244017566  0.31155334569366300  0.32213775266320704
  0.33286640524635513  0.34370185612308324  0.35411320977140626  0.36448292863411208
  0.37510137699569573  0.38583248861569486  0.39644946216706956  0.40685099587332557
  0.41726127765089333  0.42754967986010661  0.43762140216013434  0.44769989799579707
  0.45801056138274338  0.46895454525926100  0.47995425549659521  0.49052320990696846
  0.50081740803937624  0.51120203241901252  0.52197057212380527  0.53267084629219097
  0.54331301716819669  0.55391436041344821  0.56467596042473844  0.57552460125439542
  0.58635240846131031  0.59722422766745786  0.60802770697947817  0.61881775704681707
  0.62977723463628255  0.64055859237483648  0.65156993175228539  0.66226640920961921
  0.67310759791510355  0.68394581391754017  0.69466591194525151  0.70519903620389035
  0.71535651193153282  0.72539979256792408  0.73578338995950909  0.74663163436270052
  0.75775353858067274  0.76902358488518197  0.77990380626158384  0.79054429960503381
  0.80103140978123033  0.81161564180044721  0.82205891761367811  0.83211500268832983
  0.84233882986266595  0.85264959526200534  0.86288733506800464  0.87326538072274051
  0.88327814898189239  0.89361474509848071  0.90413337770372004  0.91461255252743878
  0.92514545392875525  0.93600174858836649  0.94695366104351519  0.95801731424783421
  0.96842218050637063  0.97896170604213339  0.98952519438032993  1.00000000000000000
 -0.00258696739581450  0.01017322452293404  0.02063289242318839  0.03113023640292091
  0.04113919262846165  0.05116951528226502  0.06133205127828938  0.07113530651692873
  0.08114206506523947  0.09135480295758551  0.10237935656809635  0.11311484183063114
  0.12347817119774782  0.13378387249425402  0.14408611339359700  0.15488053444589731
  0.16589658037623251  0.17663744927528729  0.18724124770316553  0.19795938958918818
  0.20904685182419164  0.21976075855196434  0.23001003371817064  0.24022297889728675
  0.25038842994925409  0.26066153772522216  0.27064096097483370  0.28117709128002299
  0.29210211005796077  0.30329870940770132  0.31416831636129089  0.32464548636795809
  0.33505564866259596  0.34509214899807233  0.35523038763567488  0.36629668537853771
  0.37779407393919695  0.38931196924387351  0.40025901366029359  0.41097654142919710
  0.42143420569738604  0.43216568557049007  0.44292005581687660  0.45358449100241977
  0.46443434974397751  0.47530053033080044  0.48599584890675274  0.49618253793897882
  0.50618465756621189  0.51615418139179225  0.52625266429822692  0.53645844616581140
  0.54697329631422542  0.55767335725520450  0.56803684881825189  0.57828505168554567
  0.58865862425689863  0.59917646139304470  0.60967890934325220  0.62007687027901981
  0.63044033832074642  0.64088951196513466  0.65150954697866259  0.66232225137729095
  0.67313968556431414  0.68368418608525372  0.69424525748547661  0.70504368888637892
  0.71595096401275793  0.72689861217938745  0.73772817765917298  0.74813144533167486
  0.75817953227881796  0.76825643455412962  0.77842978197070622  0.78892614786865234
  0.79931509512404542  0.80968089251481123  0.82006241333395535  0.83063577886347295
  0.84152510715291928  0.85212412492417977  0.86228077264452996  0.87217249455862023
  0.88199706877076889  0.89208812402227178  0.90277748241447797  0.91341984056609749
  0.92381583761641906  0.93396838630296464  0.94464465808045417  0.95581600061854977
  0.96672281695686479  0.97778703330246353  0.98869880125828336  1.00000000000000000
 -0.00250196385716022  0.00999150256493661  0.02018577044134595  0.03104797288807044
  0.04155070537612716  0.05145620549965277  0.06143541318670837  0.07190504462640085
  0.08262949230700543  0.09324745442392458  0.10333307439771991  0.11405715216937973
  0.12453895737835442  0.13540170485647646  0.14580057441551833  0.15644191005365846
  0.16690902975198574  0.17769407761167086  0.18912889123589499  0.20043168600896355
  0.21128896973747271  0.22166185823092299  0.23205257944616639  0.24263324963810523
  0.25308825095380277  0.26376546013877933  0.27448421478312796  0.28530304285614488
  0.29590978951427410  0.30609530417048936  0.31621076339047288  0.32630615281148506
  0.33667207063202326  0.34716114074883142  0.35748642176709183  0.36770041070136633
  0.37785624514527083  0.38829285862618862  0.39912913955156593  0.41000345571108771
  0.42079590870992811  0.43146035460847310  0.44229730330459666  0.45318896790313651
  0.46404186903256572  0.47456367476171307  0.48490237659935559  0.49491499774725672
  0.50468883259079045  0.51473068010128153  0.52494179296985666  0.53570233849619797
  0.54642887504779558  0.55686484715620466  0.56674544522885539  0.57633282058659141
  0.58626656170305380  0.59656826637563043  0.60701163291291582  0.61761505713728582
  0.62815981304542245  0.63932425849808860  0.65047186037715032  0.66170608936922259
  0.67272182396372493  0.68378441745233209  0.69414065762556609  0.70433199391333745
  0.71406040505488466  0.72395158446435282  0.73419369037422721  0.74478816771303236
  0.75589649427359862  0.76682867922958986  0.77818629867176548  0.78936236990979380
  0.80067329358397721  0.81215350473746584  0.82338601467171080  0.83444160015833568
  0.84448543290644729  0.85419090612026405  0.86394955652840233  0.87378108945739208
  0.88414866493686495  0.89459903868993040  0.90535953879985875  0.91643236172533227
  0.92715051562069006  0.93782602391258296  0.94799253198749067  0.95827743750456762
  0.96842727541212503  0.97873125855477094  0.98914434473938262  1.00000000000000000
   4.2021578056300327E-012  -1.0000000000000000     
 T T T T T T T T T T T T T T T T T T T T T T T T T T T T T T T T T T T T T T T T T T T T T T T T F F F F F F F F F F F F F F F F F F F F F F F F F F F F F F F F F F F F F F F F F F F F F F F F
  <DiscreteSampler_grid>
  grouped_processes
  1 # 1 for a reference and 2 for a running grid.
  10 # Attribute 'min_bin_probing_points' of the grid.
  1 # Attribute 'grid_mode' of the grid. 1=='default',2=='initialization'
  0.0000000000000000 # Attribute 'small_contrib_threshold' of the grid.
  0.5000000000000000 # Attribute 'damping_power' of the grid.
 # binID   n_entries weight   weight_sqr   abs_weight
    10   10   7.607330546888305E+004   3.386701464921508E+010   7.607330546888305E+004
    16   10   8.789620693508396E+004   2.944397927206810E+010   8.789620693508396E+004
    22   10   8.789620693508396E+004   2.944397927206812E+010   8.789620693508396E+004
    28   10   7.607330546888302E+004   3.386701464921508E+010   7.607330546888302E+004
    34   10   7.607330546888300E+004   3.386701464921507E+010   7.607330546888300E+004
    40   10   8.789620693508397E+004   2.944397927206812E+010   8.789620693508397E+004
    46   10   7.607330546888302E+004   3.386701464921510E+010   7.607330546888302E+004
    52   10   8.789620693508396E+004   2.944397927206812E+010   8.789620693508396E+004
  </DiscreteSampler_grid>
