  0.00191195650657349  0.00194950730825565  0.00199545373979643  0.00203693980036140
  0.00208100715015031  0.00212994142706715  0.00217971362595608  0.00223146699426768
  0.00228712407090353  0.00234402350290901  0.00240131348329458  0.00245922943803009
  0.00251782505462274  0.00257783445878897  0.00264125212075246  0.00270854064908755
  0.00277600805040282  0.00284403669164655  0.00291214551940584  0.00298435234733330
  0.00306148992904260  0.00314093442920554  0.00322136621538551  0.00330306518936412
  0.00338743915259790  0.00347592377475895  0.00356596879927859  0.00365576103835691
  0.00374653248803618  0.00384218821198356  0.00394524234270458  0.00405539752563731
  0.00416991452718466  0.00428696740599376  0.00440254459180995  0.00451841967097122
  0.00463941075807693  0.00476691957480413  0.00490119648921223  0.00503776387427008
  0.00518702386384954  0.00534930721564498  0.00552086940475882  0.00569519434108277
  0.00587019637463407  0.00604946156251538  0.00623742255380702  0.00643176217571406
  0.00663022162295986  0.00684143311833411  0.00706565256285779  0.00729613807293786
  0.00753752557702175  0.00778471537048350  0.00805152761110887  0.00834660686717869
  0.00865915224533415  0.00898857505629961  0.00932707634700412  0.00967933733740826
  0.01004719758770665  0.01044191579216798  0.01086324519103923  0.01130329090954258
  0.01177188135664963  0.01227891676403656  0.01282122791552517  0.01339584680278764
  0.01399861673472223  0.01463509834885523  0.01530568538619685  0.01602758462102252
  0.01683402909130378  0.01773209771673454  0.01872842752054056  0.01980679949492962
  0.02096739806776543  0.02224834059674553  0.02369656257213250  0.02529391952160671
  0.02707493233209994  0.02904520190690625  0.03126367438217424  0.03376479946278065
  0.03668574542451322  0.04015081539356673  0.04431157471814783  0.04919750751993219
  0.05508298428410482  0.06278807965493997  0.07286339525197094  0.08699035216203262
  0.10905895665690733  0.14922271991874944  0.25531905911258507  1.00000000000000000
  0.00508506353244684  0.00570770932929620  0.00626579903926682  0.00681658127753355
  0.00732758941584864  0.00786444445195513  0.00843680740868641  0.00905555419990908
  0.00972137480063697  0.01042169917991532  0.01115040258176125  0.01189466073107399
  0.01266708280510287  0.01347943051328389  0.01430875299240103  0.01515457758426997
  0.01603574134025738  0.01702038446560751  0.01806222831326700  0.01911291839935704
  0.02018070955872793  0.02129017931871897  0.02245532859160574  0.02368218723499388
  0.02495130142530806  0.02626664138742581  0.02764495790630718  0.02913279989061810
  0.03074917494394479  0.03242737548177134  0.03417520473396025  0.03598110997567684
  0.03786671557733395  0.03979736579644005  0.04176951200404279  0.04375971248271116
  0.04592937376825863  0.04828446054941203  0.05070640912653238  0.05311368876379582
  0.05557989414570302  0.05806396445058641  0.06056207954119842  0.06306645532786836
  0.06586659391406066  0.06893715267872140  0.07218000700286778  0.07551999384627814
  0.07889676696086154  0.08234090786989383  0.08588330791902360  0.08946908556861147
  0.09323020255883424  0.09735291454569808  0.10156930303052368  0.10596734898359214
  0.11062724018204229  0.11561451464862280  0.12077440690196929  0.12604378027682875
  0.13134509849038095  0.13680711728700920  0.14230771948118945  0.14829694119400455
  0.15462852474542929  0.16152644109365236  0.16891758340867649  0.17677103835664992
  0.18501306331156811  0.19319076691471498  0.20200216650981953  0.21100281253258513
  0.22034983340840178  0.22983953760177597  0.23990826312634370  0.25088641445763810
  0.26274419272606730  0.27559105734914491  0.28959499243386549  0.30510717916741437
  0.32214071197807237  0.34021235787726850  0.35898678399583916  0.37815572035576062
  0.39832397271470504  0.41990356853237909  0.44600909718752796  0.47495442857293929
  0.50860135472237722  0.54485508736338073  0.58648582774669156  0.63270831673126471
  0.68772093476891438  0.75445104588145318  0.84998212265259088  1.00000000000000000
 -0.00232599869197680  0.00960928069115013  0.01853933138836500  0.02808889042320104
  0.03742608167155629  0.04747744392654560  0.05787858865697152  0.06843349598935577
  0.07888769424548775  0.08916548341245194  0.09948945873588819  0.11007864774035844
  0.12101891039160682  0.13210792184142719  0.14322975381780087  0.15407259793497211
  0.16461459930447128  0.17518776898627217  0.18570693515521958  0.19562267711969186
  0.20571964844342533  0.21560519042599441  0.22556947376103176  0.23539972706610515
  0.24526590277690297  0.25526828431692666  0.26477065242290787  0.27402024497278593
  0.28336870370526296  0.29326114164887535  0.30395593459397607  0.31479139603485717
  0.32578185220997580  0.33661342275481942  0.34743411171840538  0.35788536494147866
  0.36790290085263061  0.37769412276050279  0.38745431806935893  0.39742637217216720
  0.40757093898655977  0.41786251763002891  0.42867094477682000  0.43922377437744164
  0.44973458568545310  0.46001555018823953  0.47091508626824768  0.48181544788367736
  0.49258016078405353  0.50350506840789977  0.51469335609044553  0.52531837800672199
  0.53547031803001377  0.54556136611386419  0.55581623659482637  0.56659559760619649
  0.57741013070802849  0.58829683852798820  0.59893007879201965  0.60955904905378933
  0.62031565131102662  0.63155625458269804  0.64259609991745958  0.65341785930919594
  0.66420405202443322  0.67515174081102436  0.68638381125860581  0.69744587410693715
  0.70880961116290442  0.71974313147321500  0.73058650311323414  0.74133391318812170
  0.75291211164310468  0.76421208070826296  0.77522094547361087  0.78574933187410390
  0.79621530879497826  0.80627205471328534  0.81663840804496735  0.82706634334952944
  0.83774744110955479  0.84839681643276776  0.85968477734134929  0.87085309515808862
  0.88202795451097971  0.89280460027914943  0.90335473658462018  0.91390786508138389
  0.92407040255494532  0.93498407587270427  0.94575768834179152  0.95719382008998477
  0.96822831615977312  0.97933873730904208  0.98982962473455116  1.00000000000000000
 -0.00296946734800053  0.01140008471153420  0.02329708558044412  0.03493096323132259
  0.04580907068286560  0.05670565189590088  0.06736294965847427  0.07832077771319489
  0.08883202279566570  0.09921018256311295  0.10920323390059619  0.11922395285857175
  0.12915951863137373  0.13900475610297991  0.14892644339402691  0.15915578298737099
  0.16960396602606498  0.17995151711560189  0.19023605478820449  0.20069051340035135
  0.21124440837232586  0.22186531669042539  0.23245339778723287  0.24321655272932591
  0.25386699532337442  0.26446773364683507  0.27532294325047380  0.28596494743859013
  0.29609410547380416  0.30580725625621485  0.31595233383640792  0.32690088710032611
  0.33795033770282273  0.34898528931320577  0.35976767543647570  0.37037123317741161
  0.38052631729641068  0.39040957248747465  0.40049034923992743  0.41042913510509682
  0.42004002598467194  0.42959451827188722  0.43944842382596683  0.45004018234173021
  0.46074873544369072  0.47150271554840217  0.48220908988109096  0.49264778431158163
  0.50273376706199435  0.51284931552734392  0.52354209514367200  0.53444100839485797
  0.54539870329053497  0.55634318481000555  0.56784142723522013  0.57933665228933484
  0.59009785946859539  0.60049824032714316  0.61093623333443625  0.62123219573083233
  0.63131126754210143  0.64126382581834163  0.65151316662123282  0.66196341299805406
  0.67278319058185443  0.68383319624509165  0.69498267487437315  0.70613398887608403
  0.71734068397648676  0.72839606350388686  0.73923800603436751  0.74997418600404187
  0.76044463834932374  0.77075147445599346  0.78097916910202314  0.79152989681534225
  0.80200091057211254  0.81261481663013813  0.82377349862156202  0.83496449513471149
  0.84593783504769349  0.85664199552589870  0.86706638175091710  0.87766647608839288
  0.88822439844309098  0.89895541345207086  0.90949647712767401  0.91954088381360466
  0.92905188910613135  0.93871797587540984  0.94867601086951492  0.95898076289062573
  0.96916354928451165  0.97920148517882377  0.98958996624911366  1.00000000000000000
 -0.00242505057545531  0.00956405200972557  0.01952140995284845  0.02942024475740824
  0.03917079243937253  0.04935444201010370  0.06054542195880150  0.07145360470865748
  0.08219721133752811  0.09295829754419396  0.10380712248174495  0.11433975700291878
  0.12506391052010132  0.13673106251136302  0.14757723269835882  0.15862332060796333
  0.16953139056838976  0.18105459533166884  0.19242338244252796  0.20317453163029819
  0.21306613730380536  0.22264859605298393  0.23252042188752109  0.24313833664924181
  0.25324666890815284  0.26315381145899525  0.27313055619696319  0.28355048057912374
  0.29368377930313228  0.30380929349870933  0.31407071514316603  0.32430735191715471
  0.33435982040219231  0.34437862064396241  0.35504105040666400  0.36574571837402153
  0.37619068968347913  0.38640174731715804  0.39705439295987210  0.40825539550036066
  0.41975213539441597  0.43121917525794912  0.44210940195436871  0.45250101714188906
  0.46255358290861748  0.47273799136109024  0.48337746785839208  0.49404324402751215
  0.50478150867476723  0.51555810890732867  0.52645066652666106  0.53742269647289809
  0.54801816101914480  0.55824045284182278  0.56844332238246731  0.57881961391235193
  0.58925377117734767  0.59968013740883042  0.61015385132562683  0.62009561042419470
  0.62992164289721642  0.64008061015047046  0.65059607220198001  0.66095306061524939
  0.67108965151725930  0.68096664500861448  0.69147201756210730  0.70217724646677560
  0.71323648798700923  0.72417241107008135  0.73508766417853322  0.74600093153079139
  0.75709090767754128  0.76736906893314027  0.77785336693674412  0.78800771291313532
  0.79865833145466647  0.80964308865673129  0.82068893978203517  0.83207808790024829
  0.84279789911017300  0.85408444243385895  0.86528254953939587  0.87660593328696490
  0.88725251708487030  0.89780263698472484  0.90805995688869456  0.91836177900153626
  0.92832171055663681  0.93856800753649861  0.94896883132923504  0.95944381833602443
  0.96925439975093197  0.97945011903980950  0.98955949559507095  1.00000000000000000
 -0.00209444699025772  0.00802211269341723  0.01704849051937334  0.02733536778974259
  0.03796964967216889  0.04830826591462619  0.05840034463318872  0.06804611563829409
  0.07828604930139024  0.08836496947355528  0.09881785502653911  0.10926508924472506
  0.11996844890586005  0.13023810037219852  0.14004463752302243  0.15002436037239242
  0.16008961193344301  0.17045172620604740  0.18083332228333551  0.19128012915946266
  0.20181303495707870  0.21221957822752810  0.22342685541208335  0.23402985718479902
  0.24441804828376587  0.25452939128443414  0.26509572965907924  0.27629153108132620
  0.28743203512093879  0.29769506831185100  0.30780545826559796  0.31796745786530828
  0.32809555998097800  0.33807541428157128  0.34822977367007130  0.35910749558430488
  0.37064536217283583  0.38209463713424802  0.39335685780365293  0.40434678156984061
  0.41509221264951179  0.42501109114752333  0.43444774701519251  0.44376559325453169
  0.45336965405253649  0.46322252180123480  0.47359322874753190  0.48453821491133009
  0.49594970316093651  0.50696343265061983  0.51746728211047610  0.52797043295281276
  0.53860714997726944  0.54972442365109409  0.56075335693896156  0.57145137212420649
  0.58201861446928871  0.59220586797470098  0.60245011462071552  0.61274104815974229
  0.62312067829474738  0.63350314690805998  0.64412293415514066  0.65493378005618441
  0.66610756094099699  0.67752857806366018  0.68834198016016124  0.69906479227621965
  0.70931150567805823  0.72016698880793395  0.73110723204305250  0.74162446556952455
  0.75182832760985430  0.76195724620828065  0.77220606188078356  0.78258615221996197
  0.79303374105698932  0.80394820265894973  0.81508301177283193  0.82661143681047622
  0.83773600154767081  0.84881303010706211  0.85989545197236616  0.87155018401281215
  0.88321861953132685  0.89485222544830267  0.90613219206133067  0.91733972879863279
  0.92825513298955287  0.93886048151235790  0.94892610426628521  0.95939608163863610
  0.97004755131659326  0.98059582737340667  0.99044664750361877  1.00000000000000000
 -0.00249383272012602  0.00980102307244120  0.02027583727545631  0.03124219863762405
  0.04192363852983610  0.05177701798517960  0.06177489684662017  0.07201498355036440
  0.08235100679571752  0.09243439023129746  0.10272780592615167  0.11320186202956589
  0.12347767006996578  0.13418743008379630  0.14535624375779641  0.15676970736425905
  0.16790877214527858  0.17836106555011233  0.18915872881969634  0.19955436696546114
  0.20977746915526521  0.21977952996604808  0.22982061883368368  0.23985728125453323
  0.24978475657011362  0.26009920292057676  0.27019843007141831  0.28052309211321380
  0.29080810947031177  0.30119818455426794  0.31160140087196037  0.32166044079948380
  0.33187515227611503  0.34242714108157513  0.35284007000227652  0.36369547506634542
  0.37440911327612725  0.38553327050260155  0.39659212099666707  0.40743822797390417
  0.41776804310700466  0.42807995922097092  0.43851954248911246  0.44927433292523233
  0.45988839480587124  0.47056652278428884  0.48151902705016986  0.49285522727477482
  0.50407487774510085  0.51518240329637921  0.52639267578431170  0.53753024838327990
  0.54806296861669079  0.55810075110917778  0.56821214387894681  0.57860552847585878
  0.58909312597483643  0.59961091940041222  0.61020494790529434  0.62081522096456598
  0.63141823822499210  0.64193964408151105  0.65256959361758515  0.66337876206019364
  0.67407422828792496  0.68473220406851976  0.69526763418171211  0.70578179117901407
  0.71617578461543119  0.72660924060289855  0.73736051166639716  0.74787488292995241
  0.75821833071171407  0.76843690200052339  0.77899995123570620  0.78951774941904418
  0.79992230459804525  0.81012046401514803  0.82035296658680590  0.83081398994877409
  0.84165754486479138  0.85211281164923014  0.86206085572427726  0.87174365280759458
  0.88196830756044275  0.89243375487811505  0.90282125892558607  0.91304546466680891
  0.92353565262059334  0.93463692635001516  0.94581289243355404  0.95683402705988840
  0.96746894593545740  0.97796792074480343  0.98888707217966276  1.00000000000000000
 -0.00207089503582627  0.00865226153133676  0.01813001074395463  0.02879493988095074
  0.03954550072966838  0.05042443799041815  0.06101141208692088  0.07112538847364183
  0.08135263658916994  0.09184880619916133  0.10270083798676648  0.11339228647949066
  0.12391621293667798  0.13442645663785521  0.14488979645228908  0.15545863794862227
  0.16587227091408260  0.17673501800440816  0.18743485705930918  0.19803881174932739
  0.20847344203248441  0.21903044012994258  0.22979704104940876  0.24119499028796534
  0.25225608734758781  0.26314921158014487  0.27397175585867573  0.28518058661500356
  0.29650717156623518  0.30734061816387875  0.31781729944886405  0.32781294336515798
  0.33795223488058912  0.34844012695885201  0.35932920096726517  0.37063095660481971
  0.38163436360934305  0.39256509631423159  0.40337172055838583  0.41417782314214158
  0.42458269315355623  0.43454752211854608  0.44438470804261881  0.45453890857888379
  0.46468644134255099  0.47512176241777981  0.48581801243742584  0.49645929818968032
  0.50670164427688591  0.51658205880105235  0.52619725914573301  0.53584833230702544
  0.54582583217283109  0.55649277073730619  0.56730529290010834  0.57797009790217313
  0.58870588978603455  0.59946231360142166  0.60992952324270044  0.62030214570039965
  0.63065921265683100  0.64105987669744646  0.65190467725153334  0.66278448086653929
  0.67356417687872094  0.68412461354690468  0.69480698484038461  0.70566471640518891
  0.71644638381620629  0.72718137580634246  0.73772889355684579  0.74782452966573398
  0.75784774964922963  0.76789139587217592  0.77817886763797650  0.78866666148754960
  0.79933080459557126  0.81005782503031487  0.82039225188171039  0.83053482625212327
  0.84085409655702814  0.85148182401687467  0.86250943575813521  0.87364513740775518
  0.88455991476584872  0.89514116539577993  0.90584431968099199  0.91676250329233122
  0.92746634093259783  0.93791194363488473  0.94790346880183884  0.95798100286039345
  0.96812114152010709  0.97859528807762353  0.98921894069568794  1.00000000000000000
   8.2087553832730934E-012  -1.0000000000000000     
 T T T T T F T T T T T T T T T T T T T T T T T T T T T T T T T T T T T T T T T T T T F T T T T T F F F F F F F F F F F F F F F F F F F F F F F F F F F F F F F F F F F F F F F F F F F F F F F F
  <DiscreteSampler_grid>
  grouped_processes
  1 # 1 for a reference and 2 for a running grid.
  10 # Attribute 'min_bin_probing_points' of the grid.
  1 # Attribute 'grid_mode' of the grid. 1=='default',2=='initialization'
  0.0000000000000000 # Attribute 'small_contrib_threshold' of the grid.
  0.5000000000000000 # Attribute 'damping_power' of the grid.
 # binID   n_entries weight   weight_sqr   abs_weight
    10   10   9.881116051643345E+003   3.462217206325684E+008   9.881116051643345E+003
    16   10   1.076574757776107E+004   6.443717687759254E+008   1.076574757776107E+004
    22   10   1.076574757776107E+004   6.443717687759254E+008   1.076574757776107E+004
    28   10   9.881116051643345E+003   3.462217206325683E+008   9.881116051643345E+003
    34   10   9.881116051643343E+003   3.462217206325682E+008   9.881116051643343E+003
    40   10   1.076574757776107E+004   6.443717687759256E+008   1.076574757776107E+004
    46   10   9.881116051643343E+003   3.462217206325683E+008   9.881116051643343E+003
    52   10   1.076574757776021E+004   6.443717687759224E+008   1.076574757776021E+004
  </DiscreteSampler_grid>
