 -0.00277253996739972  0.01522652827357615  0.02762325474341086  0.03845976855949210
  0.04852637401080360  0.05861533808617404  0.06879663113913628  0.08053096776994599
  0.09210642943158706  0.10469633269698653  0.11657554437959250  0.12822295460085573
  0.14039457627044336  0.15252336742035455  0.16474131056172570  0.17654326261965558
  0.18809184342375287  0.19751573269440451  0.20625372597829011  0.21534606470734879
  0.22411059755672263  0.23287449377673516  0.24123747889788028  0.25039336667577250
  0.26227643087069252  0.27559484061587480  0.28898745403047521  0.30169640741909909
  0.31329841962299543  0.32479550435882859  0.33607788660596721  0.34765172563180391
  0.35944954639353482  0.37124706659856055  0.38276098701923988  0.39400895848903961
  0.40470306443011828  0.41525528700666348  0.42569502713393875  0.43570228947852119
  0.44585113679281291  0.45587278254302860  0.46586811235166459  0.47630004128503906
  0.48712542853368390  0.49828880479194915  0.50968872687422806  0.51997295566216362
  0.52909183575329954  0.53813247501034767  0.54780804590741405  0.55817447467201109
  0.56884512121130493  0.57925639806628126  0.58955241838782491  0.59952312074747449
  0.61042154234718393  0.62240130279631767  0.63449990044715721  0.64598743470552134
  0.65722359516394468  0.66881908439235815  0.68016153357028442  0.69155722123954866
  0.70220635126559661  0.71315036665841680  0.72429913576087379  0.73553485247754014
  0.74618022427242880  0.75598295809064797  0.76586429600268946  0.77630611360647517
  0.78733116305511164  0.79780793164274799  0.80759836942718388  0.81786631843982460
  0.82749793353115064  0.83809071928145340  0.84843248641331581  0.85919533256460368
  0.87009742062955941  0.87986301126596000  0.88920459244752958  0.89814900047297153
  0.90712636086660925  0.91625722538532994  0.92478702673524382  0.93392058889765184
  0.94310742316892404  0.95326046492552197  0.96323271950298406  0.97225444049505250
  0.98034451013445190  0.98747084298714194  0.99373687256338716  1.00000000000000000
  0.00000009276794797  0.00000009810390162  0.00000010495755739  0.00000011132674904
  0.00000011829695133  0.00000012617782833  0.00000013406809294  0.00000014230508283
  0.00000015064060539  0.00000015895865618  0.00000016777323223  0.00000017734615221
  0.00000018763881196  0.00000019853857718  0.00000021064295430  0.00000022395201135
  0.00000023866738412  0.00000025337674024  0.00000026897341333  0.00000028470510188
  0.00000030313784737  0.00000032383412239  0.00000034508562206  0.00000036745172593
  0.00000039095804501  0.00000041585141577  0.00000044053721778  0.00000046419104964
  0.00000048839094632  0.00000051363771659  0.00000054192789757  0.00000057173003766
  0.00000060343059878  0.00000063843838793  0.00000067660097661  0.00000071332958763
  0.00000075435153706  0.00000080684047700  0.00000086712548883  0.00000092921791071
  0.00000099508882869  0.00000107057454572  0.00000115476907405  0.00000124534985651
  0.00000134468776813  0.00000145381325214  0.00000157112590079  0.00000169405529812
  0.00000181631310735  0.00000193780345473  0.00000207267240185  0.00000221947913917
  0.00000238034461258  0.00000255089159417  0.00000270686679724  0.00000290636408418
  0.00000313027777041  0.00000341321672100  0.00000372023629471  0.00000405409356189
  0.00000440965371646  0.00000476767219566  0.00000518460309932  0.00000562935913860
  0.00000611925433179  0.00000671280717085  0.00000736428054530  0.00000813647567913
  0.00000898712010682  0.00000989999748596  0.00001089865752171  0.00001203669345389
  0.00001337324270143  0.00001476780734800  0.00001624015961416  0.00001783631547321
  0.00001974501343221  0.00002200787199003  0.00002465470788480  0.00002688714414776
  0.00002933114495985  0.00003218311610610  0.00003595941423901  0.00004147565087987
  0.00004845289311267  0.00005621275235175  0.00006481587919963  0.00007614753851856
  0.00009063288570503  0.00010942138531791  0.00013204447767000  0.00015889484835011
  0.00021294617319379  0.00036718310802966  0.35447266358522883  1.00000000000000000
  0.00000003920941758  0.00000005268090994  0.00000007421717416  0.00000009716701864
  0.00000012343803677  0.00000015347793575  0.00000018850458839  0.00000022349849999
  0.00000026250697809  0.00000030681080553  0.00000035525282674  0.00000041258191640
  0.00000048637172616  0.00000057443699733  0.00000067359450816  0.00000078379882418
  0.00000091256648504  0.00000106358684950  0.00000123303651644  0.00000142138780505
  0.00000163426782782  0.00000187154072125  0.00000215183873804  0.00000245816848248
  0.00000281731575998  0.00000320652292730  0.00000362666500229  0.00000408491323094
  0.00000459659374857  0.00000516464263297  0.00000578188815963  0.00000644092908537
  0.00000713130965278  0.00000786116524214  0.00000863706032853  0.00000945691160882
  0.00001030363867107  0.00001123004579988  0.00001223721650280  0.00001336778912343
  0.00001457127648524  0.00001583231010799  0.00001715968692035  0.00001846838361590
  0.00001976352618414  0.00002107744187187  0.00002240815801573  0.00002383306514520
  0.00002533162577675  0.00002689646324630  0.00002864170821895  0.00003055225737418
  0.00003257427629143  0.00003477593998310  0.00003704668971237  0.00003941096028736
  0.00004197024443456  0.00004448536178913  0.00004736980847380  0.00005050139196906
  0.00005381513901655  0.00005733893269496  0.00006107900080522  0.00006489128796752
  0.00006907952895981  0.00007380265168793  0.00007902909138707  0.00008439631750844
  0.00009080487494126  0.00009771229822105  0.00010565016493124  0.00011470055862025
  0.00012462295818285  0.00013637275160708  0.00014702999514648  0.00016040654522836
  0.00017623714159535  0.00019147372133925  0.00021132093925067  0.00023418066406630
  0.00025950986557773  0.00029251899681578  0.00032852842372984  0.00035342031694935
  0.00037019686939323  0.00038662931301281  0.00040311233615623  0.00042106326473602
  0.00044197900670644  0.00047558735952828  0.00052001325737052  0.00059322942259055
  0.00071473448620415  0.00088643715826314  0.00909112164814340  1.00000000000000000
 -0.00123570127942298  0.00662303785614732  0.01328788143951960  0.02079026830836226
  0.02907677206259719  0.03736404433589949  0.04506062481127972  0.05210199732521049
  0.05874803999888970  0.06666653250210414  0.07605247105608749  0.08625723518482971
  0.09745913979601775  0.10848619116270472  0.11854445669788674  0.12844145186313027
  0.13767660538132365  0.14749478048267253  0.15608222088253301  0.16535167752417809
  0.17587989965735829  0.18729462110528644  0.19857941032217005  0.20940128775947439
  0.22007976923993541  0.23068521608514453  0.24092282379586547  0.25074311171799807
  0.26050704648648537  0.27048281497912058  0.28048345456070467  0.29109570595747125
  0.30235089973471019  0.31410484154108709  0.32630252072740817  0.33866431634914612
  0.35051699071615444  0.36156305222146295  0.37254693478074508  0.38367549293132164
  0.39510622023657971  0.40687523920688062  0.41942976324783993  0.43260312309039411
  0.44607132203131911  0.45918320570458976  0.47195553009923069  0.48439648142774933
  0.49670200800085218  0.50888598348265301  0.52116015060972909  0.53433254433947308
  0.54776994830657399  0.56204154848019183  0.57497945681188756  0.58731809034938731
  0.59829890008547471  0.60987354438687535  0.62172710919175567  0.63349808256544660
  0.64457110221567304  0.65614517168766073  0.66806152384780548  0.67975010822239945
  0.69114660720742294  0.70263609709512331  0.71396301481258928  0.72448521925952170
  0.73466558863359277  0.74519866779546595  0.75563331254137012  0.76658881889889474
  0.77780074435395397  0.78952661558405424  0.80096734090840294  0.81172733793530072
  0.82203107762582828  0.83204514478297631  0.84148249319163793  0.85093868951087981
  0.86005964044332228  0.86937261505640862  0.87904820671263018  0.88875670859758449
  0.89845812470362785  0.90841887166047119  0.91838247320155064  0.92809769302225642
  0.93773141567977003  0.94703529369913364  0.95591281806305040  0.96459648097689044
  0.97323876230231110  0.98211106404142967  0.99085239774414546  1.00000000000000000
 -0.00186215725561721  0.00861006439714189  0.01739444399480740  0.02695135336333687
  0.03681398339086733  0.04754291548713332  0.05821400105050389  0.06873434591641378
  0.07946491288143798  0.09131201524855814  0.10402118436528886  0.11686230891910571
  0.12884762147744444  0.13969924805937040  0.15025688451638727  0.16099958798705397
  0.17229134572727547  0.18341548520414097  0.19501360990726713  0.20636914750860685
  0.21565759781689028  0.22456222769505332  0.23333763843341890  0.24291466662062694
  0.25334501214565641  0.26335156533814819  0.27323458542647394  0.28356912425641134
  0.29439204305115180  0.30529881954583821  0.31581337193315712  0.32647668389176709
  0.33769453770731750  0.34902937786411742  0.36010052558006739  0.37095858433594753
  0.38160912581709061  0.39215228057015528  0.40249699869769062  0.41270038485647464
  0.42275476633068859  0.43284080685083365  0.44312096430184805  0.45359505373648329
  0.46378695717650009  0.47372688770427263  0.48381314237938927  0.49499553195218959
  0.50675354523002014  0.51945253522594781  0.53134687318110141  0.54289692928867594
  0.55400265212383792  0.56476712092089509  0.57523053917362432  0.58467268316603849
  0.59461850818511675  0.60481283448625001  0.61625442040070932  0.62735824328486689
  0.63770088890565513  0.64839063705225730  0.65942875734933648  0.66982212802675456
  0.67924468856247522  0.68705368675725242  0.69415167637552888  0.70132786940021496
  0.70965303447750028  0.71848647308877589  0.72752204893608885  0.73657876683013623
  0.74611977424127185  0.75687261313354759  0.76829455142393588  0.77928592813817998
  0.79034606636482263  0.80116664235435764  0.81174348386939310  0.82280084212338533
  0.83393583763329282  0.84531750010939155  0.85638683146165451  0.86689065784890451
  0.87753161406024160  0.88801848030041741  0.89897139429133843  0.90952227883010350
  0.91980115947498753  0.93053136746368048  0.94199032348723744  0.95379302165751512
  0.96549584584583681  0.97694439102607655  0.98838703516479387  1.00000000000000000
 -0.00315359240250068  0.01520572747075052  0.02976679506431744  0.04327104327619554
  0.05573693189646396  0.06793627019748871  0.08076685070882578  0.09392893424879761
  0.10644360440612448  0.11866405563428475  0.13070910697117205  0.14270568206049944
  0.15435181289015437  0.16583869723563485  0.17669327669118876  0.18757718803395224
  0.19967950202940171  0.21200061693133224  0.22310170727659659  0.23304598175263519
  0.24228365912151884  0.25155252880912587  0.26105290339771570  0.27065398505747545
  0.28038432738346986  0.29070472850929491  0.30098408902911700  0.31101321383295122
  0.32032850532713125  0.32923543025855678  0.33724995830062771  0.34535763714125745
  0.35362573135440351  0.36350793389965030  0.37362346611617853  0.38394582508454400
  0.39375061183815552  0.40292816143458582  0.41174611667943911  0.42009323527024589
  0.42797979720455825  0.43615543486851566  0.44449303514510796  0.45375683390766491
  0.46217732465584460  0.46932110285852702  0.47614144621117349  0.48251392339953053
  0.48893566952832712  0.49591820014821442  0.50333070030202542  0.51080785183790900
  0.51865381407502431  0.52736835883083910  0.53588319080991198  0.54437528197494134
  0.55396204254915304  0.56426219328815874  0.57429893785947461  0.58391714865016742
  0.59319991965146812  0.60280586526785229  0.61232028479872391  0.62166230047697379
  0.63065294778213266  0.63942942854828178  0.64891781267904636  0.65830188109906895
  0.66875005484436034  0.67914137541410668  0.68999575769279731  0.70134891219516970
  0.71199181324607363  0.72229652186280857  0.73260470565703673  0.74382434588327528
  0.75553066383459822  0.76647506054249293  0.77711447596689631  0.78692694539397157
  0.79790839207480735  0.80925888609193863  0.82124339032928628  0.83351957477530014
  0.84605804858052347  0.85865139839856441  0.86989612776970182  0.88138665471156030
  0.89324604805137520  0.90663095789236692  0.92108559472106299  0.93550043916737546
  0.95031076336782982  0.96564941432109164  0.98236672666718283  1.00000000000000000
 -0.00194132321253549  0.00842998636987799  0.01808101278468468  0.02775281325385666
  0.03803677816687663  0.04851499399955533  0.05954014753813480  0.07053603979355758
  0.08201664368330029  0.09313213800268277  0.10397436972621325  0.11435307608932940
  0.12491595016523689  0.13576698207727300  0.14685115918841940  0.15800303649100689
  0.16951922983554851  0.18153352049835389  0.19356103952819839  0.20447413428591871
  0.21563601679619390  0.22678455898761646  0.23853031802404645  0.25019201651844997
  0.26231463508476355  0.27467229337242371  0.28685142087578736  0.29832450457785881
  0.30966677705966550  0.32179850819225964  0.33455684202496777  0.34592502235592804
  0.35586587886584575  0.36552139778328024  0.37513716280484444  0.38482786846588590
  0.39427432826433489  0.40422516612921366  0.41471755331363169  0.42551053282680174
  0.43557000545740099  0.44466171756804607  0.45274229930626275  0.46035997820776575
  0.46875468037075557  0.47709874895808085  0.48703576320219455  0.49748363672452323
  0.50916103922218825  0.52128929979367611  0.53306096250461132  0.54376148828330240
  0.55418279321900554  0.56413976216255279  0.57424279894540875  0.58455947467022507
  0.59499948262959057  0.60572778118015280  0.61609603597549900  0.62647936416327243
  0.63737387378833199  0.64865912971321960  0.65961326873771564  0.67054639563222729
  0.68179331589398307  0.69300980183786987  0.70403089857790480  0.71407833439516821
  0.72446780060966753  0.73431484470995168  0.74396061833123739  0.75330992483129111
  0.76204216712590223  0.77074377054713372  0.77961243276303049  0.78779608916801802
  0.79746999040650812  0.80696616889194117  0.81656804897797952  0.82618059453880544
  0.83648794304239571  0.84783755288286344  0.85983920947230430  0.87207110219963191
  0.88383920427317186  0.89535667060440405  0.90736772275804278  0.91939786163703252
  0.93098329117393253  0.94211912155791233  0.95274901244729016  0.96266073865051638
  0.97174387237410220  0.98087129898953485  0.99022585006632891  1.00000000000000000
 -0.00190146717833161  0.00764285057802981  0.01630168148150409  0.02544966206010655
  0.03492796819068126  0.04459174328697325  0.05509931437846435  0.06645296473021360
  0.07893971681269091  0.09061126640055973  0.10109268410374050  0.11133021592818294
  0.12149036964636371  0.13215317022544115  0.14293948664820805  0.15422316972161310
  0.16535742536301692  0.17605778881977563  0.18671125803575683  0.19745927752100470
  0.20795854422075527  0.21832435640815312  0.22897465539531653  0.24021530645507544
  0.25195531061291809  0.26351870383667758  0.27460744867530518  0.28573986359496006
  0.29726362899503855  0.30947106669464552  0.32180003223107712  0.33366373061378796
  0.34525541017777239  0.35711402479428700  0.36958128042936006  0.38084159290518854
  0.39130943883063785  0.40091698811737453  0.41023030533138277  0.41912509379070734
  0.42809239468279076  0.43715520112000167  0.44672930322381976  0.45731421485714147
  0.46826746691095994  0.47924393260370640  0.48890772259977627  0.49831329923947637
  0.50747786614328383  0.51689554467456755  0.52669273267264105  0.53620611715706978
  0.54515118732795131  0.55365817971486131  0.56271951393515396  0.57160979585980609
  0.57995698528369910  0.58784469791867155  0.59583950183827517  0.60343871564278373
  0.61292569689949927  0.62464955990485171  0.63660514751962871  0.64869630411213031
  0.66049891973179797  0.67157954857119173  0.68167469031560979  0.69174289009618672
  0.70211430254615148  0.71225471512108085  0.72237658998574106  0.73314023927983507
  0.74466616598353863  0.75648186530611883  0.76719187893818253  0.77831563472316101
  0.78975555840459366  0.80139104161880981  0.81289524284010373  0.82393040754971403
  0.83530013579382767  0.84648136903376792  0.85837790153574445  0.87099826161936345
  0.88300315478732316  0.89420366827865527  0.90461125825194022  0.91425480323081343
  0.92333996718930511  0.93239981361500990  0.94183779164042636  0.95319585081892766
  0.96487224805132299  0.97759821060182683  0.98897314436632178  1.00000000000000000
 -0.01128248094331988  0.08358185951061789  0.14811110518088985  0.19830836826286918
  0.23703379471468497  0.26780164265659817  0.29233665383122870  0.30954751960755456
  0.32298489331950031  0.33447818295238263  0.34459243629460617  0.35306073143293815
  0.36119912272059795  0.36935243308435894  0.37713225745678131  0.38453728915965718
  0.39143262686124358  0.39766778630775562  0.40347426133362474  0.40943849799459048
  0.41583810171541830  0.42199395599835748  0.42759733748935713  0.43271084574048152
  0.43736405377801213  0.44161201664872413  0.44581698623482069  0.45008125362658402
  0.45404466638615787  0.45774450116953913  0.46147504481537038  0.46540443615469174
  0.46953750701055924  0.47376816101925523  0.47794409466988025  0.48197767324180657
  0.48604949411480852  0.49008472286032750  0.49417686961120877  0.49857757081403370
  0.50364116881546661  0.50911515545407837  0.51436221534344828  0.51941001551488208
  0.52452093673167943  0.52973911329259760  0.53493137181331540  0.54012883150643465
  0.54555877791097973  0.55138477680774733  0.55732571719227708  0.56332504271805306
  0.56932209703543968  0.57528867996637700  0.58117369308855915  0.58685451893712703
  0.59261762467703238  0.59896228825152931  0.60573174263445406  0.61231047489329482
  0.61824549196569367  0.62395884980354044  0.62989052079316499  0.63607250153011663
  0.64256669586445048  0.64897819508736831  0.65574309455607049  0.66267791592928049
  0.66926217451644654  0.67592950426596332  0.68298268555708386  0.69061783246980002
  0.69896123174448388  0.70727092423259730  0.71534985910497462  0.72315234122673644
  0.73109581027355319  0.73958401059376977  0.74866432066446931  0.75783183868225157
  0.76710817085630234  0.77714907972771829  0.78811946846412428  0.79969701237558410
  0.81192947963570428  0.82425995918390160  0.83627600552448633  0.84923142943601415
  0.86290631833482967  0.87855141031787354  0.89581927651415538  0.91211427810035872
  0.92603704861380842  0.94121261096048381  0.96392635444137431  1.00000000000000000
 -0.01634018874064362  0.09596311784106233  0.13130612812155296  0.15516037994635026
  0.17460666974003169  0.18994084923053256  0.20179112344526534  0.21266419582673271
  0.22233868546958346  0.23266942045270925  0.24279870054132827  0.25276856329108488
  0.26196665281600751  0.27092697705795449  0.28012911726573547  0.28912078467406804
  0.29740098599528797  0.30537595442958354  0.31335339060521361  0.32241700763701214
  0.33101175450434933  0.33867564316246040  0.34581357747769903  0.35249144794016096
  0.35903780774251837  0.36531025475996975  0.37153835636067689  0.37804513974215009
  0.38482523887809900  0.39173909392472916  0.39862146300017964  0.40558082657818872
  0.41259377188557428  0.41894146346036437  0.42464649538278537  0.43011480999223850
  0.43579717731155987  0.44184824116285504  0.44808536405832261  0.45454756016871356
  0.46006134361322121  0.46469453669898708  0.46928727733119252  0.47428729128164621
  0.47978010097573048  0.48495117680389471  0.49003288198734218  0.49504712711571719
  0.50066788788185146  0.50597671499618846  0.51129972461844764  0.51639675621991221
  0.52179693620226353  0.52769343713311267  0.53351787093719616  0.53949421669259778
  0.54555216157280706  0.55145205914433115  0.55725141519927290  0.56301070720489355
  0.56874753632246966  0.57473257910244813  0.58087821750965440  0.58714893164317572
  0.59373132909419180  0.59970540736139710  0.60568533619311327  0.61171421318655284
  0.61830060501935036  0.62523708437487102  0.63253997114537774  0.63921849216931148
  0.64565134672833890  0.65210397633507822  0.65855271939914195  0.66523440919574417
  0.67262230538970291  0.67956195742121683  0.68705956151175462  0.69505477799896787
  0.70352081528148269  0.71293011295209785  0.72277954508081854  0.73262453395631522
  0.74245916364159559  0.75244068981106049  0.76332741938536164  0.77534539140339243
  0.78798807241978008  0.80067572759350814  0.81345125113150640  0.82651429689340017
  0.84237042381691463  0.86342190976751243  0.89646674504543422  1.00000000000000000
   1.6202866538823049E-008  -1.0000000000000000     
 T T T T T T T T T T T F T T T T T T T T F T T F F T T F T T T T T T T T F T T F F T T F T T T T T T T T T T T T T T T T T T T T T T T T T T T T T T T T T T T T T T T T F T T F F T T F T T T T T T T T F T T F F T T F T T T T T T T T T T T T T T T T T T T T
  <DiscreteSampler_grid>
  grouped_processes
  1 # 1 for a reference and 2 for a running grid.
  10 # Attribute 'min_bin_probing_points' of the grid.
  1 # Attribute 'grid_mode' of the grid. 1=='default',2=='initialization'
  0.0000000000000000 # Attribute 'small_contrib_threshold' of the grid.
  0.5000000000000000 # Attribute 'damping_power' of the grid.
 # binID   n_entries weight   weight_sqr   abs_weight
    10   10   5.459787326214366E+002   9.883541886694997E+005   5.459787326214366E+002
    11   10   5.459787326214325E+002   9.883541886694822E+005   5.459787326214325E+002
  </DiscreteSampler_grid>
