  0.02378692626551206  0.03378086947223163  0.04473278812359396  0.05622200452672217
  0.06766591752135563  0.07908079166100007  0.08986687003297224  0.10018847452168447
  0.11023766250976395  0.11993028037990931  0.13022540629018028  0.13988482093043528
  0.14917304505373422  0.15842308069354102  0.16774466010184264  0.17680989705896744
  0.18631002091334672  0.19635590255214597  0.20679406300932052  0.21677957798548744
  0.22607468524263294  0.23589497450756730  0.24653819273681732  0.25672450036177186
  0.26718078702326742  0.27885618260909706  0.29134328962179501  0.30217953620483218
  0.31289449564985400  0.32357865693143517  0.33398099069381582  0.34317809090281903
  0.35272823108855617  0.36295810904020387  0.37389036203495535  0.38362499899494801
  0.39325671458260986  0.40330952619886168  0.41417263817446420  0.42616485046242542
  0.43856242667618184  0.44899111733549169  0.45895289248842797  0.46822399428600131
  0.47832583799160888  0.48888474517906344  0.49910895502199187  0.50918658773502845
  0.51910003380375636  0.52928611355014532  0.54018915401919076  0.55115043026447919
  0.56235763354654666  0.57366340673136906  0.58501697235893091  0.59592739287772056
  0.60624370052356547  0.61658230154608473  0.62705338881330230  0.63740150995725242
  0.64746963015126768  0.65746242709378233  0.66771383701411036  0.67839394414089560
  0.68934539398517236  0.70019394586299410  0.71079553557964359  0.72096751714558094
  0.73085613919161552  0.74061219319513372  0.75034501022950850  0.75994314002637497
  0.76897062153771190  0.77815533397615955  0.78804358887587667  0.79903870836682811
  0.80986949835621291  0.82049799149804192  0.83095936314549412  0.84025869596867420
  0.84882369020443171  0.85769298144298534  0.86678403559658568  0.87585259696722939
  0.88549945331752478  0.89406149830933346  0.90444211830444243  0.91420221448645389
  0.92458763892623541  0.93479226062001108  0.94342716835914975  0.95175430619920454
  0.95946353679476548  0.96613259252950368  0.97076870399393389  1.00000000000000000
  0.03040740829250361  0.03731789113881449  0.04873772265952271  0.06139604303250902
  0.07442936593548249  0.08638665704013651  0.09743918301358555  0.10766303113092134
  0.11740209293167449  0.12772892149587073  0.13827382491390100  0.14861198799258860
  0.15785435257027508  0.16666583984100283  0.17555988776513021  0.18458716147379511
  0.19374347545689038  0.20284391453624634  0.21230127370728233  0.22223943950782213
  0.23293317230234517  0.24272758115434917  0.25207528388050376  0.26071754602345532
  0.26929410260650433  0.27747440310283861  0.28615954755988060  0.29495228222716841
  0.30390141093798506  0.31309206111125454  0.32332633119795218  0.33364952883890381
  0.34397489088966499  0.35440340405719645  0.36598067578795640  0.37750380720646881
  0.38798968119749444  0.39772709492840369  0.40763514663917388  0.41762750382570429
  0.42840906853915167  0.43850489745413734  0.44897857435535055  0.45849941543100348
  0.46825389783576332  0.47780197720363243  0.48715821544683774  0.49686260787012593
  0.50712408562238132  0.51735953220242348  0.52700634094549714  0.53606033509303830
  0.54499870904562364  0.55452371704167536  0.56447342222336350  0.57447875678151505
  0.58407235160067217  0.59341414436649864  0.60230011019423024  0.61150964696538723
  0.62061052715700193  0.62948215496910664  0.63876852072819823  0.64823445670471813
  0.65888138064185098  0.66807089563746247  0.67843448313426880  0.68898693025408553
  0.70022936094269672  0.71153869477429865  0.72305640691849238  0.73446905890966452
  0.74537535243254927  0.75580023573192123  0.76588919180767523  0.77563899436486194
  0.78532870433953150  0.79521080886717799  0.80497771105533000  0.81481967762395491
  0.82467212406911594  0.83476521680346283  0.84656927595800602  0.85765562985477617
  0.86874989209424025  0.88017588726828366  0.89212376088175049  0.90426756054907831
  0.91453764545795380  0.92382172790919814  0.93336930984984479  0.94300096429990399
  0.95388488110766245  0.96328327734973318  0.96919516879026635  1.00000000000000000
 -0.00004169101660388  0.00045827411404865  0.00124774663733611  0.00254055700427117
  0.00425839734847524  0.00633056222722325  0.00887903319581762  0.01173577921788071
  0.01508140890812822  0.01869489288221400  0.02266329384176342  0.02685211034877348
  0.03111611328019109  0.03570087943678028  0.04087596997418848  0.04662403036622271
  0.05248798305100812  0.05835973010581629  0.06414187152969358  0.06986280109385047
  0.07558460117934829  0.08206425951179183  0.08895067228582636  0.09617825968525974
  0.10401856943071335  0.11245861566277858  0.12098551026130594  0.12926847115185752
  0.13780244221839236  0.14673245994620848  0.15558321083722293  0.16601416955858653
  0.17744569503931798  0.18849028242603558  0.19941156974003657  0.21001370213711756
  0.22040059993299757  0.23113428209555364  0.24254333185619903  0.25410291947746677
  0.26522568749928005  0.27636164383200623  0.28819716926041861  0.30074482567430838
  0.31337878096253446  0.32612450085216510  0.33867656201279772  0.35117235268197189
  0.36350007834037201  0.37536355445355468  0.38730995560573328  0.39923213103470034
  0.41102516692514640  0.42376802199311869  0.43785062118393686  0.45236411873942328
  0.46672163901039865  0.48058604457376441  0.49420926209348787  0.50759916881904632
  0.52118968593108317  0.53473665345727339  0.54825928797346923  0.56168334429811162
  0.57499439991929624  0.58841794634694400  0.60180671585301149  0.61570588536851734
  0.63049786093826421  0.64554654592986871  0.66066950311047223  0.67596521126087283
  0.69083776683110965  0.70534464396085705  0.71961402036700306  0.73370400511686928
  0.74756960740437928  0.76186581875375881  0.77638884293873267  0.79091369671703715
  0.80563732744339833  0.81978919757178637  0.83345265931740276  0.84673278376409333
  0.85978184483124553  0.87279487024072178  0.88543505338451534  0.89781264789988369
  0.91018346462548638  0.92360987047629128  0.93680058118693432  0.94968829844026403
  0.96243724675045694  0.97487649142206512  0.98736500145246220  1.00000000000000000
 -0.00321113081375789  0.01068861333634279  0.02229087521372712  0.03391617214271069
  0.04519918266490867  0.05628483083315289  0.06786476295894317  0.08017076184000599
  0.09238958765930982  0.10446579327767890  0.11692486837474257  0.12846565223211634
  0.13844629796059366  0.14789870926755080  0.15734936885651551  0.16702907714105608
  0.17702138075297599  0.18695062920910999  0.19775839330987061  0.20889318196407605
  0.22009672609143002  0.23159951929850989  0.24331105780310272  0.25480978357840295
  0.26598910213734622  0.27740550957465293  0.28881344779313933  0.29940758717046251
  0.30952129191463645  0.31975008328422805  0.33021106686951840  0.33990662587799192
  0.34850430204394217  0.35766299665575407  0.36707907637372489  0.37716083498400804
  0.38762231807864106  0.39833631453652463  0.40920543471831244  0.41967003465592762
  0.42935849820936461  0.43850486520082171  0.44753910577740180  0.45707000627538696
  0.46682802373468385  0.47619249650728029  0.48607290957075716  0.49636432635411759
  0.50659995947862591  0.51631366139161028  0.52527009213075548  0.53374311505991412
  0.54249248043488874  0.55046499069240618  0.55821893261113498  0.56614170303779687
  0.57484044641162035  0.58360167429617527  0.59257352484631076  0.60187362844945613
  0.61171465911335621  0.62209122693788332  0.63327498287516659  0.64451984516181848
  0.65549971992629030  0.66608876039298415  0.67642111405634675  0.68673029189660184
  0.69728551979250619  0.70715554601341890  0.71668629514086946  0.72609430573887213
  0.73687912875695760  0.74834665218676732  0.75967425363927887  0.77049238881711490
  0.78090643554005468  0.79126998648893954  0.80152345160867422  0.81162326598443646
  0.82192211498050638  0.83232274616229773  0.84364734515701323  0.85547523143281479
  0.86655096500731599  0.87710015888681858  0.88743054925051990  0.89830901315006351
  0.91009141274124705  0.92238993275790149  0.93493967823767010  0.94776400225753976
  0.96072686606174162  0.97387831783788592  0.98682803527489904  1.00000000000000000
 -0.00410395635154420  0.02077536797672269  0.04205996583837820  0.06154891545424421
  0.07951856707360906  0.09637523738715205  0.11160144010620762  0.12493143325067760
  0.13742035252968848  0.15099833708327812  0.16518344723865994  0.17922023151587052
  0.19356364906081497  0.20796799223342877  0.22126462455355733  0.23367379387151233
  0.24621671173817580  0.25832385306369782  0.27076245697249124  0.28330120237454365
  0.29546280560719879  0.30680991773257438  0.31712305974124799  0.32694623544529910
  0.33699117719336769  0.34660267647491938  0.35591406963914113  0.36466090691617531
  0.37422822583561960  0.38416785876992027  0.39456624652008709  0.40490362587446799
  0.41575542482934741  0.42665511658476690  0.43783840894857584  0.44914428363589692
  0.45887381777204866  0.46711838364216435  0.47496549724102188  0.48298794562632491
  0.49097509052170801  0.49893902452947086  0.50640868173211728  0.51374256873244140
  0.52134479412956558  0.53007501685865721  0.53952042413449430  0.54939575490159687
  0.55987483541440275  0.57011577251870504  0.58008384930714652  0.58984206835406439
  0.59938580702262345  0.60894023120081275  0.61862805011287392  0.62800291526645047
  0.63694360950068374  0.64572915320904267  0.65437141932116494  0.66312866708757934
  0.67196190004861001  0.68084639480206122  0.68981417893108421  0.69964846886031529
  0.70908972199615183  0.71850130781634369  0.72757950665783444  0.73645661767375437
  0.74474871676546994  0.75335035457417043  0.76152099076097512  0.76995468400658917
  0.77791615642733347  0.78605057124238797  0.79417647879220166  0.80335187504847994
  0.81226654954586663  0.82122939599349054  0.82949496094121711  0.83889269798023469
  0.84899533002561878  0.85919435312667802  0.86914854983310319  0.87890291084073702
  0.88910340259348031  0.89998469300516792  0.91175253886987273  0.92332175794522731
  0.93530418892144040  0.94588998033784422  0.95544153934554510  0.96396748352720685
  0.97231030417597508  0.98087925748379068  0.98996356388043949  1.00000000000000000
 -0.00274559939458368  0.01128707924481814  0.02297841500856920  0.03502320010677263
  0.04631123784825003  0.05740586742582625  0.06841513106143085  0.07994372657398365
  0.09121587124866608  0.10215380598147061  0.11369045141238732  0.12548415016752659
  0.13772763113531106  0.15093290093110365  0.16475958040099958  0.17735279303245868
  0.18881941679947925  0.19860216948748383  0.20878135490646185  0.21841619199834547
  0.22823616300709001  0.23840720741894211  0.24882835724927427  0.25912519263043843
  0.26924053554879129  0.27916768436463180  0.28900916366810436  0.29815787181658399
  0.30674463089643650  0.31525098902272009  0.32400907270088886  0.33300265972195714
  0.34193965558568601  0.35077802561787241  0.35987423963770104  0.36924410780555339
  0.37899447755352184  0.38861827941424404  0.39883431929920121  0.40992666018120283
  0.42346613730732507  0.43747305766950961  0.45029814513745248  0.46153233091819712
  0.47143998951922139  0.48126418627622297  0.49088061974248698  0.50037996929916140
  0.51021304848614835  0.52076734865753771  0.53144394144083273  0.54195048528114520
  0.55206368850624254  0.56208117038460637  0.57281216053016426  0.58445757362889816
  0.59700800526839803  0.60952738589484934  0.62093804260010854  0.63173104090125309
  0.64181527541894212  0.65282196333087816  0.66451352755774384  0.67671823936292630
  0.68777006865339108  0.69770520529606261  0.70728667034481374  0.71647446330139974
  0.72577092028772516  0.73531380204150831  0.74525451286033761  0.75495381752800572
  0.76472434988575755  0.77377362295791052  0.78326156939389435  0.79262223024564726
  0.80240489051987318  0.81302942963580194  0.82379178399911424  0.83408264578074154
  0.84384333568591874  0.85351951308275043  0.86287007721182596  0.87264459100591119
  0.88348286959999756  0.89557720076487524  0.90706176149067141  0.91767720556819554
  0.92806482967246640  0.93776622900599249  0.94755656653902420  0.95748122966392679
  0.96756336414573274  0.97789711796922141  0.98833560665474041  1.00000000000000000
 -0.00173991264370981  0.00612165777717728  0.01349933078394839  0.02138514160615628
  0.03005291007451503  0.03930785041786665  0.04871414685544241  0.05810937575047609
  0.06740337542501247  0.07679332538064849  0.08658686501712623  0.09682391242124723
  0.10711394722591637  0.11706984012018264  0.12713624855836084  0.13727594285941250
  0.14744762953097337  0.15796107746511159  0.16890491592515161  0.18110366448441428
  0.19264015804353377  0.20344548568620055  0.21358497255320877  0.22331237297483708
  0.23360384205936577  0.24375888205579169  0.25406334139278142  0.26455241511856886
  0.27533664755140608  0.28531825961819662  0.29491759118737415  0.30478109724082803
  0.31568762597706479  0.32773438146535883  0.34011001895014170  0.35256435078695253
  0.36506315048607169  0.37773928392519901  0.39055288533148502  0.40265603182568493
  0.41500209751685135  0.42850739025363638  0.44218190031077598  0.45498489215240140
  0.46762557433269020  0.48068317050484077  0.49369276758621405  0.50644922054109320
  0.51871117453655491  0.52976485171647480  0.54059967736162196  0.55145825173688057
  0.56098860929375138  0.57007794208519724  0.57918350911508221  0.58958224010970151
  0.60106314666946936  0.61340839537068292  0.62593800953343603  0.63595100963799844
  0.64553190242615111  0.65496693407551709  0.66474075977074953  0.67440872283095044
  0.68420481691071622  0.69508469311212984  0.70742581250838532  0.72047858414206867
  0.73367039332224915  0.74573559587081051  0.75683066135996180  0.76806025750587503
  0.78027394234549152  0.79168967510107047  0.80246209104277133  0.81296039499647965
  0.82363629206125244  0.83476258656318703  0.84543348686842901  0.85653314349713827
  0.86736076274451412  0.87763339897588766  0.88760723601635205  0.89775072783094778
  0.90796801503174596  0.91777083834967399  0.92748135421383737  0.93709487024872018
  0.94620203628281285  0.95490700809294382  0.96324350963734595  0.97140781771635387
  0.97910457355030101  0.98633520700698152  0.99328740448713759  1.00000000000000000
 -0.00264155428912285  0.01289343832194602  0.02764935415734024  0.04089789514884529
  0.05294417757941505  0.06333724342125280  0.07292252412984374  0.08253447703931389
  0.09252097746154232  0.10306440715035561  0.11432994829952642  0.12627914511225313
  0.13862118273220034  0.15121086391619745  0.16361414691161519  0.17584793785161859
  0.18752198262362663  0.19949937353195746  0.21076146851368011  0.22066219864003941
  0.23054471367383478  0.24117823516780384  0.25146763840321806  0.26078941488324642
  0.26935142350997193  0.27805189745150316  0.28785486303608271  0.29821555697721747
  0.30936662485965322  0.32007079255566545  0.33056902826347573  0.34071988887418625
  0.35062745820886687  0.36125579359906240  0.37234923501682909  0.38318304849152868
  0.39500373638762487  0.40400058779947651  0.41437940436177240  0.42332809123409265
  0.43223381523480553  0.44120115587976327  0.45036910494533450  0.45951605678602719
  0.46891582040401453  0.47858230445192562  0.48871777985121639  0.49961108132711940
  0.51160786188514196  0.52387613763495133  0.53428422807943177  0.54471430245444985
  0.55347262147141618  0.56190278725388121  0.56985973291304659  0.57779974081218644
  0.58650544381471648  0.59568531058506002  0.60516782655780310  0.61561595448390027
  0.62654284373335656  0.63790778067796627  0.64908751150414024  0.65971005534426841
  0.67021134187893250  0.68096472997053636  0.69178582595592719  0.70289647990007920
  0.71351233125229985  0.72367805996254253  0.73350651453463611  0.74312195496350630
  0.75245210393381867  0.76155115149556096  0.77084193554559743  0.78059010255893069
  0.79086559008314961  0.80121298032541000  0.81174040698944683  0.82093294262327077
  0.82950733321517045  0.83931340301916468  0.84990393102258688  0.86133707284807703
  0.87244183163342581  0.88350751110029424  0.89459501118331275  0.90572013554818254
  0.91717654409903471  0.92872018774877274  0.94000230521501449  0.95126438806604663
  0.96273380798353658  0.97520877497325653  0.98742869076292061  1.00000000000000000
  0.06033472202543702  0.06379715065864139  0.07086650737987217  0.07808009339705359
  0.08713930692718075  0.09585676598572995  0.10456067413353839  0.11268746495958296
  0.11995461994060080  0.12614169683409465  0.13140478407334988  0.13635268477708548
  0.14161248081369898  0.14670711425341060  0.15117215673219669  0.15583088517108945
  0.16020603510128181  0.16495904992345467  0.16915043773643718  0.17338858310215502
  0.17764747319448279  0.18175498627816244  0.18563638204986041  0.18946842178315113
  0.19341534607326341  0.19759805305441089  0.20181760168401841  0.20571989493973075
  0.20939272538641815  0.21308661845359159  0.21680439149321909  0.22060121145503411
  0.22452494283597202  0.22868366089797854  0.23356648957706608  0.23898798211941338
  0.24437127929997621  0.25042872933682431  0.25625750247861501  0.26186576696380143
  0.26721271445799777  0.27228604140916601  0.27738676784963845  0.28258481158430004
  0.28771846764149100  0.29286199582972966  0.29806040036293763  0.30331925962183764
  0.30864205795210664  0.31410399540112410  0.31982611901020475  0.32553353267873153
  0.33145067879171347  0.33759605424205186  0.34393680573432711  0.35016554897360397
  0.35629591664843746  0.36251717320848897  0.36902241539655850  0.37594193086421646
  0.38313869923531285  0.39021079632612288  0.39761274594188267  0.40530095537636740
  0.41289696253116209  0.42030477134843536  0.42737161302960952  0.43469911511633003
  0.44270560368247314  0.45118386116410181  0.45975229828867870  0.46811319733399437
  0.47611762212169217  0.48472066298203631  0.49409073169707657  0.50386397662457760
  0.51384842680877674  0.52414039745485463  0.53513634917243547  0.54629423963768331
  0.55788617792834760  0.56977836317846831  0.58174528854662488  0.59389459987575510
  0.60733231506412766  0.62308157455530611  0.63966262545763330  0.65723302244794846
  0.67601856864058407  0.69520853333528332  0.71693699142872169  0.74286155676177779
  0.77416410661512147  0.81219268150094148  0.86646036268445492  1.00000000000000000
 -0.01468945974969909  0.08801582761126149  0.12559699331036606  0.14908030915641951
  0.16761081791747920  0.18368940083966109  0.19671391571237259  0.20848199598624767
  0.22027559330137161  0.23247357313243791  0.24380972113193172  0.25440338525716266
  0.26492712913620298  0.27493381722321675  0.28446339385928615  0.29271029912273111
  0.30047317789943034  0.30829773778186509  0.31625142466909806  0.32450606322197317
  0.33241941080868503  0.33993749449666261  0.34740020379203246  0.35439803819843474
  0.36108198619402193  0.36766931950198944  0.37430362477018714  0.38061617656344615
  0.38674789066765697  0.39220627589487739  0.39810812063247802  0.40384641421359557
  0.40988993039380828  0.41603062909174493  0.42204346214067862  0.42827809045317039
  0.43411262697571568  0.44019831919491215  0.44644970386363991  0.45276022611234296
  0.45924115775488578  0.46585529516803370  0.47252466210222255  0.47943213138927093
  0.48583754549211722  0.49235801968742932  0.49862362961466639  0.50535700185033738
  0.51247637186138595  0.51967374051596349  0.52667140680936797  0.53340594086874638
  0.53996372892747158  0.54623741675550708  0.55224580642562704  0.55763435260973393
  0.56293557978247077  0.56832858676379627  0.57391488818020708  0.57979094923649110
  0.58595423710230721  0.59225259206189074  0.59850313683321099  0.60476250544806132
  0.61131649374846009  0.61790361775020275  0.62496766557691796  0.63256562025576002
  0.64031674272661687  0.64757437734581991  0.65371908489114505  0.65958937831923914
  0.66532067510473303  0.67096004248728147  0.67716799459956201  0.68355914764327186
  0.69018481983570590  0.69666112185959150  0.70345402770151610  0.71103139293153428
  0.71958119370776741  0.72838225017769243  0.73684094783747911  0.74500218169603694
  0.75377799431462433  0.76399961073912370  0.77457652322246862  0.78503572017756373
  0.79612348755338369  0.80878502424903853  0.82319988752266648  0.84045272321618170
  0.86055133647797932  0.88328438768258255  0.91867648957676729  1.00000000000000000
   1.0553339911142869E-016  -1.0000000000000000     
 T T T T T T T T T T T T T T T T T F F T T F F T T F F T T F F T T F F T T F F T T F F T T F F T T T T T T T T T T T T T T T T T T T T T T T T T T T T T T T T T T F F T T F F T T F F T T F F T T F F T T F F T T F F T T F F T T T T T T T T T T T T T T T T T
  <DiscreteSampler_grid>
  grouped_processes
  1 # 1 for a reference and 2 for a running grid.
  10 # Attribute 'min_bin_probing_points' of the grid.
  1 # Attribute 'grid_mode' of the grid. 1=='default',2=='initialization'
  0.0000000000000000 # Attribute 'small_contrib_threshold' of the grid.
  0.5000000000000000 # Attribute 'damping_power' of the grid.
 # binID   n_entries weight   weight_sqr   abs_weight
    10   10   5.678995003695769E-004   1.171453234663859E-006   5.678995003695769E-004
    11   10   5.678995003695784E-004   1.171453234663869E-006   5.678995003695784E-004
  </DiscreteSampler_grid>
