  0.00000007803519822  0.00000029863515768  0.00000052762741339  0.00000079067156475
  0.00000106275943976  0.00000136258431863  0.00000166805720268  0.00000193859768506
  0.00000220762159726  0.00000248771093414  0.00000279490251634  0.00000313076623066
  0.00000346349004385  0.00000378387493115  0.00000409420187804  0.00000442362620685
  0.00000476263165137  0.00000510673418740  0.00000545794306041  0.00000583093131608
  0.00000620456729097  0.00000654898948058  0.00000687884070697  0.00000721319936120
  0.00000757541809657  0.00000792789639847  0.00000825184988163  0.00000857928155140
  0.00000887394025052  0.00000913358393517  0.00000939330172164  0.00000965796173221
  0.00000992625907829  0.00001020654007940  0.00001053190936846  0.00001092248887001
  0.00001129673744560  0.00001167285622656  0.00001205978578539  0.00001244263604683
  0.00001280948830717  0.00001315940508250  0.00001349257113454  0.00001380180322654
  0.00001412053051723  0.00001443641087580  0.00001476263244081  0.00001511321265454
  0.00001549219738499  0.00001588854446304  0.00001628012981313  0.00001665524929949
  0.00001705165734429  0.00001744717438818  0.00001787029067319  0.00001827098956248
  0.00001871610474074  0.00001913775943662  0.00001959971631374  0.00002005975445026
  0.00002049699647015  0.00002093745510032  0.00002139625864941  0.00002184613565646
  0.00002234147609942  0.00002288221654993  0.00002344268663050  0.00002396830654472
  0.00002448492589522  0.00002498793220534  0.00002549619487800  0.00002601190094360
  0.00002653322663404  0.00002712386854615  0.00002769509197246  0.00002826116415371
  0.00002881303998493  0.00002935286542952  0.00002989295608124  0.00003043679349850
  0.00003095012689192  0.00003146761621767  0.00003197303944474  0.00003249904594276
  0.00003310661722059  0.00003371933464641  0.00003433986354731  0.00003496300718269
  0.00003558394575972  0.00003621402978044  0.00003690075740613  0.00003773604700351
  0.00003971369511829  0.00006906928268482  0.00008714352822380  1.00000000000000000
  0.00000007642773527  0.00000037200611356  0.00000071576221278  0.00000108767509364
  0.00000146542326815  0.00000183024579494  0.00000217784067480  0.00000256080157915
  0.00000295838305121  0.00000337586337387  0.00000379667344347  0.00000419111395598
  0.00000458386904481  0.00000500074216371  0.00000545752258538  0.00000592083096859
  0.00000632972281727  0.00000673178684019  0.00000709723807526  0.00000752198087916
  0.00000791630939682  0.00000830767629171  0.00000868561275990  0.00000904215822099
  0.00000938835005302  0.00000974187525422  0.00001008019831890  0.00001042613515063
  0.00001083501618803  0.00001121916887714  0.00001162322777106  0.00001201639311787
  0.00001240839389528  0.00001282508258684  0.00001324629485435  0.00001367150134364
  0.00001409661826560  0.00001450312847979  0.00001490777608658  0.00001535031262682
  0.00001582855944293  0.00001633329659414  0.00001689218264933  0.00001751414898832
  0.00001814820114777  0.00001871323590646  0.00001922332723756  0.00001971019376540
  0.00002019303900361  0.00002069299727932  0.00002120850839838  0.00002169623127970
  0.00002213850789174  0.00002256328823020  0.00002297479174141  0.00002343243081245
  0.00002389647605073  0.00002434089436031  0.00002478228774523  0.00002521872641661
  0.00002564738450891  0.00002607010353749  0.00002649911565524  0.00002694405930246
  0.00002739808323059  0.00002784855562096  0.00002829066486295  0.00002873142817817
  0.00002917511187664  0.00002963115291984  0.00003007198613026  0.00003048300753448
  0.00003090283992429  0.00003133822068982  0.00003175813837378  0.00003217406364170
  0.00003264212120398  0.00003319440998555  0.00003371921946422  0.00003416011751123
  0.00003458348757884  0.00003499030958437  0.00003534382389071  0.00003568551869719
  0.00003603446622195  0.00003637666946034  0.00003672495004286  0.00003709227298339
  0.00003752289771950  0.00003958753565869  0.00005717102318001  0.00006343479108466
  0.00006801467608494  0.00007302908923247  0.00007794693993651  1.00000000000000000
 -0.00241680633848350  0.00999435766573683  0.02242435147278459  0.03486075471136386
  0.04691246295030344  0.05818732920488463  0.06887829596777555  0.07906616052467078
  0.08917700936801060  0.09996934862136918  0.11090553955804659  0.12184927546518119
  0.13283703181366574  0.14349091186866342  0.15375704911740840  0.16295354658892608
  0.17277790147448407  0.18250800516117927  0.19189621117206540  0.20134994077074944
  0.20956111199722743  0.21681956863840540  0.22447994899407697  0.23236533458731159
  0.24142784155749950  0.25184150480993189  0.26173052605341895  0.27159136048278082
  0.28195075593531960  0.29255690598216949  0.30276095333094222  0.31231602338713527
  0.32123265358897568  0.32939661103970613  0.33748198320571215  0.34563415094217287
  0.35359464697438697  0.36191675432591197  0.37006287010973055  0.37989604456126369
  0.39139409737733888  0.40194112781923724  0.41127883238038365  0.42022560986836655
  0.43009940326686535  0.44068427025849299  0.45122907509875065  0.46170324834186216
  0.47162918920525682  0.48124374951087984  0.49051024682504368  0.49969009246213275
  0.50949074107595649  0.51954876605434164  0.53013365934702961  0.54110391494287746
  0.55070146153532262  0.55955808646469574  0.56793744888279130  0.57654480139207620
  0.58589625079679941  0.59575588984409666  0.60583945104550430  0.61685490421497557
  0.62820028715295106  0.63890837658363220  0.64896601684716892  0.65646965201341589
  0.66555319814686809  0.67430564351931688  0.68214995227922648  0.68887540902087807
  0.69535787259499382  0.70298255374492569  0.71229887724688812  0.72268138941468762
  0.73364203615615575  0.74629265857916527  0.75965867040859270  0.77301725772933549
  0.78834088846705508  0.80125720207423767  0.81473884679305142  0.82864160634266182
  0.84281286894800911  0.85631752340719880  0.86854988453413451  0.88127957552724911
  0.89262374501707986  0.90379040245810971  0.91527905174904645  0.92887432864659969
  0.94439676314094412  0.96217643279177734  0.98198358940049957  1.00000000000000000
 -0.00236234582578597  0.01034308477043876  0.02233140245247844  0.03478090517513591
  0.04718954882284467  0.05928341172199234  0.07120600861147079  0.08364447532607161
  0.09557788944709603  0.10839576985243043  0.12106304736770832  0.13143439540447949
  0.14092969311157855  0.15140906319565489  0.16102371797623510  0.17069897745302501
  0.17921666829440905  0.18767099239932949  0.19602770782039905  0.20471477527673340
  0.21378537137804443  0.22399425262338613  0.23577804826108414  0.24855980579284856
  0.26049366485969361  0.27226535319127260  0.28512104370056834  0.29826901481381074
  0.31149414824723881  0.32421333332235108  0.33584874272661458  0.34667211475757531
  0.35729378194196748  0.36725634864636619  0.37755364169268818  0.38820367581425202
  0.39977810449341500  0.41231790435609023  0.42755033804049414  0.44429515766214100
  0.45902100392856748  0.47119972112206082  0.48172119623836446  0.49140707418193386
  0.50085454503966198  0.50985603177712546  0.51877656769735880  0.52727326737238711
  0.53621879008511419  0.54514864412651176  0.55335365964790573  0.56239596384265567
  0.57478238966182571  0.58787884519074296  0.59883774928372735  0.60968967768021043
  0.62139889421955374  0.63165625635475564  0.64025228696227388  0.64766959577318295
  0.65509448220675792  0.66291302853257184  0.67150590848706071  0.67995945252038326
  0.68836851156018042  0.69766072110481114  0.70763616102512705  0.71835190162287754
  0.73041367393314049  0.74308283396533215  0.75492102053177812  0.76672856746940010
  0.77998503800045405  0.79244826014861847  0.80437880388620797  0.81429065749837759
  0.82211839038489409  0.83048472884190527  0.83919775217743520  0.84818691714509209
  0.85636580845172294  0.86467339997059878  0.87309170844307260  0.88291257825654146
  0.89359362352925609  0.90373997092541725  0.91452115329330863  0.92615793453620077
  0.93932772133066555  0.94966813855598298  0.95844314843065281  0.96660699718685406
  0.97414352264887383  0.98161472635572056  0.98994224845816814  1.00000000000000000
 -0.00284354478213760  0.00937831458600513  0.01974620755764994  0.02896442611093697
  0.03794997045395931  0.04659272633334494  0.05505841579253588  0.06413437234036548
  0.07450357923815427  0.08675411410180300  0.09984211794347585  0.11195306251811282
  0.12314528740807797  0.13439844818860305  0.14509219820840438  0.15462921477806676
  0.16359184353257880  0.17228952620606597  0.18125011534036811  0.18994826009530089
  0.19826637238009123  0.20684709696832507  0.21526644633581807  0.22372267535446536
  0.23188217352311849  0.23987899630130768  0.24832800954600662  0.25536652805878157
  0.26437302300517568  0.27454220382541777  0.28343694446230111  0.29149731337726353
  0.29938239373240494  0.30742554395687516  0.31550815077286726  0.32615200532239497
  0.33663965605792057  0.34913612577671888  0.35844647097940330  0.36683661830490477
  0.37449379308892716  0.38181600812290084  0.38955356822737069  0.39640228594511334
  0.40307264542398535  0.40981623507125547  0.41739083419775985  0.42559821710588908
  0.43427281631609627  0.44272962853406789  0.45084850709874708  0.45898819533303298
  0.46784433346289517  0.47549405239268672  0.48409973226529746  0.49285023369850461
  0.50446486538659285  0.51779115038145862  0.53029893070176048  0.54176405638273473
  0.55279972255907006  0.56292264706494433  0.57235081662522336  0.58123704714865776
  0.59078701677200995  0.60134695965242202  0.61256287765463824  0.62495078882177812
  0.63520225181574874  0.64659110611199933  0.65860420577094725  0.66972075646068352
  0.67992691448191267  0.69102937472352299  0.70310571172977487  0.71529476572388151
  0.72640709301492323  0.73714467559928454  0.74825590734553094  0.76018168044731793
  0.77409560195595872  0.78907770498198071  0.80339452207729167  0.81704472324455102
  0.82999833724313588  0.84293656925152705  0.85631297920133398  0.87123542962288214
  0.88738338777531989  0.90378239539865024  0.92134234270075821  0.94029170004259388
  0.95569352402030661  0.97129440048807192  0.98622694868333116  1.00000000000000000
 -0.00205367366037758  0.00934245035080728  0.01826353431119675  0.02723627085101768
  0.03611793496301451  0.04496671038783966  0.05403640304051224  0.06309813645914045
  0.07220584197346192  0.08241510921361195  0.09300638770422454  0.10346910995268800
  0.11451883612615614  0.12631238301027103  0.13968067735176010  0.15161050275797797
  0.16300878398371679  0.17480106220558611  0.18660636313086529  0.19774050569894061
  0.20807477964374677  0.21814781946531819  0.22825287947915041  0.23858214633868036
  0.24934056358781911  0.26122309781680747  0.27476960589434785  0.28859261044263324
  0.30060017605405165  0.31078400380010685  0.32094587338103464  0.33160594832326534
  0.34327653273291808  0.35577595991547983  0.36812038131523062  0.38031714564306607
  0.39166298930417698  0.40042808486361658  0.40757124235427694  0.41603084033647958
  0.42582832561821821  0.43532310408375258  0.44438018534414697  0.45415097391548664
  0.46638280814832994  0.48071793830677745  0.49478215753773497  0.50833191783640963
  0.52227338638823684  0.53625764623777938  0.54919993939563228  0.56045182450053554
  0.57074873511774649  0.58088625624806456  0.59072169178260192  0.60036871789320845
  0.61061253675350013  0.62079408853848017  0.62934839204474358  0.63683353595546888
  0.64523161605259904  0.65496403718067264  0.66419513060146707  0.67349281365935898
  0.68315260321935711  0.69516977651757672  0.70961655653821964  0.72427647386364047
  0.73820560728286644  0.75166028718199207  0.76491516533830084  0.77771777121806518
  0.78744309662738532  0.79526615290754243  0.80241185928520586  0.80970006117452076
  0.81772225602632687  0.82557272407738636  0.83352670078357527  0.84155631434624367
  0.85023480170635901  0.85917401853185271  0.86849451414747481  0.87787252236476088
  0.88806152118831461  0.89944150965213332  0.91141867766414364  0.92328952814027188
  0.93468828121354330  0.94534432104435684  0.95550299244001691  0.96549021157634984
  0.97484770277341337  0.98335591017388368  0.99165086223329046  1.00000000000000000
 -0.00193243814556263  0.00696658027363658  0.01516011029726422  0.02288781508065241
  0.02996203551682568  0.03699005113596211  0.04364829901422188  0.05027517868398222
  0.05829575496216616  0.06556167821147689  0.07269837139797805  0.08002619316642444
  0.08739711327638323  0.09478053350880038  0.10362833369015742  0.11305307488331082
  0.12228015567567370  0.13301998209265736  0.14523876720138407  0.15735343015180783
  0.16918460750297770  0.17869816797526480  0.18715897913281485  0.19582516685835638
  0.20426584483024621  0.21293720173643974  0.22278808045312873  0.23423361585918626
  0.24753589418466543  0.26004904128676870  0.27214684359716629  0.28390359516878844
  0.29368544231138838  0.30178049496609549  0.31057691805445364  0.32064907990610431
  0.33056771882085295  0.34027161978480397  0.35046084839882324  0.36299703479249040
  0.37551993415593143  0.38776260744489982  0.40067524846080044  0.41422194854726530
  0.42838384006596308  0.44123876864157641  0.45467674368602384  0.46835944161298221
  0.48096876085470497  0.49534058971780326  0.50859792895014122  0.52201678145207009
  0.53528967626860435  0.54808012326886635  0.56078823445187620  0.57511457754829431
  0.59028259312917641  0.60527423387015167  0.62036704916175833  0.63604120754850435
  0.65143726881037167  0.66618501332570934  0.67907020098311643  0.69185077982256271
  0.70573511924307597  0.72033643910220968  0.73332946748468253  0.74352258799365090
  0.75263774281049856  0.76043743615841386  0.76812853804460923  0.77592051311988408
  0.78390684309681669  0.79104145139937265  0.79820240592355352  0.80571500912613170
  0.81450992458516513  0.82494448018231248  0.83676789810143015  0.84900986219315167
  0.86088525347511979  0.87230598545069893  0.88455799112896316  0.89617695721071688
  0.90711316005808784  0.91770093230511840  0.92830532776068908  0.93834300557454353
  0.94680209081075595  0.95479804744297125  0.96228075427981830  0.96946489786591517
  0.97682918847650557  0.98429956733263135  0.99223453528256522  1.00000000000000000
 -0.00249283893138271  0.01041976272436341  0.02100152159733338  0.03251488965814359
  0.04426792789456237  0.05478559750746240  0.06459308698186020  0.07514576117082916
  0.08592420836089658  0.09646988946258844  0.10643408667562775  0.11714847782585112
  0.12887786012827207  0.14213745365236047  0.15000112010128433  0.15625360204242783
  0.16320465339179779  0.17148615426603608  0.17969357734075697  0.18694742065321784
  0.19398766940519543  0.20103093410348108  0.20898531269541229  0.21970487537663935
  0.23144706787122221  0.24273616205464071  0.25355886103042180  0.26460176743908820
  0.27521106514527044  0.28530683658928341  0.29557514779926353  0.30635040344692005
  0.31795423372977094  0.33122404982259085  0.34583583020674397  0.35968021260641725
  0.37254351035604349  0.38463406975728737  0.39677132831897843  0.40919951212656708
  0.42054655017210379  0.43015574824988356  0.43941658900477293  0.44844957189683710
  0.45769615116968876  0.46711132391488924  0.47702487584443454  0.48717408746284246
  0.49808223216412523  0.50907313432310519  0.52115447209757526  0.53102759072995465
  0.54051585035530536  0.54922986197696211  0.55852238998793313  0.56791695432622669
  0.57781827029871302  0.58833276401167678  0.60019284459804867  0.61235481746014164
  0.62515651580895559  0.63780166527515447  0.65070182304104085  0.66335693913538774
  0.67480674106997407  0.68613594587688809  0.69870758787602172  0.71165659940911341
  0.72316407307219854  0.73434660768706872  0.74534251055453893  0.75573140237691039
  0.76654695182601018  0.77616276666879003  0.78531401809787238  0.79437589807310105
  0.80296356593725970  0.81280086145578312  0.82283847320427417  0.83389536681225862
  0.84590375205470836  0.85800368782249115  0.87025219902002926  0.88077148822484341
  0.89030930168773115  0.89952119436837963  0.90878519071557295  0.91821453192073521
  0.93030766786948449  0.93916685907285202  0.94834196261762660  0.95790441176568009
  0.96687550742022643  0.97699330910391236  0.98892555021314588  1.00000000000000000
  0.03054072509885357  0.03850918635342177  0.04690002450998904  0.05702598282990727
  0.06626487061238866  0.07427310133012410  0.08186228940710426  0.08944098869148216
  0.09709636576234448  0.10500516663512534  0.11309158240425597  0.12212112757930095
  0.13239854399470230  0.14228017959940720  0.15142723923868143  0.16053308376485795
  0.17112344738862315  0.18174158801991996  0.19219327652297147  0.20290713139963445
  0.21364890060152017  0.22467399559477158  0.23711838517304645  0.25046309755406543
  0.26277272208168084  0.27456738622246263  0.28527102126094461  0.29647146975020394
  0.30593078023211878  0.31526563460832163  0.32448106469533466  0.33448015761971800
  0.34507502698096665  0.35557320411157373  0.36605887671171261  0.37660322012585679
  0.38687672567313808  0.39746950483191396  0.40813782920990677  0.41833120554287567
  0.42839545178045990  0.43793156333844679  0.44742019728658594  0.45711354334199517
  0.46639820669449417  0.47529468751041176  0.48375149997004341  0.49235409747320852
  0.50218928051786593  0.51354173852064999  0.52375049318567923  0.53235777257382888
  0.54052595321806984  0.54835050071514901  0.55558033690664788  0.56311635596043352
  0.57148060681946333  0.58044251149343440  0.59124264511968638  0.60229630804752055
  0.61318083282776903  0.62368060001475090  0.63391838431975789  0.64433888789462579
  0.65492564460217539  0.66605479919957422  0.67727661560755348  0.68960971711908925
  0.70266903183605112  0.71462209944161914  0.72460704129858722  0.73492441573522393
  0.74540585407625670  0.75684598535625636  0.76953342538271785  0.78461698739080088
  0.79839701803728436  0.81029024301367303  0.82060859653085594  0.82986101187292061
  0.83927500503895602  0.84813628975452260  0.85672521400404267  0.86534275313023445
  0.87548673251658882  0.88725804222133275  0.89889784963898967  0.90761489656513239
  0.91589641015163392  0.92455871730126549  0.93242987098771679  0.94277662732799561
  0.95375977503249898  0.96253203095729678  0.96961994278520791  1.00000000000000000
 -0.01769417259432382  0.12240952657555512  0.16983250823319124  0.19827358396540337
  0.22303242395933084  0.24950650928089654  0.26974121125401918  0.28653331158514428
  0.30266635010515869  0.31995670067372806  0.33633946336346898  0.34998016400257792
  0.36278232321211973  0.37588054187862147  0.38906313582009205  0.40358100672498487
  0.41898158633027061  0.43126254931898739  0.44065598994585609  0.44842401731319131
  0.45669484106068098  0.46491908692349171  0.47179310311190992  0.47822492750202622
  0.48463941209898542  0.49199066496497124  0.49931102272478284  0.50697730659949325
  0.51438414043490888  0.52161088121939592  0.52874699904980427  0.53581949148117958
  0.54268541220032340  0.55042487720194178  0.55875917473095094  0.56663527808476899
  0.57399339390413429  0.58156114077871202  0.59044923857269538  0.60024645797855591
  0.60937326700636685  0.61754938017461747  0.62537356887229989  0.63319241360275591
  0.64109730261076059  0.64863114105032416  0.65532438617622701  0.66197638182853202
  0.66830984097781199  0.67460770896834166  0.68112088720709807  0.68753995204537743
  0.69404086810252696  0.70025336982708686  0.70610311280414495  0.71134607040176556
  0.71603805683411925  0.72074162601949621  0.72568850963572507  0.73104047423362017
  0.73688860914913812  0.74387416585966193  0.74949899640063711  0.75435177738419423
  0.75903778811478628  0.76357968617824767  0.76831110501135080  0.77294357834919414
  0.77763241003352745  0.78280609093747866  0.78844014321555400  0.79410201219871501
  0.79899182302828797  0.80397340524128325  0.80884888736835481  0.81325393380825772
  0.81886998766151231  0.82411888848109294  0.82907514717710518  0.83418184164248343
  0.83936599569271275  0.84448872896314486  0.84982401548360953  0.85505539106783901
  0.86089498494645034  0.86724314999083230  0.87401087807702127  0.88110546193899963
  0.88816852959704873  0.89523602582436479  0.90293439527652042  0.91147573694096706
  0.92172724409667806  0.93430663040386253  0.95612948687050259  1.00000000000000000
   1.7028660220577456E-015  -1.0000000000000000     
 T T T T T F F T T F F T T T T T T T T T F F F F F F F F T T T T T T T T F F F F F F F F T T T T T T T T T F F T T F F T T T T T T T T T T F F T T F F T T T T T T T T T F F F F F F F F T T T T T T T T F F F F F F F F T T T T T T T T T F F T T F F T T T T T
  <DiscreteSampler_grid>
  grouped_processes
  1 # 1 for a reference and 2 for a running grid.
  10 # Attribute 'min_bin_probing_points' of the grid.
  1 # Attribute 'grid_mode' of the grid. 1=='default',2=='initialization'
  0.0000000000000000 # Attribute 'small_contrib_threshold' of the grid.
  0.5000000000000000 # Attribute 'damping_power' of the grid.
 # binID   n_entries weight   weight_sqr   abs_weight
    10   10   1.945555854813673E-006   6.985316257321719E-012   1.945555854813673E-006
    11   10   1.945555854813673E-006   6.985316257321720E-012   1.945555854813673E-006
  </DiscreteSampler_grid>
