  0.05153797462084395  0.05169780589444809  0.05198593853653884  0.05228076270970555
  0.05257669770512016  0.05288110403087382  0.05319715362058798  0.05351772759262115
  0.05385349334532646  0.05419182577807270  0.05452825271374849  0.05486592354189026
  0.05520317974193922  0.05553609235453215  0.05588021710796472  0.05622426478990330
  0.05657527997864865  0.05692299863617534  0.05727123348646952  0.05762690973884389
  0.05799284008005543  0.05836376149687833  0.05873319369865861  0.05911369146245686
  0.05949856538636410  0.05989000114056751  0.06028392965901926  0.06067510838512567
  0.06106433462269185  0.06145759214741622  0.06185425435325539  0.06222647248917207
  0.06271445820907913  0.06323672759637902  0.06378120769289400  0.06433261346337439
  0.06488728069235122  0.06545029941189034  0.06603001705329525  0.06663700957631094
  0.06725742099131615  0.06789006071324023  0.06852949288610577  0.06918200163398404
  0.06985302431141827  0.07053925866444634  0.07123737115700934  0.07194716627979580
  0.07265807283359853  0.07337791971910802  0.07410979134418395  0.07486580588841361
  0.07563988230218169  0.07643533846276584  0.07723936916058440  0.07806492274532352
  0.07888477457259056  0.07973626197998522  0.08062622163504053  0.08152003166442742
  0.08239577306327224  0.08330760751095299  0.08441700976150342  0.08560285272833981
  0.08683123158751378  0.08810961946502474  0.08941928563897182  0.09075395366644683
  0.09212890814424590  0.09354793981439816  0.09504887190105259  0.09665090365756605
  0.09832587051105701  0.10004638740247279  0.10180884928931230  0.10364980109037208
  0.10580235093124292  0.10817605966918858  0.11068299792057754  0.11329786755351197
  0.11599724960720013  0.11875887326212124  0.12165737576449778  0.12468595199466631
  0.12811537480879961  0.13191994179302716  0.13605491579689011  0.14039722333487428
  0.14495922963249719  0.15019777874897761  0.15576765878189130  0.16156127500007558
  0.16756415409811032  0.17440899535403395  0.18177198224487295  1.00000000000000000
  0.74734524210794850  0.77514623832586860  0.77866608648306801  0.78172885615032983
  0.78453006949707516  0.78724546701422493  0.79010500590362931  0.79282791699000410
  0.79530423988092747  0.79761076533988762  0.79986544948118976  0.80210140358933490
  0.80413746012301701  0.80619429461978420  0.80830187590431202  0.81049051196263588
  0.81271021789195075  0.81494327243646769  0.81706590831093684  0.81906872258990260
  0.82098839684596614  0.82284687464190520  0.82472832393660278  0.82670061488415403
  0.82874308822711829  0.83075780324189763  0.83275639472370455  0.83470468123307229
  0.83660537313081584  0.83841986274147440  0.84013028234853426  0.84181994326466947
  0.84347769956585761  0.84514719417584827  0.84684937243591540  0.84852112005946256
  0.85015329501616621  0.85183085954754612  0.85356014359488175  0.85528996704968219
  0.85702116457100175  0.85876088741551593  0.86055345708539899  0.86240393823534267
  0.86423312880882852  0.86596788167971483  0.86768333583349744  0.86935035683121320
  0.87099989704861103  0.87269631679315329  0.87446486040217697  0.87626138451971991
  0.87809602717540836  0.87995356287084281  0.88178070558601285  0.88355658343740484
  0.88528787312004853  0.88699018502165772  0.88867551386540111  0.89034905403226128
  0.89201482738813020  0.89370746655581312  0.89554436073503885  0.89741813203284337
  0.89927303512861612  0.90128948270387310  0.90328757636954593  0.90538476576604765
  0.90751627823627190  0.90965319656536980  0.91177624908694688  0.91391046639458129
  0.91610001747673675  0.91832331884719787  0.92055733605362566  0.92277458751499319
  0.92501496900204350  0.92735390618301383  0.92980243165391718  0.93235098285904972
  0.93497867741257357  0.93764852838704593  0.94038994530289799  0.94321498275862059
  0.94614271870793598  0.94920747707104658  0.95245592148614566  0.95601903569883728
  0.96001660999578531  0.96441710090680011  0.96926986998342468  0.97480293642429006
  0.98127609992132980  0.98785139762449414  0.99003757288711913  1.00000000000000000
 -0.00204852815451379  0.00991119989133462  0.02039136230403723  0.03168288289368196
  0.04249182673977490  0.05315506319930483  0.06342004101443544  0.07400657555255034
  0.08446494651044781  0.09467380706652243  0.10510147034032762  0.11589685777326013
  0.12717679875235050  0.13833324413637740  0.14905344320117270  0.15956549752938648
  0.17022473243146843  0.18098056378767299  0.19165813115792216  0.20203137737945467
  0.21228613103794849  0.22263475008653741  0.23287603879266536  0.24280110421518691
  0.25293392890881633  0.26353223790799024  0.27446036683084968  0.28533538531246450
  0.29597599214168646  0.30617880229051930  0.31610897833800994  0.32570431328307575
  0.33621593420108908  0.34756614490641174  0.35872994112019929  0.36934643486159485
  0.37955131106072509  0.38982750806702698  0.39985980726190673  0.40976886608326540
  0.41969985893691675  0.43013854403216978  0.44105265002822097  0.45178832237884875
  0.46250549715302769  0.47307369810723582  0.48432529647007244  0.49554173576042254
  0.50688118686702677  0.51829734221024459  0.52946994162878691  0.54040707925259335
  0.55117940092133777  0.56191138774571459  0.57277972001505206  0.58381228960573095
  0.59442860261282149  0.60472943699965875  0.61486113865691494  0.62543436743343850
  0.63627270201799213  0.64759113689923931  0.65893642922103912  0.67013666168162656
  0.68094625800518416  0.69135489140367556  0.70156443951549263  0.71160229836632505
  0.72174606639048300  0.73168117550311151  0.74169816287793511  0.75166655483866807
  0.76161441400475427  0.77150301217601336  0.78138211819939563  0.79161024190904106
  0.80175998802864223  0.81175266082673747  0.82188779575417059  0.83216229844594525
  0.84226303235912814  0.85228082518817161  0.86278985243627238  0.87356305166467818
  0.88365661531908624  0.89363757589275694  0.90389242390784652  0.91480804539042082
  0.92511173958905812  0.93505996188295004  0.94502441783203639  0.95535691942564260
  0.96607547560762574  0.97716099369441178  0.98843317201065084  1.00000000000000000
 -0.00252780706223295  0.01049483244738969  0.02190141017592972  0.03248763492678367
  0.04337208312578389  0.05407178416141054  0.06500605624904258  0.07598889028306048
  0.08687014823569100  0.09758577661872901  0.10820181354523620  0.11878141001745429
  0.12956765979268578  0.14051414869870038  0.15147496926553974  0.16232556658064184
  0.17296384383195929  0.18359008749996270  0.19423571994278471  0.20467475993025872
  0.21466540289816027  0.22445462511314951  0.23484079281936915  0.24593540344040959
  0.25687199304322123  0.26747866626126121  0.27776606949761595  0.28812976787673966
  0.29842550040853338  0.30899676991504932  0.31974023628717996  0.33048954928559166
  0.34124978966637226  0.35209699094733382  0.36306789137150841  0.37396514922541851
  0.38498187212875468  0.39590400095064271  0.40655108360119463  0.41700609546782025
  0.42754314325634868  0.43835540888917085  0.44892575743837360  0.45913135727885901
  0.46929768575932024  0.47968795699387018  0.49029768142991503  0.50091874315664020
  0.51155606311141166  0.52227316992327411  0.53325446267356102  0.54428225643315598
  0.55543591937170633  0.56608622873350312  0.57643894530894391  0.58659247256481906
  0.59641298846880864  0.60611774857247436  0.61616987089804043  0.62642399674071836
  0.63661939430490033  0.64681763287923688  0.65736583697853368  0.66790206580986278
  0.67796195199738629  0.68812300928917747  0.69838772099368251  0.70904498554991358
  0.71965585732589465  0.73019101516274865  0.74031236696626834  0.75052665715500722
  0.76108219522557785  0.77165511441775225  0.78205837436827697  0.79229088307269557
  0.80329063917246246  0.81409189074985289  0.82364997105804527  0.83319779593490406
  0.84227471611531601  0.85168740724409087  0.86143840342607636  0.87139426181949520
  0.88160455212669619  0.89208351739426417  0.90321621213037739  0.91452885070384982
  0.92561906222178925  0.93648768846913621  0.94732208183552780  0.95816674067627261
  0.96869358645558323  0.97898756496173422  0.98932011569464562  1.00000000000000000
 -0.00199090188826283  0.00926261688867367  0.01943616737855536  0.03024041146917860
  0.04082618724507849  0.05127265020660153  0.06176135948472926  0.07180204009652971
  0.08176794823095884  0.09218768205429090  0.10272857710794900  0.11341168244168578
  0.12363583027054309  0.13415343236978647  0.14455563168510391  0.15487220777202679
  0.16506669891322487  0.17537751290053860  0.18570864506617132  0.19588667242223323
  0.20613122140499998  0.21647094539104930  0.22667569179514985  0.23692572608985996
  0.24733970679366851  0.25790496665239476  0.26845724056270553  0.27892624115187092
  0.28943823903364457  0.29995009903033348  0.31065944218265007  0.32183889292147883
  0.33317124213458832  0.34430382560780304  0.35514526099668048  0.36594239596920008
  0.37673294941036295  0.38752099105597204  0.39818281909577741  0.40868552587836560
  0.41903227783201547  0.42930774524706994  0.43939354969725231  0.44918105008689296
  0.45898909196269988  0.46926487485026402  0.47952347463067657  0.48995412160751156
  0.50024158577197197  0.51139101401632314  0.52228125162261496  0.53299996358357837
  0.54373080564766341  0.55432691971700088  0.56484366151876941  0.57549752525664877
  0.58610154013159721  0.59672876005547104  0.60766690576845905  0.61935906117318318
  0.63082171187538683  0.64196192530872020  0.65335057258057694  0.66436006711378648
  0.67546720475571276  0.68613496581211197  0.69713509991654143  0.70816587334920544
  0.71871208538765030  0.72918334876113333  0.73946066147667311  0.74966626517843193
  0.76033526501675253  0.77088675821719210  0.78185488148855409  0.79272983048648094
  0.80306503869171975  0.81305735868119944  0.82315543864868912  0.83307902164479330
  0.84291117463368448  0.85279897507165325  0.86333902861102751  0.87362980161999704
  0.88441030478074378  0.89496732797980050  0.90592587870407881  0.91643099329792810
  0.92665644500922373  0.93654095256854064  0.94665817846663647  0.95673283042872637
  0.96703568359210323  0.97773246424428029  0.98872054715933111  1.00000000000000000
 -0.00267069610939032  0.01048924219297268  0.02142428189262251  0.03244050668863001
  0.04342962562809342  0.05443371987760333  0.06565228964988400  0.07665917880507256
  0.08705304193240065  0.09713663157835035  0.10720768043762367  0.11773343750790050
  0.12845991072450988  0.13886674475000638  0.14909477296517754  0.15931470171829581
  0.17003811116943321  0.18121865969706991  0.19244940003370262  0.20335281380911349
  0.21396472750406173  0.22470532931171455  0.23578048844934971  0.24605370218172845
  0.25608302224203583  0.26628881667768101  0.27711498120733408  0.28820963257784743
  0.29899216065611600  0.30966419381899063  0.32013928807490549  0.33059958370692127
  0.34102510804909547  0.35158013279379235  0.36251459798185198  0.37326396515014681
  0.38412903720276304  0.39476104520404426  0.40499396968787787  0.41496411602021277
  0.42432653458645753  0.43378297205873906  0.44357544801706816  0.45397812115762959
  0.46463971760535550  0.47464224623258472  0.48444622396338222  0.49420788037668617
  0.50429626772813829  0.51425187363421510  0.52437020638485454  0.53449082032404727
  0.54456229146294688  0.55459052694784838  0.56479642591196555  0.57548626626467658
  0.58661233003383439  0.59767448506259790  0.60820586042076685  0.61818978549016690
  0.62837078041588523  0.63873718071507768  0.64914933372886452  0.65977739362131294
  0.67065260986696684  0.68180790951015757  0.69299940513597236  0.70423136687570209
  0.71547715150521307  0.72646191728119591  0.73685359419512408  0.74680475154297599
  0.75656155993792373  0.76627124706275584  0.77616246163207414  0.78630662455300315
  0.79655314545095068  0.80672706002073691  0.81692718028292610  0.82734545480174349
  0.83793519819126050  0.84870724568156308  0.85980303874844977  0.87102506290408344
  0.88205914185722134  0.89296379660743064  0.90383545518154573  0.91465502139805743
  0.92542593171632759  0.93613310983074483  0.94682784395118202  0.95761988042772395
  0.96850258865252792  0.97913327574727504  0.98964485167283811  1.00000000000000000
 -0.00236935499651441  0.00911636189085901  0.01908343780946186  0.02871412252621795
  0.03891102270857728  0.04950879334768711  0.06054620453435588  0.07078010594732036
  0.08089699014818867  0.09053773924128639  0.10010989692469413  0.10983403115439153
  0.11984000406907992  0.13020083671102695  0.14088002752642931  0.15199550197298975
  0.16269943787151916  0.17320136083467955  0.18346959268954599  0.19386852521614295
  0.20459132854578735  0.21533468367397576  0.22617243096593265  0.23652538314045982
  0.24684919377616757  0.25779323296167400  0.26919675057567416  0.28040281928037841
  0.29113297250753151  0.30142395471564531  0.31185487392279571  0.32205720205503408
  0.33223088072928114  0.34286489588165953  0.35373540580482893  0.36490446512374464
  0.37593962717896301  0.38674148436138495  0.39770333325584434  0.40853825797382404
  0.41974474970047998  0.43020657687063374  0.44088707464912380  0.45145319946457652
  0.46205054294744380  0.47234329356477345  0.48260515545137023  0.49251613041034781
  0.50281495494044182  0.51333227128845860  0.52366677113207927  0.53368565892035225
  0.54393208074550947  0.55540139849617520  0.56640332101182389  0.57706971987108346
  0.58723563098741849  0.59719547983658205  0.60689337832632750  0.61685237306115037
  0.62675397098759700  0.63644428702761713  0.64628723667157861  0.65653013433810348
  0.66676773828603131  0.67660064896246008  0.68704593552771287  0.69799551851483643
  0.70974158274520449  0.72122072307758001  0.73270412384961492  0.74393272906599639
  0.75500489253429215  0.76630336382396091  0.77706700377023064  0.78696274156144963
  0.79668752591649272  0.80655448588013279  0.81659804394852531  0.82647774535182827
  0.83684387071295907  0.84775160665524785  0.85852529937832922  0.86899732050988920
  0.87945033231779479  0.88999362617603761  0.90033321633505858  0.91053670522472419
  0.92097497082770841  0.93180839591622389  0.94275868102203852  0.95416406699699308
  0.96550776539301419  0.97679795303065864  0.98826423656660500  1.00000000000000000
 -0.00249320206660941  0.01004523359724748  0.02075278478827511  0.03125023802462731
  0.04221328143124320  0.05306670238434535  0.06394712258156753  0.07352235116205234
  0.08323408575233746  0.09305509804299762  0.10341985522122915  0.11414200638857866
  0.12492713285765908  0.13545219007552262  0.14570072824236185  0.15585688992978877
  0.16587550646894389  0.17584878469937357  0.18595036720180441  0.19689489712173536
  0.20809006825106297  0.21941539323069115  0.23046718560572993  0.24138402267257333
  0.25232902335625779  0.26340170887657588  0.27464682684858499  0.28608659280959092
  0.29749173871693668  0.30875438485040596  0.31942352099026317  0.32948991204057815
  0.33934993288205051  0.34916010225650584  0.35896532564925843  0.36867899734272563
  0.37858434732686502  0.38869556212020256  0.39889495062939195  0.40920166878954878
  0.41957741624657124  0.43022312475399438  0.44068190388903289  0.45139034282598345
  0.46206969705168710  0.47266783552167163  0.48288271737873745  0.49267051051239341
  0.50214312411926776  0.51205740690608614  0.52212383987850175  0.53248108780530512
  0.54258642640085275  0.55280355791503610  0.56308492011992561  0.57332506303435660
  0.58378948696292776  0.59438627201539496  0.60516592643097078  0.61575053866484764
  0.62650321109092699  0.63742964341710406  0.64848542800987574  0.65936923708651640
  0.67002637857330849  0.68031910386083927  0.69065557842208725  0.70112051953766574
  0.71198842704687815  0.72258760885753115  0.73328703611028556  0.74392186471567334
  0.75478233096379976  0.76545498577216697  0.77586204987710594  0.78651858310495903
  0.79671543287583924  0.80676724981786885  0.81637158185614322  0.82620680647168188
  0.83607000365411177  0.84642483659480550  0.85694236776986199  0.86877928183471209
  0.88029194927904020  0.89157194384258298  0.90243265410557050  0.91323020013021394
  0.92407182644502239  0.93531234292907139  0.94596859398331079  0.95667221951778558
  0.96732045833253921  0.97852564466820580  0.98921844033617190  1.00000000000000000
   1.0802926912391721E-017  -1.0000000000000000     
 T T T T T T T T T T T T T T T T T T T T T T T T T T T T T T T T T T T T T T T T T T T T T T T T
