  0.00191713678433661  0.00194813725039952  0.00199042312224321  0.00202815417608555
  0.00207034244192462  0.00211544560595482  0.00216095354249673  0.00220713336843599
  0.00225392343688009  0.00230145116355183  0.00234941695536713  0.00239964828349066
  0.00245443727310222  0.00251036934802053  0.00256722238835446  0.00262580439016174
  0.00268540012262235  0.00274773558111534  0.00281464142139205  0.00288187667280312
  0.00295060512353475  0.00301956247031841  0.00308925806375064  0.00316238024786155
  0.00324085516453843  0.00332398619159423  0.00340858522889710  0.00349229621009469
  0.00357676185877459  0.00365982368898449  0.00374613437046313  0.00383329187069237
  0.00392404126924110  0.00402016593307666  0.00412231269158173  0.00422836797426359
  0.00433945768483809  0.00445580298954670  0.00457876621387292  0.00471096586543119
  0.00484716967806683  0.00498074321792623  0.00511752453604262  0.00525876337584626
  0.00540747909183126  0.00556518280869107  0.00572803854224295  0.00589697426948231
  0.00607759703114235  0.00627504803743531  0.00647817135004388  0.00669038316804805
  0.00691214896422671  0.00713916699430158  0.00737213368158546  0.00761314968443824
  0.00786262983264439  0.00812065225451117  0.00838755907443341  0.00866820930259088
  0.00896839409337563  0.00928487755832601  0.00961048447138969  0.00995191196460275
  0.01031464036470932  0.01070955348158700  0.01115175385601697  0.01164061552890774
  0.01215422942901632  0.01268152071269468  0.01324088982714012  0.01384666491473574
  0.01450641805658329  0.01522949722247630  0.01601190541015835  0.01686749003009657
  0.01781025774831237  0.01883180345256843  0.01990954943554801  0.02106537969365601
  0.02236918379253664  0.02386964869902476  0.02558980988557679  0.02756742761978907
  0.02982289674578871  0.03244341306078806  0.03542464588883972  0.03893172154890475
  0.04323494134523037  0.04865317141902927  0.05543916522480843  0.06501148736197665
  0.07951687509942468  0.10454565053849464  0.17838517671092724  1.00000000000000000
  0.00419888483485148  0.00503442440182519  0.00574882917715852  0.00645420403839678
  0.00715918680460882  0.00788692861067328  0.00864446341696199  0.00941929879291027
  0.01021426596189172  0.01104570858277069  0.01192139621718382  0.01282474662227074
  0.01375207753304908  0.01470725103679968  0.01573607133988878  0.01679964452662809
  0.01790258548041965  0.01905431183789109  0.02026040330876675  0.02148771188276420
  0.02273800802439476  0.02406146506008557  0.02545132562580852  0.02692202619477734
  0.02845496011625141  0.03004475439967158  0.03170241800818289  0.03343561344240255
  0.03517710227719805  0.03697345852485300  0.03886131882760605  0.04084264914658220
  0.04289595471372588  0.04502492683007271  0.04728518625354271  0.04970671870450437
  0.05225165219389896  0.05486334336359114  0.05751357907325758  0.06022210821016393
  0.06301266118786744  0.06588529029485204  0.06883415609873450  0.07192371302845535
  0.07508983820516316  0.07839068257311851  0.08183832340790531  0.08542513247110260
  0.08915605357973505  0.09307143970516189  0.09719719446512036  0.10139547459792404
  0.10578562956237299  0.11032914405287440  0.11511797815993813  0.12013428766103593
  0.12540495012942096  0.13088414771660836  0.13660035395386755  0.14257380127357219
  0.14868725984907633  0.15486910830251230  0.16119657228333586  0.16780295921913624
  0.17467295407952069  0.18160713947188648  0.18862536198800894  0.19627803043433420
  0.20465500437077158  0.21358763006357812  0.22300543790330177  0.23285031223827393
  0.24310611272811070  0.25379396249909286  0.26481828462450430  0.27618656891304239
  0.28836180597926170  0.30103232622777076  0.31427759389316734  0.32846486569570277
  0.34374704580745963  0.35993044475302249  0.37694655642121611  0.39551021916512552
  0.41631829801018283  0.43909897008857735  0.46355737659457502  0.49065645337540953
  0.52034233494472371  0.55507774370032004  0.59330214334253484  0.63874707100868511
  0.68981969039557323  0.75281990955160583  0.84583075109598360  1.00000000000000000
 -0.00210116383351228  0.00893972099687582  0.01891104075455041  0.02934310554930196
  0.03996287115913007  0.05037681318099191  0.06080542010763432  0.07126885437075733
  0.08198119518419807  0.09197055633615375  0.10194620811718552  0.11194591176855695
  0.12235792268131682  0.13256920032627323  0.14251866174578270  0.15250681937545807
  0.16295167327364005  0.17388411803383741  0.18520469201630221  0.19641191140915093
  0.20747592148177921  0.21830273403620715  0.22902512216872398  0.23952386076846521
  0.24987375769904213  0.26036431497043316  0.27082209894092157  0.28115281317178625
  0.29136044947485235  0.30121317638749701  0.31126565185049643  0.32165455053678327
  0.33234677491351500  0.34294922682076878  0.35364395260243725  0.36470733797886146
  0.37584110159420475  0.38685680141071144  0.39777749664992540  0.40819885392676375
  0.41838826600550055  0.42823271542358071  0.43843863335307320  0.44846813883686037
  0.45842288399321823  0.46841108884526150  0.47847632376516130  0.48858223601143819
  0.49882130502219441  0.50939844546736102  0.51992001395037135  0.53010789212947507
  0.54005450203700833  0.55025116495055026  0.56084057616108285  0.57180938275717863
  0.58257324604639282  0.59299047897504520  0.60304807455421283  0.61331798791335235
  0.62421685825746343  0.63538473421062380  0.64637891812404469  0.65723733256500794
  0.66830247386630337  0.67958568993778612  0.69055206042776185  0.70092907023420081
  0.71093002743632494  0.72099932168051462  0.73125089058019632  0.74177718828150996
  0.75265465148104183  0.76374045689669434  0.77482949331855566  0.78556271713826331
  0.79633811385673192  0.80722750226660522  0.81810827835425215  0.82901243177955508
  0.83969300241026712  0.85049059873304766  0.86124174869731873  0.87216622562708968
  0.88298234515740726  0.89381747542131729  0.90470774649683083  0.91559507270047236
  0.92639327561136353  0.93726100489190778  0.94768438555359491  0.95773108007322127
  0.96785760466502713  0.97814494736444091  0.98903889016086999  1.00000000000000000
 -0.00244074816564988  0.00963225444375495  0.01914435790934343  0.02926696534869918
  0.03963629976824427  0.05041536536698394  0.06126259722107294  0.07237127707605817
  0.08376674832759470  0.09503645339022175  0.10576668321967127  0.11616151868299192
  0.12652085064695948  0.13701341653333424  0.14733806658376675  0.15764250424864737
  0.16827483261926632  0.17929116963945702  0.19013506252540899  0.20059646999920711
  0.21086610335994052  0.22107918084200207  0.23121765039923964  0.24106202065555135
  0.25109093422616358  0.26111513575710066  0.27167877023595988  0.28223050017675877
  0.29278775436032911  0.30255734142141189  0.31267434688870277  0.32315210465688832
  0.33375523403975549  0.34413278604533976  0.35463384532150211  0.36509288412869295
  0.37531294838276275  0.38549843730046912  0.39623527981132328  0.40705043497234816
  0.41752099743620136  0.42764765173274011  0.43797394117060712  0.44892817986269368
  0.46000124565674638  0.47077930292606157  0.48147441486870135  0.49241721725842608
  0.50377877692859152  0.51478050976064094  0.52513769972733337  0.53516389674191356
  0.54504261515892916  0.55508299544968898  0.56523471525119118  0.57585016768212283
  0.58652080206830204  0.59707909484992372  0.60737689623936819  0.61792043114918149
  0.62862184116661357  0.63980245576536021  0.65097857296543526  0.66233480153157209
  0.67283080555306107  0.68327877350215216  0.69321801275426931  0.70360961437819058
  0.71437185021712579  0.72494668030173548  0.73568147866827771  0.74629975677906268
  0.75673962447961829  0.76759544418365222  0.77808502012323566  0.78897887143281542
  0.79949183057521989  0.81005635063467718  0.82038776766841903  0.83062359443827627
  0.84099566064027020  0.85115918203426499  0.86164117514744221  0.87187081022615920
  0.88233734429918653  0.89285934144225720  0.90358860582464251  0.91459213707241027
  0.92535793558288859  0.93600421007058776  0.94694754442189688  0.95807334690592527
  0.96886539980363418  0.97941606683206928  0.98971283789855680  1.00000000000000000
 -0.00227735806207361  0.00900520699226452  0.01844463220483324  0.02917280332754921
  0.04002432233464151  0.05102671622328949  0.06207357318163202  0.07255580286398464
  0.08327739394998089  0.09277244736293296  0.10225953811179882  0.11184000814115362
  0.12148595845931762  0.13190783215589688  0.14239817180453790  0.15279672694128929
  0.16369065647876349  0.17423960987185502  0.18523417102143100  0.19608064515946477
  0.20698953401384834  0.21789361811732152  0.22865077083283167  0.23980867447327328
  0.25060126662847404  0.26172607014362670  0.27236335067768408  0.28238905964090333
  0.29237913860953474  0.30273376455708811  0.31351591591656075  0.32399266313173114
  0.33427218268125791  0.34461698054553314  0.35491317308144399  0.36517689407319465
  0.37581958089678447  0.38664045175952078  0.39734232436445849  0.40761095941726666
  0.41796150798352755  0.42868629922056267  0.43961078778436158  0.45081301625940956
  0.46149481712434359  0.47227569346632553  0.48296569217418017  0.49416455748009741
  0.50517445679683459  0.51559422326947957  0.52569187586849431  0.53578983740926867
  0.54633483871235200  0.55727189436366142  0.56826837390674001  0.57927530536831884
  0.59059277621563111  0.60200041203546073  0.61294297284401178  0.62344667587327252
  0.63375990828251272  0.64387309115925895  0.65407274372238677  0.66455671086282186
  0.67542721993214039  0.68597752419064906  0.69595869484640815  0.70613315608085281
  0.71638312382410130  0.72705484319788727  0.73768691456331636  0.74859407397509137
  0.75939684519023820  0.76974251311887587  0.77969016417384829  0.78989124185002801
  0.80035423116683402  0.81112440776134287  0.82158968876489114  0.83211400911546818
  0.84271761856294114  0.85341179557408808  0.86404262069016469  0.87444859670957076
  0.88504354029836529  0.89571446913294195  0.90667106195628377  0.91717118710335366
  0.92773264297859759  0.93777988350304975  0.94809453762953932  0.95825731083658472
  0.96875277879062582  0.97939213636840328  0.98957734118686169  1.00000000000000000
 -0.00262990903797533  0.00958163702277274  0.02028841379529251  0.03105564675685717
  0.04169692415943023  0.05199227250001594  0.06222980964694629  0.07227289111558274
  0.08199522505409074  0.09207511764739740  0.10204220843592539  0.11290667525303635
  0.12298054772056979  0.13307002508891130  0.14324261030609331  0.15391366885161434
  0.16474531209035698  0.17556674271456318  0.18636531550614660  0.19688085664783023
  0.20740547141583177  0.21813017904575996  0.22918378387926874  0.24012811764009254
  0.25065654139705562  0.26113572372889987  0.27182883562481935  0.28292854014126595
  0.29402201290217744  0.30483152477020764  0.31534138319792643  0.32570112066226625
  0.33595199910297308  0.34637596539219856  0.35695098779018281  0.36805645099089551
  0.37871181248421787  0.38894030070139846  0.39905127976514621  0.40920012252653598
  0.41936079497108081  0.42934994925090725  0.43950993752288803  0.44969939870848391
  0.45982545258429591  0.47009212333455813  0.48094602670675868  0.49187372274368552
  0.50277408785450683  0.51326215299468814  0.52398665435806624  0.53477214246461113
  0.54507109326548830  0.55533215195934205  0.56549476274348287  0.57600850136007609
  0.58626745381515133  0.59645675926232811  0.60674300530049508  0.61749311665886830
  0.62809815875671016  0.63844502360364097  0.64862076142977587  0.65901376899594544
  0.66981082662893088  0.68087636850813338  0.69173383874356498  0.70238840209258402
  0.71297796201899766  0.72345577697280861  0.73424454104296022  0.74460001120182262
  0.75478205135541643  0.76492875618205447  0.77554479242652397  0.78660582369755849
  0.79775619628144345  0.80840599496539345  0.81887161453571633  0.82943248956386550
  0.84028445679048447  0.85137527154024917  0.86191099819710315  0.87272642852485083
  0.88375822650207836  0.89519093562566554  0.90562501413988095  0.91589433754981597
  0.92624324635076627  0.93692779153458416  0.94720004436072835  0.95761994550288465
  0.96817998252192772  0.97871229287505301  0.98938684573138269  1.00000000000000000
 -0.00263580838103348  0.01000158773387500  0.01995820923216169  0.03071004983670501
  0.04047777491840214  0.05059267019671806  0.06050762025488533  0.07051367007919317
  0.08053593638348315  0.09031945186768954  0.10032239002418256  0.11040817375639285
  0.12041719047251637  0.13047198888312744  0.14053711774766106  0.15086357472685474
  0.16139220440205926  0.17234107594922277  0.18386768741126888  0.19514188643462829
  0.20621239958468060  0.21664837623529815  0.22714959629692294  0.23780407912224324
  0.24830969596542751  0.25869236153919606  0.26896494314405478  0.27974010719528136
  0.29084824293804923  0.30184183475621551  0.31285899031579240  0.32384019529939079
  0.33501766084518736  0.34617057379467997  0.35720886254192896  0.36797260197206255
  0.37867639951018428  0.38953441002106687  0.40050430011797539  0.41144633766368460
  0.42244566398197814  0.43338076897016731  0.44431997852261884  0.45517338385555522
  0.46622693198523391  0.47694182168331378  0.48738812092385414  0.49770045655082989
  0.50838306572046976  0.51924031869794873  0.53009514625775944  0.54078384006969449
  0.55140664332312950  0.56197670701320934  0.57249942718007185  0.58299497656831833
  0.59354281306023071  0.60394967715243419  0.61422185307040411  0.62439187387277961
  0.63440335347125953  0.64441178298250501  0.65408825316988717  0.66384168701757962
  0.67377178247295744  0.68437921170115734  0.69477112623028048  0.70545654892281273
  0.71615414466138039  0.72753847373121250  0.73872373414341264  0.75005482126771539
  0.76151568327225183  0.77287549910483788  0.78380196308200512  0.79448359030120130
  0.80434748995664096  0.81446667240399917  0.82417297804038325  0.83409024886759031
  0.84360185511962560  0.85348731181576720  0.86391737182255235  0.87515783636528799
  0.88577187559459669  0.89631623331846511  0.90660370528724066  0.91713297375858926
  0.92762379568317965  0.93775758711096269  0.94812236708651565  0.95887327593780913
  0.96926211618278102  0.97950902095251480  0.98954579714248037  1.00000000000000000
 -0.00216860205547983  0.00888192913609130  0.01882151557454924  0.02893338581554187
  0.03897464069700112  0.04922137518512153  0.05955669563961181  0.07008871448155801
  0.08052566653767519  0.09097089724171284  0.10145731273515537  0.11213076861416706
  0.12285783315238667  0.13378081353364904  0.14476972056984969  0.15586403815959904
  0.16690488559243014  0.17780561583351187  0.18864787022845067  0.19896145235864229
  0.20978680660914120  0.22033177223007400  0.23119935436813024  0.24238799876362718
  0.25348698600896008  0.26453296642861357  0.27489103487682381  0.28539498347356546
  0.29580823907241854  0.30632960922612018  0.31645840059154046  0.32690510176693521
  0.33726910340856980  0.34775155602682611  0.35833562534397306  0.36897829102356478
  0.37979784781528586  0.39036381978659851  0.40098428162834931  0.41183734373406650
  0.42258029659102481  0.43321639603575102  0.44366198662030731  0.45414507829303769
  0.46464421080652124  0.47547947926926049  0.48657848721524555  0.49736618441256469
  0.50762767456991509  0.51760236998896647  0.52782252180811895  0.53837234632035658
  0.54899227849570087  0.55945029690436299  0.57007274763763649  0.58069756915144743
  0.59099352444492670  0.60094682753578599  0.61132046731538925  0.62174947121522917
  0.63193343022798154  0.64223194997053035  0.65302616718269890  0.66397360160233199
  0.67442626170780073  0.68497648378628717  0.69588661366409199  0.70686847026493527
  0.71768741836847116  0.72821325425105987  0.73859057227349989  0.74891290899979857
  0.75934188563402483  0.76995070125852827  0.78066712016967432  0.79130916933234685
  0.80211585261733187  0.81290413328804290  0.82355212997036642  0.83434019447186436
  0.84529191984527674  0.85622867639802147  0.86698970883229887  0.87741256476741969
  0.88770393426741157  0.89780021727206416  0.90798922735364407  0.91820954223308027
  0.92848753833266662  0.93839729734131350  0.94791306402401987  0.95772111761938750
  0.96808151102735418  0.97883452142781635  0.98937082806422616  1.00000000000000000
   2.2675944275678358E-012  -1.0000000000000000     
 T T T T T F T T T T F T T T T T T T T T T F T T T T F T T T T T T T T T T F T T T T F T T T T T
