 -0.00201992550988428  0.00821779502629692  0.01726759678293025  0.02659892497281416
  0.03609071017760799  0.04563493526801344  0.05524344775422467  0.06502673527092402
  0.07509552288291470  0.08542080239576846  0.09587420372193263  0.10642923307286617
  0.11708533969869078  0.12789147898892883  0.13880684604823687  0.14976616877744545
  0.16082130895561775  0.17200461055498290  0.18341098602786940  0.19496586088259210
  0.20655968604168309  0.21824680440978500  0.23008954782302130  0.24204005310867244
  0.25404499667752922  0.26601333051895282  0.27808148831899532  0.29042932335083294
  0.30302553181863567  0.31594314711161819  0.32907475859515944  0.34227150915857774
  0.35542123588039398  0.36863333380568114  0.38173698232189629  0.39476402732795607
  0.40781562028217549  0.42088210161750744  0.43386622300558159  0.44672331845958729
  0.45950592851297334  0.47242271895321364  0.48521747930087838  0.49799758706566943
  0.51082952462268683  0.52372187513119584  0.53633843756063282  0.54873448644696121
  0.56101541186215720  0.57322812551051761  0.58536883218729174  0.59746617376583544
  0.60945285694825757  0.62130308454033067  0.63285230222649991  0.64422212629761277
  0.65541102376048821  0.66642161040450976  0.67715022262203595  0.68776560209651039
  0.69844050240302269  0.70920572197724585  0.71987009868431118  0.73034947894938274
  0.74062028049689710  0.75077475741386224  0.76080741149761866  0.77071985415840194
  0.78053798565351085  0.79021218741113108  0.79965466521180661  0.80886846669729806
  0.81788528578646358  0.82680989232760027  0.83572701638178903  0.84456260448979303
  0.85328764061449547  0.86186750480998131  0.87033071691349861  0.87868234294981984
  0.88693870323162827  0.89514724062349715  0.90319406338933728  0.91111401769604228
  0.91894782205782621  0.92672832802834360  0.93441270601467830  0.94197999988054926
  0.94946668962675784  0.95688442311734045  0.96422542852625781  0.97151233896787881
  0.97874929218357731  0.98590737738037415  0.99297164985897035  1.00000000000000000
 -0.00255925099452374  0.00983151040509402  0.02030957289684173  0.03087694089267539
  0.04151636687202225  0.05207754619749737  0.06264990561703118  0.07310374044579405
  0.08355128021932108  0.09418130126859853  0.10478339480766133  0.11528671701027392
  0.12579618877956603  0.13636817359060038  0.14693346297066240  0.15737949274526503
  0.16783920262993485  0.17828875253575002  0.18874658592740906  0.19920413625057209
  0.20966781760157738  0.22019506153262494  0.23078412990987604  0.24138104165397251
  0.25188417522976925  0.26222358236823085  0.27260657661862958  0.28314378684388464
  0.29379869327036534  0.30443487907283578  0.31511014784711250  0.32579359819946968
  0.33644753048070980  0.34707528767009355  0.35780836778768016  0.36853536293657008
  0.37907318948756763  0.38949327787100024  0.40006839818818057  0.41074802315775866
  0.42127775351966773  0.43192538181591539  0.44267639156255090  0.45345179455880663
  0.46393746260445090  0.47431369457196082  0.48468182275996730  0.49503401066258779
  0.50530148913206263  0.51556729244804300  0.52589090731629073  0.53635104296610392
  0.54684105749409528  0.55724565428856021  0.56775288396361823  0.57830797220934782
  0.58904409393806934  0.59969275181547765  0.61039835083739358  0.62100644736540722
  0.63161044127202659  0.64215056900613154  0.65265589405885538  0.66306351939959796
  0.67341848641922708  0.68393979887161105  0.69442805511755479  0.70506930128739587
  0.71548544007984471  0.72610027735458882  0.73675468386285237  0.74749388371981962
  0.75821004491294086  0.76879853053335445  0.77934821647956309  0.78985793789328906
  0.80037650550170369  0.81091585432693458  0.82133907214063695  0.83178783129104572
  0.84218605562805871  0.85255488298772564  0.86307920441015917  0.87354294487543394
  0.88406405645217523  0.89441520494776439  0.90505429508609259  0.91555479528035222
  0.92608372801961514  0.93661613000691513  0.94717879274717143  0.95788776736296188
  0.96855235195098810  0.97917698174323642  0.98965451408079275  1.00000000000000000
 -0.00185057187106908  0.00638614604679739  0.01432932968818306  0.02309546231226544
  0.03246289970240964  0.04206701382260516  0.05197057063972199  0.06209253413918037
  0.07225443111616126  0.08239601995743570  0.09245854707201928  0.10259176161880375
  0.11274571070842318  0.12293374117319542  0.13321845820801712  0.14355947887194190
  0.15405660729619480  0.16455991324403174  0.17514792470170940  0.18573595262429116
  0.19629224834830683  0.20683649321339523  0.21736211065319530  0.22791884185202452
  0.23849849133258921  0.24914478471164359  0.25985253183652873  0.27057033535193015
  0.28132811796454360  0.29214114122006707  0.30299692746882728  0.31377674375217374
  0.32450185900737299  0.33521017933851377  0.34592335175220673  0.35654283282415872
  0.36701120016215882  0.37746344611373983  0.38791291774361003  0.39836728304876701
  0.40882633452479356  0.41934454204702465  0.42993336188404441  0.44052424946878022
  0.45112024630794073  0.46170312708018441  0.47230487720660824  0.48293067430353065
  0.49351172043983138  0.50404074835340107  0.51453857659858415  0.52507913404600937
  0.53563894955205993  0.54615706651334839  0.55662437951263322  0.56703100237199833
  0.57741219918523168  0.58788309232892533  0.59837727530555729  0.60885194607490078
  0.61933012677909760  0.62991982774914990  0.64058226388211448  0.65118036515488431
  0.66186092444179456  0.67258885787070188  0.68336725600494108  0.69403924491131386
  0.70473081624474077  0.71548397253978435  0.72623504148160334  0.73684303904000037
  0.74738911368654426  0.75797873120767201  0.76863710244091399  0.77925515321916383
  0.78980116382412602  0.80028093185951843  0.81066350388818531  0.82095872450546015
  0.83134325789347285  0.84182503448493373  0.85234626147030612  0.86280571626421976
  0.87334969162945653  0.88404060239328730  0.89468768920458730  0.90542759202864909
  0.91639788357594498  0.92762602231311297  0.93895631111808164  0.95022207115913160
  0.96174211101051599  0.97350537122027425  0.98638608745027190  1.00000000000000000
 -0.01749500947794785  0.10499071852816692  0.14595288177666718  0.17271243985201565
  0.19429074346277347  0.21320076691724019  0.23017180239744792  0.24583531004860551
  0.26010472595679490  0.27360640869450975  0.28635519921532243  0.29863597327924246
  0.31041997758824397  0.32182087692948308  0.33282150695845425  0.34349509440099762
  0.35391643369747799  0.36413146207922475  0.37414926270232146  0.38393690101467504
  0.39350655670512857  0.40289907548845549  0.41214879501497187  0.42123551186943781
  0.43015245270053998  0.43897357027011324  0.44771682231278376  0.45636247796859325
  0.46487799422323733  0.47328289963722980  0.48163847218299943  0.48991745304123524
  0.49814825820008113  0.50630087236337551  0.51435094959692895  0.52235577005220613
  0.53030836991924346  0.53819835650435421  0.54604256133543894  0.55382956911557613
  0.56158922288224655  0.56928303402127289  0.57690023498933218  0.58445413838317450
  0.59196859661442836  0.59944337197373798  0.60690230956424351  0.61420962142156954
  0.62146790981426603  0.62855562990599245  0.63557543851951193  0.64256588240151002
  0.64949008257652852  0.65635311988843326  0.66317613872579162  0.66995837933790225
  0.67668191208158579  0.68335428569737966  0.68995713272666126  0.69646977887571837
  0.70298217190188383  0.70944343562282886  0.71585184558687154  0.72221098469749068
  0.72854342876399480  0.73480819183000934  0.74100398104035159  0.74715063186300357
  0.75321502903448423  0.75924574825858659  0.76527508259513077  0.77130752710644823
  0.77734096776648931  0.78336105706399772  0.78935519202938864  0.79534829764708004
  0.80133836884167242  0.80735591484722091  0.81343427225690612  0.81956383718579695
  0.82572228242814749  0.83195054833950688  0.83828710716028298  0.84472288564015996
  0.85123860121742567  0.85792492279080401  0.86487804600178275  0.87206751429094809
  0.87972106535736749  0.88784018529967512  0.89658142046232392  0.90636454824723089
  0.91771008935241538  0.93207446359994461  0.95363520642961930  1.00000000000000000
   1.4870281786215021E-002  -1.0000000000000000     
 T F F T F F F F F F F F T F F T T F F T F F F F F F F F T F F T
  <DiscreteSampler_grid>
  grouped_processes
  1 # 1 for a reference and 2 for a running grid.
  10 # Attribute 'min_bin_probing_points' of the grid.
  1 # Attribute 'grid_mode' of the grid. 1=='default',2=='initialization'
  0.0000000000000000 # Attribute 'small_contrib_threshold' of the grid.
  0.5000000000000000 # Attribute 'damping_power' of the grid.
 # binID   n_entries weight   weight_sqr   abs_weight
    13   10   1.782313464890584E+008   6.035366673485290E+016   1.782313464890584E+008
    14   10   1.782313464890584E+008   6.035366673485290E+016   1.782313464890584E+008
    16   10   2.365015036059791E+008   1.071516383147852E+017   2.365015036059791E+008
    17   10   2.365015036059792E+008   1.071516383147852E+017   2.365015036059792E+008
  </DiscreteSampler_grid>
