  0.00191674471689987  0.00194649527474945  0.00198736782621764  0.00202790704100737
  0.00206770433498720  0.00210933925171535  0.00215243438705963  0.00219554088960593
  0.00223999411114465  0.00228703763946460  0.00233571286690312  0.00238545988345903
  0.00243543634091131  0.00248439748947073  0.00253426712509237  0.00258571795174943
  0.00264140723937222  0.00269624761645079  0.00275355312490251  0.00281343176009088
  0.00287588694956732  0.00294202300962262  0.00301242639029515  0.00308552785923553
  0.00316039186646269  0.00323754085534427  0.00331661101694300  0.00339675019878327
  0.00347714813909036  0.00356277523388904  0.00364493490749732  0.00373587685222616
  0.00382932396990095  0.00392649275510328  0.00402893764351785  0.00413694729230343
  0.00424795513054940  0.00437077264993823  0.00449932204956566  0.00463019760326562
  0.00476254685842416  0.00489632303668190  0.00503334451188640  0.00517667286269431
  0.00532993538296615  0.00549244504514220  0.00566197460903640  0.00583620482537777
  0.00601352359092539  0.00619112118997510  0.00638599286381794  0.00658518569300421
  0.00679562192679326  0.00701575509315357  0.00725488430436344  0.00750835245675059
  0.00778022313772185  0.00806497137522885  0.00836570105235991  0.00868137919634230
  0.00900749328561758  0.00934076249393150  0.00968417261682814  0.01004576689501684
  0.01042986059906984  0.01084840745156462  0.01129137499892430  0.01175157646405670
  0.01223783762990687  0.01276054889075904  0.01332740216909588  0.01394747819163002
  0.01462598207930605  0.01535389953315311  0.01614711504754263  0.01701483989654349
  0.01798162445004923  0.01902841590975211  0.02016247717622950  0.02140394845459964
  0.02279022798847333  0.02432463405517522  0.02603623477921108  0.02793561730048058
  0.03015382489838769  0.03274318982288035  0.03578793621324533  0.03939032734936534
  0.04381283157268982  0.04932418483112959  0.05624942424717737  0.06568797008487540
  0.07980541199639671  0.10447380429559071  0.18085427078999333  1.00000000000000000
  0.00167382204286945  0.00370227221990872  0.00474475039076446  0.00567501505376849
  0.00662728945526489  0.00761062549483937  0.00861528181517483  0.00964044010814039
  0.01067002021012838  0.01173581383041633  0.01283773237058017  0.01397385557351050
  0.01514374831528059  0.01632802927665894  0.01755831877324442  0.01885681281258026
  0.02022140216988997  0.02164125265448340  0.02307321779148111  0.02456171762241937
  0.02612653145093260  0.02778827300180460  0.02956583005579226  0.03142448596943003
  0.03332887609428514  0.03530680552237956  0.03739082069322486  0.03955025499884635
  0.04175858100971495  0.04401225920013820  0.04630330017364061  0.04865648512095100
  0.05106219085560149  0.05351180064329948  0.05606983690794744  0.05875709239576225
  0.06158030464152706  0.06447633530743108  0.06745329654213077  0.07053736962756282
  0.07369076940799760  0.07690659539736126  0.08020426841788346  0.08366583313029663
  0.08729397667999114  0.09118823055631500  0.09520227340277981  0.09938382056001061
  0.10360069118241735  0.10778721741746461  0.11208923482132663  0.11668948429528640
  0.12162201456625425  0.12660956016966021  0.13158503863010629  0.13684510713680623
  0.14232693944494332  0.14777107720838947  0.15357646361191085  0.15974083219150340
  0.16616737589808314  0.17287335807054383  0.17983259253039324  0.18697553201800635
  0.19430840828590742  0.20205535499758065  0.21022081604158396  0.21892011892276661
  0.22794990511453164  0.23720049230326468  0.24675864600917713  0.25674599575890916
  0.26722059373914575  0.27829512277173857  0.29004669964261059  0.30243565373189518
  0.31557380313014094  0.32929658313106031  0.34321551795528427  0.35767726930902988
  0.37297972698688303  0.38936726021448259  0.40707138577665053  0.42597640703655082
  0.44582815659504749  0.46646998875366219  0.48920063775977762  0.51477606046672686
  0.54238152978540799  0.57314152146945752  0.60734898139058258  0.64626691818975435
  0.69396938969693434  0.75377648643542960  0.84521690888874523  1.00000000000000000
 -0.00240566266826618  0.00971476895445355  0.02022442182610211  0.03021290937330743
  0.04056452010370943  0.05119742306772294  0.06192792728556666  0.07280539758811122
  0.08378879418727087  0.09534011508619153  0.10645601213582535  0.11712339621059190
  0.12752406942222355  0.13804040106586743  0.14895581548051731  0.15996791302331270
  0.17118091856315437  0.18202434550868257  0.19266275457570062  0.20242426337959171
  0.21211533245927799  0.22193705987985321  0.23247180627039660  0.24350714972499499
  0.25417567527498602  0.26453914681449214  0.27484642608880083  0.28499928696709576
  0.29512995602180381  0.30504035134982477  0.31497732952961188  0.32504531971662987
  0.33549534340643766  0.34611357155037409  0.35650598350207685  0.36645400273687606
  0.37659376923280763  0.38673690538537853  0.39710994703562325  0.40762751823074833
  0.41813314204267310  0.42849666656402896  0.43866390432042657  0.44924909725265472
  0.46014418587520994  0.47132707135717228  0.48271118577431560  0.49441362453599330
  0.50573030451338064  0.51658110203057050  0.52715040273894609  0.53805499606365859
  0.54866918287064459  0.55905408141810797  0.56971664941793831  0.58073217594506332
  0.59194661362479273  0.60270137238954891  0.61346213107549519  0.62406846420959783
  0.63486294796772558  0.64568605900356635  0.65644906727853969  0.66754582253198502
  0.67860890204842295  0.68954726297503977  0.70014121199454760  0.71075639775423727
  0.72115636862628851  0.73171548065032854  0.74215456002270941  0.75253818917709392
  0.76235456456202710  0.77207186598989241  0.78183744110123887  0.79191108623353701
  0.80226822657331132  0.81278199971079013  0.82379312046871578  0.83495376310423730
  0.84621578268866759  0.85714365895216993  0.86774481133245518  0.87802652867996778
  0.88835553773885345  0.89876737850665600  0.90885383079843973  0.91851395835680738
  0.92826335400015370  0.93800272434904020  0.94854889970949030  0.95854083995852823
  0.96878849499351938  0.97878993220487009  0.98936668343523626  1.00000000000000000
 -0.00248776960758258  0.00926292089616429  0.01942940252165955  0.03003389029307360
  0.04070709400737395  0.05104574085550110  0.06159854423521333  0.07256084472102135
  0.08314473030188495  0.09383827162252929  0.10452336396794838  0.11547901877940633
  0.12636100780341872  0.13710537572593015  0.14745232056877158  0.15777543972527783
  0.16789855397122830  0.17805652921411130  0.18848375822058680  0.19904128713222735
  0.20971755247164472  0.22000228234649091  0.23001627616934792  0.23995279279951387
  0.24987659428914330  0.26001982441401894  0.27047690658785334  0.28096303629710406
  0.29163335649537697  0.30233041781795861  0.31296712770439622  0.32358780184831926
  0.33406811451674728  0.34424652291209207  0.35414947106926958  0.36384232241535380
  0.37360640823132346  0.38345037638480273  0.39359904515497601  0.40416873276293935
  0.41514001020676700  0.42625694662065511  0.43704795483325926  0.44745497653483074
  0.45822975057758891  0.46955005645324682  0.48114668942437400  0.49231235737162143
  0.50304106362711842  0.51359743521064671  0.52392406104509015  0.53448431251592621
  0.54538464868713366  0.55631982156815996  0.56685928601752533  0.57723300889987184
  0.58747985287477356  0.59772617795045424  0.60799406619082197  0.61844617732846641
  0.62902427899544144  0.63988792316443177  0.65120344348593273  0.66243557209647330
  0.67325058878300259  0.68365776533113454  0.69428680739173554  0.70501117822363990
  0.71607947120844651  0.72729161106075513  0.73820380633834726  0.74865670482008562
  0.75901174703632734  0.76950823587425998  0.78012613186607715  0.79070629235893419
  0.80150127403699023  0.81231218418793161  0.82297071029665858  0.83353648359212718
  0.84419952331385484  0.85511015627615405  0.86582548716469043  0.87611921598571996
  0.88590863830426902  0.89586504093328712  0.90622968364832124  0.91707118217127748
  0.92746613074292328  0.93757329611059181  0.94797493122042431  0.95880098146949611
  0.96896273743725025  0.97915549268934876  0.98932196557187324  1.00000000000000000
 -0.00232642492091128  0.00933391564921341  0.01887097295669624  0.02923127942412968
  0.03935774092883972  0.05018333038849949  0.06065692660257809  0.07069522257196624
  0.08045197411810447  0.09051482575174626  0.10105250264138177  0.11206059189561908
  0.12257807162277896  0.13277226946189755  0.14303627800497845  0.15357168167842039
  0.16400771971245715  0.17401375808662978  0.18397384396352440  0.19397526452420080
  0.20434898398217546  0.21469730145784999  0.22508389764544481  0.23518390986764962
  0.24518500570241827  0.25518287999927641  0.26523296764823612  0.27565106780210136
  0.28638123404697169  0.29768521196995240  0.30893725261616573  0.32011514799065777
  0.33075674017436540  0.34126226125775250  0.35141134339221353  0.36162562697133627
  0.37184683258423212  0.38249218007249475  0.39341569203798393  0.40412457757388870
  0.41471299790485094  0.42517268059456204  0.43551528470948336  0.44556510048931397
  0.45569105617637745  0.46644097726825190  0.47769047412519522  0.48882605724529254
  0.49952127369989913  0.51006455775367354  0.52073186328108578  0.53147693711218080
  0.54211179345778893  0.55272040527666100  0.56361853261654993  0.57454915869058465
  0.58502682752134361  0.59504234569855807  0.60480321015499405  0.61474921448845954
  0.62503090601794409  0.63595076566317699  0.64696603125280749  0.65764122271806624
  0.66813690708341933  0.67872255314213037  0.68927766567454019  0.69960244470673216
  0.70985426624253112  0.72005506885535331  0.73036138928557448  0.74081091972530977
  0.75126398326291866  0.76154277576567386  0.77176144877916075  0.78214857961135775
  0.79280410993102446  0.80323183237329288  0.81360674013479828  0.82387856324408770
  0.83438020617216302  0.84509466799638355  0.85589985599878182  0.86662636626199629
  0.87731381022746446  0.88825965352084058  0.89919244698124479  0.91034183810830027
  0.92157834063720034  0.93307979808953179  0.94454534887607278  0.95624599691728873
  0.96740554979332438  0.97869728584440019  0.98917949388475968  1.00000000000000000
 -0.00218270888651112  0.00879988030938100  0.01835714799931016  0.02917443496090349
  0.04015804126098177  0.05093657765261922  0.06137108617156416  0.07218388556718082
  0.08337798036834367  0.09443867188309160  0.10521970916884202  0.11616191647140539
  0.12696229088533140  0.13750000676434213  0.14768533514793097  0.15797999474940058
  0.16840756381945601  0.17876257357078679  0.18919360456717932  0.19982724171849869
  0.21070182582548244  0.22107877367066769  0.23125595381497224  0.24099955596364420
  0.25096576481355637  0.26118403627032616  0.27111959174518807  0.28116321877240152
  0.29111466895498600  0.30106290624326354  0.31089485358772645  0.32105820327703438
  0.33194008123813712  0.34340787756453095  0.35462482043555682  0.36514890339575590
  0.37539189490401365  0.38572277877217576  0.39632064587814048  0.40696322063316692
  0.41778601333306753  0.42883568676684886  0.44001438153754469  0.45110552429511652
  0.46197234165685030  0.47257573998338714  0.48304684425246885  0.49326872165792968
  0.50350392094005192  0.51372998174263862  0.52418565724502042  0.53493897430492510
  0.54548058323839987  0.55575246611863627  0.56609338904114148  0.57627600369843901
  0.58638745315700280  0.59645091056622479  0.60644301864357952  0.61633281160231568
  0.62617263936773548  0.63623737158140081  0.64656465427255161  0.65695283148011785
  0.66756020640202407  0.67815711637757525  0.68885406587871167  0.69951264608928942
  0.71036290685554715  0.72125883769105703  0.73223727555918883  0.74313743714375191
  0.75397049836846375  0.76480329580892814  0.77558207336760143  0.78621781141075542
  0.79699176051136411  0.80806882485179488  0.81946801537710312  0.83077189106870963
  0.84145130116573308  0.85173661067494144  0.86207858941225368  0.87226431513699343
  0.88272450249448520  0.89308809219189045  0.90345376064276184  0.91383166452218789
  0.92402821426727366  0.93425171667110107  0.94450892586384416  0.95521972069621641
  0.96629190364662976  0.97760437506706477  0.98867293832152170  1.00000000000000000
 -0.00260812800858314  0.00959116015931711  0.02053369130782522  0.03126643369644536
  0.04223757642931073  0.05280006863542508  0.06335521399297236  0.07402221791254486
  0.08484350755952443  0.09587343728477832  0.10707764836857599  0.11833351510467521
  0.12940453179076028  0.14033060125916735  0.15122398685630445  0.16209814357025515
  0.17267343889490772  0.18310962873178294  0.19353445954083393  0.20393745897006274
  0.21442001931925603  0.22487741743960174  0.23555475105626383  0.24635879105896474
  0.25708247463620038  0.26733777748585247  0.27720467237251351  0.28691697761726109
  0.29694075282326121  0.30747832821446391  0.31846993561224590  0.32942641900927261
  0.34022564994914373  0.35101032298244378  0.36205529479582405  0.37320194836756876
  0.38433403406776012  0.39523259899999241  0.40576056599992966  0.41603950259748196
  0.42615409577809116  0.43607915279360998  0.44586783597091822  0.45582620889347686
  0.46593281148738735  0.47603645664091243  0.48614134215440274  0.49620037575487563
  0.50620208223025831  0.51619268141946406  0.52651646833289756  0.53704674608730851
  0.54769842445829620  0.55812020213868041  0.56865164027286608  0.57900394398597155
  0.58964902543548026  0.60029392729605124  0.61073167693644193  0.62092687490690868
  0.63138331570371764  0.64217801193548807  0.65284116355467992  0.66330373541671872
  0.67356306653441667  0.68387541370616423  0.69428931471583821  0.70494368273031249
  0.71640699894195115  0.72761892901068781  0.73847549815335500  0.74836737765145522
  0.75907188436163975  0.76976898876986122  0.78029041223902140  0.79069514551611408
  0.80154928293581640  0.81251115149870645  0.82308425290174392  0.83336097353058869
  0.84412444462709346  0.85493569636316413  0.86547919355419500  0.87584082849122158
  0.88603660542495377  0.89624231598703530  0.90646317388748598  0.91679438493427479
  0.92694031056206028  0.93708598616920824  0.94736875176379987  0.95804786969347122
  0.96847285679998740  0.97926829349672051  0.98973633442157183  1.00000000000000000
 -0.00245846606747817  0.00915632491228168  0.01988506860941723  0.02974636279524621
  0.04059931440856714  0.05092378018373697  0.06095987872396146  0.06987175063298637
  0.07877219814117581  0.08863119787468364  0.09953598420094913  0.11039449081946476
  0.12122959861520961  0.13197036603957821  0.14271837514128330  0.15285985313018025
  0.16316970935818051  0.17401256146258828  0.18525784129512671  0.19640234749420155
  0.20724532456537362  0.21815334746469825  0.22927257378247001  0.24008938884552955
  0.25067691289042376  0.26098935868226553  0.27153765944117059  0.28195252251043923
  0.29220658575395841  0.30245071781613830  0.31277513864448386  0.32326052549838558
  0.33374954299861342  0.34411024073093194  0.35446948024442926  0.36487607385973014
  0.37539346886449687  0.38582374352340715  0.39637731054995529  0.40709708009233880
  0.41784877696675654  0.42851868155355299  0.43910494700244063  0.44990863639714529
  0.46091688967070521  0.47189532350827867  0.48269297199191435  0.49343964108870170
  0.50428505737078877  0.51516393182424847  0.52585871557595942  0.53633407815188350
  0.54683137959012673  0.55751105754924823  0.56848373940927255  0.57973778646059837
  0.59121871679993510  0.60249062833159439  0.61341223039862280  0.62405472352357083
  0.63486278151308373  0.64582510884724043  0.65668840887601743  0.66725297592630739
  0.67760287524050478  0.68791636672643219  0.69828877504395936  0.70852535911934433
  0.71845613694619270  0.72811855888169685  0.73781178629078248  0.74775987912746389
  0.75779557399111586  0.76796780616775406  0.77794278980880482  0.78805450492242191
  0.79881699697053943  0.80972951413566863  0.82049432621874774  0.83089755252366260
  0.84171660621859812  0.85235016537074415  0.86291928378157745  0.87315628159795422
  0.88339059979233114  0.89371826378607389  0.90432729236913090  0.91468382543539006
  0.92504551773094323  0.93565339093062505  0.94637747169717279  0.95726108420799372
  0.96813202071968063  0.97870896381196160  0.98932215568980908  1.00000000000000000
   2.0822898666107515E-012  -1.0000000000000000     
 T T T T T F F T T F F T T T T T T T T T T F F T T F F T T T T T T T T T T F F T T F F T T T T T
