  0.00191518416144548  0.00195180637286001  0.00199566040627739  0.00203926783134338
  0.00208394857172828  0.00213094769143780  0.00217822278244194  0.00222567085293055
  0.00227426457285554  0.00232450661514374  0.00237663733878339  0.00243011032966958
  0.00248404287128271  0.00253845721922866  0.00259446682744309  0.00265357378825556
  0.00271518321781395  0.00277922532950579  0.00284422488707092  0.00291238420584894
  0.00298218379826081  0.00305536998111390  0.00313172290772684  0.00321095425823001
  0.00329113347461204  0.00337265905546970  0.00345654591147467  0.00354207270324490
  0.00362960079921863  0.00372037758861463  0.00381416263517143  0.00391136575334478
  0.00401272706935267  0.00412040175749360  0.00423360565348131  0.00434866061415808
  0.00446727074250487  0.00458117208378230  0.00470611346910994  0.00483283813847687
  0.00496746176261364  0.00510700554797339  0.00524785872970349  0.00539377447302795
  0.00554694943777826  0.00570492897453292  0.00587050720641133  0.00604374905460368
  0.00622245932459544  0.00640864245637940  0.00660379948994804  0.00681011000316483
  0.00703149028720838  0.00726356739737029  0.00750677660063615  0.00776007644208665
  0.00802768466701823  0.00831306665669558  0.00861091568370602  0.00892259982321482
  0.00924088676726948  0.00956797464137646  0.00991744151900201  0.01029068116063858
  0.01069275814658413  0.01113076440451894  0.01159316535370938  0.01207835891203646
  0.01258146850706735  0.01313211753029114  0.01371316120109314  0.01431942113480194
  0.01496615816706728  0.01566084634715120  0.01642210137259868  0.01725601341254136
  0.01817695768245405  0.01916759371436304  0.02026618982225877  0.02149213575879334
  0.02287429889948550  0.02442502141106954  0.02616241225139321  0.02810616902387271
  0.03030364695846591  0.03281513775553306  0.03576689395801660  0.03932855638979600
  0.04362437583050287  0.04897855708178361  0.05606968608890632  0.06585817776487646
  0.08088116048186719  0.10603142753714019  0.17870017844781741  1.00000000000000000
  0.00534853779458031  0.00616003044569277  0.00671208832437406  0.00728859886936617
  0.00791540979895633  0.00857738752519328  0.00923022546398159  0.00988966291943513
  0.01054331796264171  0.01122962130233224  0.01195970422279668  0.01275980139411633
  0.01360522505502179  0.01448707799857273  0.01542907156631156  0.01642120605082852
  0.01744325866604432  0.01849133936666445  0.01957307102704977  0.02076045981549458
  0.02198839573243173  0.02329522132659466  0.02463660396852323  0.02601826883939938
  0.02743684497480140  0.02887700411548295  0.03037173416877443  0.03192102636158381
  0.03354190188525739  0.03525367576835481  0.03708096506911684  0.03896067739790440
  0.04091860082724062  0.04296579372732450  0.04510385739888496  0.04733873361849289
  0.04969205824857818  0.05202886608222074  0.05450396097686677  0.05700008855347721
  0.05958474424476969  0.06220149578766475  0.06489682480622209  0.06769357589196269
  0.07073394827577405  0.07388036707275490  0.07707262320776055  0.08030960530341368
  0.08373715272109433  0.08737499632048494  0.09124443526630585  0.09529630205883265
  0.09944955686467118  0.10373962232270426  0.10825362026220466  0.11304884706144183
  0.11805496460806562  0.12327200141988287  0.12869388767801951  0.13422284476090171
  0.13986185469342385  0.14572042022660356  0.15194062795870195  0.15854617845276370
  0.16530696367174114  0.17231040632379796  0.17943680266479531  0.18685434844004992
  0.19486794432745250  0.20349420905516355  0.21239393653146740  0.22149991961078327
  0.23089130767536267  0.24101592469997213  0.25206712053405150  0.26387804722676894
  0.27634912386425375  0.28954955220148026  0.30365796676938051  0.31875492291926688
  0.33473348014232740  0.35184822897117290  0.37022823665120713  0.38984316218583831
  0.41100677774504141  0.43422182951541072  0.45975546627390673  0.48770074569423510
  0.51831431700758368  0.55256642765488895  0.59262745286802654  0.63752377449309083
  0.68936600649963709  0.75145234169441344  0.84550179735679520  1.00000000000000000
 -0.00209383312595165  0.00883320307514854  0.01840662971386739  0.02842137423438656
  0.03839831880112592  0.04846416088729899  0.05820300520826585  0.06808511989816243
  0.07820787190114299  0.08894821148148405  0.09962175263251108  0.11001042124526739
  0.11997586952537551  0.13051092369497597  0.14124557178628575  0.15207754419057942
  0.16279939275350225  0.17319107617314439  0.18367453707730896  0.19402149796643067
  0.20456718161434517  0.21506931823560385  0.22567334003730952  0.23621830468944977
  0.24649885410699524  0.25671115193516136  0.26709480308017070  0.27762515077303979
  0.28799053767771482  0.29824045440067054  0.30871013898058119  0.31924009297621725
  0.32954459062212721  0.33987318991275500  0.35021086350509500  0.36064887457731215
  0.37114599841192597  0.38163427604509192  0.39232550458893128  0.40293933751458899
  0.41388364306564573  0.42515699219671954  0.43636807700940372  0.44762712446893788
  0.45866097823554819  0.46956764683939978  0.48007108194426362  0.49053593341155294
  0.50119497934476498  0.51220846761022587  0.52314302426415582  0.53366272404361170
  0.54384306506441249  0.55409053136030273  0.56467852598170909  0.57549374686737664
  0.58631697886708078  0.59693088523087168  0.60744337149564720  0.61794083867746918
  0.62849134414064889  0.63903139475015880  0.64970390185793725  0.66055370876199482
  0.67155714198030447  0.68249632503170088  0.69319413633277238  0.70391509342064928
  0.71471724428576366  0.72581294902424187  0.73681397748649213  0.74766874352727608
  0.75804033533723936  0.76826194768917311  0.77849317871729606  0.78878806620022435
  0.79905752873058966  0.80951969700449966  0.82014204060281215  0.83065184251425606
  0.84099886238295218  0.85122486754370008  0.86185470212105575  0.87245590899446546
  0.88293231644102010  0.89323745281738876  0.90407551558578192  0.91519924137139130
  0.92652986678158833  0.93747578292106926  0.94848066846943757  0.95929665538745601
  0.96960856322888145  0.97987488326828753  0.98982712013420548  1.00000000000000000
 -0.00259814925775742  0.00969418704000894  0.02059434420122735  0.03135399855039812
  0.04205455842217579  0.05250300957973466  0.06290533073787366  0.07345918755439315
  0.08432143253441714  0.09507434064405831  0.10583262132802923  0.11648166726568147
  0.12723707534534132  0.13806775592597312  0.14888561504780487  0.15998202465687947
  0.17067776707353924  0.18116149817345517  0.19169938024425678  0.20240616988301646
  0.21296229547787593  0.22323740216533913  0.23372695514006603  0.24429339506172604
  0.25499921056970803  0.26583135818491960  0.27674730771231171  0.28757293099789821
  0.29824503276881426  0.30907616580979935  0.31998900971482097  0.33095590584294093
  0.34177426635808134  0.35238567636090923  0.36258481015323601  0.37270479798523293
  0.38297102207031752  0.39351858080979751  0.40443662008823439  0.41555491021722557
  0.42671440726526411  0.43773815916759307  0.44840976228960749  0.45880186240337151
  0.46908751469948273  0.47925764550410399  0.48957584896785461  0.50007444283887259
  0.51092670724551381  0.52204529908336161  0.53295543746147211  0.54384913080690278
  0.55493443043767410  0.56609389596467574  0.57686861253808297  0.58732377530377278
  0.59765430763590777  0.60829941825245570  0.61879973599970350  0.62901984365887864
  0.63890923711334291  0.64860833369329041  0.65830973536783799  0.66794705837210944
  0.67767876505535674  0.68747079813693934  0.69736690828350079  0.70742741777901852
  0.71749081434672601  0.72748754195015353  0.73740084468557066  0.74751206085453004
  0.75793554539510188  0.76852710055272089  0.77909940367417196  0.78942088654749365
  0.79957301046169516  0.80983560869319993  0.82027824574090658  0.83058363435561711
  0.84070398541038394  0.85113267522839542  0.86195934002919583  0.87311831475706592
  0.88410693352161807  0.89474647653655193  0.90523112134317496  0.91524231626722852
  0.92577555987036708  0.93641258220517631  0.94716003256730219  0.95785029092661955
  0.96861675606784725  0.97941406924269470  0.98989862928834960  1.00000000000000000
 -0.00241308761801357  0.00928484023059095  0.02007223382154980  0.03079084328690324
  0.04145971249439063  0.05164972543159890  0.06214971958699145  0.07273296394590570
  0.08341842993702780  0.09405405953234433  0.10469113555355815  0.11488908452985705
  0.12506976609963841  0.13571272612854959  0.14624923456808106  0.15689718407990030
  0.16723458542313996  0.17823081152095857  0.18896274806909610  0.19987171161385917
  0.21016994846761874  0.22046135967658087  0.23095364283205788  0.24210643611698371
  0.25345501055496694  0.26447412725259734  0.27536881064765562  0.28571641413720983
  0.29619346186851242  0.30676466155235321  0.31777911697590888  0.32878771798088680
  0.33996087280517179  0.35091507522700160  0.36170250864073467  0.37218151544268047
  0.38240053557031822  0.39266650649649620  0.40285217375269844  0.41290736515584026
  0.42285832385576155  0.43292628921144399  0.44317342438581775  0.45328582893823249
  0.46321039701146222  0.47346623756286882  0.48346341129476861  0.49351699885876532
  0.50378528984064286  0.51457743923354171  0.52522817159304536  0.53566214818537938
  0.54588285733629605  0.55656196668632452  0.56730428484744122  0.57805479920059566
  0.58832292167862388  0.59838261225230072  0.60870574670558730  0.61912126608025053
  0.62950353828113936  0.63991474287113626  0.65021047978958069  0.66047454378510451
  0.67060958910739255  0.68107159968344810  0.69180688429519166  0.70252502942315065
  0.71310884883860470  0.72363759864293797  0.73431348382836492  0.74496452898643128
  0.75546391602806084  0.76567210460256874  0.77553634574599639  0.78534314710794140
  0.79551884702842401  0.80599261625980356  0.81678412619731988  0.82741585900082870
  0.83824290284752068  0.84952187935934553  0.86052386881973175  0.87144474530922711
  0.88183733444315704  0.89274993578175854  0.90353636408741778  0.91459128648683652
  0.92548701993498605  0.93640426198379711  0.94701189626741877  0.95768218919434733
  0.96798579705361776  0.97878979036907565  0.98921266698599353  1.00000000000000000
 -0.00261060075774390  0.01008869831866190  0.02035319872845369  0.03093921868839226
  0.04127240258641646  0.05175262720422327  0.06234841112045401  0.07338061868689562
  0.08456143524668595  0.09545518208887475  0.10624648353778178  0.11683552298075126
  0.12784597986628304  0.13794966512780876  0.14819862570973591  0.15822102855733350
  0.16852506052761118  0.17890181475494465  0.18926685751279138  0.20019535058261512
  0.21093812982063093  0.22173717508651700  0.23236290223155379  0.24278096773699964
  0.25270471200352318  0.26260852478078528  0.27246197900171187  0.28266978844363311
  0.29257808654137318  0.30301978973010363  0.31385733899043167  0.32507190779558010
  0.33616690491556728  0.34707498329910336  0.35815368531551695  0.36931259108960801
  0.37982400254500298  0.39023775985735715  0.39999624585629623  0.40996443513925113
  0.42027563877542357  0.43056628185907497  0.44097113932025978  0.45093894054260364
  0.46125963607788878  0.47207202556666006  0.48305229981949394  0.49346676089762587
  0.50403366414002360  0.51435350647012612  0.52481193735605847  0.53488147174930556
  0.54525431361211907  0.55548852497083534  0.56628057937063625  0.57698028862322892
  0.58750393940411327  0.59817725653577281  0.60923061117407873  0.62074890294518703
  0.63187226782467332  0.64281983254376762  0.65372482944111421  0.66454888624560160
  0.67527203954525616  0.68602172667640982  0.69717205548009120  0.70823179609084608
  0.71884123070848682  0.72889813167675244  0.73909777851564828  0.74970192442786532
  0.76058316475111021  0.77086806044407885  0.78122573137738582  0.79189183319133694
  0.80263205612273558  0.81300181768762680  0.82277418117383994  0.83288893353539284
  0.84342129218580941  0.85411587285781121  0.86477873438039521  0.87523653142202995
  0.88580617404419948  0.89618792672091274  0.90663523486497499  0.91737778389265701
  0.92823443688762519  0.93922711540438597  0.95004555829967452  0.96052196677174284
  0.97025484775072723  0.98009525976402279  0.99004900046872857  1.00000000000000000
 -0.00226534790215875  0.00872221022698505  0.01885650499734528  0.02966696064362498
  0.04063927995477069  0.05155675565942713  0.06258317718584742  0.07351900570801825
  0.08441064335417198  0.09503678136257708  0.10552723934701301  0.11589492092277465
  0.12633187158941780  0.13680372504364813  0.14737214822888570  0.15815002673053985
  0.16909849773450375  0.17967300763741417  0.19011614106293143  0.20014421982074321
  0.21026119377472333  0.22020176449524065  0.23064655985217072  0.24151536017034844
  0.25215680875283242  0.26287583901921263  0.27336382534209452  0.28404319536757411
  0.29488700946579560  0.30591129097746322  0.31686748869834419  0.32731842692027913
  0.33762819120065696  0.34822579966192679  0.35892368363567201  0.36961707562433610
  0.38029334959899008  0.39105373819676015  0.40149455289728542  0.41149984454227567
  0.42159617875476019  0.43197060874879001  0.44251247066565713  0.45289718188002998
  0.46320953188410691  0.47344073266857845  0.48377505778568125  0.49416587083729413
  0.50469631245493252  0.51504530848448649  0.52556624159519283  0.53585920032562306
  0.54594221646037200  0.55584481408166531  0.56608348913762518  0.57649969730908146
  0.58692791663621990  0.59754115238421945  0.60836944933764736  0.61937699454568773
  0.63001840893699623  0.64060326746682317  0.65123661993368442  0.66203094737861745
  0.67288022065038899  0.68387658208557300  0.69498784410896453  0.70608022262358450
  0.71682156671641239  0.72727215777850651  0.73741467452402421  0.74738540013204113
  0.75730900817057600  0.76739047144064110  0.77768396904304915  0.78770535551415533
  0.79784791999659455  0.80810412748816052  0.81889391773245246  0.82936261592833316
  0.84009990998857864  0.85081974923539794  0.86217915137540713  0.87328588834036636
  0.88403934113458693  0.89447863950485240  0.90490540613518333  0.91555594638304971
  0.92621137042866242  0.93723328045420906  0.94775962127480817  0.95831884649992005
  0.96889742785070487  0.97971056327154837  0.99008062523659945  1.00000000000000000
 -0.00242490565916210  0.00939098273898407  0.01945353841552928  0.02969656891958487
  0.03957288674576905  0.04996655195798029  0.06055116115749915  0.07138865688977100
  0.08240675605638961  0.09361757198965237  0.10512397193826772  0.11628755041582275
  0.12711592838653576  0.13801272511085300  0.14888133521324273  0.15988907637719027
  0.17054403330484719  0.18103888422811426  0.19191852210010663  0.20264582415510504
  0.21352505334740945  0.22417184237454973  0.23469757050536608  0.24523050298072144
  0.25549472970778975  0.26590659100560832  0.27618332330275902  0.28678424409132930
  0.29812523630119775  0.30964089986654225  0.32071361372713469  0.33120374668620561
  0.34166905987429447  0.35230078399533854  0.36289477953692351  0.37326976696760195
  0.38350763806978017  0.39383712162104623  0.40420571340346634  0.41476249885180816
  0.42513784584831776  0.43554588440495562  0.44602782492145543  0.45668858082236247
  0.46738758570563471  0.47775246913551089  0.48793587811682976  0.49815195204723572
  0.50872398026006338  0.51968536269930365  0.53055121452492038  0.54111181165855138
  0.55148017520062520  0.56181746982883718  0.57226196850901767  0.58253099111785378
  0.59279157269528870  0.60317142324780315  0.61390108872550742  0.62460961285464123
  0.63513296865858448  0.64583249412389687  0.65684844243548446  0.66787200721643802
  0.67807636472747546  0.68802396736683769  0.69786233288023269  0.70812862464849502
  0.71852476358122852  0.72897920943504613  0.73937914897512469  0.74996083753288301
  0.76071655126971194  0.77108161331794955  0.78093549327411260  0.79086337988688504
  0.80130648359898649  0.81238026077684578  0.82343101931935736  0.83454793500294489
  0.84555777509275354  0.85636393275409728  0.86659578787462666  0.87664329777319328
  0.88683474082432334  0.89696756133582478  0.90726484270095498  0.91735543730561953
  0.92792269573992447  0.93851787801035580  0.94926886305348801  0.95952015694891502
  0.96962324746774964  0.97947169063715611  0.99000301807497082  1.00000000000000000
   4.1839510941621962E-012  -1.0000000000000000     
 T T T T T F T T T T F T T T T T T T T T T F T T T T F T T T T T T T T T T F T T T T F T T T T T F F F F F F F F F F F F F F F F F F F F F F F F F F F F F F F F F F F F F F F F F F F F F F F F
  <DiscreteSampler_grid>
  grouped_processes
  1 # 1 for a reference and 2 for a running grid.
  10 # Attribute 'min_bin_probing_points' of the grid.
  1 # Attribute 'grid_mode' of the grid. 1=='default',2=='initialization'
  0.0000000000000000 # Attribute 'small_contrib_threshold' of the grid.
  0.5000000000000000 # Attribute 'damping_power' of the grid.
 # binID   n_entries weight   weight_sqr   abs_weight
    10   10   1.999185003504728E+004   1.629004581723029E+009   1.999185003504728E+004
    16   10   3.885629346913367E+004   9.652986971538811E+009   3.885629346913367E+004
    22   10   3.885629346913368E+004   9.652986971538813E+009   3.885629346913368E+004
    28   10   1.999185003504727E+004   1.629004581723028E+009   1.999185003504727E+004
    34   10   1.999185003504728E+004   1.629004581723028E+009   1.999185003504728E+004
    40   10   3.885629346913367E+004   9.652986971538811E+009   3.885629346913367E+004
    46   10   1.999185003504727E+004   1.629004581723027E+009   1.999185003504727E+004
    52   10   3.885629346897256E+004   9.652986971536995E+009   3.885629346897256E+004
  </DiscreteSampler_grid>
