  0.00191807799310836  0.00194302523017376  0.00198230358858384  0.00201931061925832
  0.00205724192159880  0.00209796160355585  0.00214059368435765  0.00218402249949112
  0.00222962482599472  0.00227787877455405  0.00232820737855620  0.00238094777863486
  0.00243466843216839  0.00248994666930859  0.00254715535362977  0.00260544711030122
  0.00266520019346554  0.00272571901421893  0.00278816356758751  0.00285255251133807
  0.00291762353190356  0.00298464542531101  0.00305543214994227  0.00312959230881713
  0.00320857821970537  0.00328970982560882  0.00337038545505835  0.00345329098541668
  0.00353881451304830  0.00362371536894346  0.00371193397890337  0.00380497442338518
  0.00390081413578267  0.00399970922011179  0.00410438397352308  0.00421454650227848
  0.00432848258544050  0.00444471059780752  0.00456391640662444  0.00468768207580144
  0.00481352172716949  0.00494161855698372  0.00507529569869310  0.00521257180023365
  0.00535457850943261  0.00550533277627872  0.00566622584193724  0.00584283457148488
  0.00603167750970260  0.00622782439779990  0.00642391498323648  0.00663223534895241
  0.00684770582324511  0.00707631873568451  0.00731772307112654  0.00756916001740563
  0.00783742382342294  0.00812090120143969  0.00840832961013455  0.00870937588050494
  0.00902619872206910  0.00936668893614722  0.00973263155440072  0.01012468304358401
  0.01053789208756511  0.01098501942256424  0.01145448097485380  0.01195458653273178
  0.01246699285321304  0.01300916219685500  0.01358279626890994  0.01420808350152885
  0.01489873912834748  0.01564962889234256  0.01643872233746666  0.01729855157931872
  0.01825725133292131  0.01932596091334869  0.02047487142474606  0.02173127054538775
  0.02312334751943507  0.02471872670838668  0.02647315409698288  0.02845513103349467
  0.03073810151496661  0.03339565868850739  0.03654901538098185  0.04040541399945384
  0.04505691448794561  0.05056946162576041  0.05764475529409247  0.06728024330543020
  0.08169218111901919  0.10651617115964623  0.18545029815464759  1.00000000000000000
  0.00173272214424936  0.00361743737275460  0.00471048233710232  0.00568085929993925
  0.00661187935621554  0.00758009008925349  0.00853251963235703  0.00948471908092935
  0.01047782244888509  0.01155968235130480  0.01268510139028149  0.01384489976151120
  0.01500538294516270  0.01618258545914228  0.01738480940452200  0.01861209053011178
  0.01988182507511819  0.02116793004876014  0.02260272032280868  0.02412056783960543
  0.02564371649194603  0.02720776806072133  0.02885536638870041  0.03060387301085981
  0.03242380521583823  0.03426542032958219  0.03616540679532740  0.03814469160223906
  0.04019626866462429  0.04232409341275538  0.04455248296510084  0.04688463154547687
  0.04930103063808146  0.05176376068817934  0.05426717410710843  0.05687260583317841
  0.05961656909303437  0.06248262085324323  0.06545092104891038  0.06850309545536262
  0.07159749880670449  0.07478434742122134  0.07809536209155578  0.08146515059205939
  0.08499517346214765  0.08874855516655675  0.09270791134745746  0.09685125409787658
  0.10102365359264123  0.10522179586444662  0.10958412164993572  0.11411473774213025
  0.11898742376964473  0.12389010581617439  0.12894466845332891  0.13417758581735637
  0.13958795497888102  0.14523693584524261  0.15120248965438579  0.15751865532509826
  0.16412840644725063  0.17100122123152589  0.17804918139626733  0.18523205931731238
  0.19261543458657579  0.20020252078095560  0.20800569557326198  0.21628312551236609
  0.22508591929254962  0.23441729992988625  0.24427346511148057  0.25463429202119797
  0.26518261216288175  0.27610974946723105  0.28735319287851918  0.29895979217146212
  0.31143396103100901  0.32498636428342226  0.33935546804809347  0.35487895326149377
  0.37072794331975301  0.38703127702492196  0.40383853449229395  0.42202280754766641
  0.44160446318381741  0.46304759628613867  0.48633532401011564  0.51147246782763589
  0.53867695064987342  0.56855177712620797  0.60291432314870363  0.64303914301027043
  0.69128783405051897  0.75138322574987304  0.84253025040345020  1.00000000000000000
 -0.00200456748184278  0.00847805418223401  0.01830724774727898  0.02821717754149985
  0.03842783725344767  0.04893954349415878  0.05994506365157426  0.07097562809300433
  0.08147466183637900  0.09176396764748254  0.10231167892583641  0.11296743185617264
  0.12378368079977080  0.13413407534465158  0.14440579545570889  0.15422508265812043
  0.16418571386508773  0.17437386938309635  0.18475416452057236  0.19565093555366472
  0.20680603461271457  0.21807266899064698  0.22925445035643266  0.24040456234823779
  0.25170267386083134  0.26299082573940175  0.27410088611882838  0.28484401603124987
  0.29541199692419151  0.30635276609634504  0.31730721107782756  0.32818150146543107
  0.33858402462336351  0.34939874661686404  0.36031685346320869  0.37132928126127052
  0.38200693417650522  0.39252394837024090  0.40271879182166836  0.41265172719239240
  0.42273279037360051  0.43322395823422460  0.44401902157360790  0.45456542884652290
  0.46489058740969796  0.47539349186163765  0.48574796588204389  0.49637955918817861
  0.50722768248964156  0.51814623252659120  0.52850258733738453  0.53839348863876002
  0.54842817588914305  0.55884800041829796  0.56920973217247595  0.57946900968309589
  0.58953022968624269  0.59953721377868630  0.60970824533462575  0.61980339520140759
  0.63021377522104061  0.64081888648566943  0.65174011602192439  0.66297880653185282
  0.67394252584028946  0.68450718348708117  0.69509874335396216  0.70598145701626880
  0.71711531908652781  0.72747017746100218  0.73758708564098618  0.74774067087641860
  0.75821270172407329  0.76895847631427316  0.77994912664645810  0.79093111536622351
  0.80172562725121188  0.81238830833916675  0.82317971947143365  0.83402439803156403
  0.84471501095289181  0.85536491855454500  0.86529404125299747  0.87521031411155059
  0.88492260405270162  0.89524208389765259  0.90539870751524421  0.91582093539612519
  0.92653723272246324  0.93748161455978407  0.94822054021169777  0.95829369968130673
  0.96859375296980210  0.97886705890903802  0.98962731058217024  1.00000000000000000
 -0.00245151178246574  0.00977869644652736  0.02011328369690588  0.03096040047527097
  0.04125309913988551  0.05189187025313558  0.06229940178917268  0.07276107709021727
  0.08297583434190174  0.09324611212062897  0.10311473368077037  0.11317809716078855
  0.12354654460316028  0.13447716962267262  0.14539752133495287  0.15652207285160943
  0.16749318280677630  0.17824790381127764  0.18899115838892552  0.19969979796118600
  0.21042105723097490  0.22027526634630390  0.23038862096631385  0.24034153655698343
  0.25039040167884158  0.26029067961302610  0.27074193652635448  0.28122566552742212
  0.29174042428318459  0.30188582936373920  0.31250156195605966  0.32255569989147104
  0.33251091053244941  0.34255276440392968  0.35289307187845276  0.36349851683032258
  0.37417509002264476  0.38488239011713826  0.39542342965461069  0.40605162235714815
  0.41665466385438843  0.42739412128934884  0.43813364366847113  0.44909313616530649
  0.46023665654278900  0.47136498533096255  0.48223759760208840  0.49242017641725067
  0.50268452162991384  0.51299465670374522  0.52324339115869545  0.53376750341084200
  0.54370702224363521  0.55432596437155657  0.56471048215149222  0.57533608745295017
  0.58583947072403408  0.59587031377141342  0.60576139172904275  0.61580063892561510
  0.62616120128149488  0.63714426717252337  0.64829996893909492  0.65980415825646754
  0.67124774147308908  0.68212675815311641  0.69267321090182621  0.70263272793415399
  0.71290908840378375  0.72341806785473806  0.73420060258516873  0.74531947934923715
  0.75593653984875842  0.76669729769133332  0.77729294606446542  0.78823567509660131
  0.79882574419827135  0.80945746300930277  0.81975013533731267  0.83014014842016681
  0.84043597543047377  0.85094579735253484  0.86187809850403729  0.87254712899038178
  0.88328427171988988  0.89385091368505143  0.90452968031967540  0.91500788372924158
  0.92532311332191175  0.93604115934184895  0.94717068134870552  0.95840131931040251
  0.96880781117685133  0.97918753003041104  0.98947215111015741  1.00000000000000000
 -0.00240851785037883  0.00950437365795878  0.01953343209713899  0.03040746058004229
  0.04107327896745357  0.05163510812337625  0.06226359051663310  0.07343931926336245
  0.08464082040918060  0.09554621325046890  0.10637432727008295  0.11732848142952285
  0.12848858666142393  0.13989321688796896  0.15123114316331049  0.16230433650114168
  0.17314413482679136  0.18394135615765186  0.19490204969799696  0.20590392091074067
  0.21677220724675106  0.22735808902760279  0.23765539834886612  0.24719293666378050
  0.25685056023633374  0.26664750468109261  0.27738233143959240  0.28820229610443537
  0.29827468443137900  0.30808859004828787  0.31804647759570709  0.32805151216939293
  0.33808127909111740  0.34815556112153273  0.35866443642945600  0.36976014709939259
  0.38041844363797761  0.39092702776022931  0.40139334959429224  0.41215211442003935
  0.42260259345074652  0.43292778200195331  0.44309474252020375  0.45338413240759651
  0.46395881574613290  0.47476523125300313  0.48584222577602393  0.49693097970450661
  0.50778334135129977  0.51857182283684444  0.52856360990174267  0.53871410795087438
  0.54909125633052946  0.56025929894900051  0.57139208530757435  0.58171788144769820
  0.59231000267650225  0.60284318012400917  0.61310153651317212  0.62321438379842609
  0.63348985607227770  0.64441633917364760  0.65563944713830691  0.66676942482524160
  0.67786982364434101  0.68870478554914982  0.69953459781361038  0.71028736131246129
  0.72092545388729790  0.73137758332939729  0.74160689456151530  0.75201853514220662
  0.76279465280249070  0.77333515480407145  0.78324620427634639  0.79298413705836313
  0.80321198905007984  0.81361572580002817  0.82367342614058736  0.83375047210968101
  0.84417895088690587  0.85496833629484670  0.86581500673063505  0.87666565900904569
  0.88749496900588321  0.89795365514425529  0.90818902256820078  0.91846202351153616
  0.92877141753255221  0.93940407148658189  0.94960624465116983  0.95994901220096707
  0.96977747114854651  0.97958164073413057  0.98953951121113271  1.00000000000000000
 -0.00241319259860090  0.00896571422398789  0.01881116975549640  0.02906365811898612
  0.03916393514210703  0.04962666434204230  0.06057849055913687  0.07158271634899015
  0.08245472319937755  0.09300045479906234  0.10332985182513649  0.11370909165507972
  0.12428651923105173  0.13470773608616099  0.14492655406893312  0.15514179722986635
  0.16544305669042703  0.17591262816715125  0.18643168896376622  0.19717547892908316
  0.20796682668184238  0.21879548325832593  0.22975398682235579  0.24067181202194735
  0.25135972164777109  0.26221858358917000  0.27270564531807723  0.28281068391083714
  0.29263101411669412  0.30286791369743832  0.31305107587353886  0.32320506589426418
  0.33323027144104872  0.34362907408266752  0.35439199158353213  0.36476873645702607
  0.37509446747239850  0.38519434937978897  0.39552752339060354  0.40623224134371583
  0.41731865736959545  0.42837999539800670  0.43910045761253369  0.44944380354059366
  0.45980296389774133  0.47033334844905822  0.48106794917080009  0.49166671069279627
  0.50213009278206766  0.51263657365044013  0.52315880861028319  0.53377143841280283
  0.54442590859983531  0.55514471119927833  0.56559110080367747  0.57568366434540108
  0.58585633923339342  0.59645810761068252  0.60728091406938578  0.61828763321142077
  0.62935587760342560  0.64048646410798193  0.65147072517401661  0.66199536338848730
  0.67231304048729101  0.68235080523495850  0.69224576285293504  0.70201138928062379
  0.71242826251942881  0.72259350033432646  0.73244455064861158  0.74171965101274906
  0.75154004658478935  0.76306573173115355  0.77461960572821598  0.78552619572251281
  0.79614312501315465  0.80655230629978092  0.81706310752801226  0.82725673414130185
  0.83772872151524158  0.84821141298053759  0.85928551324018865  0.87046469161327611
  0.88173294831243021  0.89270744333587460  0.90349524632554812  0.91397464188059108
  0.92453299479987416  0.93449636668371017  0.94460622551796480  0.95471998558513327
  0.96591744362197696  0.97731131841327201  0.98862494874804441  1.00000000000000000
 -0.00235589522631200  0.00966405374403950  0.01931627659149587  0.02991639401445426
  0.04027573725296565  0.05110311835326373  0.06212789813604765  0.07263898054782957
  0.08327754544277999  0.09391559451333970  0.10458568574252473  0.11506267871063264
  0.12572945080656411  0.13673776120997894  0.14802315960329113  0.15872290275632428
  0.16925494572429489  0.17952070144178120  0.18964142891391772  0.19987507053778844
  0.21024143613624283  0.22083046025809316  0.23162900647556348  0.24262850435751473
  0.25362084923427586  0.26428624609244383  0.27486516982500048  0.28556036546118396
  0.29653927681325815  0.30778103219501901  0.31911005099705297  0.33038981779806448
  0.34106797224364704  0.35133980594867503  0.36166381077312681  0.37216401351044925
  0.38319233135644920  0.39414654107415581  0.40502663855968629  0.41553407974263684
  0.42588097585619039  0.43645036441345503  0.44661375281415538  0.45688036431592732
  0.46741901130449159  0.47812135446262916  0.48837462519884228  0.49851586202802817
  0.50909268711976519  0.51998078532322967  0.53076459586881697  0.54142917557060655
  0.55202298412790674  0.56266371076357158  0.57334237381907083  0.58445506664925928
  0.59570507687019902  0.60644694497877505  0.61713241716288492  0.62754778054146221
  0.63823068468228061  0.64886050429330566  0.65976462931370183  0.67069865755202462
  0.68124668250212961  0.69163720182107546  0.70208621246709801  0.71251849535004208
  0.72277793717549410  0.73327952118633155  0.74396291400759684  0.75453392194423063
  0.76462868645718207  0.77476840642051814  0.78535797610701485  0.79568373472903509
  0.80589657547184179  0.81583053098505953  0.82549676503020986  0.83520351559629857
  0.84531064014556601  0.85577566785934389  0.86643955792446925  0.87670405249762462
  0.88697660522740895  0.89734362075120921  0.90756695259029929  0.91779296409816358
  0.92793390742106008  0.93824629568637885  0.94863037661564564  0.95902423108830270
  0.96931585704497358  0.97949348702079042  0.98961732611045039  1.00000000000000000
 -0.00236334815431795  0.00903815845350987  0.01903987501622315  0.02922881306464685
  0.03983662600671409  0.05023976840009124  0.06058008292760543  0.07121107751820016
  0.08172219738187653  0.09202683380223266  0.10214281208194614  0.11252444453230638
  0.12345119118001945  0.13407485318685741  0.14493074053233074  0.15519853729513694
  0.16572150565771415  0.17646356401866986  0.18722106464594923  0.19798011166264057
  0.20857203795318155  0.21974670836138996  0.23058596300357981  0.24106407695418441
  0.25106669416695099  0.26111369772033255  0.27108934398285184  0.28118844079659089
  0.29160696054761087  0.30244164910555582  0.31335675734767382  0.32371896212627749
  0.33428381515066141  0.34465329335379263  0.35515754199166449  0.36571355056540572
  0.37647609999348419  0.38750316687733782  0.39848985628927586  0.40939965041169440
  0.42005998427878627  0.43083611489716800  0.44118276882438445  0.45132319817231270
  0.46126413611726719  0.47122540681317238  0.48134102811542728  0.49147705485890358
  0.50216356510101190  0.51303747443994019  0.52386762603894610  0.53423116058636022
  0.54456790787104326  0.55476382311545025  0.56509706149671735  0.57552428533256117
  0.58644239011795085  0.59751258537520435  0.60831496899218251  0.61917671249331552
  0.63030123708819641  0.64148953580921386  0.65178161983063043  0.66212646026328970
  0.67266966324422461  0.68341405370307884  0.69380710830736814  0.70411052932362594
  0.71436127966075935  0.72489233108344731  0.73482823647849116  0.74533801608631589
  0.75538233754908801  0.76601127681581083  0.77656781147515408  0.78713535989805117
  0.79724589722761363  0.80735789874648478  0.81731714154398971  0.82777044697416657
  0.83828820156181816  0.84888712553775225  0.85969978313855666  0.87050950337220523
  0.88161175472809949  0.89234296246410727  0.90286721559027905  0.91328030143339378
  0.92414263937115226  0.93452116942665642  0.94506871904311152  0.95553022693506928
  0.96675106367076802  0.97767204395252028  0.98888114726111354  1.00000000000000000
   2.0360625401393031E-012  -1.0000000000000000     
 T T T T T T T T T T T T T T T T T T T T T T T T T T T T T T T T T T T T T T T T T T T T T T T T
