  0.00179773617803021  0.00303038588707040  0.00414953659934128  0.00533705629133276
  0.00657027950661891  0.00784886668417929  0.00910317324594491  0.01031660300221317
  0.01156890175161681  0.01290434124833156  0.01438620031618400  0.01603493894598103
  0.01766793483180129  0.01921842365146489  0.02072097752617784  0.02224545978009378
  0.02377419194055597  0.02527214939358579  0.02689203128562809  0.02871113932664371
  0.03055314515472300  0.03249760023181308  0.03448330272814035  0.03655012366480798
  0.03867537288076717  0.04071655211775069  0.04267975458052278  0.04463626183101820
  0.04667261827577990  0.04871502219100288  0.05066984704892885  0.05269922187131330
  0.05492693943600656  0.05740196644125714  0.06015746222223423  0.06299479944494793
  0.06584220105730722  0.06867174829928517  0.07153256236409639  0.07453542654232179
  0.07752484264576968  0.08051627972516130  0.08367385544941185  0.08688172018158058
  0.09013329881407628  0.09357080585783441  0.09708794873501901  0.10062989280119455
  0.10428300935594399  0.10814240717406078  0.11228617071188600  0.11666230469175087
  0.12124850010534889  0.12585452793169979  0.13058990788974284  0.13553403676421771
  0.14085321928326563  0.14659588284291497  0.15239066214112520  0.15887246479288397
  0.16566263297228107  0.17272759387416919  0.18009647501490289  0.18748725949201009
  0.19480422006653350  0.20238477477807593  0.21063332159890863  0.21952118101090742
  0.22921862760340070  0.23919811235685590  0.24937130630102605  0.25990018615614358
  0.27104552019585265  0.28268819961305836  0.29423689997581248  0.30606313382736461
  0.31873587829109135  0.33199150346550016  0.34556296546791682  0.35962557362125430
  0.37452713852011132  0.39010332962202127  0.40571570501192172  0.42160076341748659
  0.43819672528869413  0.45582656766374097  0.47600980207835486  0.49771151962725857
  0.52126237832086930  0.54579776794149637  0.57295058381726460  0.60395272896458063
  0.64279711786552973  0.69634150640621384  0.76420435442031720  1.00000000000000000
  0.00397792390918768  0.00774742192166438  0.01134228456203932  0.01454948006484243
  0.01788096269554776  0.02145566259160218  0.02532275123961268  0.02956714867871227
  0.03385770572295250  0.03808584704924793  0.04268138086019507  0.04726867872028967
  0.05182866649762739  0.05653703706126206  0.06146619937348842  0.06684785076104512
  0.07230943084471161  0.07768500938279885  0.08302553013720297  0.08871261048588505
  0.09451542090946927  0.10019601586578457  0.10566734359053993  0.11114237275752090
  0.11667981889246079  0.12221538373045369  0.12770524778079748  0.13329739718412220
  0.13891378933300599  0.14468262355225081  0.15047915516597574  0.15646260901233747
  0.16261356277273159  0.16875637473230423  0.17484556781656474  0.18108806678098985
  0.18759354262731612  0.19425753994926853  0.20086721599594129  0.20707741532702273
  0.21321697089046837  0.21947451256113878  0.22614442203073068  0.23277738495420949
  0.23882466526766855  0.24515682335919950  0.25124938482721237  0.25808553999959177
  0.26513890265580059  0.27226650626788390  0.27954350727506511  0.28692798687020860
  0.29440315180975801  0.30223610102146792  0.30981124724497860  0.31739995278601757
  0.32476203942473186  0.33205625258226501  0.33958204753647681  0.34754967155416844
  0.35583860893389158  0.36448549911239736  0.37367938620650371  0.38301042778004385
  0.39236165870157680  0.40171982036880532  0.41108606956170063  0.42077157265619247
  0.43106259805274194  0.44171941830013350  0.45275031678398225  0.46430784089114413
  0.47628792952825422  0.48852533778798052  0.50103833932663255  0.51392485279878242
  0.52729538182766311  0.54170281330831271  0.55633827330724828  0.57114649645240378
  0.58592262198771639  0.60085878568466744  0.61653952315571370  0.63300205523386177
  0.65008566522151534  0.66832912439417924  0.68733438298075866  0.70788067607617866
  0.73006519713397533  0.75272141758736555  0.77686889828780781  0.80250493518709198
  0.83217325098271333  0.86855627034379002  0.91869347513588551  1.00000000000000000
 -0.00223256087974821  0.00989028695022163  0.02013285375539976  0.03072328790650941
  0.04110146169803926  0.05180522065870513  0.06246369762924647  0.07326270320481051
  0.08404848953497857  0.09477156693949601  0.10590649959778915  0.11737050111897629
  0.12897219399034687  0.14049690445086493  0.15212163521116168  0.16401814131979425
  0.17584471667842289  0.18743771818705282  0.19826155548737753  0.20869156106537673
  0.21922014408230059  0.22984482019423783  0.24024704657499021  0.25026886269468118
  0.26053509431557220  0.27033491848116470  0.27974365122719697  0.28870740671521761
  0.29844316200103915  0.30856726835359460  0.31899477778247071  0.32936414377690920
  0.33995952948265606  0.35070992938918216  0.36163504081959946  0.37247945640249963
  0.38329638688749279  0.39450277844351150  0.40577369785079986  0.41661642183592057
  0.42711910130661557  0.43742713430719626  0.44805326817326224  0.45873216697848218
  0.46940962850113205  0.47987789523444802  0.49045546024439862  0.50115988486490848
  0.51178393279627965  0.52272406313439457  0.53350404205537116  0.54394876326099495
  0.55414442312345524  0.56464728867174252  0.57554153084916515  0.58718897756446242
  0.59950606380572979  0.61127811747245120  0.62263033049657823  0.63380025471106261
  0.64504786607077591  0.65540240870215805  0.66566541841639171  0.67577131003616442
  0.68629756201274894  0.69692995127736002  0.70730702129618661  0.71749566615564653
  0.72804035065814687  0.73874217611613879  0.74832360968363099  0.75767156645914613
  0.76677026704256257  0.77704158916286870  0.78742645977670600  0.79805522997579037
  0.80859813030649497  0.81847547245944929  0.82802850933372285  0.83793372667695731
  0.84832599095610983  0.85876522654133924  0.86850770361542096  0.87786906716773039
  0.88720924533297196  0.89667003132125711  0.90657034665863412  0.91697772190148019
  0.92734059389570866  0.93820642062384807  0.94849490501353906  0.95883373458748677
  0.96887481801413466  0.97919757818970388  0.98971391229683847  1.00000000000000000
 -0.00257034183630281  0.01121384598612315  0.02253713077192551  0.03300540669720268
  0.04367379890573628  0.05462469409562527  0.06606732247921132  0.07683074083893712
  0.08733470828576620  0.09771088308707952  0.10836331230727013  0.11913565840782195
  0.13004370369571502  0.14064259187689537  0.15068615613292521  0.16036138504358430
  0.17071583193015702  0.18147374081773809  0.19216073265284397  0.20214019762847993
  0.21207975041218455  0.22238270018570486  0.23253700066112240  0.24242131716257617
  0.25168081034258211  0.26123023014498947  0.27095755745396194  0.28122082578803986
  0.29174640908943344  0.30226075710015976  0.31264289898846892  0.32287058074340907
  0.33324718052004382  0.34407958741299605  0.35536562947737088  0.36638965598261308
  0.37773986862217845  0.38934832935879343  0.40068825964129717  0.41098640688476268
  0.42050140178563367  0.43014640914268798  0.43993794435040884  0.44955765398670827
  0.45924990051582748  0.46889687182749179  0.47886886435715237  0.48922877846613383
  0.50060298166811135  0.51276697803804705  0.52507817036536963  0.53676395915705266
  0.54768152427152683  0.55841456266230072  0.56871378354407276  0.57946222824251947
  0.59036645621146577  0.60180290121781643  0.61282318367025290  0.62344979035679915
  0.63389729054394317  0.64394304733262975  0.65425881169065958  0.66478352639640581
  0.67588056888466985  0.68647220520141405  0.69695077687737372  0.70760181211101802
  0.71869467321067371  0.73009140151597529  0.74161459238162120  0.75283384971740375
  0.76370628511833394  0.77438438281912891  0.78492220937275370  0.79512632280313911
  0.80467409469028384  0.81413962720191912  0.82396701433613218  0.83403481590455708
  0.84409250755719123  0.85402536020004594  0.86376982195061214  0.87361582126386184
  0.88353258832357640  0.89364700102263683  0.90401286330478081  0.91469170810867140
  0.92540271320891299  0.93581021729821778  0.94586266967959698  0.95614433747527205
  0.96717282892806433  0.97806765801418272  0.98921384366195364  1.00000000000000000
 -0.00230540631113397  0.00963363903838496  0.02009700449758824  0.03116935625325140
  0.04155096573717899  0.05141049545094430  0.06106037243891322  0.07099806417294702
  0.08111618519813710  0.09174149519459966  0.10190990710108634  0.11209761544105075
  0.12216207785275640  0.13360145943662985  0.14545175709573163  0.15696935809856954
  0.16816863986253985  0.17893652943056565  0.18930154047220679  0.19889109104446720
  0.20835344857276197  0.21830171691823894  0.22868894622689057  0.23967965660666374
  0.25036596290978169  0.26046859150713991  0.27022185256849346  0.27979321448130390
  0.29028521685438841  0.30156964612634679  0.31340368177526251  0.32455841091402232
  0.33516782461479006  0.34566463220997340  0.35634946568774967  0.36743590379141444
  0.37777737739610667  0.38734525664005576  0.39694260474801679  0.40676834452710731
  0.41777787792666837  0.42865905857157349  0.43878696892447860  0.44817187667369807
  0.45768635069138275  0.46835973677846954  0.47941108610263505  0.49058430664345792
  0.50132560673126170  0.51247811090566198  0.52320513573798799  0.53323353695252740
  0.54331931105318843  0.55373571115782838  0.56394923048898937  0.57366966533387032
  0.58355960732584133  0.59413313324797701  0.60554277823688862  0.61655182260448027
  0.62772153757103200  0.63914614045324558  0.65112395776302801  0.66299350295113180
  0.67374784085918704  0.68412867633948848  0.69445218906960926  0.70514528128552778
  0.71590309588422174  0.72663737266173811  0.73701249011011638  0.74707108962139523
  0.75737030780709835  0.76777685159794218  0.77835918081722921  0.78895502395649519
  0.80022308655051499  0.81197189795343527  0.82315699461205805  0.83380014782484335
  0.84410948780870332  0.85425275648877785  0.86485866087479402  0.87553014056590639
  0.88625054148818216  0.89675944145877839  0.90739314370748125  0.91822825442200007
  0.92922221453156650  0.93994003822786087  0.95029949773377687  0.96047479320660867
  0.97023350696371558  0.98048961499976328  0.98994305477331423  1.00000000000000000
 -0.00245336457452009  0.01016652590213317  0.02040258100160721  0.03042127633447974
  0.04029164641913480  0.05045464258834764  0.06158406440303792  0.07213093142784938
  0.08268686645575270  0.09280134240229139  0.10318012963952417  0.11387463776063618
  0.12489429381892128  0.13613598269580657  0.14691617409653826  0.15730317012730177
  0.16795243463364420  0.17844487586916705  0.18966249684443348  0.19950752083159093
  0.20938643844823354  0.21874031732050736  0.22822393736562979  0.23821777008655184
  0.24851886635769402  0.25926914351587016  0.26973308542279079  0.27986143118902074
  0.29020687037196263  0.30002312450006408  0.30973575599817649  0.31962527934420232
  0.32977349879912349  0.33988443028714571  0.35029946319057714  0.36087222068765074
  0.37187979209937816  0.38277891091805644  0.39367450364005047  0.40490372423863624
  0.41603422493312625  0.42748589098933382  0.43878604716323411  0.44959206953631708
  0.45985505395284609  0.47014578894540077  0.48078345556067220  0.49204229588169379
  0.50315155345127793  0.51381765760627363  0.52442917386266097  0.53494185531107497
  0.54538646311218020  0.55529952500469548  0.56522379621086549  0.57561281082953386
  0.58646270157472113  0.59749303522474106  0.60789769529215421  0.61827971599434750
  0.62873182868347233  0.63849771231764196  0.64816180487336283  0.65782964235204933
  0.66848305723750379  0.67910081648652953  0.68998176208516249  0.70091207961549740
  0.71242378039942622  0.72369778635934068  0.73471933195685646  0.74521833237109270
  0.75628813737152878  0.76746098798437123  0.77783373402241629  0.78770222573449356
  0.79777025430410264  0.80808913368679647  0.81811407547431070  0.82799010090551806
  0.83787469620511545  0.84822440037733793  0.85907482003311386  0.87021195402010143
  0.88070921358709608  0.89055465284032720  0.90072869113464338  0.91120501802293863
  0.92248947541744231  0.93349077328703289  0.94470307600441195  0.95627897458372402
  0.96774914460782990  0.97862530940015591  0.98919946968960193  1.00000000000000000
 -0.00245753514717104  0.00881884745694991  0.01899098048278340  0.02906923431631729
  0.03984111917165923  0.05042947100974590  0.06115312194535177  0.07206018773610247
  0.08307858066769157  0.09393626893425955  0.10461606784484312  0.11459743286315463
  0.12449010906559943  0.13401423795890252  0.14377006064715078  0.15387495858009742
  0.16381608498349670  0.17434189387166193  0.18421367033133929  0.19403842756145934
  0.20405719720505305  0.21513059689235453  0.22664259897400393  0.23754087095700588
  0.24850398391525316  0.25937301001299679  0.26988876232823206  0.28024504697065605
  0.29089047505559179  0.30154842466277509  0.31207521529995491  0.32242496788409969
  0.33287917433561337  0.34295475777448131  0.35297908765728853  0.36319337690421832
  0.37390290519103869  0.38442567708426334  0.39491198784031273  0.40546573419605131
  0.41663138127368965  0.42795963614877219  0.43930146224617611  0.45062520905056852
  0.46232821738257013  0.47449405176483678  0.48569686654494104  0.49632854289959338
  0.50647453888262439  0.51681781456490616  0.52693180591191358  0.53721363471504491
  0.54794346375193526  0.55882869586279982  0.57010117471851385  0.58058911002335289
  0.59157278602567220  0.60251481129023798  0.61350599127544669  0.62425165602377186
  0.63453285345654975  0.64471288444943464  0.65449803881498891  0.66440840326975248
  0.67481128083204589  0.68545632441515569  0.69609709336851588  0.70624995742620156
  0.71665812146138652  0.72698248490744566  0.73746789591495066  0.74797392124617268
  0.75865508851862851  0.76878628226836176  0.77859310962660810  0.78845063390700587
  0.79866739496753258  0.80924702122813696  0.81964576112888776  0.83035643394236902
  0.84100058688687696  0.85187205434298041  0.86247376781717322  0.87343491279725405
  0.88453364741486329  0.89548865323477767  0.90641437565019223  0.91721444991932899
  0.92790442450690769  0.93891209265100095  0.94960767916843891  0.96082690455874353
  0.97104705785564838  0.98079688538873111  0.99046095720649008  1.00000000000000000
 -0.00248695240293105  0.00938419145488787  0.01949356269779983  0.02947430592641063
  0.03973899843820572  0.05044520223540094  0.06089763386612683  0.07171280945443553
  0.08230615732965521  0.09323028107046347  0.10388728079274122  0.11444187819038319
  0.12476537253517125  0.13534690302402916  0.14599697327230551  0.15729939680872426
  0.16807996131250455  0.17855596756179945  0.18872615023660708  0.19950823638647411
  0.20972116683610370  0.21995321243713747  0.22981824244605142  0.23989759844946429
  0.25018810560126675  0.26038087293973311  0.27045437787591547  0.28044685896797400
  0.29025356131948976  0.30026400676529091  0.31024022909987975  0.32014374222425301
  0.33030251740029049  0.34060938968978277  0.35108856070964101  0.36152934040849055
  0.37184781825489577  0.38249354384615369  0.39293406559603655  0.40323018269265065
  0.41338901395175148  0.42378581253490188  0.43408822512580736  0.44446159774792687
  0.45468867177895311  0.46578237977083814  0.47681385741057519  0.48754808107644415
  0.49786123331475757  0.50844398545333458  0.51949344102513673  0.53039253315504831
  0.54103699146892015  0.55123544147671277  0.56122283131001838  0.57136354175669946
  0.58184993508559202  0.59213455502441725  0.60205497190632862  0.61218436758544648
  0.62268293862249946  0.63337004864773960  0.64438935248956630  0.65578086368009392
  0.66733761321605267  0.67827118037948575  0.68889415424007561  0.69951782681780128
  0.71028046400906086  0.72122694006246357  0.73180045947203576  0.74206271144995106
  0.75185489304192110  0.76177012343853634  0.77189821177266171  0.78252578862510347
  0.79343592353519710  0.80464789122560698  0.81584778939915659  0.82730007137443662
  0.83888089688111933  0.85043609897294004  0.86243570514100654  0.87424458244537251
  0.88593616914867668  0.89744348459384604  0.90833106857889578  0.91930075218261897
  0.92979983145825018  0.94079843798618523  0.95055312917591128  0.96022664972601490
  0.97016380919502521  0.98039257427261128  0.99041354485464772  1.00000000000000000
   3.0819653430904280E-015  -1.0000000000000000     
 T T T T T T T T T T F T T T T T T T T T T T T T T T T T T T T T T T T T T T T T T T T T T T T T
