  0.00191074593573751  0.00195539982977229  0.00200194317178525  0.00204735944138488
  0.00209489315616159  0.00214579913898363  0.00219597567081852  0.00224827993499288
  0.00230128368040040  0.00235399615128584  0.00240919186503934  0.00246571503928299
  0.00252420911266011  0.00258567733620815  0.00264949618168636  0.00271487251396161
  0.00278176964147780  0.00285058178657091  0.00292309700654234  0.00299967574232454
  0.00308243875049392  0.00316533201055125  0.00324738066635967  0.00332967069162656
  0.00341201948510349  0.00349571780430748  0.00358441073554446  0.00368025275293697
  0.00378146404684916  0.00388656382329684  0.00399661335167546  0.00410981768823738
  0.00422452929955415  0.00434291783510585  0.00446318978931010  0.00458878657867147
  0.00471715878891411  0.00485220059397886  0.00499323070785040  0.00513709069501887
  0.00528255915065678  0.00543033252416263  0.00558150340544452  0.00573861833615973
  0.00590341866215060  0.00607580846302277  0.00625582842840667  0.00644420874560825
  0.00664154148465079  0.00684646764125930  0.00705366485417338  0.00726552976709263
  0.00748920933011689  0.00772440324149410  0.00797218442283019  0.00822940194743701
  0.00850723957743905  0.00880216719711155  0.00911272405148867  0.00944265630354599
  0.00979612007460172  0.01017828286018993  0.01058555319587222  0.01101470526507350
  0.01147531796551469  0.01196792037332384  0.01248037690876779  0.01302177084809588
  0.01360498757015140  0.01422410901145090  0.01488208466009309  0.01559368041594954
  0.01638392009051521  0.01726760295718541  0.01823272372562046  0.01929398776816075
  0.02046301779067523  0.02173886906435925  0.02312438407174066  0.02462723649800715
  0.02631187027563405  0.02823397907955196  0.03046085978192385  0.03310595672956213
  0.03651666441622271  0.04072463472977535  0.04521241106491222  0.05013929813626285
  0.05601331008700257  0.06365077631066823  0.07354357417092433  0.08717292374317277
  0.10819520454142517  0.14674126529132209  0.24901076710808706  1.00000000000000000
  0.00526400907641186  0.00597838697694177  0.00666054376255643  0.00731062854552749
  0.00796997586032027  0.00863771496625125  0.00929068450301699  0.00996079997582350
  0.01067589649514591  0.01141441388824785  0.01213862083564744  0.01290561625974459
  0.01373809311898865  0.01464243694778233  0.01558877387265885  0.01656264583558133
  0.01758064301834204  0.01863221792090695  0.01972636553120764  0.02087048668793947
  0.02208494160964043  0.02334432302982284  0.02462358815554865  0.02591471066399160
  0.02720009418133551  0.02850131199488044  0.02988276757917706  0.03130178028775605
  0.03285852047903350  0.03452852093265488  0.03631972408143306  0.03823407706121702
  0.04013651531168641  0.04224198967063469  0.04445589331402449  0.04660465356754286
  0.04887842076106006  0.05111308400622803  0.05340438671332206  0.05585431451311884
  0.05851948132931913  0.06130142955823068  0.06414842936964066  0.06704686587661583
  0.07015320995391044  0.07340662753315419  0.07673757325867224  0.08021115226922979
  0.08379824584813166  0.08742053501171017  0.09115925084515031  0.09506646226502585
  0.09900791067905609  0.10300289553947622  0.10717682631259769  0.11154098488909546
  0.11596818704454522  0.12041280292454400  0.12508624539690386  0.13020148675440674
  0.13564226145703978  0.14151875454671159  0.14763634171410625  0.15417168968635153
  0.16094003870666557  0.16797823595801603  0.17517511907075908  0.18253738779667492
  0.19001696755659592  0.19792142613257802  0.20648007892853254  0.21550010984532217
  0.22467643360963122  0.23404223522879183  0.24398834332887426  0.25494344932772789
  0.26728770589817702  0.28047293406867452  0.29454366036832158  0.30960673514190373
  0.32546775449140175  0.34240166060722993  0.36076584237572745  0.38023957001933256
  0.40109788255141404  0.42424454576236864  0.44910551676972726  0.47679219196335931
  0.50777565062530883  0.54417085024987533  0.58600915470434423  0.63385667670819379
  0.68936322980991371  0.75486457848102162  0.84940077110694201  1.00000000000000000
 -0.00258504041272437  0.00961046254387354  0.01983724221219274  0.03022158738067008
  0.04031324033474740  0.05047773442173418  0.06094238568445951  0.07193145527064747
  0.08317883058017556  0.09418525310640925  0.10498690766734220  0.11557627713024687
  0.12575777085332279  0.13567399629097260  0.14553507168331350  0.15625707567087435
  0.16702480232919245  0.17751460662685004  0.18779839506325416  0.19810175783951842
  0.20875232583178976  0.21916727992792998  0.22992831344601580  0.24092389164659642
  0.25207120088922125  0.26264201393971565  0.27298676385798726  0.28346965289854631
  0.29423353114344253  0.30501635544025230  0.31574883920838293  0.32649649445065571
  0.33720819675477426  0.34754543273902833  0.35765703909556007  0.36781063471337955
  0.37819325776223434  0.38876084786496784  0.39949078504361296  0.40992678141220906
  0.42036170121039734  0.43087758568061368  0.44147343623133795  0.45206597122675574
  0.46214403100245482  0.47182787617747746  0.48132030264980424  0.49100883059701850
  0.50076500626032594  0.51061843380613792  0.52084294222892291  0.53173023469272207
  0.54291058732837427  0.55391409315754092  0.56479758732320029  0.57542718526902048
  0.58603505177500526  0.59677095524402690  0.60749294847256230  0.61814842228597167
  0.62856563684585209  0.63935707233990602  0.65012376062812627  0.66133762556674114
  0.67222602461097980  0.68295570298334540  0.69316861153299503  0.70328075673424262
  0.71355557244641599  0.72444702998039012  0.73547462398462804  0.74633649359491760
  0.75726962683003518  0.76824164859985244  0.77904222281794611  0.78981726052725509
  0.80082655498912558  0.81179685673982704  0.82176862416173302  0.83166844444250787
  0.84163641838843695  0.85245800630396040  0.86361818541065194  0.87464080536395528
  0.88542680620408409  0.89628778154045396  0.90660505805982305  0.91656572444568885
  0.92623810147839669  0.93652970502624178  0.94752549836388444  0.95853085869066779
  0.96959460177410006  0.98010919999893831  0.99015157121838060  1.00000000000000000
 -0.00260692578304067  0.01020890697314938  0.02080314172846904  0.03157479747628012
  0.04257977764096922  0.05303957649099249  0.06335761676070777  0.07354546040994064
  0.08383174313981959  0.09432004246610125  0.10476373532833037  0.11513068781894546
  0.12527021211157166  0.13554976474910926  0.14618251786906383  0.15685515273839168
  0.16749479091586092  0.17788681841745826  0.18803408213372669  0.19834356928437022
  0.20876271159106996  0.21909095543368456  0.22896959085350932  0.23911562683256160
  0.24948715436041402  0.26018584237399994  0.27061981446935834  0.28106853495021944
  0.29124705137335927  0.30162288405871690  0.31207393650618276  0.32265352878889531
  0.33311127744355751  0.34344660480299399  0.35384624708622769  0.36407605352153616
  0.37405445232120432  0.38416942934269460  0.39476129673512733  0.40571829091884803
  0.41653521637745733  0.42716939848354435  0.43756208698714738  0.44768246538410528
  0.45786862820545526  0.46853408613072078  0.47934170681892502  0.48991400826257087
  0.50026418954942931  0.51083602924096072  0.52150220227694299  0.53193139662521727
  0.54236413529266281  0.55276876689311694  0.56333257357014865  0.57375405648824973
  0.58408025499113581  0.59466905956678873  0.60545554560054460  0.61595423320388754
  0.62649745683139135  0.63712406941772404  0.64815550079180850  0.65923038012537116
  0.67026418918774189  0.68107454886682095  0.69179306243071037  0.70249661866117530
  0.71356818190823434  0.72483615811120006  0.73642274951597619  0.74776227752002766
  0.75871032020857088  0.76941661119731475  0.77987427403820486  0.79019067022942557
  0.80038895936652765  0.81073457816920480  0.82136931555537607  0.83179677167880439
  0.84200524491978490  0.85188253852790385  0.86235181802141969  0.87300861277457031
  0.88392504656341520  0.89475179581929931  0.90560429755357119  0.91643275163649995
  0.92724378322941126  0.93785630155836586  0.94807121324692467  0.95812063561121619
  0.96832188341418823  0.97891851472523383  0.98945439755373354  1.00000000000000000
 -0.00224226469107557  0.00860402075073656  0.01824566835343912  0.02892590022494274
  0.03974760871432333  0.04995229979946691  0.06014270964016033  0.07024984446421789
  0.08063044368302653  0.09101562233926661  0.10121273801082431  0.11120092034603578
  0.12153505588785596  0.13197147768688361  0.14277815135870850  0.15309601898001318
  0.16343064778959401  0.17364906015371434  0.18419893759949776  0.19459351667452093
  0.20511838919991549  0.21571583093412081  0.22659537050598788  0.23690459536160985
  0.24733614332267828  0.25775762488295845  0.26873057198714467  0.27972560981121469
  0.29046378604853990  0.30123390417934803  0.31160648482821646  0.32206318586111021
  0.33271334048338747  0.34396042491985535  0.35536232451673982  0.36680430095314936
  0.37781463077785793  0.38839953122443927  0.39883063486386383  0.40952768621888519
  0.42029478362932982  0.43110898619783455  0.44213140510523458  0.45344416975151031
  0.46413702938071705  0.47453432301135107  0.48486144073398629  0.49514296568926408
  0.50528571840819692  0.51532338367153274  0.52536877734127518  0.53621578115333945
  0.54759563648408105  0.55941423609589436  0.57041883286816364  0.58145610274600934
  0.59248502409647696  0.60345411347475975  0.61358108801247624  0.62377356979152876
  0.63438731185670572  0.64478396354839240  0.65512851472676936  0.66527246983035271
  0.67604241960760525  0.68685947453976803  0.69752969279748755  0.70812182292980097
  0.71827292812666543  0.72853273483432557  0.73890638200795611  0.74927821832940411
  0.75980522848845589  0.77067387080271210  0.78203698960632717  0.79357897869386140
  0.80468320366126811  0.81509805078707132  0.82543722057104230  0.83559488290030326
  0.84588734842477109  0.85644845973292982  0.86721050436003211  0.87830415583744204
  0.88929051294187644  0.89982275111803134  0.90990752620860371  0.91974619712386996
  0.92994005033542171  0.93998822177090435  0.94988944758292693  0.95956072782982094
  0.96932697517146060  0.97934509694506267  0.98950916614271256  1.00000000000000000
 -0.00247819917923854  0.01000158301158362  0.01960254818694409  0.03020854023055473
  0.04051970027729877  0.05247235822895768  0.06412072461401550  0.07569570615442128
  0.08648207264324510  0.09656634666532932  0.10678544581874409  0.11708498557794582
  0.12735336623885082  0.13793988751181818  0.14823834600365787  0.15951395511940281
  0.17023055635186862  0.18122835152472888  0.19175437549257213  0.20212052412315162
  0.21277669836072513  0.22348026843429800  0.23412448619008158  0.24475336135396716
  0.25533080676368469  0.26626698957210482  0.27720572058528031  0.28815353893699047
  0.29885629877219472  0.30938868864924834  0.31989946613756809  0.33040513997911053
  0.34103324370833205  0.35169558654558586  0.36218478264095438  0.37249679055346147
  0.38269050617787614  0.39273632729181157  0.40257214672631936  0.41251777084062241
  0.42298717026997495  0.43386334579266500  0.44469051366477175  0.45546001873918934
  0.46580897083485984  0.47630539275770717  0.48725714742318577  0.49852382586691718
  0.50976321864545515  0.52084458220801366  0.53176894796347707  0.54241001143193301
  0.55295174596480756  0.56327136099457398  0.57336064631884198  0.58323780610383691
  0.59320446583013275  0.60354322450194686  0.61414776278399119  0.62485800576295447
  0.63548964602458524  0.64589941632605452  0.65619470111586231  0.66688360972493399
  0.67743212566613609  0.68786762651682531  0.69806921559948876  0.70836096041437435
  0.71898273199317198  0.72947596677962678  0.73973352856018526  0.74980952361564390
  0.76007901808092559  0.77084251515583735  0.78148261166282884  0.79171081048545744
  0.80184509537651594  0.81192119048230671  0.82194911842309049  0.83214242469490374
  0.84250341320477973  0.85297090342326776  0.86336200718847445  0.87363093398180669
  0.88427250319805384  0.89504247355115685  0.90595774126602169  0.91655198146345040
  0.92737035937827617  0.93806597905261058  0.94861768848396066  0.95856188768324857
  0.96895691744061607  0.97950220427208423  0.99004610179493580  1.00000000000000000
 -0.00220065571258936  0.00885456657027216  0.01803170643097395  0.02767243402517196
  0.03755941452574806  0.04741306560604613  0.05715618108988169  0.06706314836029593
  0.07753486303881527  0.08827157984045965  0.09858730159800894  0.10877477121104023
  0.11902038599201220  0.12919089865685018  0.13942219577507423  0.14963389578758746
  0.16040061528529823  0.17078235058754995  0.18191129850834065  0.19252854258606966
  0.20371847359122461  0.21452082284753499  0.22546959236658498  0.23604153393661151
  0.24649678231647190  0.25708430471579713  0.26788144045349360  0.27899082510884898
  0.29003798570272560  0.30125622375717853  0.31223212171888975  0.32275586673835943
  0.33337111175316825  0.34357459845118193  0.35370201998656753  0.36342765593746240
  0.37358753796718802  0.38407509302280640  0.39462766796309784  0.40593677196000150
  0.41736824475604056  0.42866884108226161  0.43914620703664559  0.44922966652621144
  0.45912649543649597  0.46922946522778058  0.47980428343925841  0.49059724280310335
  0.50175434923228912  0.51285504506648116  0.52354341963442941  0.53378484946298854
  0.54445028756522551  0.55565234792256235  0.56667618322478164  0.57688100268206521
  0.58732990578923905  0.59797064910715114  0.60844061336242872  0.61873212294127689
  0.62905621435904724  0.63990977484103573  0.65043940884198648  0.66130024250514563
  0.67163722405252380  0.68260314936447997  0.69367295018708908  0.70521683641617139
  0.71650267987934568  0.72778819227144076  0.73934050412074803  0.75094789669198814
  0.76200000951218516  0.77256749464381191  0.78282529643346943  0.79292533594889247
  0.80345892698594112  0.81432026995973394  0.82541437415175267  0.83633337832586641
  0.84695648472660667  0.85716338613703780  0.86694528335164378  0.87625252715301205
  0.88565972743201249  0.89532660917094742  0.90561578368731732  0.91582579632591421
  0.92585242777195309  0.93554372364049099  0.94577098634636536  0.95608511948289965
  0.96670624113626213  0.97741642424940289  0.98887197881353861  1.00000000000000000
 -0.00277333193390608  0.01065067497392830  0.02136332169357876  0.03220027243807511
  0.04245595758286394  0.05277294304600640  0.06320091912089193  0.07420593020181571
  0.08526595513929477  0.09668687278529937  0.10737935742987077  0.11819164721328190
  0.12811091728210233  0.13794124241795688  0.14763705186194195  0.15757701958874196
  0.16731460352833760  0.17704149049721035  0.18709728582831783  0.19832678553210109
  0.21008456838941414  0.22112281025699426  0.23158787254746657  0.24190622595761629
  0.25234115099240800  0.26308966404433148  0.27387361262066845  0.28443759348589814
  0.29538327875162523  0.30613038431946982  0.31695459160781059  0.32679761662308698
  0.33660345244770662  0.34633019805982701  0.35675283349291692  0.36727057692792747
  0.37771053190317411  0.38768458424031771  0.39735197584233733  0.40716761768205345
  0.41717988873592710  0.42766067065308982  0.43821624868923881  0.44893538773648739
  0.45981129675866889  0.47061054496487054  0.48152708150158829  0.49261012753638828
  0.50374178561316252  0.51456777743289006  0.52491900866666630  0.53489690978983373
  0.54497187076133147  0.55528735161888576  0.56569128195189011  0.57591069648888638
  0.58621871393967606  0.59668375313686861  0.60735010895435348  0.61785267995923365
  0.62844567957612918  0.63904757817096181  0.64957582260444691  0.65985703197399959
  0.67028309135590325  0.68106803767580693  0.69188308399153486  0.70263499054150091
  0.71333891154257378  0.72451092628783065  0.73598872119959735  0.74732876748829702
  0.75815847666061531  0.76870158554136525  0.77953664358013963  0.79042227625701933
  0.80089056423067118  0.81142534022388801  0.82197908789375040  0.83261992854645361
  0.84270427984385821  0.85273360100802620  0.86262143521861856  0.87297965298335800
  0.88331594586348083  0.89368909692023712  0.90400601200821418  0.91504927822548943
  0.92630730738259015  0.93712982144799639  0.94696486990241691  0.95693781405392886
  0.96734777392588189  0.97836917688222980  0.98916885228568940  1.00000000000000000
   8.3200819581828266E-012  -1.0000000000000000     
 T T T T T T T T T T T T T T T T T T T T T T T T T T T T T T T T T T T T T T T T T T T T T T T T F F F F F F F F F F F F F F F F F F F F F F F F F F F F F F F F F F F F F F F F F F F F F F F F
  <DiscreteSampler_grid>
  grouped_processes
  1 # 1 for a reference and 2 for a running grid.
  10 # Attribute 'min_bin_probing_points' of the grid.
  1 # Attribute 'grid_mode' of the grid. 1=='default',2=='initialization'
  0.0000000000000000 # Attribute 'small_contrib_threshold' of the grid.
  0.5000000000000000 # Attribute 'damping_power' of the grid.
 # binID   n_entries weight   weight_sqr   abs_weight
    10   10   5.551120257811085E+004   1.349834887700519E+010   5.551120257811085E+004
    16   10   3.664994101265210E+004   4.534101133882665E+009   3.664994101265210E+004
    22   10   3.664994101265210E+004   4.534101133882665E+009   3.664994101265210E+004
    28   10   5.551120257811085E+004   1.349834887700518E+010   5.551120257811085E+004
    34   10   5.551120257811085E+004   1.349834887700520E+010   5.551120257811085E+004
    40   10   3.664994101265210E+004   4.534101133882665E+009   3.664994101265210E+004
    46   10   5.551120257811085E+004   1.349834887700519E+010   5.551120257811085E+004
    52   10   3.664994101265210E+004   4.534101133882665E+009   3.664994101265210E+004
  </DiscreteSampler_grid>
