  0.00000008547200416  0.00000015785823790  0.00000022312011372  0.00000029172101780
  0.00000036081159762  0.00000042976010960  0.00000050107999938  0.00000057340176836
  0.00000064852293207  0.00000072287564727  0.00000079391001795  0.00000086486133874
  0.00000094021860172  0.00000101968347317  0.00000110099256693  0.00000118072533743
  0.00000126400218609  0.00000134448570696  0.00000142687913033  0.00000150952560066
  0.00000159779680590  0.00000169451450848  0.00000178563529109  0.00000187188772460
  0.00000196750196561  0.00000207113410151  0.00000217434199700  0.00000227209405485
  0.00000237403570689  0.00000248358086410  0.00000259149922023  0.00000270014130191
  0.00000281563180646  0.00000293969687341  0.00000306845544977  0.00000319727650327
  0.00000332266863342  0.00000344939627426  0.00000358496000859  0.00000371896796207
  0.00000385778174622  0.00000400753811170  0.00000417203993741  0.00000433861647126
  0.00000450525943511  0.00000467118933649  0.00000484438062418  0.00000503325691933
  0.00000523474281810  0.00000543515185599  0.00000563128977760  0.00000583729648807
  0.00000606226852710  0.00000631168943672  0.00000657127553813  0.00000683486926806
  0.00000711944924414  0.00000742127417917  0.00000773453128796  0.00000804785851542
  0.00000835633679445  0.00000868731227961  0.00000904954438217  0.00000941742541557
  0.00000979195648937  0.00001018279000887  0.00001059249482123  0.00001106875397496
  0.00001152518007256  0.00001200688142491  0.00001253826544984  0.00001311823095806
  0.00001373041045385  0.00001431720114996  0.00001490659577383  0.00001556284871199
  0.00001626865732811  0.00001698287665471  0.00001769237909389  0.00001839396631541
  0.00001917539081464  0.00001995521460084  0.00002075405067543  0.00002157899729893
  0.00002246844404444  0.00002340908162275  0.00002441668148983  0.00002551795325940
  0.00002678262730694  0.00002820167376958  0.00002976556405869  0.00003146167498320
  0.00003357622393080  0.00003605482259949  0.00003706885446244  1.00000000000000000
  0.00000024154090692  0.00000070188430652  0.00000085698225439  0.00000103744211281
  0.00000123752126980  0.00000145032394391  0.00000166556338369  0.00000188020301206
  0.00000209422941620  0.00000230377029348  0.00000250511790717  0.00000272892939057
  0.00000298066861667  0.00000323782364764  0.00000348621269495  0.00000374551820249
  0.00000401089139951  0.00000428673807914  0.00000454911272808  0.00000481492979829
  0.00000508713345437  0.00000537456252876  0.00000565637745938  0.00000591912616118
  0.00000617865270704  0.00000647263722421  0.00000679204681163  0.00000710983264619
  0.00000741650410077  0.00000772225747815  0.00000804723137583  0.00000837540538377
  0.00000871163563263  0.00000904230964577  0.00000935954546918  0.00000966381215669
  0.00000996448822370  0.00001026243770115  0.00001056527980234  0.00001086890958696
  0.00001118817987292  0.00001152126354453  0.00001186197681034  0.00001221685222981
  0.00001258008891750  0.00001294848455614  0.00001332641141588  0.00001370887558728
  0.00001405377482903  0.00001439766664924  0.00001473221560625  0.00001507365403689
  0.00001542925491400  0.00001580696484759  0.00001621387591199  0.00001663895851694
  0.00001708735477134  0.00001752566626465  0.00001799734721217  0.00001846615690738
  0.00001894481074653  0.00001945319141689  0.00001995314027783  0.00002043764247250
  0.00002092463441740  0.00002142120121451  0.00002193076150687  0.00002245330862410
  0.00002301853189846  0.00002363349634685  0.00002424105948646  0.00002486248168908
  0.00002550137686109  0.00002614691872499  0.00002678836858443  0.00002745242636427
  0.00002816748054235  0.00002891361507645  0.00002968562862799  0.00003051672857471
  0.00003137549594258  0.00003222941200200  0.00003309221758010  0.00003407707063526
  0.00003510827548643  0.00003618907926765  0.00003734512950324  0.00003858127362180
  0.00003988765529774  0.00004152160911004  0.00004354349937784  0.00004598368055998
  0.00004946533462951  0.00005307443643817  0.00005391588268941  1.00000000000000000
 -0.00188762840488288  0.01135906964044525  0.02390794980491091  0.03691423286683787
  0.04992858894090414  0.06189598987906551  0.07236052662560129  0.08238633240669863
  0.09238594111098730  0.10298316573627354  0.11386991223654774  0.12441052214762553
  0.13547315306514016  0.14696685434674495  0.15888695271155623  0.17081977353851055
  0.18244474000295677  0.19371850183888176  0.20478397176117477  0.21601029823013501
  0.22755771846007225  0.23894101931679623  0.24988195031527591  0.26009404687766774
  0.27013985093955228  0.28043061099335564  0.29094888933136615  0.30197995079996337
  0.31357877010590973  0.32529717556644322  0.33713016505935572  0.34838356968745821
  0.35929873665051232  0.36958100940222588  0.37964143791834665  0.38989861604986359
  0.40051601444109036  0.41118953502265504  0.42146491652248663  0.43129974263949605
  0.44116515541592538  0.45106829245363522  0.46103820882266405  0.47100318493683258
  0.48101351313843305  0.49130361470075379  0.50205789078065544  0.51370295693864154
  0.52554069910676515  0.53626438851456548  0.54595464961777040  0.55522214311294527
  0.56477385719813655  0.57457957591318798  0.58416967944028009  0.59377271200358051
  0.60356075230822337  0.61371342542014506  0.62440890705202767  0.63521692413023723
  0.64645848206039946  0.65764218337533586  0.66878998635510667  0.67962234753520356
  0.69032625099559541  0.70110141624713440  0.71175963625457017  0.72230629439389182
  0.73264212164639197  0.74317364144713483  0.75337873239813291  0.76303509967031080
  0.77283653330614244  0.78258893728398926  0.79220744353719530  0.80154139680390368
  0.81079786799453613  0.82061084210489699  0.83102901884162395  0.84148766431238975
  0.85174950030063390  0.86116452272565114  0.87109846607911801  0.88070419063339944
  0.89018047604841211  0.89930942658545032  0.90876367155956062  0.91850270664762346
  0.92784732516589785  0.93709441348822109  0.94681768685658774  0.95737689583060270
  0.96820203244132752  0.97962111742468272  0.99008207741583976  1.00000000000000000
 -0.00227284707654229  0.00912966187093236  0.01844764881983419  0.02844602544059516
  0.03833101171318543  0.04838462154613057  0.05864874891432779  0.06941317964716116
  0.08043059965227264  0.09141719786555313  0.10194501728586375  0.11186619162511968
  0.12195234619530976  0.13225335604187244  0.14335485844319806  0.15483002092183598
  0.16627193296541218  0.17772290865340140  0.18906598052990917  0.20012354334594012
  0.21083323451708269  0.22062155154084839  0.23085257203002535  0.24103950151858811
  0.25110988773355059  0.26075549409251703  0.27092431390542415  0.28244162900535302
  0.29431468522857873  0.30571009807291494  0.31645346727700829  0.32706733921120157
  0.33742869203166020  0.34755859321058213  0.35769386117906760  0.36818712972813089
  0.37886250508222274  0.38954722286802712  0.40034682515989195  0.41139569317970465
  0.42196678608593691  0.43242801675119430  0.44313680927930371  0.45476045031070578
  0.46592216191183522  0.47652707290662261  0.48635809603378138  0.49586782587470174
  0.50623499855775655  0.51717461156550049  0.52754869754182432  0.53734126448608199
  0.54732390698455913  0.55766265707423124  0.56806977796876212  0.57810340601754273
  0.58851219972863633  0.59911715625891759  0.60921819734895144  0.61904956134474132
  0.62898879300185340  0.63923500638061581  0.64968022040907680  0.66008199754063068
  0.67047098505992342  0.68132577291584639  0.69164821556217138  0.70104938967889630
  0.71021162909287194  0.72027637845706594  0.73156242153583750  0.74271531050596473
  0.75322651018677622  0.76326463560794922  0.77349332341839194  0.78403914363182992
  0.79427424232401067  0.80415492065370497  0.81409206935603251  0.82479817331152172
  0.83607584618255859  0.84750804169783489  0.85930792593685901  0.87093245842272582
  0.88174287199504187  0.89170778236572945  0.90192132911045220  0.91213019440756538
  0.92206517323995874  0.93168328085025243  0.94202525947740079  0.95313627824962377
  0.96486449454372714  0.97650444214202303  0.98810267045005928  1.00000000000000000
 -0.00210762314499932  0.00903058488457198  0.01799862042411943  0.02745944923133892
  0.03760112548018398  0.04821350788661104  0.05858669496476097  0.06873573698436139
  0.08014213780767170  0.09191750725609046  0.10374917970519958  0.11485289629531298
  0.12570970690570274  0.13687662166165074  0.14765966092474239  0.15813713036042407
  0.16842178687462123  0.17849690857403999  0.18898918021648128  0.19893326542363218
  0.20955328636475187  0.21934432192774303  0.22949577582251784  0.23947029525112062
  0.24937169847808696  0.25906394172785741  0.26853270074321756  0.27847931952947502
  0.28941338157843877  0.30047651525887303  0.31189573493945388  0.32348608374855120
  0.33551998094340368  0.34714294946944257  0.35848402718868844  0.37008891653316517
  0.38240272181125273  0.39459635740439408  0.40584850933482663  0.41667729375040274
  0.42738246672891578  0.43802284585344048  0.44879893562196310  0.45973470155467799
  0.47067882875623029  0.48152186679904913  0.49224600946666058  0.50267987872855902
  0.51243867325472359  0.52210110924417585  0.53212087895579174  0.54215596877646566
  0.55195650786030281  0.56160931345600773  0.57169227973930592  0.58250280803830656
  0.59366146507175166  0.60499984059229772  0.61656886310003189  0.62819741932449003
  0.63918571043455608  0.64982824512476012  0.66046869073476921  0.67124137140991369
  0.68249001910036056  0.69368616106221703  0.70482963287239564  0.71607911218055620
  0.72756471193152183  0.73899209728630688  0.75090133814487070  0.76300804904953845
  0.77435033000101350  0.78554836313108378  0.79658190971892762  0.80816233696679607
  0.81957429595101761  0.83069328488606919  0.84151510791157613  0.85189749747391652
  0.86203196487744760  0.87168704526562124  0.88067057359924605  0.88968856420813613
  0.89888531071579503  0.90876716493583187  0.91884373163252686  0.92829507541376910
  0.93728075565447233  0.94576419335902318  0.95478511762924223  0.96392824597758564
  0.97301097173629325  0.98179917683007256  0.99079461416685544  1.00000000000000000
 -0.00241720836904792  0.00930860488491616  0.01960833517838697  0.03062408598788787
  0.04124803506332739  0.05092831543321978  0.06062286720442839  0.07111335356666187
  0.08262770263186808  0.09479733964496891  0.10629512349811861  0.11853120948777805
  0.13067518857458876  0.14293158194759714  0.15556352833362708  0.16804883529736361
  0.18018973383568310  0.19206233106006568  0.20460860245828266  0.21569177993969221
  0.22671607738646996  0.23743376947971179  0.24865752968183852  0.26028957361115057
  0.27118683741055033  0.28183364482272721  0.29198766080794336  0.30222547664051730
  0.31266893536940221  0.32318032047568002  0.33385743519521155  0.34444857137920298
  0.35457047126801827  0.36419032451203881  0.37377475649971137  0.38422573681589439
  0.39529244482403725  0.40599499568316083  0.41600544607400142  0.42565688008490821
  0.43532579842214547  0.44516473595097106  0.45519954402580437  0.46516723149475475
  0.47489497549405713  0.48449466203634922  0.49408132665594851  0.50386615883945041
  0.51378283760603927  0.52409811089510427  0.53422032400073338  0.54393002643998045
  0.55384205090511429  0.56434785714581737  0.57550373533096832  0.58742748045881055
  0.59842583676631955  0.60879203882440736  0.61859587562052254  0.62868976321353320
  0.63908503595264521  0.64912121828976510  0.65901175029029135  0.66883925124204680
  0.67895413815339445  0.68881969884085770  0.69829936673847515  0.70806386376604835
  0.71806665468785713  0.72845253383377540  0.73846167149404951  0.74839047862208385
  0.75790868080464580  0.76743808396343249  0.77713690860931706  0.78743075920884509
  0.79756702988930372  0.80855529658749348  0.81985506816382392  0.83109491637074329
  0.84163228964289527  0.85197732094905676  0.86210579971312251  0.87246103758931071
  0.88249801760998692  0.89285988983338316  0.90363871769034010  0.91431807312895164
  0.92485455750627088  0.93505934520891532  0.94596352527594307  0.95710668888850692
  0.96805460594867043  0.97849056638550036  0.98933052232883789  1.00000000000000000
 -0.00209264428947195  0.00696305294088831  0.01490093959146599  0.02288977206037832
  0.03112351065313464  0.03895733511608549  0.04659522255376503  0.05430112543175671
  0.06242015144005827  0.07142299022267480  0.08044742469237064  0.08944181031524293
  0.09849340016642597  0.10794090942339435  0.11730340466053886  0.12627923262113025
  0.13545027893049139  0.14524610429250509  0.15617780517206328  0.16801386522202660
  0.17967078098448361  0.19062250493098518  0.20117338776834884  0.21161467010076862
  0.22227848214010082  0.23320557317078000  0.24416130694220484  0.25519938245679497
  0.26655842179145872  0.27772323221099221  0.28897102346723325  0.30061525982340698
  0.31249827135462471  0.32440217160731893  0.33640638877728402  0.34824547428013131
  0.35949908642845624  0.37088155499146974  0.38276636072272541  0.39495207150884404
  0.40687535915910528  0.41912697854031616  0.43138467312491791  0.44390488672225226
  0.45591852357341855  0.46772392323370465  0.47951588030201442  0.49214684102115941
  0.50356469467215959  0.51504137131749184  0.52602475397663639  0.53753476011453527
  0.54920212371429544  0.56098349989497376  0.57269608189416699  0.58450661965487027
  0.59639278512612226  0.60781451219695259  0.61871735431972852  0.62894628234342309
  0.63915991600498911  0.64972549762719423  0.66075965861758190  0.67178564316664879
  0.68259145554725809  0.69359020806930416  0.70426845123583459  0.71559979378245497
  0.72695293164858354  0.73847966643045604  0.74981151271958257  0.76077661666365770
  0.77174494442788744  0.78229072857202853  0.79272333374921100  0.80296195817346538
  0.81302612530327412  0.82270640418475538  0.83243443496303826  0.84227268231746577
  0.85265117181855177  0.86306121749541131  0.87378679799954262  0.88497523109818921
  0.89603670630066834  0.90699273241810707  0.91741934030077654  0.92710040787504644
  0.93639092275972302  0.94573468554579421  0.95527906597331691  0.96451248154172831
  0.97326950564227821  0.98206555131239315  0.99100381406501103  1.00000000000000000
 -0.00215823246998577  0.01018753224135458  0.02051391543343148  0.03075971965290924
  0.04133562424534534  0.05288179716843894  0.06416381114041199  0.07526583691567673
  0.08615621715380707  0.09691936050753792  0.10731555869872862  0.11741814124916414
  0.12732619198447123  0.13710334330159507  0.14673473849495078  0.15659539032042644
  0.16670025248302883  0.17702204566146651  0.18780161253831160  0.19887374180070788
  0.20980595297594573  0.22036825429065207  0.23120326956590137  0.24250996690741955
  0.25370678830456961  0.26443858623573735  0.27493578340138231  0.28538944488445750
  0.29556855679782096  0.30552022024616127  0.31562160285838481  0.32542054108260926
  0.33524622576845692  0.34495192248386958  0.35468688678017057  0.36448060438114216
  0.37428757874518187  0.38433635377840986  0.39427854169427462  0.40422076083325797
  0.41397328622264329  0.42417292067955681  0.43491933137546168  0.44641208887565553
  0.45840531232127835  0.46982220412097181  0.48106547036580838  0.49190777498480120
  0.50288002120881659  0.51498803682900185  0.52739284004915865  0.53928208089424945
  0.55070156761831579  0.56200555589269496  0.57363523014375739  0.58592017351328129
  0.59878542673437529  0.61102834684476792  0.62195446903046525  0.63215981436932245
  0.64222962096862057  0.65257073620218820  0.66329461396234723  0.67424406225528732
  0.68542409703004326  0.69660148183341142  0.70809504987191874  0.71890112708471099
  0.72863439770850891  0.73765006035162861  0.74698730863394036  0.75679259799063847
  0.76637859336483849  0.77539885504467521  0.78467419932436588  0.79416830268879646
  0.80449262165195379  0.81436956361987811  0.82437220124826738  0.83417479430389929
  0.84439924588947846  0.85528797042873339  0.86705610998116456  0.87916840948485842
  0.88940282979180108  0.89943317721714200  0.90907512642832555  0.91882068816647033
  0.92822130171321471  0.93745606784605573  0.94717875921702577  0.95760276214938134
  0.96830271100359455  0.97890534116561689  0.98938161034791949  1.00000000000000000
  0.02376423167109387  0.03492016360802523  0.04726736137050877  0.05904795851483452
  0.07057584855664135  0.08218457728392255  0.09327453684251306  0.10438669081994820
  0.11580623476212362  0.12739125532943174  0.13893217527840093  0.15024365339409351
  0.16166570973822889  0.17250488222950161  0.18304917296269463  0.19364971749973858
  0.20477445753746221  0.21644124669833412  0.22820278323875992  0.23965405354677929
  0.25074803138558005  0.26115101536329033  0.27143065580830367  0.28179297997889341
  0.29222654908902829  0.30281873191922598  0.31345802363516517  0.32468645697177556
  0.33569211922168379  0.34646550916587460  0.35680656472534839  0.36692458411368795
  0.37753641876683142  0.38875597513307281  0.40001296089921140  0.41083689071855600
  0.42141623647182380  0.43165802738213738  0.44128659471874288  0.45060465873487970
  0.46020001632329360  0.46999825455132965  0.47989028168366948  0.49012990189668709
  0.50057948777141281  0.51073040354809152  0.52047301077011976  0.53022808136912059
  0.54009195810733901  0.55024056837083690  0.56032409109233816  0.57020299418802312
  0.57974048834252334  0.58950694182449359  0.59994901762817821  0.61067064776016833
  0.62092686186988955  0.63110700766900019  0.64151682844073310  0.65167834804867419
  0.66143419480869814  0.67093272748651400  0.68056099378092116  0.69090070335188092
  0.70142893560684194  0.71185453848329605  0.72202097167682810  0.73222667303550992
  0.74239623435049584  0.75225675098557165  0.76162361743979079  0.77092584929097141
  0.78029966670752116  0.78992659326461157  0.79952484235259347  0.80877667618598426
  0.81779061778668050  0.82699144148712511  0.83638306095695558  0.84591324242830690
  0.85523760254751058  0.86433149918769703  0.87355010836205249  0.88277346450642047
  0.89192598591717054  0.90110586041203566  0.91013899956342281  0.91940415104867446
  0.92770139977375465  0.93624267931982075  0.94420628872198842  0.95265605956082422
  0.96005169894402786  0.96652171495922001  0.97016661129319226  1.00000000000000000
 -0.01609711596901366  0.10291087516776184  0.14148681876944627  0.16772258324568864
  0.18823695405515439  0.20558274173619170  0.22109506042765703  0.23582874055667441
  0.24989329981475508  0.26321068381510027  0.27600105870737679  0.28727404936220252
  0.29789999573490927  0.30859550853612433  0.31896263448946949  0.32950604536529821
  0.34040028320773491  0.35153177200510932  0.36177342028851966  0.37131141141621377
  0.38067137263727641  0.38994834845608611  0.39909554960400628  0.40801087506976835
  0.41687725696408973  0.42548518441648980  0.43408682458542786  0.44316188752156471
  0.45278958448356760  0.46202320339623809  0.47085373590763335  0.47967597487407904
  0.48843674801680653  0.49695345066242225  0.50486516793690328  0.51233622041788252
  0.52007472311674641  0.52799288266291899  0.53619098476444782  0.54402690263960152
  0.55115679238604809  0.55815573449976974  0.56545590753702513  0.57319556366074176
  0.58098050264838752  0.58854289157695838  0.59599900661180494  0.60300395090858783
  0.60976288644588095  0.61650003991587310  0.62292081487609319  0.62952311225075519
  0.63605599700464399  0.64308498257657254  0.64995904480573219  0.65620702625334204
  0.66224063314957760  0.66836902431585721  0.67479394106996171  0.68172353019731724
  0.68821463774154723  0.69461541540975613  0.70100871380695107  0.70754292589105927
  0.71367691144335477  0.71949752941927447  0.72528733667461043  0.73116367576296670
  0.73744979635708952  0.74376836612861641  0.74988092847668664  0.75587837875561859
  0.76191524657470744  0.76783497799551814  0.77353889369408479  0.77916142689258039
  0.78472917259812991  0.79046311996091967  0.79645708200493026  0.80292817879341294
  0.80956994181580355  0.81624196063300125  0.82279735276264931  0.82903435515913015
  0.83521119503233365  0.84159445743430283  0.84829876311260122  0.85575406900189510
  0.86447149764865638  0.87458199481550503  0.88515830244867932  0.89622782911650689
  0.90867652553886880  0.92375998085925493  0.94895621345500647  1.00000000000000000
   3.8411949713660071E-011  -1.0000000000000000     
 T T T T T T T T T T T T T T T T T F F T F F T F F T F F T F F T T F F T F F T F F T F F T F F T T T T T T T T T T T T T T T T T T T T T T T T T T T T T T T T T T F F T F F T F F T F F T F F T T F F T F F T F F T F F T F F T T T T T T T T T T T T T T T T T
  <DiscreteSampler_grid>
  grouped_processes
  1 # 1 for a reference and 2 for a running grid.
  10 # Attribute 'min_bin_probing_points' of the grid.
  1 # Attribute 'grid_mode' of the grid. 1=='default',2=='initialization'
  0.0000000000000000 # Attribute 'small_contrib_threshold' of the grid.
  0.5000000000000000 # Attribute 'damping_power' of the grid.
 # binID   n_entries weight   weight_sqr   abs_weight
    10   10   4.915532270526116E-004   3.598253743235652E-007   4.915532270526116E-004
    11   10   4.915532270526120E-004   3.598253743235661E-007   4.915532270526120E-004
    16   10   6.761168809559978E-004   8.316143104813611E-007   6.761168809559978E-004
    17   10   6.761168809559981E-004   8.316143104813623E-007   6.761168809559981E-004
    22   10   6.761168809559976E-004   8.316143104813611E-007   6.761168809559976E-004
    23   10   6.761168809559980E-004   8.316143104813618E-007   6.761168809559980E-004
    28   10   4.915532270526113E-004   3.598253743235651E-007   4.915532270526113E-004
    29   10   4.915532270526118E-004   3.598253743235660E-007   4.915532270526118E-004
    34   10   4.915532270526113E-004   3.598253743235650E-007   4.915532270526113E-004
    35   10   4.915532270526118E-004   3.598253743235659E-007   4.915532270526118E-004
    40   10   6.761168809559980E-004   8.316143104813617E-007   6.761168809559980E-004
    41   10   6.761168809559981E-004   8.316143104813618E-007   6.761168809559981E-004
    46   10   4.915532270526113E-004   3.598253743235651E-007   4.915532270526113E-004
    47   10   4.915532270526118E-004   3.598253743235660E-007   4.915532270526118E-004
    52   10   6.761168809559980E-004   8.316143104813618E-007   6.761168809559980E-004
    53   10   6.761168809559981E-004   8.316143104813621E-007   6.761168809559981E-004
  </DiscreteSampler_grid>
