  0.00000008686405984  0.00000014632129710  0.00000020590734224  0.00000026913424948
  0.00000033341067233  0.00000040043210873  0.00000047055041583  0.00000054241616879
  0.00000062026542264  0.00000069621986187  0.00000077695437162  0.00000085834676153
  0.00000093999917757  0.00000102047388232  0.00000109939644173  0.00000117687564033
  0.00000125511081055  0.00000133991636579  0.00000143387040486  0.00000152609720771
  0.00000161933485810  0.00000172138197452  0.00000182077007840  0.00000192215281474
  0.00000203170101713  0.00000214090853737  0.00000224797806171  0.00000236328992306
  0.00000248543849373  0.00000260898476827  0.00000272721054680  0.00000285008905491
  0.00000297709300462  0.00000310665871572  0.00000323513540750  0.00000336542602705
  0.00000350152259051  0.00000364335813303  0.00000378982774453  0.00000394008570288
  0.00000409670022133  0.00000426404104666  0.00000443886660238  0.00000462503461246
  0.00000482326850564  0.00000501910400503  0.00000522753787023  0.00000542868474411
  0.00000563559846838  0.00000585644275033  0.00000609862925484  0.00000636348572442
  0.00000663575638481  0.00000691531261860  0.00000721910721096  0.00000754936950279
  0.00000789410604549  0.00000824205228370  0.00000861834741987  0.00000907495321623
  0.00000958498953093  0.00001009999714421  0.00001060572604734  0.00001110876803507
  0.00001160454076202  0.00001209873347603  0.00001261118742184  0.00001314198136810
  0.00001365686656596  0.00001415176372677  0.00001464026006051  0.00001514013972775
  0.00001569760963063  0.00001622495576442  0.00001673184698632  0.00001722857120091
  0.00001773154430288  0.00001828790647118  0.00001890096070611  0.00001954101064112
  0.00002018736984126  0.00002086376846316  0.00002152608616058  0.00002227982254342
  0.00002308707311356  0.00002393210982924  0.00002481512667903  0.00002576112240273
  0.00002683948539240  0.00002816116190708  0.00002967555644031  0.00003125740141174
  0.00003330861659554  0.00003604967171230  0.00003692898260054  1.00000000000000000
  0.00000006946772067  0.00000032937953296  0.00000048755655453  0.00000065473688722
  0.00000082831271248  0.00000101393460940  0.00000124543449362  0.00000147400580561
  0.00000169684796091  0.00000192365220746  0.00000217641617549  0.00000245625698956
  0.00000272558956099  0.00000301054213336  0.00000329580842025  0.00000358606710372
  0.00000385807145194  0.00000411687845932  0.00000439356562746  0.00000468394867702
  0.00000498622087914  0.00000529654833406  0.00000562053360716  0.00000591807803569
  0.00000619122914304  0.00000646061867912  0.00000673448277800  0.00000703581717820
  0.00000732922122691  0.00000763525586317  0.00000794970007347  0.00000827297663683
  0.00000859978755698  0.00000893161970866  0.00000928078094572  0.00000963958876515
  0.00000997851654074  0.00001030179942328  0.00001061856286772  0.00001094762992108
  0.00001129504353528  0.00001166278952717  0.00001205475194332  0.00001245475983858
  0.00001285133865478  0.00001325277944877  0.00001363073862379  0.00001402545300451
  0.00001440758145539  0.00001480280833522  0.00001519296575648  0.00001560376291914
  0.00001600003504849  0.00001640370288142  0.00001680698444828  0.00001722235633520
  0.00001768223295462  0.00001817099359608  0.00001865633386303  0.00001913320526935
  0.00001960126496880  0.00002006260688403  0.00002052622296849  0.00002099771116489
  0.00002147537409759  0.00002197069087896  0.00002251435775158  0.00002312597798215
  0.00002377085485862  0.00002443037103536  0.00002507016720547  0.00002567707503965
  0.00002628551086992  0.00002694065106678  0.00002763925831826  0.00002836039006736
  0.00002909714922212  0.00002985988814278  0.00003065159598290  0.00003145558878117
  0.00003230682297924  0.00003319449534984  0.00003414829048731  0.00003512433612214
  0.00003614337953783  0.00003719899934254  0.00003828071969562  0.00003959378868739
  0.00004105418825232  0.00004268153960891  0.00004462394095663  0.00004765244846597
  0.00005174343492858  0.00005686443813618  0.00006078389089001  1.00000000000000000
 -0.00275418104126157  0.01238835062604278  0.02412744514002748  0.03527422563137738
  0.04617453909702882  0.05778163870030194  0.06864704608273557  0.07952481916457843
  0.08956928536009054  0.09984777627026857  0.10993992305399207  0.12092204093730219
  0.13268578981625079  0.14382071460334828  0.15467797281138737  0.16583376069860017
  0.17717967235459017  0.18861976321213447  0.20001014486971677  0.21124035935882096
  0.22242775104935178  0.23320678700361541  0.24358505271513869  0.25346985313153292
  0.26310208771745391  0.27227840216756727  0.28133048772756508  0.29104263380933482
  0.30105545430111608  0.31105189830771879  0.32129562534613315  0.33144714893904254
  0.34227265429578874  0.35253449629028694  0.36268646387295617  0.37270048523149257
  0.38335999464122034  0.39385983875372133  0.40515646389650650  0.41606488492791921
  0.42680183775458114  0.43708694000413240  0.44671625421435979  0.45645136097854105
  0.46639448120789173  0.47671620964877731  0.48719785541354066  0.49777406931205020
  0.50809819748759621  0.51847182816538473  0.52849625992948868  0.53879085968273976
  0.54872896434281526  0.55879490101504858  0.56854220569662850  0.57906687258250455
  0.58894560915667415  0.60017472067570288  0.61117325116295729  0.62326447717641542
  0.63473523819197020  0.64582481110153467  0.65714043394935684  0.66819250197077296
  0.67829567661521717  0.68779031730204199  0.69708650774904191  0.70705555058438496
  0.71736046235615558  0.72783111177102988  0.73834007436826554  0.74881059375416015
  0.75947183508269778  0.76997878284306964  0.77978640085340467  0.78954364071362848
  0.79954248562075880  0.80998806151978375  0.82068180708417682  0.83134629622195566
  0.84192896947102958  0.85246322550851716  0.86324739970690179  0.87451313436019995
  0.88626098649217588  0.89718280095515623  0.90646596051604489  0.91567202173417961
  0.92535366841738520  0.93555098134767467  0.94613078641906878  0.95662475185906115
  0.96738210596968011  0.97854835432227716  0.98935852058376317  1.00000000000000000
 -0.00201553444511330  0.00939817627658491  0.01922957413626669  0.02976276704545281
  0.03951582606497826  0.04915630121054378  0.05904085414646465  0.07037533103565402
  0.08232083608001184  0.09299634630878618  0.10370327902179087  0.11353009054780636
  0.12375387657825872  0.13358754795725200  0.14368113697255672  0.15374874377882641
  0.16406715071463107  0.17544006434579679  0.18762835482104678  0.19854963612429613
  0.20874466894264246  0.21895709019973097  0.22931935266040601  0.23959683292567552
  0.24941863198439099  0.25915993131914611  0.26889657856356880  0.27819690129180236
  0.28769845153601309  0.29781845506210747  0.30782137069589899  0.31776372202387537
  0.32700290672544202  0.33641784415790166  0.34652341048851015  0.35688005281458707
  0.36715664099328871  0.37736909349815945  0.38767983889228425  0.39762235300656079
  0.40781686932221944  0.41854331408903223  0.43042867738116308  0.44131636271062769
  0.45132607390044222  0.46127912581002434  0.47172624914306494  0.48286066356507307
  0.49340842412995589  0.50355998636204269  0.51399340560606954  0.52487024465206700
  0.53678186671468453  0.54794930740910508  0.55901435916820053  0.57042800387247605
  0.58202367703687785  0.59294931861778244  0.60331123128113950  0.61382465154423127
  0.62491356422825317  0.63607574530331146  0.64742293480888213  0.65876838700434992
  0.66975346348296261  0.68027274103471602  0.69032398199497758  0.70052239690012030
  0.71082647667984500  0.72161998067098765  0.73304422638947331  0.74471725161503111
  0.75575165947851342  0.76598340454640823  0.77592416482618576  0.78696496136053629
  0.79873456589512659  0.81069602311930855  0.82214034401475689  0.83320304477878826
  0.84462810241995678  0.85568617127393165  0.86638021737676396  0.87753599802510307
  0.88939138311501043  0.90067869934624323  0.91150238029286967  0.92148232894556037
  0.93124011902243942  0.94088495582435261  0.95103244054876523  0.96184084501627054
  0.97223421328389126  0.98214852729131585  0.99117377360816472  1.00000000000000000
 -0.00180851090366852  0.00868787862030680  0.01793414794086251  0.02717656948264583
  0.03695388974139245  0.04722733597378711  0.05804936831357984  0.06853761013843386
  0.07897491065746039  0.08906147976840365  0.09899259115205057  0.10843109095410314
  0.11814436211190210  0.12782580466874341  0.13793221349945156  0.14811641014476079
  0.15899231270397346  0.16894983796326526  0.17926718964653732  0.18952480884947095
  0.20058018015595594  0.21114842114407012  0.22142617143299689  0.23200431469156610
  0.24270339556156686  0.25349815563411854  0.26484014623840108  0.27650050255991487
  0.28839941165018707  0.29982430580042829  0.31024568868885827  0.32048809832019082
  0.32993111691560206  0.34023657905353072  0.35108719907767177  0.36253063665227819
  0.37446399575799461  0.38581307562587536  0.39759946834457954  0.40903687613119494
  0.42001473030463710  0.43074430965067206  0.44137959363913165  0.45252669457499212
  0.46372471158090495  0.47467674792221626  0.48529229699568682  0.49542532734014816
  0.50585829167895724  0.51683162665367299  0.52865881820194816  0.54013222162787844
  0.55147516896272575  0.56228720740138249  0.57506684408452857  0.58760253908970062
  0.59996109129756037  0.61204752474318214  0.62320205643448534  0.63366490540597309
  0.64366962088756197  0.65383999578664731  0.66384930302001000  0.67388713395071997
  0.68418349517325172  0.69503070006358603  0.70604161203470273  0.71727255848195037
  0.72825882383605933  0.73940816474422033  0.75004746422496582  0.76053647804559987
  0.77050958637955214  0.78084267659800843  0.79146816321577895  0.80224638238815116
  0.81278090982138684  0.82280768954970296  0.83276665129749994  0.84324545364379788
  0.85385374508470779  0.86407419201250824  0.87355685193429233  0.88278331201569016
  0.89231034571533496  0.90235027117223110  0.91277598573077778  0.92320371714537308
  0.93319040866017389  0.94309636758912896  0.95261701254253539  0.96204773654768561
  0.97163101742827862  0.98120638466746668  0.99066380126569697  1.00000000000000000
 -0.00215007344305938  0.00863736773275284  0.01823381769837263  0.02844798169984367
  0.03904431704498575  0.05106535013907076  0.06281364321405214  0.07395784718796425
  0.08472504325755889  0.09544777445468308  0.10609888135693182  0.11615082902839700
  0.12567457009492530  0.13474794494282946  0.14394343169069523  0.15342868825937953
  0.16279362389472637  0.17193771933482338  0.18100960571092242  0.19053376361482363
  0.20045329491989530  0.21078804038897248  0.22141193857866362  0.23223228511771996
  0.24286093603942047  0.25359431416789963  0.26435608699592233  0.27470362655707364
  0.28457096002757287  0.29429156938112760  0.30388862677009304  0.31355516793228261
  0.32348016660973500  0.33322797430173323  0.34264735821791753  0.35185973149742372
  0.36136199446091311  0.37123989442292588  0.38118058664850779  0.39103180413598687
  0.40186879522005825  0.41298510325475157  0.42377114677600453  0.43460650261302031
  0.44564546933606447  0.45660812503020581  0.46727355208776844  0.47771185090093377
  0.48789653967587387  0.49813485487436471  0.50909965913027588  0.52117114587032032
  0.53321016971054858  0.54279187658360506  0.55131946229702511  0.55978342902988687
  0.56966623758536061  0.58007625577229294  0.59032774276971245  0.60044135090227990
  0.61181256963354458  0.62437760192276415  0.63693096697905482  0.64895728648079631
  0.66058454836808556  0.67201349420444501  0.68277260961849229  0.69289043639707737
  0.70261980196085594  0.71322625569705800  0.72479235934017250  0.73697969724117951
  0.74868351445018178  0.75974418032712376  0.77076899415303612  0.78118605525730911
  0.79248914372865176  0.80280839076167054  0.81371819441692883  0.82296777969725365
  0.83272294053022011  0.84338474274787212  0.85425107662194244  0.86557927672984836
  0.87624952759767771  0.88950249450960983  0.90176874830323861  0.91376184241474123
  0.92525641529281211  0.93708475698336802  0.94820052278818501  0.95899756064786457
  0.96959239795607943  0.97976275179109762  0.98980086831093661  1.00000000000000000
 -0.00206855982387756  0.00682316475747624  0.01544268399327471  0.02407474701175038
  0.03298420022126320  0.04204598806470876  0.05148063130685628  0.06092733719541482
  0.06998273212614591  0.07871034839763418  0.08748859073387935  0.09618686013447494
  0.10494815061726671  0.11419916420870901  0.12394365556446393  0.13443591746946368
  0.14516792893426514  0.15602192817817834  0.16658083207241364  0.17743170683845091
  0.18879990461539306  0.20042998848543023  0.21164463506674519  0.22306041414575667
  0.23414090019794451  0.24515422801209463  0.25572102353299764  0.26680318612833026
  0.27796537529774973  0.28971989526561953  0.30202404106376463  0.31414294207742610
  0.32568934869102134  0.33639642530384767  0.34685049007962193  0.35759319330232003
  0.36867898150436951  0.37958619357821449  0.39030751331192848  0.40117450038084851
  0.41230565587819751  0.42339253072536459  0.43435361764389741  0.44567097777318460
  0.45676137214342305  0.46738236212433865  0.47785254593223814  0.48914630300658363
  0.50060810730263094  0.51180728879278481  0.52312428208700834  0.53531756936564534
  0.54759178506953687  0.55974878703031550  0.57200845279437840  0.58445307534513902
  0.59668388751205326  0.60840939060386778  0.61917527271565942  0.62922185579324175
  0.63867047733008497  0.64878184955133622  0.65964717124557493  0.67079313121937389
  0.68232118640208972  0.69385907935716906  0.70502756421661172  0.71599238875760673
  0.72701967082066266  0.73743483976611335  0.74731900344746649  0.75797688429884491
  0.76928830613429500  0.78075383421785582  0.79184588828663227  0.80274731134424282
  0.81297345585145797  0.82289537004480029  0.83288809431207345  0.84305290828890944
  0.85382557927310976  0.86484557532415285  0.87541536227965533  0.88503043488991617
  0.89435108531625684  0.90405294595152041  0.91338839663836535  0.92274230767078558
  0.93176422007411475  0.94115645209068421  0.95109033671091348  0.96107261638472130
  0.97143517525915302  0.98147877848298770  0.99086889338840223  1.00000000000000000
 -0.00240023328011462  0.01147206090500424  0.02265956222484931  0.03377818454022660
  0.04410115494305267  0.05464526297407184  0.06534470520953217  0.07662827225236726
  0.08761101201630023  0.09838676942226582  0.10872944081465342  0.11808606525820542
  0.12758826529195866  0.13752533350075713  0.14814972573690305  0.15865579794229426
  0.16864526151726336  0.17881491099945077  0.18930407457595982  0.19960358926923888
  0.20969159904951182  0.22026573370613448  0.23118787208982922  0.24174376543071041
  0.25200508047439901  0.26270588032502273  0.27368162395364709  0.28431369380103627
  0.29473011701329821  0.30513944956051886  0.31511171730361487  0.32464721775603966
  0.33454678278526634  0.34477616130565331  0.35497147849377858  0.36471824599830122
  0.37493386018049651  0.38630200630134293  0.39853916747734741  0.41008714064114277
  0.42130862151095677  0.43214049292865708  0.44275431507875324  0.45326680847696355
  0.46417455163392984  0.47560393811866569  0.48692397176084151  0.49843838029648291
  0.50925611256707770  0.51985492433457525  0.52997897247945924  0.54050241820071843
  0.55131319163878789  0.56245764807115639  0.57389450747035642  0.58458675676159588
  0.59496555982649124  0.60564942708909542  0.61667527760676044  0.62817614462331717
  0.63872535682682252  0.64955328833563675  0.65998456259826388  0.67026332741523065
  0.68050345675918722  0.69128860797108516  0.70226284229970148  0.71286392955532896
  0.72331418241691015  0.73400350047939045  0.74487745143325068  0.75530127781660927
  0.76493119795700448  0.77447875763465235  0.78424999963510067  0.79414863915185474
  0.80422407174871380  0.81402105614333198  0.82462604755885360  0.83537309284017847
  0.84657357968659452  0.85712382627571126  0.86785593578107822  0.87849011151213130
  0.88918333326686982  0.89958750649761632  0.90967780032958212  0.92003470747957006
  0.93030772484585189  0.94066606104915229  0.95031743091793885  0.95962900811382268
  0.96941263407164791  0.97866558923620117  0.98926858320590094  1.00000000000000000
  0.02339271201989525  0.03718329719693753  0.05004669119725551  0.06239509592425552
  0.07442390138071033  0.08631695661632559  0.09727591861638543  0.10753515510439009
  0.11795207383256429  0.12894454771914404  0.14030541483165546  0.15153742574446913
  0.16264747362860138  0.17379966640995012  0.18478829604933944  0.19541709330620941
  0.20534822187452956  0.21487872318202808  0.22447392436354344  0.23459301687026790
  0.24499137343874827  0.25536977831640234  0.26596927800614845  0.27636938907596820
  0.28713248677357001  0.29773421347678752  0.30832636350626347  0.31896708362810178
  0.32932219656852513  0.34084982489180493  0.35173590731152610  0.36174242056024208
  0.37168596938049320  0.38224018260227371  0.39284283712282991  0.40325856370552093
  0.41345404302640765  0.42367791956584744  0.43356822904976206  0.44346246397506767
  0.45324858773664756  0.46268988867946681  0.47263132571253103  0.48307493756876818
  0.49326337311785762  0.50331049968406549  0.51274741698217619  0.52301572078088987
  0.53375632777186721  0.54513374326805852  0.55582970083089112  0.56489833448619964
  0.57321461638552074  0.58183916667862012  0.59090116393789915  0.60063278765508443
  0.61032720928889272  0.62072198921344202  0.63074701589653059  0.64050658521185244
  0.64960867056826455  0.65910347642461542  0.66892616519039905  0.67848937690606048
  0.68768881314285035  0.69763598064972598  0.70716415049328585  0.71693249912542156
  0.72669073849524446  0.73727733394418205  0.74825050723898079  0.75864604991264240
  0.76912373758824260  0.77966765999387444  0.79019572896221069  0.80010634853049711
  0.80992340819768316  0.81992175809151691  0.83012493398677012  0.83956592846869738
  0.84941016589209217  0.85890687858017400  0.86914291912112251  0.87892179959721084
  0.88824480893600388  0.89747320958801957  0.90616102460239545  0.91496299817871041
  0.92332505860217673  0.93165818389258670  0.93973077386298864  0.94882117704692159
  0.95835587102442577  0.96503442589625166  0.97114698968919577  1.00000000000000000
 -0.01666890383753280  0.09625228706950702  0.13069351179517250  0.15185246074115583
  0.16881875396842116  0.18332545867003106  0.19675957059855714  0.20985838492809916
  0.22290725626595637  0.23553772699910885  0.24747079185513429  0.25832128243715208
  0.26843697401688393  0.27780041998180610  0.28692387254392726  0.29545805428356919
  0.30370223729053963  0.31148665126557157  0.31945137809334961  0.32688892631417305
  0.33407248102685277  0.34110905063380659  0.34773178757186135  0.35440510619481241
  0.36106629165067528  0.36765791468989117  0.37400672901013199  0.38010316272496197
  0.38597708870819947  0.39199276599215938  0.39814471276041158  0.40404064311641574
  0.40986472018847442  0.41583986980083554  0.42205073850750874  0.42849367181138714
  0.43474117071017859  0.44067161924195458  0.44680170339394087  0.45286864874351462
  0.45904608428477572  0.46499897957546815  0.47047428045787315  0.47590166410615170
  0.48138742815692298  0.48706578833640801  0.49280331941503674  0.49833772344416633
  0.50382109104250283  0.50953136310573777  0.51534551902697046  0.52108381434852957
  0.52683406990719361  0.53248599090728110  0.53816825671858637  0.54422650158629104
  0.55032101692330626  0.55658247230607205  0.56271658589110418  0.56870047538862345
  0.57464600703928159  0.58066277613307238  0.58673919879008751  0.59310683147744037
  0.59916956804266708  0.60550061935105193  0.61188635881880826  0.61855595909403260
  0.62526689497762666  0.63204447343271131  0.63899189972376635  0.64606843061459873
  0.65303590934863753  0.65988130790281130  0.66673697428231826  0.67348237397164712
  0.68031845954169823  0.68750703890298970  0.69525200524154995  0.70316263921466671
  0.71118776535997918  0.71926297278574647  0.72749155152429879  0.73580192036809122
  0.74431709112283395  0.75333915972648002  0.76384406733718013  0.77544542394844829
  0.78734144067232903  0.79976818773535097  0.81383082222457104  0.83048574742919434
  0.84897665528883171  0.87160220013658329  0.90495271184304982  1.00000000000000000
   5.0563786141924159E-012  -1.0000000000000000     
 T T T T T T T T T T T T T T T T T T T T F T T T T T T F T T T T T T T T F T T T T T T F T T T T T T T T T T T T T T T T T T T T T T T T T T T T T T T T T T T T T T T T F T T T T T T F T T T T T T T T F T T T T T T F T T T T T T T T T T T T T T T T T T T T
  <DiscreteSampler_grid>
  grouped_processes
  1 # 1 for a reference and 2 for a running grid.
  10 # Attribute 'min_bin_probing_points' of the grid.
  1 # Attribute 'grid_mode' of the grid. 1=='default',2=='initialization'
  0.0000000000000000 # Attribute 'small_contrib_threshold' of the grid.
  0.5000000000000000 # Attribute 'damping_power' of the grid.
 # binID   n_entries weight   weight_sqr   abs_weight
    10   10   5.144553491054825E-004   5.707557709985128E-007   5.144553491054825E-004
    11   10   5.144553491054826E-004   5.707557709985146E-007   5.144553491054826E-004
    16   10   6.019137788430575E-004   9.049505170520489E-007   6.019137788430575E-004
    17   10   6.019137788430583E-004   9.049505170520540E-007   6.019137788430583E-004
  </DiscreteSampler_grid>
