  0.00191732218407387  0.00194626850238747  0.00198698382679790  0.00202596714649315
  0.00206574776752928  0.00210759133993448  0.00215042993833386  0.00219407514968718
  0.00223987303476892  0.00228744118089096  0.00233564185356652  0.00238385672507157
  0.00243176918393882  0.00248009723252708  0.00253108294888266  0.00258610698880437
  0.00264464977650468  0.00270474129637480  0.00276476548929295  0.00282535283623909
  0.00288728292245656  0.00295020354653351  0.00301722425615216  0.00309076679994805
  0.00316571478301305  0.00324378871544011  0.00332570959522222  0.00340991785478532
  0.00349651855995129  0.00358291545157859  0.00367192878251631  0.00376393240386309
  0.00385742422414215  0.00395304399323596  0.00405214105455382  0.00415564630717419
  0.00426655395514728  0.00438755695897064  0.00451177293211641  0.00463887144315583
  0.00476893426857701  0.00490448611644710  0.00504310651604326  0.00518562459275761
  0.00533809172506364  0.00549837926744912  0.00566280336987337  0.00583131057148125
  0.00600554902152829  0.00618856077370044  0.00638018901078789  0.00657591068739073
  0.00678474583457320  0.00701195269950745  0.00725350407032616  0.00751311847692352
  0.00777366848260309  0.00803747952539217  0.00830392156499289  0.00857797925965231
  0.00886837975913107  0.00918273213759565  0.00952277424490675  0.00988710415121365
  0.01027511057188088  0.01069556143207067  0.01115021478289689  0.01164523499602474
  0.01217048877064480  0.01271543751422536  0.01328356177825260  0.01388437559196195
  0.01453240338943861  0.01522419046809308  0.01598564886192019  0.01682492979416427
  0.01775056887611100  0.01876278652230368  0.01990748437865460  0.02117661681524818
  0.02253853358319461  0.02405333086114986  0.02576353369272254  0.02773583839093153
  0.02999930016026516  0.03255215481223171  0.03549500643045680  0.03903443412401030
  0.04337156378135149  0.04863457124064038  0.05549573169336446  0.06553484910829627
  0.08029333623020321  0.10506649938534592  0.18046638917895985  1.00000000000000000
  0.00471437625302367  0.00578474535068630  0.00669129855840659  0.00756651841901290
  0.00835444023718501  0.00918209540529693  0.01007799010623586  0.01094378317056434
  0.01178236708875296  0.01267158789861702  0.01361623151927120  0.01461427870761608
  0.01560683744464870  0.01662542199816111  0.01770275028622906  0.01880267495701579
  0.01996633082916019  0.02119212059875901  0.02250125902840633  0.02389965071003328
  0.02532088816221595  0.02676500093881126  0.02827764512706914  0.02983118021085392
  0.03145729478830252  0.03314147869498425  0.03488750796050394  0.03674499915474198
  0.03872376621649069  0.04077139487425373  0.04275510747259999  0.04471311212897740
  0.04669128840287964  0.04881229227426955  0.05110770360428918  0.05352132474366470
  0.05602733828612877  0.05848487709282965  0.06107645383291127  0.06361274996013362
  0.06638959425883678  0.06910529762777119  0.07207547106140537  0.07516447295218118
  0.07838583089204594  0.08164949982819439  0.08481141737539614  0.08818989563737477
  0.09165665669452837  0.09532153932449368  0.09917674352608895  0.10332786604635952
  0.10769780999704118  0.11218812253101333  0.11672735764947552  0.12140958111879287
  0.12626265216845417  0.13140700141357245  0.13700198053727849  0.14296385649003746
  0.14915207665539681  0.15561427488025223  0.16233351920345884  0.16906266640688669
  0.17570943498273675  0.18288882867019882  0.19026049282705643  0.19771330703548665
  0.20565467429055956  0.21390971215544483  0.22269598738600330  0.23185702652761711
  0.24132244918257859  0.25137289463164447  0.26233398244579259  0.27425083572593745
  0.28711361568819843  0.30070693296766160  0.31408085588436740  0.32784102545557287
  0.34261841935467990  0.35886923194335862  0.37716458932598079  0.39735908757503169
  0.41945289274083786  0.44340283373933986  0.46929756644222304  0.49681771833416827
  0.52601995531688595  0.55871930954812721  0.59687443934115825  0.64139251957865062
  0.69447098975145694  0.75720932460690782  0.84786753504222689  1.00000000000000000
 -0.00233333324092384  0.00916646151838915  0.01872008165457436  0.02865877706496149
  0.03857558253125021  0.04896978651448165  0.06029790425205449  0.07189581205260952
  0.08300792524133950  0.09372103613184375  0.10431897560449555  0.11525979785316610
  0.12594380583375323  0.13655848266394593  0.14683903797516662  0.15718389015010698
  0.16746055510121988  0.17788340005602185  0.18823839219529218  0.19876407473765303
  0.20908279517008233  0.21961772745977057  0.23015262408892956  0.24100282239459220
  0.25213150014511243  0.26357585702205089  0.27495061608279575  0.28570604307490621
  0.29608563170173241  0.30615655153627636  0.31640673601963687  0.32700567746574166
  0.33764356811324497  0.34820410879860042  0.35847464993042161  0.36888051132611782
  0.37952212417937603  0.38979144959786399  0.40010686368223636  0.41086424225070245
  0.42130733773520662  0.43122215579388196  0.44130828355623886  0.45158646704480260
  0.46210071473462322  0.47242886261403993  0.48289548432571933  0.49327705142317069
  0.50370712246594451  0.51441453693542905  0.52550436249976040  0.53675084707002929
  0.54809553945353240  0.55918754533693105  0.56941927912043089  0.57936190892202621
  0.58904313347301973  0.59852687179797193  0.60778041160775431  0.61729578939868324
  0.62730524695765322  0.63765379360336816  0.64781600345309365  0.65783566290134254
  0.66774743867902697  0.67828088474957626  0.68870817664753603  0.69912367819268229
  0.70882578217236591  0.71930549929860321  0.72950057918652211  0.73995478856089036
  0.75012909956234242  0.76128606514024078  0.77240494241729019  0.78376533233916268
  0.79484769595792304  0.80609608580724601  0.81694974421848676  0.82745189344350456
  0.83824712144926894  0.84883964631478226  0.85951120005440540  0.86986870901815305
  0.87981520739907171  0.89037621528353306  0.90108417179613309  0.91275717643882603
  0.92424262410106517  0.93552104078782350  0.94664006598476180  0.95765100782150681
  0.96824525796008531  0.97892246731136867  0.98940016066064085  1.00000000000000000
 -0.00226299530442993  0.00922614191426126  0.01871461445115036  0.02882577231317219
  0.03897867381268852  0.04934664476239524  0.06008283676988808  0.07116237846523291
  0.08228323997550246  0.09323576477655136  0.10422783087641563  0.11549882759150476
  0.12672275917798495  0.13734087075356624  0.14794473131283131  0.15883238920051435
  0.16984831116414661  0.18051032218541835  0.19152595770682071  0.20232565450313889
  0.21303840567137672  0.22321542187657598  0.23364260437275561  0.24414172831306255
  0.25468078125447297  0.26548259513561828  0.27667233247246237  0.28813875167089503
  0.29913136758979253  0.30959061032344548  0.32007764528406113  0.33048845908469826
  0.34060937816707387  0.35080246899189144  0.36136610792023444  0.37189920683456013
  0.38193775596164586  0.39163283826174861  0.40178665992123613  0.41177982914130967
  0.42149815433268711  0.43112547492982511  0.44113546864657116  0.45135270076527539
  0.46149665290781905  0.47187810997919127  0.48224011941519479  0.49234434810317462
  0.50224240649571916  0.51205626219561395  0.52208154259180384  0.53210810865236002
  0.54235591924692950  0.55313054971621423  0.56421001097208912  0.57545244933830342
  0.58622278650099724  0.59650664929127006  0.60660011869089447  0.61658006205818083
  0.62674981256648232  0.63753996388534095  0.64889750372983346  0.66008909482340106
  0.67056145359840957  0.68101740977216108  0.69152725161066886  0.70248613819767847
  0.71347467749930260  0.72458394486044830  0.73536331536325106  0.74646210259737489
  0.75760509016161659  0.76852721627093923  0.77925279537954895  0.78997833432644549
  0.80060388364102852  0.81110377517862886  0.82142691005494117  0.83183205925533499
  0.84197485733661648  0.85207231594952915  0.86220414151874303  0.87222986968461569
  0.88265008354132835  0.89332817306413170  0.90408957405363366  0.91496342343916093
  0.92611670235495491  0.93732662060202487  0.94809583660680197  0.95801761496973348
  0.96794348992413815  0.97814732639949975  0.98870390196083124  1.00000000000000000
 -0.00225240332420636  0.00866072152959614  0.01847534772986672  0.02857918016857082
  0.03903845163383813  0.04948672077930236  0.06040256963298114  0.07139954912469162
  0.08225618439449649  0.09296746099897664  0.10395718630255447  0.11497586468430639
  0.12590579995972676  0.13662341284047397  0.14730354857562730  0.15777405505973052
  0.16781955869484461  0.17789011590665024  0.18823502794250443  0.19906274960709172
  0.21007053298382095  0.22121702973809132  0.23235303332773791  0.24353132904925714
  0.25428734293670840  0.26472996681623795  0.27510231805413565  0.28501849913052923
  0.29527982074443188  0.30528369202106370  0.31589058949708315  0.32646425700461174
  0.33705106571536020  0.34734183582073880  0.35767035976768741  0.36764464397038210
  0.37733343831018690  0.38700026014253075  0.39657228946834788  0.40685895158632751
  0.41736503482809467  0.42870488374255900  0.44012391365870390  0.45109545257549916
  0.46200173898252628  0.47325832969552578  0.48438210196741555  0.49553569855731905
  0.50581055215946524  0.51628862060080982  0.52681031161703873  0.53742000743657492
  0.54815514362036022  0.55889115570936809  0.56948320120857487  0.57975019812133288
  0.59020515931707207  0.60071455406118213  0.61139817312765443  0.62165740998484276
  0.63256864624132214  0.64348902313198553  0.65465990536704532  0.66592914654843072
  0.67599389070590643  0.68622358641663761  0.69637183565121463  0.70637787838142829
  0.71591381960083900  0.72540843475975503  0.73536126430797855  0.74606292129783292
  0.75602035427687742  0.76564343989832973  0.77535547830329044  0.78553144027397681
  0.79581453590747397  0.80666565566933968  0.81759874292247103  0.82916156655004847
  0.84060816222316503  0.85175653693492104  0.86231974941040268  0.87253291134790167
  0.88317828789627228  0.89391560746256593  0.90449896560532228  0.91509720099421699
  0.92578993225210771  0.93654896450004499  0.94693726843425408  0.95679353520411603
  0.96699994102072340  0.97752593241895314  0.98873814556287698  1.00000000000000000
 -0.00255361011870824  0.00976363278394403  0.02023422181516129  0.03103832245051308
  0.04166714341640727  0.05267415583949878  0.06385798104310740  0.07391014502136338
  0.08430327541039884  0.09404907305915965  0.10418843735043633  0.11412886451988752
  0.12442386139507564  0.13561609667325331  0.14705371374581097  0.15866470195213550
  0.17000008886394555  0.18027361092703825  0.19052172285697272  0.20073809251911506
  0.21197242758483584  0.22332849059819682  0.23388872907491318  0.24395917752991603
  0.25457786935323690  0.26555400843198795  0.27694036505789343  0.28802028139619851
  0.29870734543271599  0.30916362837993738  0.31920196961784808  0.32973098106197873
  0.34038832722551737  0.35098723968611018  0.36124737610830743  0.37131166184337860
  0.38150318418039730  0.39193952162079443  0.40265294418594766  0.41335776087544701
  0.42372348978128882  0.43403739374252381  0.44454751026385864  0.45509639514106326
  0.46560614801881345  0.47609753531778232  0.48674811988046823  0.49761843339037426
  0.50811543460143016  0.51872046585862719  0.52930710116316748  0.53999684828707517
  0.55015968795135894  0.56024741408261924  0.57101495411864933  0.58209269296885424
  0.59288814776637189  0.60331317109001514  0.61364173146557810  0.62420543789250726
  0.63472281390708540  0.64520703142850866  0.65539216922833987  0.66577526481347682
  0.67669289453359405  0.68784647651156816  0.69903364841667048  0.71022878818817747
  0.72134333990092658  0.73209502891571421  0.74258892766301299  0.75312434932518990
  0.76350486543756113  0.77393181558033286  0.78442429153179349  0.79494393661508289
  0.80525762088566577  0.81533572506984964  0.82569215550586772  0.83608112760182640
  0.84627093198699699  0.85635625697628692  0.86639215865189301  0.87633031288162833
  0.88593273765009406  0.89546449280567986  0.90519353405911729  0.91534517215711197
  0.92565722004868412  0.93603912610581241  0.94669065272665864  0.95712783555262437
  0.96771160860878047  0.97832283844194523  0.98902288757987022  1.00000000000000000
 -0.00236198175114945  0.00952921567414321  0.01994956622237200  0.03014089523775981
  0.04035900024921180  0.05076773358179172  0.06150730243856310  0.07215418461840033
  0.08276193813020397  0.09378602949354492  0.10506263244531365  0.11606316214289579
  0.12656290679094800  0.13678165214341120  0.14722537194947657  0.15789509173908867
  0.16889797446391561  0.18002111153422315  0.19102702175424513  0.20173943017695475
  0.21212949390500752  0.22229870009155858  0.23235164240129083  0.24280177012576584
  0.25358724539124794  0.26526571324598580  0.27646237865580026  0.28706162643230937
  0.29727036674785773  0.30789047834362188  0.31874189252342411  0.32954845716002501
  0.33907638646684507  0.34887683185179730  0.35907683287725645  0.36912573477389959
  0.37910831762744629  0.38886106062054659  0.39932770466677137  0.41016153497199531
  0.42087195294359020  0.43159577818624961  0.44239071297554733  0.45331993582493202
  0.46383160758754055  0.47408802247927756  0.48464145192700969  0.49567142381404872
  0.50673421497911719  0.51768140419183184  0.52798493670666957  0.53806388092354285
  0.54763101601309427  0.55655146883762485  0.56619636801343842  0.57645520280480611
  0.58685832445324160  0.59722820383212338  0.60729559945633305  0.61777567774674802
  0.62787529485932003  0.63789279052680969  0.64817252730448249  0.65909694424630527
  0.66989654257132536  0.68028333073636293  0.69062484048651340  0.70124434690953874
  0.71175625513358465  0.72200120487703556  0.73227117679175613  0.74285855786679345
  0.75397290569673858  0.76533426801954441  0.77648115762258174  0.78714720958016626
  0.79796990025001358  0.80923217575325501  0.82055965718373225  0.83145402861436735
  0.84199910528142874  0.85260672328347431  0.86330563293841900  0.87437029647622444
  0.88584673125962510  0.89727596787600650  0.90824618613660490  0.91905140408397146
  0.92976269851214555  0.94038276147799305  0.95087788150824892  0.96109718993271820
  0.97134137980934898  0.98105729623471771  0.99068082526318069  1.00000000000000000
 -0.00237217740876964  0.00966247348695306  0.01946337173709281  0.02970696239787132
  0.03974290706450624  0.04981833932995748  0.06002914677555972  0.07062488327625731
  0.08157242778646485  0.09223197379517875  0.10251882810246268  0.11229239725308283
  0.12178777526085675  0.13156962494126820  0.14189561426178185  0.15228934496286159
  0.16314400120870426  0.17374829751024276  0.18451093959324893  0.19547955988286964
  0.20654332125183714  0.21754135294750382  0.22854440378500560  0.23902816740451263
  0.24948248470617410  0.25948106968381540  0.26959852730369815  0.27968515140984113
  0.28982292418169442  0.30017972997972997  0.31053637172185089  0.32106299728274867
  0.33190877360799387  0.34284896802936171  0.35317737589066023  0.36284613393454845
  0.37248496095893380  0.38224396532750626  0.39247591566115386  0.40304950500943204
  0.41382346326464525  0.42424394138918153  0.43429177249079481  0.44403204785078165
  0.45401289377875126  0.46427576390737058  0.47469351070765031  0.48510266360240767
  0.49564328941021835  0.50625562472809660  0.51702175123987271  0.52786581254103981
  0.53883539743956987  0.55002685304879939  0.56149028991994743  0.57337862371158954
  0.58465841157734100  0.59500564144001089  0.60489943236216526  0.61471453307759705
  0.62465282644608022  0.63492504884247958  0.64555091309111812  0.65667882156598711
  0.66758861068253372  0.67807112497972266  0.68870152051342204  0.69988941057540577
  0.71111218338355919  0.72180210431164959  0.73199507080443516  0.74224669393361475
  0.75233704766627107  0.76236995195348456  0.77265608394351548  0.78343415522650495
  0.79455287362528082  0.80563999425023780  0.81650687762179719  0.82734220840738204
  0.83783020229921268  0.84828645426237381  0.85883351317768719  0.86973937061659157
  0.88040782984585553  0.89106342318527199  0.90172960004080527  0.91296099487190363
  0.92385589655990041  0.93496276389566368  0.94573373267075700  0.95670823331055899
  0.96785127528191628  0.97901997094466087  0.98987567263963183  1.00000000000000000
   4.2374498543530826E-012  -1.0000000000000000     
 T T T T T F T T T T F T T T T T T T T T T F T T T T F T T T T T T T T T T F T T T T F T T T T T F F F F F F F F F F F F F F F F F F F F F F F F F F F F F F F F F F F F F F F F F F F F F F F F
  <DiscreteSampler_grid>
  grouped_processes
  1 # 1 for a reference and 2 for a running grid.
  10 # Attribute 'min_bin_probing_points' of the grid.
  1 # Attribute 'grid_mode' of the grid. 1=='default',2=='initialization'
  0.0000000000000000 # Attribute 'small_contrib_threshold' of the grid.
  0.5000000000000000 # Attribute 'damping_power' of the grid.
 # binID   n_entries weight   weight_sqr   abs_weight
    10   10   7.014175354933313E+003   3.086403200173882E+008   7.014175354933313E+003
    16   10   2.481765874886821E+003   2.006279724882814E+007   2.481765874886821E+003
    22   10   2.481765874886821E+003   2.006279724882815E+007   2.481765874886821E+003
    28   10   7.014175354933315E+003   3.086403200173884E+008   7.014175354933315E+003
    34   10   7.014175354933315E+003   3.086403200173885E+008   7.014175354933315E+003
    40   10   2.481765874886821E+003   2.006279724882815E+007   2.481765874886821E+003
    46   10   7.014175354933318E+003   3.086403200173887E+008   7.014175354933318E+003
    52   10   2.481765874860582E+003   2.006279724881363E+007   2.481765874860582E+003
  </DiscreteSampler_grid>
