 -0.00525646287450111  0.02200616914181894  0.03826918547845828  0.05127986905098098
  0.06351779552768907  0.07521141846915493  0.08676129276680698  0.09841115278766556
  0.10997642789257597  0.12128313791863987  0.13260776079469722  0.14424259347723162
  0.15628151248548303  0.16833168105253504  0.18012693917410844  0.19148685845741575
  0.20263174260007921  0.21378046142803434  0.22559902012352592  0.23775481915125962
  0.24999342003726593  0.26133181305079173  0.27205040577513956  0.28268434781449020
  0.29365571029089599  0.30486833954327019  0.31567948760635406  0.32676766636488203
  0.33804988841020250  0.34978097426708527  0.36109747571435868  0.37239703035372435
  0.38360701677005399  0.39509080066676189  0.40625444474199590  0.41700921009707653
  0.42779952359222123  0.43902812809259245  0.45090783360979264  0.46284115450568264
  0.47450346370528529  0.48576115145951865  0.49665859254107669  0.50753378214005873
  0.51840574390914063  0.52936433573031938  0.54034825342902892  0.55149698156776639
  0.56269880444541698  0.57341137918225160  0.58408772391229880  0.59444034467591322
  0.60468715597317102  0.61501431875439916  0.62550951284678935  0.63716563230565781
  0.64706492736718657  0.65643501924501468  0.66532490384126897  0.67451748186005112
  0.68433170773944874  0.69375944154805969  0.70329211635949318  0.71299583432407909
  0.72303217378901041  0.73311968056331767  0.74325836539554135  0.75341877302386606
  0.76362261404832732  0.77399443512595245  0.78463397960307968  0.79510373741092533
  0.80520492652357167  0.81496491212725541  0.82468136140625259  0.83440407527386395
  0.84391596721269080  0.85337086879842916  0.86273906200472739  0.87192200943402265
  0.88091516865266517  0.88993252649950016  0.89941483423700408  0.90932918363523541
  0.91932606003027129  0.92916059623889413  0.93851562582504844  0.94743220190199751
  0.95597116971194984  0.96442057479705501  0.97246257270562886  0.97979880693904520
  0.98616864733755039  0.99146787440725381  0.99595940123124149  1.00000000000000000
  0.00000009385610836  0.00000009819513723  0.00000010463359615  0.00000011096482683
  0.00000011812259662  0.00000012587153812  0.00000013366363032  0.00000014249423778
  0.00000015220396115  0.00000016228558083  0.00000017288249689  0.00000018373948907
  0.00000019517415191  0.00000020753783829  0.00000022159693440  0.00000023658548040
  0.00000025309120548  0.00000027083206368  0.00000028989101141  0.00000031044901344
  0.00000033261862811  0.00000035628993534  0.00000038134641407  0.00000040807036684
  0.00000043659782659  0.00000046775037432  0.00000050198945420  0.00000053897840131
  0.00000057781554092  0.00000061763697576  0.00000066032518632  0.00000070812566102
  0.00000076216342183  0.00000082152135280  0.00000088507640881  0.00000095596631512
  0.00000103429417792  0.00000111951080773  0.00000121407342531  0.00000131871976438
  0.00000143376261306  0.00000155995068845  0.00000169869222422  0.00000185382732256
  0.00000202820301620  0.00000222176460587  0.00000243327484310  0.00000265918979642
  0.00000290670506165  0.00000318459573944  0.00000349516605763  0.00000385172116507
  0.00000426257366425  0.00000472993608401  0.00000524763743595  0.00000581027794702
  0.00000643276510408  0.00000714115077571  0.00000794610813653  0.00000885077130025
  0.00000985824542360  0.00001100065332682  0.00001231179011851  0.00001382594898245
  0.00001559753298637  0.00001766411061100  0.00002005052705966  0.00002276055534253
  0.00002584458802719  0.00002935410959048  0.00003335833873114  0.00003777275460808
  0.00004265020526470  0.00004828048605102  0.00005484045776355  0.00006227005498225
  0.00007050511089308  0.00008016351967982  0.00009169792132587  0.00010517041904520
  0.00012015273690626  0.00013632231190379  0.00015423355419309  0.00017524862470172
  0.00019949474836997  0.00023063329739558  0.00026903851786313  0.00031776667794771
  0.00037393402690530  0.00041898595282185  0.00046033811114652  0.00050433611234497
  0.00056618597380452  0.00064644572590530  0.08278807678654042  1.00000000000000000
  0.00000001236269361  0.00000002384948772  0.00000004461981214  0.00000006936951532
  0.00000009749868967  0.00000013228329124  0.00000017804374137  0.00000023783565085
  0.00000031615744582  0.00000041626148969  0.00000054153025379  0.00000069888146616
  0.00000089262676600  0.00000113937970337  0.00000145864696410  0.00000185410363793
  0.00000234064455337  0.00000291911072278  0.00000358401173584  0.00000434114525522
  0.00000516758241223  0.00000605605057795  0.00000702604836179  0.00000815078984408
  0.00000937374931738  0.00001071969509656  0.00001215107203086  0.00001371150954148
  0.00001538233134406  0.00001714650586684  0.00001903703079295  0.00002108970290012
  0.00002330377427821  0.00002564879122149  0.00002814728626485  0.00003070321032570
  0.00003332398219342  0.00003609523412723  0.00003905337468278  0.00004226684243271
  0.00004562657909675  0.00004904230113779  0.00005268673541430  0.00005657176748170
  0.00006084186767332  0.00006546852684621  0.00007051739994218  0.00007588123693267
  0.00008169370794980  0.00008792544002377  0.00009451846911926  0.00010133344144175
  0.00010861528420589  0.00011656660808345  0.00012521955073167  0.00013481490244841
  0.00014548386750117  0.00015783375451250  0.00017120384346489  0.00018502632379489
  0.00019804940889553  0.00021037187065911  0.00022291968575293  0.00023595920438465
  0.00024966063587158  0.00026222490025369  0.00027679859748768  0.00029305461110755
  0.00030859936965281  0.00032319321670813  0.00034307298473854  0.00036726962864777
  0.00039261708866626  0.00041938396151134  0.00044825895042611  0.00047731462530097
  0.00050660269890115  0.00054056489844750  0.00058472694033500  0.00064208620424527
  0.00071104275351352  0.00079350404817843  0.00088304514737297  0.00097808675508445
  0.00108373444310978  0.00119669131342673  0.00132320736227643  0.00149196653558056
  0.00167979928643971  0.00188258122303247  0.00209769856349800  0.00232602861640006
  0.00259739174377277  0.00934819202630481  0.04069232677510806  1.00000000000000000
 -0.00188989189319314  0.00715422307395854  0.01514977698276847  0.02356584796598347
  0.03207792832889343  0.04092652327434837  0.05043384316225871  0.06023730919610884
  0.07016657603626354  0.07978851134123494  0.08941410082654123  0.09890374341028892
  0.10846227817769977  0.11809187755926316  0.12776985823318668  0.13778723676672891
  0.14814709556061190  0.15879947685632748  0.16976884650811278  0.18103414304255458
  0.19262794604664252  0.20420443950340317  0.21572068430398561  0.22713988627366599
  0.23869182773396036  0.25031034057968726  0.26231578998820199  0.27452392098597778
  0.28727521900664432  0.30021556244707159  0.31321663302368707  0.32607178784774760
  0.33905546284840660  0.35160958199412162  0.36282976137991368  0.37382139769784278
  0.38524226588906868  0.39776819451105483  0.41143654764643206  0.42514606496161655
  0.43881405342055407  0.45215607078246578  0.46498237728935016  0.47769166209505987
  0.49049975294164611  0.50341921591081029  0.51647582859088126  0.52935201762184714
  0.54227462506490332  0.55503798717229791  0.56790093866497071  0.58019330424335713
  0.59230911917152151  0.60443661949489857  0.61610675445436258  0.62792045679075414
  0.64008520347951481  0.65254878996108934  0.66482767920186903  0.67704411978692070
  0.68899397193650647  0.70070606932306245  0.71242961247711423  0.72393893761493122
  0.73507895672909063  0.74562438342220516  0.75602439153677148  0.76629732702636022
  0.77637743544278970  0.78614053441950427  0.79571862153439821  0.80525365827483142
  0.81526176646639792  0.82534236511409742  0.83497892504776594  0.84425701945685327
  0.85331594105808206  0.86240329031797225  0.87136644043215350  0.87954365245082378
  0.88739012181073451  0.89521734119556728  0.90314066989498243  0.91120583555753010
  0.91915635752241243  0.92674665128149059  0.93425670200853206  0.94197268402052725
  0.95038195386480984  0.95821887296136021  0.96521470358231165  0.97222757037367635
  0.97958523590698554  0.98678391700145307  0.99357295540486013  1.00000000000000000
 -0.00226863965132989  0.00922029028596607  0.02005481625595423  0.03028760676915733
  0.04061495462865028  0.05059667086819615  0.05993214027935637  0.06873262374793898
  0.07793120104973007  0.08787955589913327  0.09886219090791187  0.10998902368727149
  0.12106119023979309  0.13229151632110947  0.14327756842312245  0.15380860124714565
  0.16405321203009274  0.17438861704536041  0.18471759504397214  0.19498161612169379
  0.20517215823111065  0.21519357612873632  0.22522847663608592  0.23545272643747181
  0.24587631128900908  0.25620288989531514  0.26642261813725776  0.27691340392359631
  0.28784467000673392  0.29889942640896849  0.30985357673250014  0.32059063245189223
  0.33135406289121216  0.34242511230438405  0.35370224590474481  0.36479009300771487
  0.37534254335960532  0.38543603244723679  0.39539007685999139  0.40546599280469620
  0.41577401276792636  0.42637261191388753  0.43715593503452727  0.44804847801876213
  0.45886587178347776  0.46942148654736660  0.47977425096879306  0.49024957952654263
  0.50105724532309814  0.51196532564010988  0.52250993474915852  0.53281525355372261
  0.54305081643549669  0.55327290671915808  0.56355417663694896  0.57395520252793386
  0.58439053071394820  0.59471075688816666  0.60485700928186903  0.61493653140757765
  0.62520837947230601  0.63563796150405971  0.64632473168771132  0.65736795569198803
  0.66834182641354389  0.67904216054075628  0.68943663723306181  0.70004336467995509
  0.71099523074225157  0.72209619896366517  0.73295287891419747  0.74356269131647712
  0.75433506850755139  0.76500315564379784  0.77531049638086169  0.78559084912299626
  0.79630987974828105  0.80756174254578950  0.81859364629719855  0.82916177879476605
  0.83975588645445332  0.85029066731766945  0.86090087396920023  0.87131283821416861
  0.88213381047209516  0.89308534171504450  0.90420615873117760  0.91509483549984139
  0.92606999118097444  0.93706185139751952  0.94794776170479167  0.95865445901670765
  0.96904312951244320  0.97956556072419110  0.98963474341414881  1.00000000000000000
 -0.00367221725003469  0.01543641506530057  0.03094515428651744  0.04617668446103859
  0.06008791305737389  0.07364113508379384  0.08711068849598474  0.10051616729454063
  0.11344227455500290  0.12580629087502032  0.13796720157686787  0.15009714559881943
  0.16206850175788606  0.17351438991285742  0.18448137789646488  0.19511883085891088
  0.20562567273237478  0.21615916351585329  0.22669129207693803  0.23715012574373068
  0.24781135178307451  0.25843565146804504  0.26893939854348947  0.27911407670938415
  0.28894309190848227  0.29882815600439816  0.30871162348821746  0.31813226945090040
  0.32746547450704527  0.33685385625262959  0.34643870275696514  0.35566175624471791
  0.36477800188741161  0.37368477484621326  0.38210561223916256  0.39056811294157484
  0.39817212484527009  0.40558196152226317  0.41326618408851740  0.42139800721732135
  0.43042326178566687  0.43857867671187539  0.44759224224659827  0.45706304421058502
  0.46671995545107270  0.47621807752867151  0.48528553936078711  0.49420084697174516
  0.50317602917048221  0.51227228772431965  0.52094406848615271  0.52928331277139462
  0.53743931777206588  0.54568095116853399  0.55419378204213687  0.56282375748056124
  0.57175902748591856  0.58073182386607947  0.58967462547829685  0.59864303425909138
  0.60756029564931791  0.61642676910136796  0.62531307284411985  0.63413275110316347
  0.64341986329592415  0.65293231061364410  0.66253113891780180  0.67191941951891954
  0.68133181123824216  0.69076116138549826  0.70018942134564732  0.70969356081935708
  0.71934795221167425  0.72923686584359770  0.73928046036109929  0.74955697724938430
  0.76027761042084363  0.77086828921936112  0.78084582934150870  0.79062722171342026
  0.80075954571710717  0.81106892361382810  0.82139647759012602  0.83202455234585282
  0.84371306108095034  0.85616481562822844  0.86864545861984921  0.88138367103533455
  0.89450307822698949  0.90848057463487963  0.92297812400768109  0.93743029536598510
  0.95190890131243810  0.96695424851571876  0.98316906932660186  1.00000000000000000
 -0.00230932406979115  0.00945095647622543  0.01922516171893713  0.02919453321029950
  0.03953647890921809  0.04981212768349548  0.06097296144882656  0.07143047828471272
  0.08211501696734788  0.09267084913986802  0.10334504996631678  0.11368522459268492
  0.12396845430466991  0.13426403057852279  0.14444490470230645  0.15490703204508449
  0.16550989473557651  0.17728879952492238  0.18855762238019655  0.19931950960237371
  0.20987123466416308  0.22079901375766406  0.23148844871948035  0.24200178503896874
  0.25238198882878959  0.26290029862970971  0.27308862524653016  0.28333509274011265
  0.29281203943379974  0.30353552069730999  0.31359678934597313  0.32373513249567554
  0.33412860057120014  0.34474471980247157  0.35543611650710250  0.36574225466168298
  0.37634681434235784  0.38789107128991113  0.39943737642276406  0.40998179574515786
  0.42019849707084889  0.43049553390966855  0.44108174977089926  0.45162396745110905
  0.46177517125528833  0.47198508421976210  0.48196761093230989  0.49141981902815113
  0.50140484127394913  0.51132038464448515  0.52201966981996972  0.53264686616423174
  0.54339229898880426  0.55393546949827810  0.56492658391842010  0.57585690494039465
  0.58697766688351871  0.59757134109450982  0.60803728568294879  0.61853136244547691
  0.62946705444131779  0.64045972727048717  0.65122405668639505  0.66200136493945927
  0.67285364545424464  0.68345761488567414  0.69420063766814621  0.70472065856997301
  0.71530495737929944  0.72573842624834850  0.73632468367711335  0.74698334978471514
  0.75774155946781330  0.76844397378268203  0.77919510896386979  0.79018360512212837
  0.80123740438280588  0.81106845650810355  0.82054504167651987  0.83012513063900506
  0.83974106974561269  0.85036526868602402  0.86072385492070891  0.87091692972192891
  0.88085263813174708  0.89090586889864687  0.90149341932612603  0.91244503055637494
  0.92316937500429708  0.93396955309759810  0.94457901316893711  0.95566124591339641
  0.96667920874443836  0.97793048567172947  0.98874472907779176  1.00000000000000000
 -0.00235400706666625  0.00885563981916192  0.01903336494953258  0.02935314050585814
  0.03977159954494740  0.05028128795892486  0.06131331863161669  0.07209418421330602
  0.08287016669457345  0.09354023683004542  0.10421226280928959  0.11437299797918585
  0.12448482668302999  0.13415190431505308  0.14387629132463753  0.15353561812896679
  0.16359442489811865  0.17361219097692057  0.18357282506788258  0.19367161847596889
  0.20373361321707351  0.21391230863998836  0.22381775910151075  0.23379026158543559
  0.24458745680454805  0.25546430668050724  0.26612540051065564  0.27619390286146733
  0.28631918255531702  0.29671435243262040  0.30704997979835275  0.31732959817147666
  0.32752011319836277  0.33802983707035061  0.34897873802484142  0.35999885574337598
  0.37097170874767915  0.38158479830971337  0.39222362705948005  0.40275622331609140
  0.41320399446313838  0.42332324355708739  0.43344236136804387  0.44405173103815648
  0.45536060848626164  0.46653178015805152  0.47747169004696305  0.48810571658261787
  0.49865761389080315  0.50939841133159336  0.52050566809689958  0.53174183804664521
  0.54231266460769578  0.55244715583038295  0.56226610537252453  0.57214108625545468
  0.58271264019466495  0.59364965743011899  0.60464145611166686  0.61554864151224897
  0.62641782979140703  0.63762132474464572  0.64894055952238128  0.65980725098019788
  0.67057737113481508  0.68127595826658194  0.69235129196908041  0.70320052802064803
  0.71412064597412661  0.72475831439536353  0.73536802856618211  0.74587200082811445
  0.75655757447928262  0.76707762539405155  0.77733776202530347  0.78762830577736487
  0.79838782952216181  0.80942953816075203  0.82032506825663964  0.83084194342022510
  0.84124154963527398  0.85146442207952122  0.86178284594585530  0.87212783415160866
  0.88240945970170914  0.89276412012017192  0.90280903428939530  0.91348517777758365
  0.92454398346829436  0.93525020444196150  0.94593196443999605  0.95669283219902901
  0.96762729300089911  0.97863443435033770  0.98926206133876582  1.00000000000000000
 -0.02800330113448477  0.14843658003486226  0.23322063749176392  0.27785274437496538
  0.30161622918657971  0.31523080339139015  0.32460135195314416  0.33283245007130674
  0.34040848363925369  0.34761341319531730  0.35446687279110584  0.36124695411852514
  0.36817924899158533  0.37503489092618036  0.38167835999925881  0.38807740681078495
  0.39434402833694582  0.40039521132880268  0.40622382958691505  0.41183479433777270
  0.41729825602237219  0.42264542257432658  0.42793531473158936  0.43317301144536180
  0.43822997976106126  0.44314417427463881  0.44800361726418980  0.45290299664490102
  0.45779546151481926  0.46267323923881326  0.46753831473036750  0.47233807010882944
  0.47711705194113013  0.48192568891752852  0.48678358566323993  0.49166238556450298
  0.49650491905258060  0.50138204140740483  0.50634779822302900  0.51131726833121194
  0.51631360430826367  0.52147087206552212  0.52683671816830158  0.53242106708177506
  0.53799549962861359  0.54346933576250345  0.54880511618211303  0.55417354012602160
  0.55981176787070996  0.56566824629423862  0.57156007639513762  0.57751447417134627
  0.58345141356847197  0.58944500510495268  0.59547287527285009  0.60157204945847986
  0.60766642010185046  0.61378441773683201  0.61994283654542059  0.62615312554374247
  0.63248674904568436  0.63902879314635475  0.64563224624774695  0.65231710278618094
  0.65910888141522994  0.66623217148141922  0.67361895352056411  0.68112796344839133
  0.68852383425325703  0.69610871657219020  0.70373747535040032  0.71164184923069795
  0.71974294745663914  0.72796980030065439  0.73644862330700611  0.74519506652849965
  0.75431131962319875  0.76365239277783070  0.77319287711415774  0.78298490274636456
  0.79312826769780798  0.80363887496965203  0.81436172844407084  0.82535418345450617
  0.83679081316772463  0.84858565893810822  0.86057820233527260  0.87277255701935053
  0.88498073515015419  0.89672983485243341  0.90841428728584295  0.92144660294071978
  0.93631822664232223  0.95244100779379537  0.97328915358973023  1.00000000000000000
 -0.03338285085662096  0.15378585938318406  0.20788290099840676  0.24220025178522162
  0.26902976968766196  0.29095493085422819  0.31039984374574614  0.32894566437995953
  0.34637148521021199  0.36263408498266214  0.37748305635708268  0.39127313061672908
  0.40440316531000831  0.41739359465478315  0.42999260081035034  0.44185137170006816
  0.45294417396448849  0.46371406502868834  0.47439620817756356  0.48468364878593162
  0.49454468668085538  0.50412153821148975  0.51364331668592544  0.52319581348078770
  0.53254376436284367  0.54174883916157246  0.55054074743280090  0.55897255891099251
  0.56726722509636551  0.57530378255390191  0.58289978054285496  0.59043277266187710
  0.59788366945465932  0.60547370245548604  0.61285415622716055  0.61996112540457216
  0.62713458859749938  0.63407492633286122  0.64075642741483940  0.64706947634011747
  0.65307493147506679  0.65913218771467941  0.66518301265883251  0.67097003634079178
  0.67655642513778458  0.68207748861581174  0.68762591635148573  0.69305590096588710
  0.69838189773217318  0.70361062020106635  0.70880440350351726  0.71390715352193834
  0.71887790549049546  0.72374119504282752  0.72863680858169921  0.73337392162930670
  0.73775615729140076  0.74205355297378206  0.74631596321082627  0.75074171147280677
  0.75549102961715187  0.76020705607991113  0.76464994837644318  0.76889152576754660
  0.77315473173197324  0.77748247675252102  0.78192754375238449  0.78638754122721843
  0.79073590492376056  0.79503301161398632  0.79936359610790497  0.80371265535364111
  0.80809210733132864  0.81254067861229007  0.81705809116569406  0.82167560630227654
  0.82639601698141640  0.83118551629931336  0.83598759746683060  0.84076776767513195
  0.84550955941005457  0.85034883215932167  0.85524409612304941  0.86025015996465248
  0.86537217213150786  0.87073649318434010  0.87640648971305457  0.88240383320509075
  0.88861272258801849  0.89515194926327735  0.90219644497994267  0.90989941535316665
  0.91872358719857339  0.92983876309553504  0.94849982374713693  1.00000000000000000
   6.4490396525654086E-009  -1.0000000000000000     
 T T T T T F F T T F F T T T T T T F F T F F F F F F F F T F F T T F F T F F F F F F F F T F F T T T T T T F F T T F F T T T T T T T T T T F F T T F F T T T T T T F F T F F F F F F F F T F F T T F F T F F F F F F F F T F F T T T T T T F F T T F F T T T T T
  <DiscreteSampler_grid>
  grouped_processes
  1 # 1 for a reference and 2 for a running grid.
  10 # Attribute 'min_bin_probing_points' of the grid.
  1 # Attribute 'grid_mode' of the grid. 1=='default',2=='initialization'
  0.0000000000000000 # Attribute 'small_contrib_threshold' of the grid.
  0.5000000000000000 # Attribute 'damping_power' of the grid.
 # binID   n_entries weight   weight_sqr   abs_weight
    10   10   2.261739049724638E+003   3.601444309091138E+007   2.261739049724638E+003
    11   10   2.261739049724531E+003   3.601444309090724E+007   2.261739049724531E+003
  </DiscreteSampler_grid>
