  0.00191292308797169  0.00194701200155849  0.00199148990348298  0.00203205004355024
  0.00207237699361867  0.00211642405577618  0.00216266287820775  0.00220872489458992
  0.00225691498909727  0.00230568629984068  0.00235536652163040  0.00240781284219175
  0.00246358920253672  0.00252121071619900  0.00257823205992083  0.00263890737743708
  0.00270079796833028  0.00276050675329587  0.00282651805323318  0.00289372761733262
  0.00296343845582988  0.00303890025193603  0.00311941657977209  0.00320027191624558
  0.00328806137724739  0.00337632184693042  0.00346784635430728  0.00356780938857774
  0.00367009804420624  0.00377370818980028  0.00387869775883924  0.00398559037237592
  0.00409777209455074  0.00421711918893497  0.00433828188234641  0.00446965575253615
  0.00460222552818457  0.00474074686096729  0.00487942127988840  0.00502279024952770
  0.00517171911538963  0.00532542717647145  0.00548504970113826  0.00565185844841829
  0.00582894336848047  0.00601962655726873  0.00621030143052410  0.00640351348148535
  0.00660278933752428  0.00681230696026826  0.00702825221381272  0.00726872454130277
  0.00750980426291632  0.00776491167285066  0.00802749818791340  0.00830538366811441
  0.00860164253167292  0.00891438469950417  0.00924322735767552  0.00959504406979664
  0.00997305382814923  0.01037714383171035  0.01080461060888106  0.01125489991536617
  0.01173727255905756  0.01224521872795691  0.01277573498135866  0.01334152747931640
  0.01395643085119339  0.01463767006485050  0.01537827104630468  0.01617379391351296
  0.01700889401734079  0.01788694320335883  0.01885984984583911  0.01996309749488812
  0.02121857902396827  0.02260601599912260  0.02410603997115137  0.02577743524803943
  0.02766458853932765  0.02973659726042950  0.03199502745600651  0.03451822481277621
  0.03748056588703504  0.04097739535499779  0.04513250105686940  0.05008688313431010
  0.05605725520428542  0.06365550869137150  0.07383858507885216  0.08795577931308692
  0.10994375248208557  0.14985873043262574  0.26272413994011334  1.00000000000000000
  0.00188403056393744  0.00314833020385379  0.00399658700283653  0.00474475251405840
  0.00545453102365293  0.00616783396458173  0.00686491107819468  0.00763588266416410
  0.00846852709903832  0.00931137315333772  0.01017323039278269  0.01105287256234209
  0.01198055098812449  0.01297208892093578  0.01400217042175277  0.01507599795762016
  0.01619849239836475  0.01738136775923195  0.01857913760077203  0.01980295420997041
  0.02112654828078380  0.02247411087846838  0.02387184447233531  0.02532541015807321
  0.02685148524579764  0.02849289918814268  0.03013664596655135  0.03186479192427549
  0.03364894979794897  0.03547026002569081  0.03739855030756490  0.03940509715247181
  0.04147939074627829  0.04365092988385129  0.04593863458765118  0.04834832004475775
  0.05083618994933500  0.05340443124770099  0.05603490575155765  0.05882588428080487
  0.06163586627175854  0.06458499229232621  0.06781307351957853  0.07106870413430109
  0.07461674574596415  0.07801963393754857  0.08148111068578319  0.08497265029859398
  0.08876660465104053  0.09284431050051536  0.09712738291395810  0.10167667949721043
  0.10620677078313746  0.11085665781230743  0.11569890419509717  0.12079729584138613
  0.12620719851589568  0.13179169986612732  0.13726360335486115  0.14282370493347019
  0.14857234208087136  0.15456870266921074  0.16061933870502998  0.16728038018386507
  0.17441569200845389  0.18179616645688856  0.18950441379459176  0.19758593743927780
  0.20600190635528121  0.21509445074870701  0.22497557334054682  0.23499885263483275
  0.24538334291007094  0.25608020742048687  0.26706213045830740  0.27863708852686470
  0.29114365032312045  0.30426365048431525  0.31801100707709568  0.33228924903604506
  0.34777000959023086  0.36493818960806834  0.38350436041338665  0.40339227480977385
  0.42455742003974134  0.44691680567169778  0.47060364188413678  0.49619271337182852
  0.52482235964181134  0.55808916023481348  0.59584358568525886  0.64009430671325096
  0.68992571535680547  0.75281440574948844  0.84484549518111085  1.00000000000000000
 -0.00278401435565179  0.01106157450109808  0.02251957803863558  0.03272884135803222
  0.04304007930677518  0.05303096517835899  0.06332447810782360  0.07381105598350819
  0.08431025340185438  0.09487309726996926  0.10500969461872184  0.11513452862851305
  0.12556015461766407  0.13656831556054300  0.14748984839794704  0.15857108609026507
  0.16976411287275917  0.18156535688230052  0.19337438007466656  0.20491168600083096
  0.21619145614915181  0.22732635077973481  0.23770162036639411  0.24736520776572180
  0.25681408530671995  0.26633560146745983  0.27625903360694309  0.28649306219311604
  0.29706228829917153  0.30802355834314105  0.31873095190259515  0.32918290462927374
  0.33936604873436849  0.34975140651506414  0.36054830974343383  0.37100737228710789
  0.38104308041635543  0.39122374796838910  0.40153783494941220  0.41207937600549088
  0.42259305514741868  0.43266726861595273  0.44300593838738006  0.45262702431100299
  0.46267188869907694  0.47283366737977189  0.48344480777510779  0.49411392569404061
  0.50451727811981983  0.51462313202899834  0.52497947146763846  0.53574519695636524
  0.54670948323876822  0.55776006520107846  0.56871452295595593  0.57951894823534378
  0.59014059069868974  0.60083023728529938  0.61127427243886590  0.62123936837204530
  0.63051187869242553  0.63981911755480525  0.64964495797783428  0.65951998025193248
  0.66918038899704124  0.67877391700595346  0.68882940395076997  0.69965094572988040
  0.71056767481415706  0.72136937771507026  0.73172436508115357  0.74223995557538258
  0.75247105810117687  0.76332330979263019  0.77474358468787241  0.78622241596767861
  0.79768453823459318  0.80926944334141449  0.82092442515711506  0.83217482682213517
  0.84231591718370535  0.85209110227017337  0.86192798073270938  0.87212046681792232
  0.88284929465236195  0.89360219563505749  0.90449774206877365  0.91511106762066197
  0.92533959728735671  0.93573656241445990  0.94642861261195843  0.95720398445065513
  0.96787396048786700  0.97801505145104017  0.98904434408015529  1.00000000000000000
 -0.00243837654770162  0.00999530095114950  0.01996302311997105  0.03069258065561827
  0.04056723605204603  0.05040259659624119  0.06021564896050133  0.06988322871656104
  0.07914990871697521  0.08850696008206554  0.09797735253715043  0.10779337956273494
  0.11763046338109619  0.12784946946118639  0.13855498257175244  0.14924545329659511
  0.15968309219813578  0.16983022812494586  0.18002518897957481  0.19047400484876600
  0.20119147543625426  0.21180456790491631  0.22253484942435628  0.23320381327960635
  0.24437820759647316  0.25585066281999752  0.26704950559347723  0.27815920805464744
  0.28910580087769860  0.30015926880104160  0.31116920308021900  0.32163306312758877
  0.33179981679197951  0.34207529830405958  0.35247606704641549  0.36298359235687810
  0.37364360077394809  0.38457204277112478  0.39596425079533387  0.40693860984360936
  0.41771216087792207  0.42858739440047244  0.43978524244053790  0.45159444524791176
  0.46273954724705030  0.47315300272947070  0.48326673036625273  0.49370421321378127
  0.50427190072056716  0.51510663345551633  0.52669643424904600  0.53828768060751286
  0.54956927876482786  0.55953246263068757  0.56977090689093002  0.57956431157597310
  0.58972788521827302  0.60047594439921392  0.61148933322978027  0.62261776554222192
  0.63286198901542212  0.64301011143862141  0.65348717761916697  0.66424493536681806
  0.67495016951993481  0.68552516349624670  0.69624375544682526  0.70681266520040165
  0.71674820936986616  0.72629826137028952  0.73583519489319116  0.74562527603129514
  0.75563293174461132  0.76545010083233656  0.77517611530623221  0.78519534190091123
  0.79555352908625010  0.80609891473924244  0.81663472914537372  0.82761258177469255
  0.83880108772048934  0.84981195787777053  0.86066138246918156  0.87155104246428328
  0.88248893537798101  0.89296376481784201  0.90317885127775965  0.91330121065804415
  0.92397651081132992  0.93472502911908129  0.94553406630764736  0.95613863985198033
  0.96735019452232873  0.97840476652142772  0.98935510818307593  1.00000000000000000
 -0.00264000835230763  0.01002812511360609  0.02041347909614137  0.03261355284422493
  0.04367284658872066  0.05500436696911232  0.06590256454394615  0.07675425299687409
  0.08720499348161388  0.09743211390506434  0.10780636781890110  0.11816309320616879
  0.12857005997791549  0.13941954577588717  0.15020241110597810  0.16115502770672521
  0.17201191364137294  0.18298527858747990  0.19380377052835795  0.20432333045907344
  0.21422966595174958  0.22405619943637387  0.23385660130760869  0.24413512864126452
  0.25451590514509914  0.26474872748305950  0.27500589229737776  0.28543411417823766
  0.29612476735557774  0.30654151938789120  0.31710209774909154  0.32826854462377436
  0.33956628112176546  0.35100334706434416  0.36222609439828984  0.37322482834410153
  0.38425573953101727  0.39493814282451117  0.40530824616146344  0.41553054003183504
  0.42591855624806185  0.43652031345767150  0.44719492185587495  0.45784535862840031
  0.46851513474643813  0.47906034195656155  0.48948046746013185  0.50000900326917042
  0.51036148687051852  0.52009796711988376  0.52993659627634437  0.53986815793276965
  0.55032547727276437  0.56155428507939076  0.57305522739502701  0.58486955370519500
  0.59518227383350775  0.60537563103988534  0.61548468160232273  0.62585101859898606
  0.63621315871763628  0.64648136462290506  0.65715904998655694  0.66765336090167560
  0.67786732855814247  0.68793295333351534  0.69798433671064153  0.70784057686084623
  0.71785566537993228  0.72761785221327524  0.73799555968537101  0.74837358214038374
  0.75907086491020737  0.77028977838052937  0.78132374291661699  0.79222758177479502
  0.80265113203568716  0.81279453497379528  0.82273303303646617  0.83243880895114275
  0.84194354022840123  0.85202958758093761  0.86231524727967646  0.87302117341335195
  0.88351598240452822  0.89411832860261398  0.90456108386404044  0.91472927381378843
  0.92519318918032578  0.93552835553989711  0.94612904542994780  0.95642731418212490
  0.96704879054588122  0.97781921379931958  0.98881089456617377  1.00000000000000000
 -0.00242068454209434  0.00918242627996802  0.01903073166389505  0.02934937253142144
  0.03976788089720136  0.05018890507058452  0.06080524619890955  0.07125242895493443
  0.08184483124714621  0.09203741324341419  0.10207153206479082  0.11210451537499194
  0.12206057156516226  0.13207742109572601  0.14188209688098535  0.15158941914181367
  0.16090023702720732  0.17061243255325462  0.18074304497703042  0.19166125750614299
  0.20256308388252209  0.21377150537136017  0.22469184471027673  0.23593490452168495
  0.24661860295459559  0.25729847483603557  0.26738277063573246  0.27800138476439756
  0.28898709352307850  0.30038676137159720  0.31162464619849289  0.32276439185426625
  0.33335665997366121  0.34376693062754282  0.35379933996793778  0.36401255652952491
  0.37450285661517341  0.38490771394963746  0.39573866856806383  0.40667436743367813
  0.41738397394112825  0.42816310388691842  0.43905277615173088  0.45009257338991360
  0.46078833307528683  0.47129941643597079  0.48213798515394157  0.49298505583482677
  0.50354864881315387  0.51383433394266942  0.52434155390526505  0.53458807470322345
  0.54536279680160971  0.55529596866386643  0.56630833676046122  0.57687049298282145
  0.58812150326156287  0.59840236806835545  0.60840096172557456  0.61792412258061868
  0.62750833184483190  0.63778663203271080  0.64800824825974945  0.65836912722837848
  0.66851374814485021  0.67960074287609951  0.69107841516384272  0.70283437852338415
  0.71420159043104503  0.72507158992967147  0.73540385799189700  0.74572887352203521
  0.75553092808442746  0.76542973717372575  0.77540163065565193  0.78648943945383154
  0.79741642430706461  0.80810942150334386  0.81871835427431616  0.82921489017735639
  0.83979286474168779  0.85042195929692743  0.86125032246239652  0.87227199110521270
  0.88348036930682528  0.89480040818846351  0.90556245952401770  0.91651420605021094
  0.92730847859858812  0.93778432322179306  0.94775874135754468  0.95783535077410797
  0.96875385178461848  0.97982237252027027  0.99001047969471234  1.00000000000000000
 -0.00234951740763956  0.00878839221862952  0.01851521225291378  0.02845205912102654
  0.03894645790972361  0.04992269776783260  0.06055643170376496  0.07075557600218742
  0.08080430345318487  0.09116730989898737  0.10147679105263102  0.11191388771156267
  0.12249039565374223  0.13310759177358361  0.14388178200068052  0.15461961789359194
  0.16575226020456552  0.17677716673670385  0.18768831018834842  0.19831621144612271
  0.20881298989122210  0.21930814050775443  0.23001968831830000  0.24075774387338406
  0.25131471723845245  0.26185639392428323  0.27232142558623829  0.28301573513380696
  0.29329549575613278  0.30331960128226643  0.31326289450160899  0.32382598793396378
  0.33511045652189303  0.34669840148295600  0.35744481681762880  0.36793596033548787
  0.37833349311610465  0.38898309450956287  0.39911964462514210  0.40875090263839264
  0.41846673443366433  0.42855038695940795  0.43894665627677998  0.44916817353983818
  0.45973339288832410  0.47070576376015127  0.48186644685327190  0.49278931874262544
  0.50330334020261525  0.51387744831540316  0.52471948435217153  0.53539260127272426
  0.54579100111405965  0.55591462826511784  0.56617069565528910  0.57687337368851066
  0.58777692304941698  0.59872397435837754  0.60910634801323738  0.61933458596076996
  0.62969192586214540  0.63993132174041090  0.65000537030349481  0.66001250919497367
  0.67037719969617882  0.68098610377413382  0.69127432658615218  0.70166578026821913
  0.71223601581016027  0.72258178070518697  0.73234722617500569  0.74196705183867584
  0.75240148470419232  0.76342140799239255  0.77446758650732639  0.78511800345351579
  0.79567057623311033  0.80573169441679637  0.81495183073391009  0.82485657863346484
  0.83500030249487678  0.84630717150031509  0.85753162130210747  0.86957190976022924
  0.88189867001310029  0.89337259336861485  0.90459039197204327  0.91537131797085258
  0.92645664822557383  0.93739147992613003  0.94828775107745056  0.95888958080798170
  0.96933068062825600  0.97973538498561086  0.98982025461308243  1.00000000000000000
 -0.00256964044714201  0.01010460127069117  0.02016626047448360  0.03075772960772227
  0.04085283917129349  0.05132037787299513  0.06168111238484428  0.07253885638168524
  0.08363573127523076  0.09452178695166469  0.10574037451787933  0.11662439490299753
  0.12761225351541874  0.13839126371207711  0.14946068276395522  0.16069446847186888
  0.17223154847015465  0.18389192170026444  0.19504007810529253  0.20546736143914801
  0.21530965813223657  0.22515162164889593  0.23478080127440262  0.24466631151350279
  0.25462394984602160  0.26500484076247915  0.27546417807846257  0.28597968196998136
  0.29629994938394411  0.30639139260290837  0.31637796566171311  0.32661133041750295
  0.33749415687074968  0.34880790129129596  0.35990763554329841  0.37086197812286553
  0.38165798346952101  0.39243505879162710  0.40276878253271897  0.41329129244042179
  0.42417105854266240  0.43545006389471597  0.44642146738413263  0.45671084124609496
  0.46705863104944056  0.47732792490073195  0.48765203711056504  0.49802125035348621
  0.50867648503727703  0.51953369088177315  0.53016390628948407  0.54059545193915204
  0.55073301996748714  0.56119542924654120  0.57162629764233552  0.58225723565965981
  0.59281219306485700  0.60336529082257595  0.61389126166231400  0.62405466468175153
  0.63414789845152031  0.64400252930625290  0.65401583740611235  0.66384876576303720
  0.67332467938365681  0.68278632967565001  0.69231948950056066  0.70223444525577927
  0.71218674843239205  0.72206504256128135  0.73259935741174220  0.74331324719326741
  0.75417157746392327  0.76468832065457726  0.77486079376465722  0.78519172062806675
  0.79573963881883181  0.80650387611696894  0.81746471498797824  0.82836354470531481
  0.83928059460198667  0.85011045222799864  0.86112535856480821  0.87232259977727833
  0.88363009737109621  0.89506716107834783  0.90694180270865221  0.91845637510522893
  0.92922721753834592  0.93965612702199486  0.94995013335293854  0.96022010641393574
  0.97025484743942314  0.98041206619617904  0.99004035116320344  1.00000000000000000
   4.1234872151943008E-012  -1.0000000000000000     
 T T T T T F F T T F F T T T T T T T T T T F F T T F F T T T T T T T T T T F F T T F F T T T T T
