  0.00000009405931451  0.00000009675307538  0.00000009888324373  0.00000010072021456
  0.00000010268553553  0.00000010482036809  0.00000010703910293  0.00000010931500367
  0.00000011164856121  0.00000011404848801  0.00000011654729390  0.00000011912033238
  0.00000012177963763  0.00000012457515686  0.00000012750589211  0.00000013046031714
  0.00000013330710562  0.00000013620509929  0.00000013922573612  0.00000014247596748
  0.00000014593168313  0.00000014948229064  0.00000015314472163  0.00000015684657702
  0.00000016052671343  0.00000016425849459  0.00000016809013072  0.00000017220122972
  0.00000017655098535  0.00000018099109371  0.00000018552648236  0.00000019016340672
  0.00000019491413321  0.00000019980584315  0.00000020480379330  0.00000020997459358
  0.00000021526928017  0.00000022061578819  0.00000022623786486  0.00000023213585135
  0.00000023822060982  0.00000024458842613  0.00000025156366707  0.00000025893714492
  0.00000026646772714  0.00000027426254849  0.00000028262191104  0.00000029084957609
  0.00000030010046598  0.00000030953176819  0.00000031953137435  0.00000032988076959
  0.00000034071383946  0.00000035227095364  0.00000036456848359  0.00000037721271916
  0.00000039025670603  0.00000040383657730  0.00000041795847881  0.00000043264140841
  0.00000044817370958  0.00000046427958484  0.00000048115299802  0.00000049932229773
  0.00000051942167082  0.00000054209966348  0.00000056603077840  0.00000059011518146
  0.00000061645769280  0.00000064612128569  0.00000067798739181  0.00000071167587838
  0.00000074766728544  0.00000078749496782  0.00000083116005778  0.00000087764660469
  0.00000092969459199  0.00000098676978662  0.00000104588189086  0.00000111361188195
  0.00000119105850456  0.00000127288562509  0.00000136965401239  0.00000148107753117
  0.00000160609634081  0.00000176261011632  0.00000194425516473  0.00000217662600974
  0.00000246732261435  0.00000284987019533  0.00000339427651424  0.00000425732998679
  0.00000616279166746  0.00001239199031356  0.00053061013487057  1.00000000000000000
  0.00000025591619584  0.00000028919570606  0.00000031693273423  0.00000034657328973
  0.00000037787495574  0.00000041143741499  0.00000044674644109  0.00000048745481503
  0.00000053004588645  0.00000057490922181  0.00000062135533409  0.00000067019699188
  0.00000072153562071  0.00000077427762615  0.00000083115288497  0.00000089013304170
  0.00000095010264911  0.00000101366636101  0.00000108037578416  0.00000115406723505
  0.00000123129384297  0.00000130631652787  0.00000138307291719  0.00000146668207855
  0.00000155488549950  0.00000164579579608  0.00000174057005605  0.00000183726013088
  0.00000193603796746  0.00000203952336625  0.00000214924186178  0.00000226269671015
  0.00000237801782151  0.00000250182380085  0.00000263493732844  0.00000277147608626
  0.00000291252917645  0.00000306243209636  0.00000322148292618  0.00000338822867501
  0.00000356247157748  0.00000374609582933  0.00000393664671749  0.00000413172817813
  0.00000434888204735  0.00000457841652882  0.00000480529779882  0.00000503616884298
  0.00000527611315883  0.00000552414153576  0.00000577620417319  0.00000603523856896
  0.00000630566032620  0.00000659308841786  0.00000689448604737  0.00000720123528177
  0.00000752505968779  0.00000786674975688  0.00000823110820404  0.00000860630667513
  0.00000901730634858  0.00000945999718279  0.00000991497919634  0.00001036837485221
  0.00001085009978691  0.00001137965104913  0.00001193934366335  0.00001252415625695
  0.00001314677270494  0.00001381459922646  0.00001453167299297  0.00001526188475909
  0.00001610915937382  0.00001704649039782  0.00001804008586960  0.00001910652145199
  0.00002026593810951  0.00002152685535418  0.00002290330604382  0.00002457621549811
  0.00002635457009520  0.00002841883458997  0.00003072637045072  0.00003354624707968
  0.00003733329304594  0.00004280100189662  0.00005091711898482  0.00006062420384596
  0.00007124138152106  0.00007889774500051  0.00008695563490103  0.00009848883733488
  0.00011482410343968  0.00013869516629481  0.00153004552816554  1.00000000000000000
 -0.00270760801203841  0.01075246237244104  0.02164946068611794  0.03305556594099750
  0.04403034982595792  0.05573719662478645  0.06717320378551453  0.07839771607701849
  0.08921965147679672  0.10014450117027231  0.11109799957503499  0.12228511068415124
  0.13324007648749631  0.14387891515055107  0.15448202626479718  0.16488655719827408
  0.17575868377497583  0.18652864133940339  0.19728800544396918  0.20720039312568839
  0.21680077331738001  0.22629630145359186  0.23644192803550421  0.24689945712119049
  0.25749511748707804  0.26813420681865513  0.27874951337229259  0.28936938101241372
  0.29955544018456542  0.30964123255472475  0.32008876326052893  0.33065197271097752
  0.34086209604316464  0.35109041436467747  0.36111350890913202  0.37112030974272858
  0.38098656468335879  0.39132175172917089  0.40189039190332559  0.41260306547821973
  0.42321859516676924  0.43393755081059388  0.44475447697254189  0.45519190247988989
  0.46559908031940139  0.47570725328835012  0.48618899351058953  0.49633770099020030
  0.50588452464135181  0.51517988094004630  0.52474717868631626  0.53512166750713619
  0.54562621806062717  0.55637020251713132  0.56656527805674062  0.57696498916672390
  0.58715673290007020  0.59779665374564595  0.60806462770229153  0.61871726626433710
  0.62922799771132143  0.63942829306275495  0.64940341553368741  0.65946907476871697
  0.66981347267845470  0.68028676814557654  0.69083866715935782  0.70167960882156355
  0.71255670662200810  0.72341132568244326  0.73439801002736083  0.74527408794814887
  0.75619769244923474  0.76717945679112221  0.77799709107528914  0.78885421944326872
  0.79981191622660675  0.81083787504229243  0.82160364014399911  0.83214882444418359
  0.84268519268076258  0.85318849044245193  0.86379171379599662  0.87410188194594096
  0.88432539076209671  0.89438462150110554  0.90512753891006403  0.91628059287689756
  0.92721480966021552  0.93764159542795411  0.94799964783256163  0.95851842934107667
  0.96928868247117583  0.97968080905008059  0.99005460281292168  1.00000000000000000
 -0.00271335486433602  0.01026321306512646  0.02079973741472622  0.03149122334032675
  0.04180556106675629  0.05180126945457093  0.06211787415472522  0.07243480295717765
  0.08298879788722403  0.09337732841104880  0.10358889857857614  0.11392306975448747
  0.12412387417111746  0.13510630624387407  0.14585258901036122  0.15701719673568634
  0.16819845044118756  0.17997677079383484  0.19099439672612695  0.20167409234526068
  0.21232388126591822  0.22342287215654733  0.23541524809557626  0.24623442986884767
  0.25683415556671407  0.26705466924290366  0.27747201590717241  0.28795666032598644
  0.29858697005254087  0.30923488284036393  0.32002041027648498  0.33047876699993373
  0.34104476383096854  0.35164943370383595  0.36232788015228429  0.37298668096114102
  0.38342728358293354  0.39333253431995441  0.40295831824016298  0.41265837591653437
  0.42263103545358410  0.43268888149903334  0.44263073082751375  0.45309197997675160
  0.46379203169556144  0.47441806720971980  0.48466182492175358  0.49501575873042608
  0.50575028880336037  0.51661281658415081  0.52740295282127236  0.53794784467534251
  0.54818383261254633  0.55857003591721466  0.56932888304875184  0.58041601449978208
  0.59129580252454561  0.60199382128451762  0.61250562595619129  0.62310032129060389
  0.63391188580508739  0.64470409015694619  0.65546680565203175  0.66610673169974433
  0.67681030270825016  0.68745201653262855  0.69777781515258752  0.70831134979915567
  0.71874600005532618  0.72916902979652087  0.73944023810955406  0.74983786900876970
  0.76056557637503719  0.77148213723069525  0.78222804253294342  0.79282393038330645
  0.80330777441262902  0.81388081156519820  0.82480798368142361  0.83601146658492398
  0.84735387670709605  0.85797759897151982  0.86841688274860218  0.87877010530368538
  0.88918134393001080  0.89903269402691766  0.90858131275211684  0.91829071123856276
  0.92825505428548893  0.93828201397611632  0.94805004227044143  0.95806628543789885
  0.96868377177258669  0.97947104506987726  0.98975063667056284  1.00000000000000000
 -0.00235828558486667  0.00824432577865038  0.01782876995567495  0.02730626399224335
  0.03700319198496237  0.04693848303594396  0.05660301170350215  0.06634300951240517
  0.07601139115449383  0.08596338620773020  0.09609883139246464  0.10636139479233064
  0.11647698462576839  0.12659413721682636  0.13689306815233371  0.14742126957007690
  0.15806564947225368  0.16849486920372381  0.17859510432579101  0.18881862842397859
  0.19949718583570999  0.21033814948685436  0.22068322501130119  0.23059518236463802
  0.24064720224712471  0.25105440982527638  0.26177988677136138  0.27272427672002009
  0.28374689740325904  0.29460080747335965  0.30519376646994101  0.31565762142953996
  0.32612077610296802  0.33672339342242807  0.34747103939506108  0.35826078348027990
  0.36890086393218990  0.37938986828237364  0.38999771269615896  0.40103626052111579
  0.41216517630672533  0.42330712917746094  0.43449090962311565  0.44519683294767998
  0.45538195217809530  0.46575954646925960  0.47675917596836492  0.48780801025341636
  0.49884514071695363  0.51011852561983351  0.52151813570335070  0.53249667889685059
  0.54348028310846352  0.55450792840923291  0.56563984147920587  0.57702940894593702
  0.58882358957303127  0.60061571953205661  0.61216812994532299  0.62373629889522453
  0.63536992230474987  0.64697443783416020  0.65822973793507922  0.66944357344051397
  0.68043968286615442  0.69132124259524286  0.70194656111177112  0.71263061973240238
  0.72372865179349044  0.73506296285263373  0.74597992660624923  0.75633819537432556
  0.76650726569489180  0.77684892741997891  0.78720139213447060  0.79758176879098353
  0.80791010058778956  0.81821692937293344  0.82844406603222553  0.83867937874663023
  0.84902435023171630  0.85957272779751004  0.87034087292213558  0.88106856691157520
  0.89139848288123547  0.90147198596103162  0.91150500874394291  0.92154091201081900
  0.93146647770252156  0.94135553249320736  0.95109714560857928  0.96079651346703965
  0.97025904494962478  0.97999010899155381  0.98986367262697705  1.00000000000000000
 -0.00194969005528476  0.00800846534186667  0.01730990951158159  0.02691265441351274
  0.03718222872462448  0.04745029718056951  0.05774117967267599  0.06830738280139494
  0.07904282547235465  0.08956077171621528  0.10019790019506575  0.11082899235866417
  0.12123338281082553  0.13125732668791881  0.14099492305376971  0.15103722262854430
  0.16127278434671477  0.17168234764500223  0.18197431651383777  0.19202207267111315
  0.20205208743699088  0.21223071602895699  0.22262529836272027  0.23293625513953367
  0.24271724222909680  0.25246978926519148  0.26231071586862609  0.27265407598452240
  0.28278955955714785  0.29246342400480557  0.30190367548099328  0.31165124498876101
  0.32230336558574901  0.33344638398332066  0.34444371387690514  0.35493618234044205
  0.36547707903252252  0.37598567599536881  0.38638291366058186  0.39687433901561958
  0.40707656163145406  0.41707447987409307  0.42683566962562502  0.43700739849903653
  0.44776365785216993  0.45877761944184020  0.46985443735534593  0.48081337152611692
  0.49145961000591243  0.50203873810180355  0.51298440855295935  0.52420942731884279
  0.53545007926112842  0.54671132646029696  0.55763195811799071  0.56823825954145402
  0.57870024625030181  0.58962384932210576  0.60085253237693437  0.61176930527416329
  0.62252144049689762  0.63339727189559236  0.64436986237460336  0.65541946743264456
  0.66662087192955055  0.67769583638668107  0.68827686420527079  0.69874100440948783
  0.70957021916361984  0.72047077314144292  0.73099572488271636  0.74134320004076515
  0.75158770504338468  0.76189264075454188  0.77254387879652153  0.78343346164497529
  0.79442918899420933  0.80526149231570032  0.81598360581930374  0.82626869545141346
  0.83674893512482795  0.84752314824292163  0.85868389156863134  0.86959252143648769
  0.88071106324291382  0.89168943623552743  0.90280259715941213  0.91393733205997052
  0.92515918869294833  0.93629699180423553  0.94728956044564683  0.95801723102895331
  0.96847119491859945  0.97876569406735592  0.98931048619720874  1.00000000000000000
 -0.00177375905472316  0.00644836134185485  0.01405563300682642  0.02159592492217485
  0.02952676881879308  0.03786047019990219  0.04648479622179430  0.05523419565067396
  0.06388751995116256  0.07261759186005619  0.08125307908720149  0.08982876817597117
  0.09851394467319098  0.10745579220077067  0.11662245250593220  0.12572457526880346
  0.13493745754662642  0.14425498942162746  0.15377897352009784  0.16355180716382120
  0.17357026001994844  0.18403321190868013  0.19460283248702895  0.20519860828417183
  0.21590389273886135  0.22661522469940612  0.23728530927286953  0.24790430830862231
  0.25877640993082263  0.26996437355717523  0.28137212123370942  0.29299475036092548
  0.30478602668964960  0.31627054873229660  0.32792250773026166  0.34024598395373895
  0.35333476311042944  0.36617096640577973  0.37849269622575077  0.39038535855748147
  0.40267363682900886  0.41548905072663994  0.42843077136133678  0.44104256089548094
  0.45373222207919434  0.46675605081730509  0.47972031785182312  0.49197771278415720
  0.50421204093518046  0.51702819938475031  0.52942228965312343  0.54117074622274153
  0.55281900360860348  0.56496094650073991  0.57743384298805456  0.58957178152030665
  0.60114358012068647  0.61256356120802624  0.62403598641736990  0.63546924308545938
  0.64696705957427125  0.65862765544582857  0.66999810169719731  0.68076685985036101
  0.69146067679833045  0.70211731274197009  0.71265202795987059  0.72347449588494428
  0.73485457835646906  0.74683807941743463  0.75894976130055725  0.77085002468780572
  0.78236222797328769  0.79340477437418966  0.80411535286887847  0.81480806790491112
  0.82528919055208916  0.83534952850468580  0.84517820427965473  0.85501932166991890
  0.86489263508162251  0.87456522027442130  0.88427185485348769  0.89415412366743963
  0.90404501761406508  0.91361248115568761  0.92253933466096716  0.93111526743391726
  0.93956039209731590  0.94798562873660952  0.95650455380103516  0.96513267913323042
  0.97383383777895649  0.98240111747319936  0.99130630095620331  1.00000000000000000
 -0.00242726349625299  0.00884749734493003  0.01943247135341774  0.03066038999544451
  0.04210956213582992  0.05333980695514149  0.06434859504099241  0.07543698591586126
  0.08627963915900513  0.09701399439005422  0.10761775744594038  0.11821628159854922
  0.12887188560081728  0.13957029387551534  0.15028287840380561  0.16095680907532173
  0.17161039933693525  0.18200635490082662  0.19215930103545012  0.20234458397032443
  0.21257859394328898  0.22257822271957689  0.23268251869934267  0.24254644445827270
  0.25269170415889164  0.26313328570725208  0.27367908500688809  0.28419781335351446
  0.29400078160884413  0.30442059796896231  0.31494836429543444  0.32638246807220805
  0.33792712317713103  0.34963559695668894  0.36088156959437634  0.37177951190647696
  0.38237945829293046  0.39346151370178312  0.40460974417176693  0.41595504234649006
  0.42678075695639861  0.43757974924131188  0.44795157493263854  0.45871435942723565
  0.46940514112162662  0.47991543258730851  0.48962400319857591  0.49944817472796910
  0.50945152196988375  0.51960894023191950  0.52979227465807643  0.54032729202471363
  0.55116268052988959  0.56193632074944289  0.57252722684323742  0.58298836906329476
  0.59325342324892094  0.60354026580960984  0.61381867132507273  0.62402438162666318
  0.63412794228879166  0.64448328503423180  0.65551138969571621  0.66657090770254657
  0.67723692234025479  0.68772689343183480  0.69802690304250981  0.70794198861073976
  0.71765900381016667  0.72772489147887409  0.73835188109208416  0.74926726124811971
  0.76004622289733137  0.77054647949230637  0.78054020124028645  0.79040733136277763
  0.80024147838937321  0.81015345486806012  0.82005035534450521  0.83017886650094264
  0.84088176099888479  0.85210217915627173  0.86290603316598047  0.87330749097919413
  0.88387664217092088  0.89488575523081604  0.90618636951554132  0.91693362482653307
  0.92747879846358583  0.93746025879094363  0.94732460650967820  0.95708506182281605
  0.96752990204831280  0.97827357039791163  0.98924281647439083  1.00000000000000000
 -0.00282699476265507  0.01284080002681326  0.02531654559098483  0.03667146191454660
  0.04746835744533050  0.05843380965878131  0.06949038132779356  0.08089211464880225
  0.09196058381185704  0.10204666545371205  0.11188154648346216  0.12142651747030012
  0.13148238201678164  0.14184672130337278  0.15203344008398018  0.16213461479497118
  0.17193658279677568  0.18181074135332378  0.19172226154062644  0.20177589922683867
  0.21185126680898669  0.22184178682211644  0.23205672783690326  0.24195782468343147
  0.25173942932580018  0.26144170582063331  0.27159398614657360  0.28269072620335434
  0.29388407207918876  0.30447011463593449  0.31472028586048029  0.32526159172671437
  0.33617319000778728  0.34700867109737221  0.35725819595963526  0.36756109147541038
  0.37771127041146602  0.38823392817938651  0.39860710966797608  0.40921393061921307
  0.42010714342298960  0.43158002943316115  0.44216332675864534  0.45210212424571644
  0.46215223028395563  0.47237435078883194  0.48257007503072030  0.49231775326625760
  0.50202561193729478  0.51197158767797835  0.52211669921739268  0.53251921396056745
  0.54264344090688788  0.55340485988694343  0.56397382792283146  0.57483005789281749
  0.58553448780025374  0.59604193371155623  0.60658585472047255  0.61728909976485713
  0.62832349688208144  0.63917508415956470  0.64966896558954357  0.65980082351965819
  0.67019348473090123  0.68015615224769799  0.68999971015317541  0.69966112416065873
  0.70954556870707930  0.72047272066824730  0.73088157716463686  0.74113305169508581
  0.75145944476017235  0.76204088858447339  0.77256103443257396  0.78297584614431104
  0.79344322338584439  0.80414646412105961  0.81468964130453325  0.82480256430393450
  0.83520494673259471  0.84587453376241928  0.85652224882210348  0.86673185403167652
  0.87720396124975986  0.88821776895920579  0.89945099348980684  0.91059562355500601
  0.92138004511687965  0.93225424426156223  0.94297791924983188  0.95395550700599974
  0.96493825443629155  0.97639780784401375  0.98804496743443693  1.00000000000000000
 -0.02698279243663441  0.13411139729545701  0.18140983450485040  0.21330302991339545
  0.23805874085575637  0.25952065319221801  0.27937110102653412  0.29726015904495273
  0.31375360729341312  0.32947607668191192  0.34414574244107632  0.35778426535934676
  0.37028700114961755  0.38293169509564928  0.39581258210276787  0.40771162083336898
  0.41878883212054269  0.42952325052474855  0.44036695012229188  0.45089363369462637
  0.46127334889674626  0.47197594825187772  0.48259937781506157  0.49271622355799943
  0.50225420984032276  0.51162809375680096  0.52095298760270714  0.53022340814720326
  0.53931684261305113  0.54826234273002994  0.55714632787110452  0.56587639893361386
  0.57427897021214880  0.58228416086292878  0.58985124097313146  0.59728281029112895
  0.60483391616678939  0.61254293767039558  0.62042248154864210  0.62799954315079132
  0.63527020100053089  0.64228039943519888  0.64911512286261841  0.65583887145818298
  0.66249018595687847  0.66896975093957334  0.67524205457928577  0.68129118036090375
  0.68721825049029428  0.69291868651390176  0.69852460281281814  0.70397038964605707
  0.70928110835476588  0.71459339505969510  0.72001091412006302  0.72542011028859288
  0.73061216042998167  0.73565694317521557  0.74067270702267118  0.74570995773057214
  0.75090366686841648  0.75627117566903912  0.76161976648654761  0.76683327449856220
  0.77189299934828803  0.77688243748486285  0.78161894238833196  0.78610744060300086
  0.79059372786547344  0.79507990118721295  0.79942660653692454  0.80441288918434972
  0.80946111377325058  0.81432571110394747  0.81900513102297712  0.82359830070013917
  0.82821918215025991  0.83294268736079402  0.83778336653732222  0.84267460340664591
  0.84750479712656024  0.85228533681362040  0.85716270908975500  0.86237471397982524
  0.86752429983040957  0.87275147505437556  0.87818973005472001  0.88392888388062285
  0.89003796311345840  0.89673376329668864  0.90423598274918249  0.91256460005373896
  0.92218798995689122  0.93424840497266448  0.95356410627873534  1.00000000000000000
   3.0390203118991081E-008  -1.0000000000000000     
 T T T T T T T T T T T T T T T T F F F F F F F F F F F F F F F F F F F F F F F F F F F F F F F F T T T T T T T T T T T T T T T T T T T T T T T T T T T T T T T T F F F F F F F F F F F F F F F F F F F F F F F F F F F F F F F F T T T T T T T T T T T T T T T T
  <DiscreteSampler_grid>
  grouped_processes
  1 # 1 for a reference and 2 for a running grid.
  10 # Attribute 'min_bin_probing_points' of the grid.
  1 # Attribute 'grid_mode' of the grid. 1=='default',2=='initialization'
  0.0000000000000000 # Attribute 'small_contrib_threshold' of the grid.
  0.5000000000000000 # Attribute 'damping_power' of the grid.
 # binID   n_entries weight   weight_sqr   abs_weight
    10   10   3.884427378143972E+001   7.520160603725883E+003   3.884427378143972E+001
    11   10   3.884427378143975E+001   7.520160603725897E+003   3.884427378143975E+001
    16   10   7.203869296325686E+001   3.523395728793358E+004   7.203869296325686E+001
    17   10   7.203869296325685E+001   3.523395728793358E+004   7.203869296325685E+001
    22   10   7.203869296325684E+001   3.523395728793355E+004   7.203869296325684E+001
    23   10   7.203869296325689E+001   3.523395728793360E+004   7.203869296325689E+001
    28   10   3.884427378143973E+001   7.520160603725885E+003   3.884427378143973E+001
    29   10   3.884427378143975E+001   7.520160603725897E+003   3.884427378143975E+001
    34   10   3.884427378143973E+001   7.520160603725885E+003   3.884427378143973E+001
    35   10   3.884427378143977E+001   7.520160603725906E+003   3.884427378143977E+001
    40   10   7.203869296325686E+001   3.523395728793358E+004   7.203869296325686E+001
    41   10   7.203869296325691E+001   3.523395728793360E+004   7.203869296325691E+001
    46   10   3.884427378143973E+001   7.520160603725880E+003   3.884427378143973E+001
    47   10   3.884427378143977E+001   7.520160603725906E+003   3.884427378143977E+001
    52   10   7.203869296325686E+001   3.523395728793358E+004   7.203869296325686E+001
    53   10   7.203869296325688E+001   3.523395728793359E+004   7.203869296325688E+001
  </DiscreteSampler_grid>
