 -0.00178834925362022  0.00751114532859544  0.01617266272828745  0.02520672688986007
  0.03440283117463918  0.04374351150800099  0.05324146932209822  0.06291400992209439
  0.07271826934780025  0.08270673211883113  0.09287718069139719  0.10320507711699498
  0.11365806407044120  0.12433483001960162  0.13526133768847856  0.14644642964671345
  0.15773231362031176  0.16923366022567196  0.18088222068023951  0.19275708865296826
  0.20472032032976659  0.21699456343422055  0.22939680209462357  0.24209628039787762
  0.25498864588957060  0.26800781513382393  0.28114417140283893  0.29438509035895777
  0.30782071833651725  0.32138824376631037  0.33508753339548181  0.34890640774329579
  0.36279210369691062  0.37671398648696713  0.39067195498766361  0.40468364461849926
  0.41872200537775439  0.43272106827253698  0.44666913943859121  0.46058333383852595
  0.47447825980120095  0.48830287379334997  0.50201026441920782  0.51556651895400185
  0.52897870764150345  0.54225506054530670  0.55538234528041197  0.56832434020481160
  0.58108323259942951  0.59368963867329627  0.60612441203580814  0.61834558008337326
  0.63037601840073676  0.64222565594047554  0.65385753103806443  0.66526531753759854
  0.67648103099063039  0.68751838499212103  0.69836000583416247  0.70902464508040319
  0.71952226130103580  0.72984362673335845  0.73999638156068259  0.74997653076199378
  0.75977623464952093  0.76940228123752252  0.77885734605508561  0.78816458814264845
  0.79732805435766896  0.80633537771465624  0.81519341082986285  0.82391978489497608
  0.83253577245019716  0.84104860127939507  0.84942751514758474  0.85764096197174200
  0.86569207815072524  0.87362159706198905  0.88144521068951298  0.88916101861242391
  0.89676841841313293  0.90425282795726236  0.91163652637811610  0.91892571795727340
  0.92613828712685398  0.93327828376200239  0.94032620113500098  0.94727695569294601
  0.95413845965141142  0.96091131705938437  0.96760216806829891  0.97422216205795431
  0.98077513928407234  0.98726324890360062  0.99364874209778331  1.00000000000000000
 -0.00234946464924864  0.00928066957686456  0.01924990278153602  0.02991415502672571
  0.04041441594247711  0.05087378563572647  0.06133371704641653  0.07189644861696012
  0.08247542134521199  0.09308792266506033  0.10363453814589932  0.11420145748212712
  0.12474045704682200  0.13525098848336695  0.14581553407659750  0.15635633486633022
  0.16692378659724658  0.17746066599570626  0.18797012819970088  0.19855903150939877
  0.20907313404073047  0.21972067564897496  0.23025888451730295  0.24082653728858433
  0.25136248637036840  0.26190706379450168  0.27248250454440981  0.28296746949759011
  0.29354041557113875  0.30404288902123255  0.31461955846201156  0.32515101914809341
  0.33566618625326461  0.34622047409366147  0.35664551874477934  0.36724760796157874
  0.37767357777673033  0.38825202350672922  0.39876752365993856  0.40934765686764618
  0.41991599968638299  0.43037143444586923  0.44090662284298798  0.45150511326868364
  0.46206346729076941  0.47266091273832117  0.48321358624237876  0.49381645862151141
  0.50441742321615246  0.51500565041689883  0.52555537103772598  0.53608658985863300
  0.54658299996914039  0.55717886466073208  0.56768397104148038  0.57825529424531086
  0.58879377504206354  0.59936547270294160  0.60991795845611263  0.62047359579200134
  0.63101705444767231  0.64157932603819789  0.65222338322008044  0.66281360129235367
  0.67336557228063243  0.68396141947636058  0.69456734206776494  0.70520001346001082
  0.71571448627610634  0.72628467604143110  0.73678919388181552  0.74729882989499719
  0.75781898889712929  0.76835726806086579  0.77896447381697220  0.78947058269614434
  0.80001172248902797  0.81047258029060065  0.82100402427155161  0.83147134697977587
  0.84205200430089699  0.85241805361565992  0.86301993164860713  0.87356920159595064
  0.88413818522115606  0.89469452454615139  0.90507199119486603  0.91557140646915236
  0.92599688160422600  0.93645989929119611  0.94702993661703416  0.95763371446384604
  0.96818868503592492  0.97879908547663375  0.98934882178109385  1.00000000000000000
 -0.00144556918169771  0.00543198842957855  0.01275733577637593  0.02143068836335164
  0.03075160011899001  0.04038636371951609  0.05019663526834886  0.06016285812276923
  0.07022788095404842  0.08038710722142084  0.09059316258306230  0.10083689187562696
  0.11112978197534086  0.12146133369976746  0.13181900665234303  0.14219958121414106
  0.15259025688919087  0.16295152424329018  0.17327810297296090  0.18364277659675524
  0.19404351948174142  0.20449026413518034  0.21492583421229922  0.22538384224003899
  0.23589477209637977  0.24640998231114811  0.25690136974449967  0.26738725218560033
  0.27789433823732840  0.28844185638857972  0.29897535261650304  0.30949819564973396
  0.32001448585748665  0.33052597806911671  0.34101832753177302  0.35149618994856274
  0.36199034418370590  0.37250186790327644  0.38300020377311822  0.39350396174596053
  0.40404964550133265  0.41462477283233801  0.42518348482138374  0.43572849391623758
  0.44629292548492910  0.45685725024655538  0.46739261353394795  0.47792168537705432
  0.48848789767801987  0.49906635574366592  0.50964018231519348  0.52024885843168733
  0.53087365846129231  0.54147603595171145  0.55205060056678157  0.56263102508010454
  0.57322215361548035  0.58379795215754970  0.59438480604178223  0.60499283784347246
  0.61560315565239265  0.62619709047778638  0.63679029744503535  0.64739717877978697
  0.65803106641524833  0.66868991239931563  0.67933557113278198  0.68996614965928171
  0.70063201001670472  0.71132361786344411  0.72202991218117041  0.73267737614417172
  0.74332247591269296  0.75397371956758752  0.76465187002986479  0.77532465025734099
  0.78599121730273125  0.79666078291445663  0.80736103306538609  0.81809025417101411
  0.82886855547602001  0.83965004033073820  0.85042674999183254  0.86119739158955777
  0.87200569359321334  0.88283733779637652  0.89370678293614636  0.90463574511676037
  0.91562679700014216  0.92664288968490949  0.93777935204526364  0.94901401406532360
  0.96049357148538561  0.97210914908486401  0.98537905265452130  1.00000000000000000
 -0.03172563562166592  0.13593606551144810  0.17941602711809898  0.20660531113324324
  0.22844176044711920  0.24709168676990256  0.26368073523180352  0.27881590780712345
  0.29283052703218582  0.30599964969576648  0.31848300316388384  0.33037683597160916
  0.34176690164581214  0.35272517951123661  0.36330941834272296  0.37358543908018071
  0.38361249144007731  0.39341559105467039  0.40299920768921010  0.41238370437032118
  0.42159200210460768  0.43064450654285896  0.43954708667823622  0.44830189012564597
  0.45691486029780326  0.46540149808191494  0.47378318205554087  0.48206680315560291
  0.49025906931627666  0.49836470548593104  0.50638086199410792  0.51431117209621513
  0.52216055371891235  0.52993047392478720  0.53762747827030777  0.54525086378198029
  0.55280579100089733  0.56029439440824469  0.56770621883901029  0.57504019930666417
  0.58230622277195554  0.58950339395353768  0.59663540951768212  0.60370082427724092
  0.61068855306825798  0.61761179316204085  0.62447114570011697  0.63125502134297518
  0.63796928727938906  0.64461561933697686  0.65119169628390239  0.65770049962415089
  0.66414095512005500  0.67050894049624743  0.67681009298003059  0.68304910534874985
  0.68921280828621323  0.69529964732977689  0.70133158571563847  0.70730924353618829
  0.71321825715260279  0.71906507692412081  0.72486388869249463  0.73060892498812002
  0.73629240675148333  0.74192290630279156  0.74751420507990363  0.75306894651463208
  0.75858947205433791  0.76407868479344132  0.76953949910514086  0.77498430574459054
  0.78041331508172718  0.78582563560001584  0.79122396273675066  0.79662146410166268
  0.80203695340250580  0.80746142010817368  0.81290937138629871  0.81841164289805945
  0.82396133870364896  0.82957627420447755  0.83529042112864671  0.84110632553848474
  0.84702923094743277  0.85310981223565419  0.85942662577645390  0.86599476891737548
  0.87290018305748263  0.88026098002961295  0.88822266118183080  0.89707279920454164
  0.90733226116098831  0.92018908724037296  0.94181200033198476  1.00000000000000000
   1.0001935033200368E-003  -1.0000000000000000     
 T F F T F F F F F F F F T F F T T F F T F F F F F F F F T F F T
  <DiscreteSampler_grid>
  grouped_processes
  1 # 1 for a reference and 2 for a running grid.
  10 # Attribute 'min_bin_probing_points' of the grid.
  1 # Attribute 'grid_mode' of the grid. 1=='default',2=='initialization'
  0.0000000000000000 # Attribute 'small_contrib_threshold' of the grid.
  0.5000000000000000 # Attribute 'damping_power' of the grid.
 # binID   n_entries weight   weight_sqr   abs_weight
    13   10   1.920045339315453E+008   5.525528072041826E+016   1.920045339315453E+008
    14   10   1.920045339315453E+008   5.525528072041826E+016   1.920045339315453E+008
    16   10   2.462510485213975E+008   9.323650394511114E+016   2.462510485213975E+008
    17   10   2.462510485213975E+008   9.323650394511114E+016   2.462510485213975E+008
  </DiscreteSampler_grid>
