  0.00191133284654577  0.00195212627915286  0.00199823593906841  0.00204140823473897
  0.00208429907557463  0.00213088609540800  0.00217996731998497  0.00223085331702552
  0.00228181846694750  0.00233533484633992  0.00238843249007742  0.00244253768936507
  0.00249699301653473  0.00255137346645914  0.00260823226015909  0.00267237366717298
  0.00273748111470119  0.00280629908245798  0.00287786977169042  0.00294923858565831
  0.00302361997039364  0.00309764891515243  0.00317222617281045  0.00325000752964352
  0.00332992827816928  0.00341227297187579  0.00349960681056777  0.00358790263800994
  0.00367916936755973  0.00377547689132434  0.00387741767292114  0.00398999195239834
  0.00410847491213407  0.00422943374955825  0.00435401500116658  0.00448290058644624
  0.00461527705209296  0.00475224441789907  0.00489693460016305  0.00503821033803859
  0.00518604496120050  0.00533809944024325  0.00549802127490074  0.00566581282333702
  0.00584189481047982  0.00602825278984219  0.00622306827612930  0.00642712573371141
  0.00663210882375074  0.00684009290187020  0.00705919125117832  0.00729688738508402
  0.00754669480315358  0.00781508157223368  0.00809085532588180  0.00837559099583982
  0.00867466092792854  0.00898481295177754  0.00930690964294926  0.00964935432383049
  0.01003784949548485  0.01045702350368321  0.01089763706611622  0.01136774971058605
  0.01185627258911960  0.01238792613920941  0.01294931641237749  0.01354060273419387
  0.01416137274077567  0.01481514309086866  0.01548027848481867  0.01619735276174675
  0.01700552698115420  0.01790623805028538  0.01888424323507868  0.01995959109516484
  0.02114278205942278  0.02247588068785714  0.02395527207785978  0.02556875925137837
  0.02737135352717878  0.02941188442505150  0.03176060266052269  0.03449843442426636
  0.03776950408526759  0.04154865799913971  0.04572054356539074  0.05052848692793668
  0.05632959118471672  0.06404932274724430  0.07425070756666456  0.08843434357006105
  0.11053183287467797  0.14973843260261316  0.25059108119667184  1.00000000000000000
  0.00497915533103367  0.00542168995290586  0.00598452057379890  0.00654231490537191
  0.00713267239681991  0.00773410008459818  0.00833591500645495  0.00897496632192684
  0.00968105840105081  0.01041779245799365  0.01116345154480509  0.01196278330379313
  0.01282191266089896  0.01369009675355823  0.01454877290529139  0.01541691711079815
  0.01631161937720833  0.01724395640857790  0.01824526033982894  0.01929298591691218
  0.02040965053734760  0.02159339806080243  0.02278117452568357  0.02403336207885923
  0.02539789251649771  0.02684573640354000  0.02832078610574163  0.02981093845361723
  0.03132349117364715  0.03289777100445479  0.03456361192703756  0.03634664309670980
  0.03825236423678673  0.04026266970331378  0.04232822353993500  0.04439665204494218
  0.04651092008373568  0.04868164689342973  0.05090279679453362  0.05319925873574638
  0.05560422920529386  0.05798001217064589  0.06048954029524552  0.06332283962101745
  0.06627565802363267  0.06931825054799086  0.07244414455638068  0.07566241509519689
  0.07897563735085819  0.08260170452040091  0.08647944469881141  0.09042188941044017
  0.09440048535803290  0.09847590358765845  0.10267380137628485  0.10702881525856787
  0.11168547446228608  0.11670609761865149  0.12209829394701263  0.12766999102440663
  0.13339975514636906  0.13936144794909924  0.14534508769669638  0.15135479130870411
  0.15770254694918279  0.16446829188196968  0.17153891052282189  0.17905651660103705
  0.18682944638797039  0.19507710973281875  0.20385986820812960  0.21316635873574935
  0.22291655927981283  0.23306192745614165  0.24373816217735178  0.25519028630508495
  0.26721693764548954  0.28025266172468405  0.29425277153097945  0.30922610939239453
  0.32523957351700572  0.34243885371775484  0.36100661572268744  0.38116448693179494
  0.40307905333857730  0.42635432064213841  0.45229537879234283  0.48061764087636183
  0.51141805906684423  0.54637800957379867  0.58644859049486653  0.63330638288488283
  0.68841227263731419  0.75644717641653758  0.85143514192073877  1.00000000000000000
 -0.00233356591960175  0.00959068001737276  0.01937591872701734  0.02971958858144242
  0.03995729796379870  0.04991630849806968  0.05946851065760570  0.06940066247733701
  0.07970646833119202  0.09020547143921355  0.10099030020472737  0.11231272738655231
  0.12397865542062021  0.13531898573130449  0.14637069524829860  0.15722436039971968
  0.16762450161563294  0.17756057289582167  0.18750898302175781  0.19777643877517398
  0.20830395037562774  0.21880707286262560  0.22925318571108325  0.23993795525015305
  0.25026885647353370  0.26057784051271415  0.27066000212357533  0.28100465947770298
  0.29133733294547837  0.30197762184960836  0.31285954239476055  0.32410854886443075
  0.33508682355396563  0.34565692003405224  0.35585939914441445  0.36619398335378528
  0.37663751232903386  0.38742139315406382  0.39828920349248886  0.40938866727808615
  0.42009833202751878  0.43078131851972534  0.44143818849871175  0.45209963413395970
  0.46235472707182440  0.47236824597300731  0.48245935760599018  0.49279269335115600
  0.50313323008137811  0.51329433533439872  0.52329706347859906  0.53335511255529855
  0.54365546729125014  0.55427532110623257  0.56515840774099824  0.57595424876840207
  0.58651628354133789  0.59705606611854967  0.60759099218661450  0.61801471706724997
  0.62837629952843499  0.63878255940651651  0.64903843308468689  0.65890104882107581
  0.66878227760054276  0.67875106590507672  0.68854841485309481  0.69814837389838091
  0.70769484458020204  0.71751665232756912  0.72766906731690850  0.73813000290479769
  0.74876874178500019  0.75956158403223539  0.77041879808189251  0.78146860279029795
  0.79267757756117474  0.80397045884476082  0.81537671060453609  0.82666687201354128
  0.83816734426869088  0.84962900906355976  0.86075240645335305  0.87139207802831731
  0.88194067465547532  0.89258549657292419  0.90327602601744128  0.91388177634585543
  0.92446870935150838  0.93509129305431482  0.94576465572223278  0.95639938065060692
  0.96763564092021459  0.97882708249103723  0.98974852019004733  1.00000000000000000
 -0.00258845890186327  0.01013121985518758  0.02100600263428725  0.03165517250409135
  0.04190511443754824  0.05176545987608608  0.06200698015637402  0.07258592019836047
  0.08331089878457057  0.09412717950385623  0.10462796787336355  0.11505075576186558
  0.12544382226676662  0.13600859768381671  0.14645059738819297  0.15686719392369905
  0.16721769533188174  0.17754215745893434  0.18791329006540045  0.19856865202642435
  0.20921561510570769  0.21970678546608990  0.23031343981328470  0.24127972431346006
  0.25228228007183501  0.26295230689333798  0.27330185804866436  0.28350167760924339
  0.29363119771850565  0.30366338078658967  0.31373309927442000  0.32375744321406502
  0.33378328715766792  0.34378679639863358  0.35393501283023071  0.36417625475904103
  0.37471639141677776  0.38565118792023600  0.39677715089662841  0.40785149413240701
  0.41872459000595635  0.42941589322800322  0.43969210140730014  0.44933418791481949
  0.45894327213774866  0.46879249314976679  0.47872504227301738  0.48916727639359353
  0.49949402409854693  0.51020552187943524  0.52085168588217134  0.53159155576425177
  0.54254542751524737  0.55345039986266764  0.56426407199585882  0.57491535842911734
  0.58547110346435727  0.59611523071438899  0.60656882913244903  0.61676555298586255
  0.62682159747824662  0.63695218901210082  0.64711954510567760  0.65746830818807001
  0.66765857148943819  0.67801244069575584  0.68881858015957509  0.70000785493489270
  0.71132237532082232  0.72253843625819192  0.73359059607091126  0.74440164006841303
  0.75503538093704559  0.76558762758437982  0.77639643116187240  0.78722710546180141
  0.79794470157942787  0.80860068737739432  0.81944491087415039  0.83062000624279053
  0.84085139956363641  0.85100707560610456  0.86081983168736964  0.87078460013902836
  0.88072675934063493  0.89079176819826478  0.90153086983142861  0.91252144496283127
  0.92406307737669957  0.93549761697155942  0.94610684047461602  0.95638082453816042
  0.96732091466887571  0.97837320810595840  0.98923182440734203  1.00000000000000000
 -0.00239318610172901  0.00949871340950902  0.01994237792235983  0.03090755251354619
  0.04169074145474143  0.05229891907368987  0.06294333136195096  0.07388287924808916
  0.08492681342784733  0.09617843226821783  0.10675247775701227  0.11703923161475505
  0.12745265740860551  0.13747814913713788  0.14797002184784322  0.15823151894782450
  0.16853783872221198  0.17862453517063556  0.18858969064186606  0.19858644952268101
  0.20873407371285135  0.21858962883846059  0.22882173561429131  0.23919663848545533
  0.24994225999807526  0.26086333532356698  0.27207876942483317  0.28347617167261807
  0.29484802953883799  0.30585739777645249  0.31662986011287769  0.32724915615084188
  0.33756165983919612  0.34771061051755570  0.35761038373899490  0.36717520735263348
  0.37702519077303892  0.38738126648944016  0.39833074813750985  0.40935943759857385
  0.42015170606819202  0.43085127457945921  0.44133680524720798  0.45192257412321546
  0.46297884925972416  0.47440890461835539  0.48549528619064036  0.49600436690084820
  0.50638365621535608  0.51696893581726522  0.52775886177321152  0.53845350865931907
  0.54918587122747553  0.56010625780871492  0.57132102013523189  0.58258133167306736
  0.59360774931797866  0.60457084272659600  0.61521053893287114  0.62586335021378570
  0.63629189798631292  0.64651680133649014  0.65661660674560995  0.66687967003243420
  0.67749840072421585  0.68821191729008213  0.69880617497378716  0.70946443565129824
  0.71995889195922880  0.73023254112973079  0.74012507493550395  0.74982834643119145
  0.75976209763928371  0.76999914035434969  0.78036945415965764  0.79082156964373440
  0.80123628887191634  0.81199851410251012  0.82249232459508492  0.83269625284267723
  0.84264985646704416  0.85278575205827856  0.86308185129585546  0.87359142415657409
  0.88439914104967032  0.89528898260603229  0.90584685045775470  0.91615638353630624
  0.92661428429639225  0.93726733597266787  0.94800447663978682  0.95885052514056857
  0.96959947057210472  0.98014628741895393  0.98992727430048577  1.00000000000000000
 -0.00274185729463715  0.01087256214898612  0.02117642408968426  0.03208410960426224
  0.04252920922010483  0.05350074264926062  0.06410604517867444  0.07410890488095227
  0.08409640312624804  0.09403743929786400  0.10458334270303501  0.11463741237768517
  0.12433722323661982  0.13389590459669498  0.14372397727147310  0.15363940191423867
  0.16339365105160095  0.17325333004355115  0.18337171868571614  0.19399444263566221
  0.20414208047779031  0.21390634651806154  0.22389360872000180  0.23411009203021219
  0.24482242638408580  0.25543399203005474  0.26648938977540926  0.27709246560329426
  0.28698292524480923  0.29687768815115378  0.30709750483474940  0.31764104657906683
  0.32838039185922663  0.33902559485361927  0.35017591691571759  0.36033004425622844
  0.37020090589427340  0.37991114788905650  0.39007426317796834  0.40019186696255743
  0.41013298306973689  0.41984582626068012  0.42971396037056431  0.44000524379400896
  0.45077181430517915  0.46157301524215633  0.47254197429173000  0.48343170123714280
  0.49433982766227325  0.50500907579689969  0.51569505019435191  0.52668996964141124
  0.53759191005084750  0.54824072481981678  0.55903845932249319  0.56983422583254140
  0.58074707778090662  0.59115047072198834  0.60158616208031312  0.61241487542167250
  0.62345169288330138  0.63451814516285010  0.64551376440849650  0.65647152203962122
  0.66757749484064810  0.67854649343938866  0.68935625780636167  0.69984665392305667
  0.71065118954232498  0.72155913933572446  0.73213035183735253  0.74248024419802183
  0.75305623724507509  0.76395712559242146  0.77469044460285352  0.78577828949368789
  0.79720023303917942  0.80881705327480935  0.81989068654973807  0.83089251770403438
  0.84186130465590603  0.85281809695312127  0.86331631013442633  0.87356071352078257
  0.88385558930436003  0.89450652772164163  0.90508127670047755  0.91562652502600606
  0.92607916098553666  0.93668683691945320  0.94743000763087126  0.95820159656316040
  0.96917238099996594  0.97963691514347850  0.99006688686566136  1.00000000000000000
 -0.00245207100759664  0.00951573462962326  0.01955170836493244  0.02987756065078753
  0.04025148143344599  0.05036964897842443  0.06077584773569668  0.07123817852905390
  0.08154686439985122  0.09151233036403331  0.10124155924290711  0.11117857465747211
  0.12130657294001450  0.13222691117668628  0.14310261117028403  0.15360671150077007
  0.16395224097424649  0.17404420733503528  0.18395109390732545  0.19403178592748246
  0.20411617971360585  0.21438705172523248  0.22444295738147452  0.23458432482533745
  0.24504498806835845  0.25552356938356019  0.26618837645051929  0.27674036033336330
  0.28742679623251982  0.29806059209266395  0.30816427628838883  0.31872856808933342
  0.32932321481684868  0.34008500734827624  0.35034805022636467  0.36074534779908807
  0.37129602811446966  0.38212684090507548  0.39320067845961404  0.40427164037117574
  0.41513927166721570  0.42533476266209919  0.43589056669240545  0.44604626635664912
  0.45616233626000147  0.46634279588750971  0.47673130766534655  0.48742538434719218
  0.49813932491798973  0.50912122039617536  0.52001420160393352  0.53115523995325153
  0.54217378619087697  0.55309711298438646  0.56405950894927237  0.57490224498307252
  0.58570660779497929  0.59650709180338213  0.60765397848417613  0.61911475547389228
  0.63024334488927791  0.64098457402471920  0.65167086465996671  0.66232792828865039
  0.67297251921214418  0.68371232516987090  0.69456475501704418  0.70548411296696922
  0.71628685695415228  0.72692222646256566  0.73738945022060520  0.74791985594912558
  0.75847407111018739  0.76920557773475084  0.77997339285084855  0.79068004058067309
  0.80111187024586528  0.81133195257355128  0.82155650015927506  0.83172753232566676
  0.84178063251355062  0.85189839014358237  0.86233876287939903  0.87289618541255187
  0.88313041295824013  0.89308659773594634  0.90326780498225934  0.91394206995022687
  0.92492325126185027  0.93584487674858630  0.94637044771924961  0.95654481113670031
  0.96682788162299738  0.97764155534681874  0.98884944784693030  1.00000000000000000
 -0.00244069025650035  0.00899158271784378  0.01901556358383622  0.02932962247477477
  0.04014280014421916  0.05094888093557032  0.06127207206549473  0.07187670134684915
  0.08222976225123554  0.09307355653089426  0.10380223007869302  0.11500627106483766
  0.12599788535134854  0.13673411527274226  0.14735491010453497  0.15828010868881240
  0.16910443859494795  0.18002893105301213  0.19108431516707708  0.20202687933400809
  0.21245269588436647  0.22246382478279836  0.23282404305213381  0.24320076395368617
  0.25354163762129628  0.26381710766391969  0.27457596286935371  0.28567537379751728
  0.29667737568941938  0.30752937381110373  0.31821366870046663  0.32915897438194375
  0.34009490950111881  0.35128021097052414  0.36229316017101060  0.37329280310072332
  0.38429124961513661  0.39566277068040123  0.40683589199711667  0.41742126660993861
  0.42777434991385932  0.43851744079752608  0.44939171715700660  0.45964871793077128
  0.46964762087614520  0.47988024740489788  0.49049113315790283  0.50155126712537568
  0.51278180948264607  0.52375632063164135  0.53401163299557430  0.54423688132074854
  0.55464470701695112  0.56510119776317613  0.57530827937927387  0.58529351392994222
  0.59510895849296219  0.60483941662002239  0.61494135821136919  0.62530626353245145
  0.63597288827362497  0.64658643615191569  0.65728611721431607  0.66797648798240594
  0.67862281528983437  0.68923158350777503  0.69955531128190662  0.70971717519013444
  0.71986750662426791  0.73001114679868750  0.74011548075708411  0.74986958940638426
  0.75948013864088926  0.76897073639775682  0.77887022063019984  0.78894269269981121
  0.79882306020151650  0.80843136873195864  0.81812473586429335  0.82806598039680324
  0.83810355830153294  0.84831928218914232  0.85897636701607849  0.87023348503503917
  0.88139251736130153  0.89241767040644993  0.90320846504975250  0.91412864037011254
  0.92507436843524060  0.93576694598704735  0.94624837745214396  0.95684536595810721
  0.96762930165761241  0.97829821149380292  0.98917241918124932  1.00000000000000000
   4.3205411040690855E-012  -1.0000000000000000     
 T T T T T T T T T T T T T T T T T T T T T T T T T T T T T T T T T T T T T T T T T T T T T T T T
