  0.02527898072259516  0.02625101369360240  0.02757987364149636  0.02931914347691608
  0.03201770823966338  0.03497153142196670  0.03818212578072832  0.04211218013031420
  0.04716591794272446  0.05322463328637799  0.06032121649876789  0.06843979854494493
  0.07739305532940784  0.08649449621920682  0.09605081707970627  0.10549456175338147
  0.11418405446724765  0.12251553716925299  0.13031016712619281  0.13759237990859435
  0.14485801050589128  0.15218657862134335  0.15961349660583596  0.16777337511288756
  0.17717090048426257  0.18710783948220183  0.19723588145352480  0.20688578940654825
  0.21601921899397186  0.22470072129519983  0.23271171930995699  0.24007493813419015
  0.24715469389327258  0.25399867522401304  0.26114101002711110  0.26944298968538666
  0.27885448664185475  0.28822746910357877  0.29832199990539160  0.30958798833510071
  0.32030107739672747  0.33087887650873488  0.34153641234009924  0.35253185711915069
  0.36398197397610599  0.37460759386332187  0.38409097117444374  0.39251962552535652
  0.40061060902876899  0.40849182717086174  0.41680566917243622  0.42653427680448108
  0.43767832761487940  0.44975967726702737  0.46168758385142600  0.47332954252082887
  0.48387745635037904  0.49501873599320811  0.50442664271504900  0.51404857680605898
  0.52318741067594543  0.53155734157112133  0.53970456818700341  0.54821264238977907
  0.55639904950864849  0.56472349593107596  0.57296234858387984  0.58135939310537488
  0.59095271563992913  0.60078526678528676  0.61047983016267049  0.61968974412428457
  0.62946461430329947  0.63976225128186159  0.65129922056439371  0.66367112486230184
  0.67474935054888496  0.68413647531604893  0.69365789191833782  0.70434470408610617
  0.71495779228363965  0.72610472916541702  0.73894880149890363  0.75196178708499717
  0.76347190145076116  0.77706834976114836  0.79216359417210991  0.80468408162020899
  0.81818937017632765  0.83390678014322972  0.84863874132146599  0.86629762997704463
  0.88711216843045104  0.91495082835576225  0.94368255599125883  1.00000000000000000
  0.00000008901858602  0.00000014024389563  0.00000018086433193  0.00000021791136126
  0.00000025133925536  0.00000028115363876  0.00000030861999431  0.00000033508505017
  0.00000036044896983  0.00000038496355804  0.00000040794422513  0.00000042955415181
  0.00000044987261803  0.00000046941305791  0.00000048853266383  0.00000050767541820
  0.00000052683884331  0.00000054539945179  0.00000056326364592  0.00000058109408293
  0.00000060006365328  0.00000061972355080  0.00000063956871755  0.00000065753733072
  0.00000067350054470  0.00000068851941612  0.00000070156880748  0.00000071345230167
  0.00000072586058190  0.00000073869499119  0.00000075130683776  0.00000076390684305
  0.00000077620136255  0.00000078788773283  0.00000079928961023  0.00000081055194750
  0.00000082136300384  0.00000083163065739  0.00000084171146919  0.00000085113075419
  0.00000086001179866  0.00000086894431976  0.00000087730483906  0.00000088582404387
  0.00000089393146532  0.00000090188434672  0.00000091008531361  0.00000091879580648
  0.00000092892705456  0.00000094042098668  0.00000095000537996  0.00000095852524807
  0.00000096669312276  0.00000097549024101  0.00000098487763907  0.00000099374387314
  0.00000100344471901  0.00000101283124159  0.00000102428410046  0.00000103732384836
  0.00000105102643440  0.00000106465505604  0.00000107814160138  0.00000108868460766
  0.00000110043055103  0.00000111327127162  0.00000112767959271  0.00000114137129371
  0.00000115496824272  0.00000116875775418  0.00000118373071491  0.00000119821139750
  0.00000121215990110  0.00000122489496701  0.00000123804793656  0.00000125628700853
  0.00000127072457406  0.00000128524570379  0.00000130038541471  0.00000149776304729
  0.00000179832771438  0.00000198064019626  0.00000199764445941  0.00000200686620683
  0.00000201326930865  0.00000201967241047  0.00000202693768057  0.00000203459666940
  0.00000203841617460  0.00000206841937588  0.00000215021284558  0.00000222909070430
  0.00000223374747091  0.00000223840423752  0.00000225432734780  1.00000000000000000
 -0.00206815569437332  0.00524709953661008  0.01255104028436701  0.01983407710938219
  0.02707310616357353  0.03451420070953019  0.04318576524839102  0.05106826599973420
  0.05753598818057869  0.06395710371164662  0.07102847899699313  0.08003016455487733
  0.09159313839921590  0.10327914441233096  0.11400566940633790  0.12377225173820899
  0.13304570657303577  0.14224702976101058  0.15323555333131791  0.16301260485003871
  0.17300311041133518  0.18113665925094746  0.19102167728734287  0.20099874063966366
  0.21020896249657925  0.22012490352773151  0.23088622713359061  0.24191772394787894
  0.25383573159809442  0.26652163836120019  0.28067293764428097  0.29453196739941856
  0.30660525110483905  0.31791899122906198  0.32831047935729674  0.33773954379761434
  0.34682392191415162  0.35694437318026995  0.36825402481217284  0.38037966741299895
  0.39186423715476043  0.40457179903937390  0.41826513023036949  0.43378402547435280
  0.45134577281027805  0.46898468698383289  0.48474183439696505  0.49870756362667706
  0.51114441455413429  0.52261461398770193  0.53418072597956068  0.54680096167649206
  0.56083506046010034  0.56938897311433023  0.57763904366688690  0.58677052777914007
  0.59579977768128578  0.60439005098323173  0.61328749986422781  0.62240522653090835
  0.63441560492067339  0.64829531732831491  0.66135858288170080  0.67427191610008275
  0.68684128772256614  0.70001213127436279  0.71017106111669304  0.72046938458466059
  0.73026378296049554  0.74003076435728599  0.75031683706420127  0.75998120238471734
  0.77137386561778665  0.78338708292296311  0.79627262168143498  0.81013440349914867
  0.82340904573103957  0.83506963707321913  0.84620927000484780  0.85745103561905844
  0.86907213534619054  0.88030713585366094  0.88993137015419466  0.89878574000604050
  0.90733471922378783  0.91609500729454540  0.92363833130390804  0.93085235116842968
  0.93827242603244898  0.94662579323913887  0.95608489853365608  0.96591179995939103
  0.97544007947491984  0.98439087526778402  0.99238513314077714  1.00000000000000000
 -0.00218317136342597  0.00781485219530549  0.01609180140950079  0.02477801326979052
  0.03451773779347044  0.04534025970025427  0.05469001689126817  0.06382962960377715
  0.07442709062443428  0.08587758800402263  0.09882801711645568  0.11117013700560195
  0.12232744545374620  0.13178033196130270  0.14015411519487292  0.14871907635535320
  0.15809580254248870  0.16872382757884791  0.17961835095786041  0.19075887610026526
  0.20393549055351085  0.21719186719368247  0.22827081580508204  0.23950796477848257
  0.25091384433215103  0.26259640131809509  0.27400083117154395  0.28574544410737474
  0.29846107048731357  0.31126268895360126  0.32116841120016421  0.33067474478085157
  0.34021627413948319  0.35215647032016206  0.36388775262123874  0.37482950680231275
  0.38573831741599013  0.39720250555977127  0.40770941599676619  0.41769937700436760
  0.42829575166476652  0.43827528027468265  0.44847548310189972  0.45923746939732180
  0.46874576565578852  0.47782145251631292  0.48662281659674067  0.49604307049132379
  0.50626468899053068  0.51770361120542441  0.52798459001954468  0.53672081071290023
  0.54486036765561996  0.55333465819082717  0.56260642387824622  0.57165065736894349
  0.57924486131602348  0.58627745196706449  0.59662342772872801  0.60633884960659379
  0.61619403194884359  0.62682632848564801  0.63822574274300958  0.64988363984739328
  0.66155316128061359  0.67372020347949857  0.68471535249785909  0.69683442950562557
  0.70887587682783249  0.72136424003693045  0.73376510967707120  0.74524130441828451
  0.75426314638005010  0.76168668041505105  0.76924161483457909  0.77702877506270662
  0.78626931335610506  0.79851597221388992  0.81044288544709586  0.82168640076243415
  0.83249511590847702  0.84316103812295395  0.85384230366915215  0.86375641575929185
  0.87292249795848531  0.88280487294503940  0.89422674717651252  0.90635418515464428
  0.91750836818365988  0.92727787990483757  0.93718062010928349  0.94726916564269292
  0.95992497183924752  0.97330094290495583  0.98669199150930031  1.00000000000000000
 -0.00268197058654858  0.01498112562938973  0.02818190404379657  0.04065022477583722
  0.05381345928785997  0.06796763629758318  0.08171416993724756  0.09494094725038886
  0.10669994640999267  0.11804325578356323  0.12875295753296656  0.13885743566859376
  0.15014883562473558  0.16087591080969271  0.17096600822707134  0.18089320643603621
  0.19112935305538772  0.20229854160674898  0.21376973280866593  0.22418928060860227
  0.23453047669770968  0.24484735941491978  0.25455882136526303  0.26353695541216376
  0.27253202980955693  0.28214747552074404  0.29291784985038333  0.30516918453739750
  0.31797560763795862  0.33030822067622534  0.34197699991397468  0.35402561071134714
  0.36757629490170074  0.38189784540036631  0.39475376365563181  0.40584411315984387
  0.41646989555883995  0.42751254495516788  0.43979378444682471  0.45267727885724141
  0.46500011615330050  0.47568722401389280  0.48593128421811710  0.49647600817556331
  0.50916381519916365  0.52172434393478406  0.53391016914481626  0.54438063240662471
  0.55379796566141759  0.56240325115153844  0.56926004267202912  0.57646567932648274
  0.58459223704345986  0.59247550503048152  0.60090055938139053  0.60927836659130696
  0.61913651164358752  0.62860127572955471  0.63862880041505665  0.64770818986403855
  0.65673182828635412  0.66702355910217781  0.67831231386702173  0.68987955867772432
  0.70192762583279389  0.71373982550379944  0.72461662941892480  0.73581500190349280
  0.74695434612170375  0.75567085556682445  0.76251314018871763  0.76865783546779509
  0.77448785225017280  0.78035474681335182  0.78661390407183152  0.79346035565647344
  0.80091258938239962  0.80920846876029273  0.82011782126654253  0.83197277373554490
  0.84388943153315321  0.85494018392386506  0.86551666391575088  0.87539141067316562
  0.88362649742870636  0.89273291858983250  0.90110232604409080  0.91008628365680244
  0.91999797536814820  0.92974461963056287  0.94001328530602724  0.94996661959854856
  0.96047050202910944  0.97193085822021930  0.98642708221554509  1.00000000000000000
 -0.00225047267284871  0.01060476473691018  0.02086720737085013  0.03135799237988383
  0.04165490793844746  0.05282868469548890  0.06413040420371889  0.07587245585531927
  0.08690732479804440  0.09733986187395346  0.10749584148439384  0.11792414316975597
  0.12782070752814439  0.13858561268316025  0.14946475267048884  0.16136927659355871
  0.17142435656952140  0.18077893794110467  0.19044245357409614  0.20124163034165504
  0.21280452985311413  0.22448588432481584  0.23583617341250804  0.24698368940337351
  0.25584111964558226  0.26433736043885347  0.27271421200443285  0.28312007838301428
  0.29327799548494188  0.30107411339888412  0.30863629860093922  0.31777043216468370
  0.32814106550689548  0.33915738273832269  0.35062581162586270  0.36346348629217046
  0.37670647236030080  0.38915392166913448  0.40054558626435860  0.41001192773122075
  0.41846693577899352  0.42693068354030889  0.43623416583539365  0.44624391114392425
  0.45741472255053123  0.46940783706760220  0.48114373616292228  0.49219662019584548
  0.50230368356644917  0.51129260308641100  0.52099594053863707  0.53071824658712974
  0.53940082715359416  0.54796096465904676  0.55568538078300356  0.56359010844794588
  0.57453143303072851  0.58806837392022859  0.60128843573000446  0.61241300235045737
  0.62279793772138048  0.63343615166342404  0.64382839007951920  0.65414396823289067
  0.66522023837354838  0.67763462796571605  0.69048301265216872  0.69955927165351950
  0.70957498032176192  0.71969854210191808  0.73086194431920593  0.74233390770953167
  0.75362263437115329  0.76500244258571393  0.77680937492100066  0.78897628450380120
  0.80096549494645897  0.81259850899096098  0.82384631392131569  0.83544140766875019
  0.84594745804920468  0.85724379695030162  0.86840746529642798  0.87988734762362752
  0.89091527752529454  0.90372055709928478  0.91687789263629971  0.92807412061366101
  0.93857519578368431  0.94826666647493174  0.95656152856774568  0.96411973365159742
  0.97168207262401718  0.98067075153675298  0.99022410399657401  1.00000000000000000
 -0.00234466457423802  0.00922414167021937  0.01752074378449671  0.02640731848781724
  0.03534472871717517  0.04504782601307607  0.05521038969751395  0.06405103932484922
  0.07148767985350883  0.07929580698014790  0.08765845686912260  0.09567636786706295
  0.10355718134717505  0.11135224512810836  0.11904094763250203  0.12840678435512409
  0.14043571225790591  0.15210454276512644  0.16311892761673391  0.17390677883698971
  0.18493474639785729  0.19658828186418978  0.20833734592981276  0.21932980596064686
  0.23001342757277443  0.24077381414914395  0.25182565505384064  0.26357849185456350
  0.27521273684065478  0.28667996979514265  0.29766476688003335  0.30907603702433672
  0.32181818281512692  0.33206884465450409  0.34223018097403357  0.35156069835775167
  0.36162825339886928  0.37534936378900974  0.38690458576483411  0.39760316081573238
  0.40800786132615541  0.41892000497108539  0.43029914647258394  0.44059074940689097
  0.45075064085938088  0.46111507671281454  0.47236985132495779  0.48369395163038903
  0.49362183830238238  0.50286347087643446  0.51305336887588016  0.52222602058492762
  0.53182403775478426  0.54190111668502838  0.55329251102038313  0.56298077048011852
  0.57262741240663140  0.58290877463893709  0.59438792301234011  0.60485547091075620
  0.61499622218075589  0.62451458369816804  0.63427589984367216  0.64523571855960338
  0.65759237681370697  0.67117938100215224  0.68332494844531344  0.69494606484382970
  0.70664505045427239  0.71876816905525043  0.73103300466846843  0.74273091909144873
  0.75382782025782091  0.76626823169288683  0.77822019572550760  0.78920820607378728
  0.79992077056208422  0.81060833805554333  0.82136529784354295  0.83187745078984221
  0.84319191423081818  0.85553285447822858  0.86908009002526898  0.88271660871388402
  0.89448219389217054  0.90481275904717684  0.91485539750948808  0.92507930037683772
  0.93609110988137212  0.94771718115508652  0.95840273061175529  0.96775589045374000
  0.97585455515654251  0.98377864341190757  0.99129863125344753  1.00000000000000000
 -0.00398564269916121  0.01479346967499993  0.02718018035000869  0.03912246480684772
  0.05112792150172870  0.06421838449853798  0.07748819400537564  0.08850764200289973
  0.09857483282549913  0.10810930970024757  0.11829809018852923  0.12918923537903096
  0.13947457321806345  0.14868197265794766  0.15828239656240856  0.16877861979658609
  0.17933559829288237  0.19036284370945750  0.20027874642117063  0.21077707592542086
  0.22171079878649719  0.23420421847629688  0.24760536931827892  0.25969692920777976
  0.26980905692656409  0.27866764015214385  0.28735531482071108  0.29680712528091591
  0.30702140606186329  0.31598305877489125  0.32298428376506932  0.33110826126906656
  0.34010239035760476  0.34991765596717495  0.35961264062834519  0.36894864115003978
  0.37937123311026560  0.39107185941929906  0.40363626872210112  0.41533294399021004
  0.42607896005368778  0.43647510614548146  0.44662750112048250  0.45756949694526788
  0.46822252263450692  0.47939102087530794  0.49096742552317868  0.50182676781903290
  0.51205167210962010  0.52259680374209494  0.53381290229620515  0.54573737483762175
  0.55855647830512190  0.56922939630262870  0.57956393914119997  0.58956180685153292
  0.59827005675026057  0.60706489325385393  0.61590277877788324  0.62609793407689907
  0.63631864458389498  0.64737781651972959  0.65929528165059814  0.67116413134290387
  0.68296273684662245  0.69584892215849092  0.70801748619406679  0.71770621203970097
  0.72586031584624155  0.73398218010631111  0.74285513160954320  0.75163228442416330
  0.75841003095802095  0.76491194929563544  0.77203853774476483  0.78151828873138052
  0.79392937458894852  0.80586450722076575  0.81726538670925686  0.82885561512968831
  0.84083906780830642  0.85250728884561799  0.86428086365734236  0.87560106490110556
  0.88599903314981188  0.89563663603665611  0.90554652766746924  0.91607728774290809
  0.92626625224774284  0.93656115194997780  0.94697552382346017  0.95771582765008756
  0.96847914080643238  0.97917131999995000  0.98977640094524433  1.00000000000000000
  0.04322918542899939  0.11542029889246125  0.15646896880199895  0.18544121242800971
  0.21004451587567624  0.23116344479752368  0.25120083345735167  0.27111076681943669
  0.29147336070393565  0.30946953454080273  0.32538746695618148  0.34050924494272511
  0.35620950398663587  0.37260993890203281  0.38823565648766167  0.40288386267786647
  0.41700623578001683  0.42992358677116949  0.44232546893946478  0.45488852988463596
  0.46819633125107812  0.48148685014046838  0.49317289851241336  0.50419070022851808
  0.51461294175160066  0.52398285558797297  0.53303515719828609  0.54211981205978410
  0.55296759229743075  0.56430642835037592  0.57459435871698128  0.58427843850648853
  0.59430309684627602  0.60426005139239303  0.61380961291114788  0.62281322524704408
  0.63147155162431801  0.64002614541043990  0.64853141813016246  0.65747222735938626
  0.66645267352190452  0.67496134906707994  0.68271063547739974  0.69091315450400159
  0.69950726040388345  0.70793992412211837  0.71419670184215955  0.71984944449573562
  0.72514100830425920  0.73016918083781823  0.73560730761093562  0.74175085076708613
  0.74850807768900574  0.75437728182082242  0.76052155813093558  0.76649328734717226
  0.77341208026632147  0.77903036856771102  0.78453307181850773  0.78996576608581270
  0.79589685948209854  0.80275286905743604  0.81000222587325910  0.81664903210112938
  0.82282654990759008  0.82916046986275194  0.83607937726491199  0.84375393519990050
  0.85156500451558115  0.85836193140853267  0.86421656552110582  0.86972978001582024
  0.87526757173505076  0.88093798978266324  0.88676537866110028  0.89257160591843676
  0.89844072071337688  0.90445988738248961  0.91067387680106660  0.91682174528822691
  0.92311520780200018  0.92929590811797280  0.93518023915946602  0.94048611283797412
  0.94498883621688023  0.94884604385944749  0.95233584266117766  0.95565358324945815
  0.95875454691384421  0.96112950072709946  0.96329252597846404  0.96536961092668983
  0.96722528362988824  0.96895564086531427  0.97048540252591797  1.00000000000000000
 -0.01736089982851737  0.09778798478463353  0.13083214971920876  0.14775399467112066
  0.16188574848385542  0.17416231571515980  0.18773215038022170  0.20256680070062247
  0.21632441806007860  0.22899492811456273  0.24041919082011423  0.24991028942346849
  0.25811992283148905  0.26576344155781051  0.27367300106028808  0.28259301117598884
  0.29191381331605398  0.30139740157597711  0.31014981201251796  0.31787255595429370
  0.32510078795963149  0.33239146955546472  0.33996850489971081  0.34718048944258945
  0.35374048019327314  0.35982505693239991  0.36605584711025085  0.37264482957858058
  0.37942507344470960  0.38666454358350300  0.39339620933876823  0.40094296567739462
  0.40833725578384866  0.41531546966737548  0.42218901631151401  0.42838592781609830
  0.43365311662818107  0.43868971085712333  0.44404144486160635  0.44944374847254981
  0.45515486089414181  0.46174991637298440  0.46815561558102792  0.47418798760982789
  0.48009722616400358  0.48631850793559922  0.49208768070141123  0.49785781913540356
  0.50345254908876358  0.50884967803678605  0.51422026195504589  0.51945940333364160
  0.52457761656509205  0.53003663167590931  0.53550046050270417  0.54104492568336493
  0.54601092137994056  0.55064973063284661  0.55542663513346191  0.56064851133519777
  0.56544089880380044  0.57002346881063992  0.57474490765051156  0.57929922604394624
  0.58452025304051025  0.59007047147038916  0.59511868519949429  0.60017176607771794
  0.60559995452241255  0.61262410205795925  0.62021204260150131  0.62844340479723260
  0.63592310946299657  0.64335070391887228  0.65126900119624231  0.65931671295601879
  0.66714599104810934  0.67459187695862055  0.68243152395956008  0.69036335777030367
  0.69830291416051704  0.70676370275955080  0.71636120946687676  0.72661220610546784
  0.73586837698005492  0.74496808830767369  0.75488538858215948  0.76655462044582789
  0.77853050170209437  0.79169448374363915  0.80706291553849963  0.82501509729123634
  0.84440801781207586  0.86700575237746391  0.90239489431474762  1.00000000000000000
   5.9989710924386037E-024  -1.0000000000000000     
 T T T T T F T T T T F T T T T T T F F T F F T F F T F F T F F T T F F T F F T F F T F F T F F T T T T T T F T T T T F T T T T T T T T T T F T T T T F T T T T T T F F T F F T F F T F F T F F T T F F T F F T F F T F F T F F T T T T T T F T T T T F T T T T T
  <DiscreteSampler_grid>
  grouped_processes
  1 # 1 for a reference and 2 for a running grid.
  10 # Attribute 'min_bin_probing_points' of the grid.
  1 # Attribute 'grid_mode' of the grid. 1=='default',2=='initialization'
  0.0000000000000000 # Attribute 'small_contrib_threshold' of the grid.
  0.5000000000000000 # Attribute 'damping_power' of the grid.
 # binID   n_entries weight   weight_sqr   abs_weight
    10   10   2.964892325734273E-013   1.388367311428224E-025   2.964892325734273E-013
    11   10   2.964892325734271E-013   1.388367311428223E-025   2.964892325734271E-013
    16   10   2.964892325734273E-013   1.388367311428223E-025   2.964892325734273E-013
    17   10   2.964891344723481E-013   1.388367292149925E-025   2.964891344723481E-013
    22   10   2.964892325734272E-013   1.388367311428224E-025   2.964892325734272E-013
    23   10   2.964891344723480E-013   1.388367292149925E-025   2.964891344723480E-013
    28   10   2.964892325734273E-013   1.388367311428224E-025   2.964892325734273E-013
    29   10   2.964891344723481E-013   1.388367292149925E-025   2.964891344723481E-013
  </DiscreteSampler_grid>
