  0.00000009410056265  0.00000009649530185  0.00000009848645942  0.00000010024937686
  0.00000010214035750  0.00000010429969526  0.00000010656606293  0.00000010884370953
  0.00000011112835120  0.00000011346637491  0.00000011595605980  0.00000011862444552
  0.00000012146338083  0.00000012427513020  0.00000012713936712  0.00000013003867668
  0.00000013296797647  0.00000013587320351  0.00000013889902273  0.00000014206073984
  0.00000014544274554  0.00000014893842058  0.00000015256950115  0.00000015625345426
  0.00000016000303566  0.00000016388155214  0.00000016792239693  0.00000017210856852
  0.00000017639352999  0.00000018078039140  0.00000018534320026  0.00000019016162997
  0.00000019517961286  0.00000020031419168  0.00000020567314578  0.00000021123823081
  0.00000021697242367  0.00000022279027726  0.00000022876719583  0.00000023478613502
  0.00000024086130363  0.00000024772388914  0.00000025488236987  0.00000026210323431
  0.00000026937075273  0.00000027673524917  0.00000028425855889  0.00000029232208342
  0.00000030106129832  0.00000031012204507  0.00000031934290688  0.00000032890048042
  0.00000033875421170  0.00000034917269409  0.00000036057833244  0.00000037275119283
  0.00000038564814712  0.00000039934352963  0.00000041364448277  0.00000042879102796
  0.00000044523928249  0.00000046236960242  0.00000048008358906  0.00000049868087053
  0.00000051896835932  0.00000054107201686  0.00000056467416392  0.00000058898091244
  0.00000061476860141  0.00000064276381309  0.00000067309506379  0.00000070436026723
  0.00000073730118693  0.00000077368289445  0.00000081489074320  0.00000085932462872
  0.00000090888089477  0.00000096576409571  0.00000102602758211  0.00000109110324460
  0.00000116728334046  0.00000125175749085  0.00000134869270743  0.00000145985943106
  0.00000158738888697  0.00000174561913694  0.00000193023485797  0.00000215508154323
  0.00000244006031803  0.00000282201251987  0.00000335478311363  0.00000418207015841
  0.00000564145865099  0.00001309066042924  0.00021271565392101  1.00000000000000000
  0.00000022568755078  0.00000026035632434  0.00000029838427778  0.00000033316210472
  0.00000036726197922  0.00000040867874491  0.00000044997587892  0.00000049387146895
  0.00000054002438057  0.00000058778133960  0.00000063701474974  0.00000068839301960
  0.00000074108485353  0.00000079570020146  0.00000085329409220  0.00000091236751285
  0.00000097556189292  0.00000104381579924  0.00000111444128822  0.00000118981808382
  0.00000126754259048  0.00000134433155920  0.00000142844046409  0.00000151880902434
  0.00000161060019674  0.00000170678841521  0.00000180771075084  0.00000191104045461
  0.00000201920783543  0.00000213230690095  0.00000224595145624  0.00000236180129438
  0.00000248532429063  0.00000261739640431  0.00000275708681264  0.00000290233137565
  0.00000305290125261  0.00000320456228051  0.00000335666351799  0.00000351395491226
  0.00000367980841136  0.00000385258168967  0.00000402667517900  0.00000420233762872
  0.00000438841251873  0.00000458419080022  0.00000478391137746  0.00000498984737057
  0.00000520509507332  0.00000542874570656  0.00000565581571930  0.00000588168785808
  0.00000611349467268  0.00000636711128569  0.00000664615863399  0.00000694124771443
  0.00000723254194008  0.00000751988429709  0.00000785222498176  0.00000818449643173
  0.00000853367882358  0.00000892139307762  0.00000935067711311  0.00000979660278020
  0.00001023444729445  0.00001067519282317  0.00001114910251819  0.00001166628712957
  0.00001222061427850  0.00001278105279183  0.00001335599786535  0.00001396866791975
  0.00001461224238874  0.00001530810863093  0.00001607552062174  0.00001689428300683
  0.00001774291141767  0.00001860178334845  0.00001963275993048  0.00002083127716528
  0.00002206576767085  0.00002350110001060  0.00002506730963311  0.00002677392067756
  0.00002872102763363  0.00003097948607369  0.00003368712570066  0.00003718854096925
  0.00004221050920401  0.00004997139438385  0.00006047763781042  0.00007368273642952
  0.00009539954533912  0.00019279775993977  0.00076191322738525  1.00000000000000000
 -0.00277109606256697  0.01044448448243321  0.02216610121434897  0.03398352439384173
  0.04543508896660142  0.05649827995033060  0.06749427621226339  0.07855425670808316
  0.09017856522558941  0.10137812318939100  0.11250805875845514  0.12333319563874010
  0.13409191412180027  0.14465625889582784  0.15530878190734027  0.16563474523681640
  0.17574008123789114  0.18592591992753854  0.19639368173107774  0.20693536713969504
  0.21749111070724250  0.22835710008509746  0.23977518244595691  0.25121826143034381
  0.26240458346401779  0.27316667239666376  0.28368715997582949  0.29390862263186773
  0.30417432745770917  0.31460290390392354  0.32531533241567079  0.33605123577521462
  0.34661652940800114  0.35688773079227459  0.36677576561047676  0.37621577656646610
  0.38541358701338341  0.39486654798186177  0.40470207613592596  0.41475300936096787
  0.42472642198769278  0.43461760126810600  0.44472191021190866  0.45516490360918760
  0.46566875748756914  0.47599774925017102  0.48596328516717291  0.49559828285834573
  0.50514529408171338  0.51480198104507557  0.52448782917272629  0.53391339387006131
  0.54329303429582487  0.55244980383509656  0.56157533601159404  0.57093520748605919
  0.58069939964491613  0.59172165739941418  0.60293563023552699  0.61361803147944971
  0.62407362506643138  0.63477700098512835  0.64573358141244352  0.65706634563213551
  0.66835673952916552  0.67959492017164513  0.69012209744219022  0.70022026333243725
  0.71033051944136716  0.72068842887620210  0.73132474445693185  0.74231991071218506
  0.75329634770772846  0.76424280768945796  0.77480773212901743  0.78542849432747930
  0.79572747715456293  0.80655124908308762  0.81751244598672246  0.82831190391036036
  0.83872235003595652  0.84901853695455354  0.85986966091397921  0.87090925214502257
  0.88196250883096072  0.89284010128098390  0.90339716298673889  0.91378664267727794
  0.92430651649266127  0.93514680017895246  0.94587349610734550  0.95651511649402488
  0.96722670564136104  0.97844942939001378  0.98917510101840156  1.00000000000000000
 -0.00240630324878015  0.00942357971720360  0.01973354002301270  0.03016752982676029
  0.04019589252556678  0.05007078549783089  0.06013264672579424  0.07043141927118352
  0.08115886628243525  0.09190846686838458  0.10190447676909395  0.11171323671812886
  0.12131965096713511  0.13145426111209663  0.14179034051989375  0.15227705712510461
  0.16310263561632715  0.17384581453455278  0.18449326489018758  0.19524067594749428
  0.20630327537864768  0.21738176725156294  0.22824495876660009  0.23901885494067143
  0.25016788263249240  0.26163414448488292  0.27295351763228154  0.28434465557190214
  0.29556314521340293  0.30671707565622025  0.31747346578239227  0.32794608268807895
  0.33848010826083652  0.34907502976281407  0.35952282460693868  0.36986112653804393
  0.38032894173975401  0.39121722054567382  0.40166324437846712  0.41185001223949708
  0.42218255822356421  0.43247334776648644  0.44223135686993786  0.45161482368118416
  0.46123756697611634  0.47153181955090856  0.48203293390733398  0.49251544195124397
  0.50299103077957363  0.51341998692105772  0.52393083676806596  0.53470797822836025
  0.54560625197626589  0.55655314781681198  0.56746954829063301  0.57832731963888795
  0.58906366152086620  0.59931521699136336  0.60975868409167355  0.62042924450878956
  0.63130461298724405  0.64201953816011181  0.65234737946373733  0.66252237380488033
  0.67281999850724195  0.68315219689417916  0.69360433425579682  0.70397614911759965
  0.71450724985523417  0.72490066682333854  0.73497040891408194  0.74523953431933820
  0.75579970057548573  0.76636813041808161  0.77686754806638336  0.78741417536159830
  0.79820773416182034  0.80921739474218102  0.82004749782180408  0.83076117031289909
  0.84147151526892461  0.85159386114639479  0.86203062015528675  0.87224050388548424
  0.88325997648314614  0.89413193235952759  0.90513887697644568  0.91630351375744945
  0.92764003606595247  0.93865878448461770  0.94965004882389359  0.96037582810731226
  0.97055979612752652  0.98032103614871158  0.99008484899091020  1.00000000000000000
 -0.00226162655980867  0.00836619301563780  0.01791557273871301  0.02840375089537078
  0.03875244913618293  0.04897015562966328  0.05893326524997099  0.06866184955543962
  0.07840647864068633  0.08824756928305097  0.09818252382994762  0.10816546608058519
  0.11817101289570661  0.12820611833227857  0.13827696372409112  0.14849579942375632
  0.15897984290359321  0.16928878703987837  0.17938985537811578  0.18951567379894713
  0.19969110627000428  0.20988685725860831  0.22008363931394770  0.23066714681498660
  0.24132475615750407  0.25180707992625811  0.26213367606507182  0.27250314466997561
  0.28316737049132890  0.29397110452026970  0.30479978353140430  0.31566269049564694
  0.32653090458029954  0.33740038744268819  0.34827423486664766  0.35956401200528176
  0.37121225736335967  0.38309508290389416  0.39500649787281861  0.40623063644241580
  0.41689045024855326  0.42706425567311956  0.43763852330162850  0.44852874126795950
  0.45941512362938014  0.46928994181575562  0.47917366174712711  0.48967477523587777
  0.50065325748685552  0.51121672700855669  0.52188024525592791  0.53289641264873355
  0.54383296539293324  0.55481385365781044  0.56618709801993594  0.57772423790717675
  0.58881701601991532  0.59978505577140573  0.61104344185967741  0.62261203448990254
  0.63401440166509182  0.64493826240835650  0.65574559347919659  0.66676623605986263
  0.67817429268573792  0.68970814965930005  0.70096875668428293  0.71203110638661793
  0.72295569312195918  0.73360664207180004  0.74398010852061758  0.75427493300273440
  0.76443205095683842  0.77461551133397766  0.78495804854230655  0.79568465767186269
  0.80673198426711357  0.81746085409011404  0.82804663622570773  0.83856137558240551
  0.84926799791464291  0.86000525388838267  0.87074978599215413  0.88152431393020425
  0.89203631342943379  0.90202529164747547  0.91181851690214899  0.92130353803180220
  0.93098504055867082  0.94073114311228123  0.95054545716839456  0.96061998750441679
  0.97034453224241313  0.98021833067302955  0.99000659905852506  1.00000000000000000
 -0.00243627878187176  0.00939161184755891  0.01934728285950211  0.02986536117144072
  0.04044658270625709  0.05095992728229613  0.06172180837829942  0.07231376062284126
  0.08304555756885407  0.09378441274577055  0.10423236911190041  0.11462894511350778
  0.12521012928616451  0.13580021937680889  0.14662431710012136  0.15729229625784416
  0.16828797523148128  0.17917590292127641  0.18996388517197080  0.20064482931077768
  0.21136349473925564  0.22224876617516218  0.23277787578153822  0.24311599385628307
  0.25367992582415605  0.26438411611154483  0.27535248921663996  0.28631536624056181
  0.29670811077227177  0.30704951283319087  0.31751471208649878  0.32879628366687691
  0.34023443771678391  0.35107133522111406  0.36127819830567109  0.37188988802886214
  0.38262233810828888  0.39293652102485938  0.40284847384902450  0.41281639920912028
  0.42350844455013764  0.43415285843282153  0.44460487621867983  0.45482085238656622
  0.46526331470779270  0.47596452899825126  0.48659444524042722  0.49717555742382635
  0.50790109794264282  0.51885188962665441  0.52953210651752147  0.54018687010581101
  0.55097799445975482  0.56198792479235127  0.57290407120123521  0.58354275212823148
  0.59355241660392455  0.60361032316609364  0.61359067460883177  0.62397838346032286
  0.63453824373539913  0.64512496715513656  0.65557333343082003  0.66614911036683411
  0.67697890654834059  0.68784742451570424  0.69831384915380657  0.70828721371355208
  0.71799469712889474  0.72784548112821823  0.73773592470617377  0.74778409512372557
  0.75793940711760488  0.76824000939647608  0.77868059779503851  0.78912534101878207
  0.79976519256884770  0.81054713089376107  0.82120979856622667  0.83175338446131675
  0.84238451465130570  0.85304813647759026  0.86400213611185062  0.87509419746549344
  0.88636670695637088  0.89755906389823614  0.90845278287413689  0.91917421909894803
  0.92962275284155105  0.94005572480906330  0.95025857060515817  0.96055053891754516
  0.97050477373637201  0.98044726830917883  0.99004297275265207  1.00000000000000000
 -0.00184458278071852  0.00673138086456788  0.01494793779145724  0.02305011907454884
  0.03124874673802355  0.03964200618454637  0.04839794459778864  0.05748474572277568
  0.06674904940998728  0.07599258816956288  0.08512868923372516  0.09413521365815117
  0.10317663189227712  0.11236457476383675  0.12184904500575687  0.13169695068159856
  0.14181560823756470  0.15204054490277033  0.16238778503794540  0.17269697649988106
  0.18314427137774569  0.19370067523639953  0.20388975940740239  0.21400314824010058
  0.22424005889554965  0.23508285177182719  0.24633025173183251  0.25753825291472277
  0.26871595068322779  0.27972702885104683  0.29064285699214343  0.30139329280301225
  0.31196186397866832  0.32252426562046249  0.33334260592276294  0.34466033010858432
  0.35650949426030287  0.36874693843633716  0.38144337401362688  0.39390875027661898
  0.40609461066842467  0.41784094621330675  0.42940981980817650  0.44156920441820524
  0.45409720589335556  0.46663601477320715  0.47864399908992333  0.49115919472459402
  0.50365341037196920  0.51641636941639935  0.52871023830900199  0.54059205030987445
  0.55240758934682510  0.56435358888691756  0.57678065558306846  0.58947442334456202
  0.60202231422318642  0.61407894061909807  0.62622444815757849  0.63841734097347291
  0.65048496173554604  0.66196837529936681  0.67319744374339319  0.68461310888180671
  0.69626538021000217  0.70798229706475113  0.71954998360913258  0.73081892813339555
  0.74139153961374249  0.75167989249046230  0.76203493474687545  0.77276409534847490
  0.78382520574133974  0.79505003165027532  0.80659174322467708  0.81778901818622096
  0.82852628855732502  0.83896599697820506  0.84864894240053057  0.85821416542523643
  0.86741942535649874  0.87664695483102983  0.88582600179984927  0.89514047290779708
  0.90463102820163066  0.91382107221601128  0.92257782247401920  0.93125935750273059
  0.94020941373785916  0.94917828672072935  0.95790131326667893  0.96619316216618856
  0.97437851553323995  0.98256615576443218  0.99133135742938094  1.00000000000000000
 -0.00241659628341317  0.00929689903056182  0.01930772976259344  0.03032326221859349
  0.04118963161976689  0.05267817078581766  0.06393165613876148  0.07513373719203000
  0.08567991214157569  0.09624218313042444  0.10635361090617697  0.11633138515156333
  0.12656408711359979  0.13693923824999449  0.14749000690151035  0.15796741675254908
  0.16876721260056293  0.17949905292267074  0.18991052342380799  0.19991032331442493
  0.20999562990897858  0.22035985462962659  0.23065333935165744  0.24084826223794431
  0.25099888381437113  0.26131631675595035  0.27181562705737217  0.28223734917056370
  0.29250242507490476  0.30261600913280784  0.31278764979118678  0.32316153438508760
  0.33379612435083622  0.34472977491970952  0.35595106516843950  0.36721670174032728
  0.37844480656457408  0.38950739387093491  0.40038459618016192  0.41103058716463453
  0.42135155787642797  0.43152648196186183  0.44169996510332377  0.45207942578621751
  0.46262493503489538  0.47320707511940213  0.48394358344810490  0.49419086470790607
  0.50405098827414885  0.51376510853828450  0.52376575668138536  0.53394747493092443
  0.54408859370410689  0.55430101259319398  0.56476965270431578  0.57529718749131287
  0.58566813381849936  0.59591019951793045  0.60625856610370554  0.61671387430466096
  0.62717304247750127  0.63764779294289486  0.64797062968216668  0.65800489787212768
  0.66809344163799400  0.67835348101817117  0.68896032183506561  0.69990834994393725
  0.71056675448180717  0.72125184255620245  0.73198675408783376  0.74330251321908147
  0.75497193743497282  0.76631989894875308  0.77745307719119094  0.78837395504663066
  0.79922105138915134  0.81001675308482535  0.82074086898051812  0.83151023931279733
  0.84197018143866686  0.85275346322036116  0.86365501793833510  0.87461488076415650
  0.88513639958544299  0.89546304551613576  0.90583322242492403  0.91617780986192199
  0.92638093813026634  0.93663862970554268  0.94752892668375144  0.95841973661562163
  0.96874256306290052  0.97893858777447396  0.98937984380364075  1.00000000000000000
 -0.00238092802056237  0.01133092386962052  0.02216469492219345  0.03234886204244049
  0.04238384585949205  0.05275383560997269  0.06342170542771684  0.07397301328257845
  0.08430033669424265  0.09465771466928888  0.10522426983672922  0.11569298828589543
  0.12589465421956772  0.13621451157880643  0.14699325655482667  0.15808712280129816
  0.16920560272028579  0.18025274891818205  0.19131121061623849  0.20190558478915946
  0.21263888602233061  0.22339669384945315  0.23418157884200996  0.24492302642658442
  0.25564663060042669  0.26622655603005752  0.27646108135885106  0.28662672474460421
  0.29701170230487867  0.30738253391405401  0.31767462697054111  0.32805220943818614
  0.33853754197152364  0.34882176423342587  0.35884817255425916  0.36889573513013307
  0.37942598966231339  0.39019404152110371  0.40078562568062487  0.41123859732706830
  0.42155968851945008  0.43227474325816451  0.44260096943252714  0.45250819762720634
  0.46213802400421294  0.47158764256101410  0.48104842806149462  0.49054442020655570
  0.50021897120687819  0.51075709363293242  0.52091446514537176  0.53174061019541630
  0.54249174631727459  0.55343384565162790  0.56453469758054620  0.57596867619886660
  0.58699524105872880  0.59746629023282050  0.60749580705762518  0.61757892312620744
  0.62762402871137069  0.63766063488995928  0.64775612555961048  0.65800665329229513
  0.66812034580611390  0.67859348023059141  0.68897645833312038  0.70027324784432776
  0.71107680405808882  0.72188286427343018  0.73224519758101492  0.74233534009429503
  0.75267390725320937  0.76334687507384280  0.77440399949169669  0.78526240470246678
  0.79569195853372354  0.80610572551882564  0.81673289642441327  0.82739896825461434
  0.83775841827468778  0.84774408300826287  0.85792124858929886  0.86844864584764503
  0.87938187367721754  0.89014091222024316  0.90083220016545074  0.91149230597754483
  0.92183559087200817  0.93208643837148875  0.94240842237455269  0.95284362019980218
  0.96311987291555834  0.97349812027396854  0.98580701130242843  1.00000000000000000
 -0.02693088530481275  0.13587667871492481  0.18528198365528198  0.21561530884278063
  0.23980191219540875  0.26153151081247206  0.28078601911792367  0.29810844740141434
  0.31419198639074153  0.32922353168094742  0.34368768083305806  0.35785604945124960
  0.37178553944792042  0.38492067759662357  0.39747568663884797  0.40948870371986867
  0.42050388519725940  0.43120456855255174  0.44182354914677185  0.45187197437479731
  0.46176219822260139  0.47167235590041878  0.48158200716044902  0.49131879043075327
  0.50108274775912676  0.51094278276697025  0.52053242803012112  0.52974092222559876
  0.53871766409955013  0.54761424269044590  0.55640930674619138  0.56481337999508130
  0.57288314106038130  0.58092359867886711  0.58911550240172106  0.59729799501870184
  0.60523783699030942  0.61299225294527682  0.62077408296897285  0.62873697373218274
  0.63671055809199706  0.64434682686052580  0.65141108177835838  0.65830586091360477
  0.66500645569260319  0.67136199779855976  0.67754200098985240  0.68371124350970647
  0.68955958288110031  0.69513124532359483  0.70066250513987582  0.70637087881961780
  0.71216614533671374  0.71777142330613486  0.72310914707023000  0.72847167286833092
  0.73386970529638140  0.73925996751506384  0.74440209484856767  0.74938877970915263
  0.75441017737506599  0.75960810834785208  0.76485051090769474  0.76992768487715946
  0.77481677713235075  0.77951130793910839  0.78411167676172278  0.78871569893537941
  0.79328548172808433  0.79781373440529935  0.80232512936975553  0.80682680728496647
  0.81125848644345755  0.81558454700665040  0.82016530964771561  0.82461434802492950
  0.82908279302016108  0.83373053958788435  0.83855296674625335  0.84347253617976026
  0.84845483709998215  0.85346032711516073  0.85857349875397637  0.86386276805442330
  0.86932155565358271  0.87499132580388772  0.88092825576844402  0.88709532058762952
  0.89348673981108462  0.90001510692553288  0.90690418741995749  0.91460858295374714
  0.92384910660823505  0.93567539995470905  0.95468550891339521  1.00000000000000000
   3.0306190737536377E-008  -1.0000000000000000     
 T T T T T T T T T T F T T T T T F F F F F F F F F F F F F F F F F F F F F F F F F F F F F F F F T T T T T T T T T T T T T T T T T T T T T T T T T T F T T T T T F F F F F F F F F F F F F F F F F F F F F F F F F F F F F F F F T T T T T T T T T T T T T T T T
  <DiscreteSampler_grid>
  grouped_processes
  1 # 1 for a reference and 2 for a running grid.
  10 # Attribute 'min_bin_probing_points' of the grid.
  1 # Attribute 'grid_mode' of the grid. 1=='default',2=='initialization'
  0.0000000000000000 # Attribute 'small_contrib_threshold' of the grid.
  0.5000000000000000 # Attribute 'damping_power' of the grid.
 # binID   n_entries weight   weight_sqr   abs_weight
    10   10   1.870039003739536E+001   1.809786148364709E+003   1.870039003739536E+001
    11   10   1.870039003739534E+001   1.809786148364704E+003   1.870039003739534E+001
    16   10   1.469394299837220E+001   1.642391976610705E+003   1.469394299837220E+001
    17   10   1.469394299837218E+001   1.642391976610698E+003   1.469394299837218E+001
    22   10   1.469394299837220E+001   1.642391976610705E+003   1.469394299837220E+001
    23   10   1.469394299837218E+001   1.642391976610698E+003   1.469394299837218E+001
    28   10   1.870039003739536E+001   1.809786148364709E+003   1.870039003739536E+001
    29   10   1.870039003739534E+001   1.809786148364704E+003   1.870039003739534E+001
    34   10   1.870039003739537E+001   1.809786148364710E+003   1.870039003739537E+001
    35   10   1.870039003739534E+001   1.809786148364704E+003   1.870039003739534E+001
    40   10   1.469394299837220E+001   1.642391976610704E+003   1.469394299837220E+001
    41   10   1.469394299837218E+001   1.642391976610697E+003   1.469394299837218E+001
    46   10   1.870039003739537E+001   1.809786148364710E+003   1.870039003739537E+001
    47   10   1.870039003739534E+001   1.809786148364704E+003   1.870039003739534E+001
    52   10   1.469394299837220E+001   1.642391976610704E+003   1.469394299837220E+001
    53   10   1.469394299837218E+001   1.642391976610697E+003   1.469394299837218E+001
  </DiscreteSampler_grid>
