 -0.00199620013855124  0.01090428019499416  0.02141834628856887  0.03123899823159446
  0.04105431528076341  0.05059473093850728  0.06021120207247090  0.06991105895493756
  0.07969046679382417  0.08988282191160848  0.10025533366829782  0.11124573764737480
  0.12214152191183278  0.13344175220702045  0.14518931764598647  0.15719687549154607
  0.16925259911416385  0.18101795825979711  0.19254982690808359  0.20397758018051929
  0.21568226386902389  0.22743689389473190  0.23909917052204199  0.25064519312870048
  0.26232083815182938  0.27424367293991814  0.28647639968547717  0.29879046868866493
  0.31102361453039601  0.32316971498204139  0.33529805153438080  0.34721642778198109
  0.35913018120602214  0.37092614212191466  0.38287660699631010  0.39469405109653127
  0.40666235764787956  0.41849038382326437  0.43024504091425725  0.44198762474929876
  0.45348553647154394  0.46499356875722020  0.47635496031320562  0.48825778912845758
  0.49970933782792587  0.51099832768014164  0.52199910300748931  0.53302285392601378
  0.54415651043948376  0.55503906135502379  0.56600246222832740  0.57694277924422044
  0.58799285463097428  0.59924114789632976  0.61031068031285807  0.62138850786393851
  0.63206381297124392  0.64266982355400204  0.65307461467450068  0.66330022372534769
  0.67357990683398372  0.68383772570321377  0.69414007675885292  0.70434147768665389
  0.71451090728492217  0.72458943667537890  0.73479633221061502  0.74478461332301815
  0.75457880727064641  0.76402140601426571  0.77343081790921264  0.78299564932036936
  0.79261095885250554  0.80247070147077881  0.81225854154367327  0.82211750480065748
  0.83179085506750627  0.84135379018975498  0.85082341585799681  0.86013864007687990
  0.86947707019965137  0.87855921572220441  0.88728174956985562  0.89571275128391159
  0.90410333624407557  0.91266098440765964  0.92137227630088436  0.93006915160586445
  0.93865722280825392  0.94719472218560419  0.95575171184173724  0.96447522761871385
  0.97293139824948893  0.98159670492433893  0.99054892463936528  1.00000000000000000
  0.03193004310721986  0.03459609654855861  0.03777905876296322  0.04272534120478793
  0.04784580250575286  0.05178171770844328  0.05510220800550342  0.05822942497943702
  0.06119196122876312  0.06391724059143926  0.06644253890766456  0.06886349122341266
  0.07128694591159535  0.07376733828288166  0.07626649931662381  0.07875735371687353
  0.08126937563183961  0.08377958014020183  0.08620965138329212  0.08853918883002905
  0.09084583475444413  0.09323108915396683  0.09570824577249080  0.09821309886018562
  0.10070255504841570  0.10320059031210282  0.10569203909787435  0.10827035143072077
  0.11083009720562370  0.11340369286061122  0.11606065396163343  0.11873749899314567
  0.12145323874407689  0.12428832880872792  0.12702762255666586  0.12973067507582656
  0.13247840321751927  0.13528496508703700  0.13815308078694624  0.14112056700279774
  0.14419706882567629  0.14731310968660769  0.15041280612842747  0.15360737661220342
  0.15681449731637728  0.16006744348786683  0.16342917859836781  0.16692539776616541
  0.17053983221719224  0.17426323517490450  0.17810169123741043  0.18202817345792058
  0.18603085197193803  0.19023837154683632  0.19467669091019263  0.19923371849037733
  0.20392009897128605  0.20887036058814498  0.21377577030768535  0.21877814383584931
  0.22390221652932382  0.22912844932569876  0.23460361689432274  0.24033113679590326
  0.24620585375793888  0.25230935367550489  0.25878949428547005  0.26561293607253006
  0.27269360208043436  0.28022817004174638  0.28797819725041063  0.29642829287269096
  0.30526443336862974  0.31451585857907033  0.32445657082948637  0.33515817654378444
  0.34659777960394489  0.35863730237375357  0.37123048681534659  0.38482232757737556
  0.39924300719057587  0.41514256761692120  0.43260081080653334  0.45158592158469874
  0.47187601563146853  0.49359959228743555  0.51709838262490238  0.54268062855681931
  0.57083624618675777  0.60136119181474490  0.63470460408474783  0.67261688216466087
  0.71666890560204299  0.77217099051945737  0.85231776926091729  1.00000000000000000
 -0.00274508233312934  0.01068040014140177  0.02130068541112267  0.03217162537106925
  0.04293562819482179  0.05353759003840439  0.06366270094953866  0.07395152033631820
  0.08411856852923187  0.09435565976460034  0.10438724261074143  0.11443962437578854
  0.12442608293957551  0.13453266993353727  0.14454724377518285  0.15495884752497205
  0.16533651532564250  0.17596808084748328  0.18641703563197987  0.19704230845286910
  0.20759349318072381  0.21813282020335753  0.22845493988261248  0.23890736822073927
  0.24934424552740908  0.25986209580946623  0.27019275320015657  0.28050581137636571
  0.29078261090101182  0.30112612486584678  0.31146176259544556  0.32189973667656452
  0.33235866529403346  0.34295493418969830  0.35334995669925584  0.36358893293273492
  0.37375285231397909  0.38388601741966644  0.39423288568862769  0.40469336311205290
  0.41542054081263635  0.42624381857059507  0.43711899071892824  0.44807091802999133
  0.45866310111843483  0.46939566001382976  0.47997589013030367  0.49075140223892366
  0.50135403095028375  0.51210847825372718  0.52278904575429042  0.53341027854271528
  0.54385399043893901  0.55435038001488868  0.56497487806458080  0.57566164242672480
  0.58648811403492751  0.59726195761320067  0.60802692664279256  0.61838203626521704
  0.62884997767715167  0.63942709519733620  0.65019418753316094  0.66083064905596545
  0.67143875906485950  0.68210258299097604  0.69285751856824462  0.70364931619856985
  0.71428639294876173  0.72474874207202433  0.73508094453791817  0.74568289833357948
  0.75637684303668129  0.76699487006245026  0.77743023278969914  0.78815482737047138
  0.79905714386815385  0.80989431633659781  0.82049594047690977  0.83085994940072050
  0.84101094834263035  0.85094520719178890  0.86129715783241734  0.87161115588474281
  0.88216947503921306  0.89252490573643428  0.90278448624452856  0.91316558400042691
  0.92371366366108243  0.93487480286436420  0.94589021026066844  0.95680956310209075
  0.96777726076893911  0.97875997539892479  0.98955425772819672  1.00000000000000000
 -0.00262183906767298  0.00954918237283772  0.01982570924790388  0.03044692268380536
  0.04104037710391927  0.05153105905650208  0.06190182242846225  0.07233857062438649
  0.08300454743373918  0.09375935987384176  0.10428034054044595  0.11480280824548257
  0.12529377016818599  0.13590854047291462  0.14635479899069312  0.15671418551071550
  0.16696166427001377  0.17721526496449802  0.18770851029407293  0.19836040841207628
  0.20891256982100528  0.21933472849941182  0.22989518043462226  0.24056209040572465
  0.25110494698818486  0.26150925913950113  0.27180242806776111  0.28250804940856100
  0.29307489519015656  0.30374053812149715  0.31414653575743379  0.32453728928769338
  0.33519849318272049  0.34609448578940688  0.35710901157437680  0.36785543577983815
  0.37824726004240705  0.38859409700272202  0.39898981880879242  0.40954514111892165
  0.42018119090248757  0.43055168724665144  0.44100074700009145  0.45138571506031377
  0.46217582223464587  0.47292648390867659  0.48346384137105453  0.49367045852738428
  0.50399095212990264  0.51449670248711710  0.52504392847809855  0.53549843370596240
  0.54582733882621204  0.55611399153730268  0.56625741865904977  0.57639489434902036
  0.58669334885108559  0.59715820797810959  0.60790512959123688  0.61880122811437954
  0.62956929367231607  0.64009860805800489  0.65055579101193384  0.66106894110442205
  0.67149501189070882  0.68181368159307665  0.69202370461052343  0.70237995797399877
  0.71279643454707009  0.72357847610246229  0.73408734657017627  0.74441834715402067
  0.75472357704647008  0.76506398420740718  0.77554117876253403  0.78578162687510067
  0.79611390809365290  0.80669731114669696  0.81743018804819778  0.82840398127995640
  0.83919130438881595  0.85008478056291281  0.86106338148946138  0.87204734547799589
  0.88274721359293040  0.89347970595061410  0.90457004673425934  0.91553859867820087
  0.92616763394967505  0.93664032685912413  0.94732348090914409  0.95820967400842527
  0.96875467232474755  0.97928716466929755  0.98963334082230558  1.00000000000000000
 -0.00239602926987135  0.00953984683940764  0.01961782766111202  0.02977914136597465
  0.03980686096416079  0.04996609158384072  0.06046158136938561  0.07112449360568288
  0.08150271556377553  0.09177040903004911  0.10217125241047241  0.11247887207733238
  0.12295090280951718  0.13338888925662437  0.14368994455189518  0.15372661058274290
  0.16386661092794869  0.17445986304987929  0.18519024194311887  0.19579498894508301
  0.20687048777012065  0.21785195663002674  0.22894478800432910  0.23941684357417797
  0.25006710981903191  0.26070883809958112  0.27135364815905849  0.28180179665163457
  0.29261150630260091  0.30348415601440354  0.31461132059077856  0.32571248024728960
  0.33674970990129044  0.34770806145069538  0.35856654817519679  0.36937222381590312
  0.38031632858788700  0.39087913949711606  0.40130701510777655  0.41150049201701905
  0.42202004632934059  0.43252762797689592  0.44311823874584150  0.45350596638372065
  0.46411265674527902  0.47444807239487918  0.48496293538301538  0.49574572840865339
  0.50643039921572963  0.51683457841055513  0.52712950994851659  0.53768970582067832
  0.54847261792121671  0.55933345296442216  0.57005455250968307  0.58074715557500112
  0.59132956999394948  0.60190639166383919  0.61208663806244401  0.62229082914204392
  0.63234803090337466  0.64261581822610692  0.65284780055824698  0.66328327237205809
  0.67378749599585819  0.68455945833530418  0.69508248267022088  0.70544768404527858
  0.71552281562164233  0.72580516361260694  0.73609306059874102  0.74606151776153007
  0.75593857395436503  0.76583881054486214  0.77595551249345984  0.78613149003250649
  0.79670105584661677  0.80751479121898262  0.81854421188886872  0.82937551367210893
  0.84026613065508859  0.85094354139610551  0.86145371738527632  0.87191151552717294
  0.88261875699726733  0.89336071337913225  0.90413133382000899  0.91469909325046250
  0.92534734525572893  0.93578125443000870  0.94658258740772205  0.95711612278001934
  0.96767401225345917  0.97811509874962355  0.98894713472703855  1.00000000000000000
 -0.00246440217868868  0.00919140113229597  0.01929983335685903  0.02962578249354557
  0.04004344922942886  0.05063415622656504  0.06117744839762027  0.07188526393735463
  0.08275561074049062  0.09396200592514840  0.10500294658114290  0.11606888430055415
  0.12703837932272280  0.13802073328469475  0.14891799109124831  0.15962550411441015
  0.17023522440827701  0.18069631282634890  0.19118499478142609  0.20185450608765046
  0.21269513264932968  0.22340014705240963  0.23383645262367331  0.24405847674436709
  0.25435238152471601  0.26469284391178827  0.27522733705782804  0.28581311704649548
  0.29618147097073333  0.30637714736978022  0.31671086311484969  0.32724031437092649
  0.33786672838604576  0.34841943127357639  0.35912446633211892  0.36989691763782617
  0.38054582559346517  0.39096173925669919  0.40131191470449523  0.41160422605876834
  0.42203387219698318  0.43253792173154565  0.44318693141156401  0.45365088233452416
  0.46413532050105438  0.47461581621121918  0.48513458217478400  0.49563513577075824
  0.50609106220223687  0.51655764029768891  0.52713985859905155  0.53762338338914317
  0.54786029179605111  0.55802053798620788  0.56853595834431603  0.57929780088543081
  0.59026794854776876  0.60121898866567447  0.61201814761223505  0.62266706833243535
  0.63297713874698780  0.64343947787891920  0.65391729978087110  0.66448136886267561
  0.67494082115307619  0.68537518387141461  0.69613882857643927  0.70728311962854551
  0.71841209504058079  0.72932437467247169  0.74011911316002810  0.75064639191067384
  0.76117230250440804  0.77153134627390152  0.78223627048143807  0.79284611567245789
  0.80354022443557449  0.81422703888537884  0.82483944996457181  0.83539782617538494
  0.84565746010910581  0.85597490772656881  0.86617196897860294  0.87630876232162525
  0.88659836085478561  0.89657403953904491  0.90672290214584073  0.91683091018921270
  0.92729192580338249  0.93777603502950624  0.94788746375527633  0.95783767657177676
  0.96804704851468992  0.97844500720603589  0.98917736774502640  1.00000000000000000
 -0.00251069776767245  0.00960294016230167  0.01997806879105675  0.03046819829231869
  0.04107743736634593  0.05180807907063770  0.06247877922431797  0.07298910517945462
  0.08335326703309023  0.09408148568820379  0.10503026111403140  0.11595001279730500
  0.12667345305091524  0.13698831292152500  0.14723218296051049  0.15737652790495815
  0.16762242678692396  0.17795476113572306  0.18836918806847786  0.19844521157486328
  0.20867073389015620  0.21908423056570203  0.22982348167199318  0.24056439044936631
  0.25125218191986998  0.26183927278180991  0.27211996662789445  0.28238158586341272
  0.29269097823065099  0.30305547810246214  0.31326160292671518  0.32371475547837131
  0.33416357176295680  0.34481116672700812  0.35550547209900929  0.36639082337282075
  0.37719620397738551  0.38806931422809260  0.39898491235707095  0.40957670799626733
  0.41997974106813080  0.43031279026744129  0.44071538122402715  0.45110398804188029
  0.46145906225285610  0.47203462268889440  0.48252432365123948  0.49315018195629101
  0.50353690519807193  0.51403416077503306  0.52448037818219051  0.53532578931238828
  0.54628355573533205  0.55737270239865122  0.56809416664323076  0.57869685144278271
  0.58932933500362450  0.59996723605537849  0.61054770251900248  0.62101635386486342
  0.63164601724059122  0.64233072036369787  0.65266128597930850  0.66287772860616367
  0.67336267236706726  0.68420301341990664  0.69522408841219219  0.70603462318128063
  0.71657669660634460  0.72674351843346141  0.73689298100700973  0.74717351572698343
  0.75761736660069323  0.76771065014807471  0.77798336990260308  0.78844991195333214
  0.79924710155828349  0.80988118188221170  0.82046302749576283  0.83092619437202597
  0.84148540175648545  0.85193691673125216  0.86263839291826772  0.87332610950170164
  0.88400218093311744  0.89456587315343417  0.90526578582826533  0.91602107419904855
  0.92658807468836513  0.93681626349457126  0.94715092515959298  0.95763482496689478
  0.96853984774633606  0.97926120069746780  0.98982310878054380  1.00000000000000000
 -0.00249031658082217  0.00896586795269975  0.01913676531421185  0.02973275815056034
  0.04065447394310465  0.05134101030217765  0.06187766864995462  0.07249164960663672
  0.08299991445456363  0.09348732048444301  0.10371280109538890  0.11388078533360699
  0.12402786464357478  0.13465532636506247  0.14549454439041964  0.15640610896730348
  0.16675760062850026  0.17731647152531760  0.18775028239442593  0.19843457883789165
  0.20941674984893760  0.22055788179818944  0.23156773117379989  0.24261933975315039
  0.25327196448611283  0.26406063463848434  0.27466221210802144  0.28548834868031903
  0.29614558390647372  0.30692444319134105  0.31745771649308696  0.32797503861553268
  0.33819544921784872  0.34859911965687629  0.35911435414175091  0.36994571303509710
  0.38065456545660109  0.39127068069792970  0.40174140743868281  0.41216871375318309
  0.42246836727050480  0.43263451686748172  0.44298754282902625  0.45322874504065769
  0.46328145493769496  0.47323184641384108  0.48331359472334240  0.49348443436602696
  0.50388598268359930  0.51448048137010705  0.52541533410063901  0.53610954329240201
  0.54668683306247345  0.55713616971037838  0.56769378313307972  0.57813536384445730
  0.58864763226438210  0.59919492898494187  0.60994508287353466  0.62077979152746543
  0.63154009186479332  0.64207601021937866  0.65227823514429206  0.66225199532923140
  0.67233389934492316  0.68283444800390025  0.69388328240834829  0.70490425813184476
  0.71551166932063959  0.72593475986661804  0.73636078010851636  0.74687707978827189
  0.75744051089394004  0.76785881697786695  0.77841401736105587  0.78880255873322302
  0.79932242480379723  0.80977886989034320  0.82070331283471254  0.83142882466599022
  0.84188487628893649  0.85208018888196091  0.86245285561137397  0.87288691135910301
  0.88334376558832450  0.89359041242421655  0.90386492011456276  0.91435812753584356
  0.92545122131869184  0.93660799934454120  0.94758202980038819  0.95828299998801192
  0.96888026658808879  0.97916042825620297  0.98953205218585327  1.00000000000000000
   1.2071938861373656E-012  -1.0000000000000000     
 T T T T T T T T T T T T T T T T T T T T T T T T T T T T T T T T T T T T T T T T T T T T T T T T F F F F F F F F F F F F F F F F F F F F F F F F F F F F F F F F F F F F F F F F F F F F F F F F
  <DiscreteSampler_grid>
  grouped_processes
  1 # 1 for a reference and 2 for a running grid.
  10 # Attribute 'min_bin_probing_points' of the grid.
  1 # Attribute 'grid_mode' of the grid. 1=='default',2=='initialization'
  0.0000000000000000 # Attribute 'small_contrib_threshold' of the grid.
  0.5000000000000000 # Attribute 'damping_power' of the grid.
 # binID   n_entries weight   weight_sqr   abs_weight
    10   10   1.307058921212676E+004   5.716347679348232E+008   1.307058921212676E+004
    16   10   1.234597868227839E+004   5.795528578053706E+008   1.234597868227839E+004
    22   10   1.234597868227839E+004   5.795528578053705E+008   1.234597868227839E+004
    28   10   1.307058921212676E+004   5.716347679348232E+008   1.307058921212676E+004
    34   10   1.307058921212676E+004   5.716347679348232E+008   1.307058921212676E+004
    40   10   1.234597868227839E+004   5.795528578053706E+008   1.234597868227839E+004
    46   10   1.307058921212676E+004   5.716347679348233E+008   1.307058921212676E+004
    52   10   1.234597868227839E+004   5.795528578053706E+008   1.234597868227839E+004
  </DiscreteSampler_grid>
