 -0.00324152655955223  0.01351590541215652  0.02693537385758182  0.03970602340756032
  0.05142823930367214  0.06235461192630422  0.07256328565842741  0.08301839593639415
  0.09315489548992614  0.10388621358909063  0.11433307133488115  0.12427426284264696
  0.13315866832969481  0.14210615545850652  0.15093652933274956  0.16019822940397868
  0.16966551098619775  0.17932085736223768  0.18909723118335903  0.19904291131303362
  0.20893371120793550  0.21914272073558971  0.22930800434688201  0.23967144478398847
  0.25035630356960825  0.26123535230218586  0.27221448369040674  0.28361756243111563
  0.29518892223350218  0.30665816340453655  0.31823491608172133  0.32955366157599836
  0.34039888777554428  0.35078886839432316  0.36132563359894548  0.37238595549733655
  0.38302768371560914  0.39337339632870683  0.40368745357366276  0.41439735029294478
  0.42523023290335010  0.43571786880895630  0.44603111890391534  0.45608040117840937
  0.46562074322018404  0.47488612278034159  0.48472004041029759  0.49505399738117661
  0.50564894686674733  0.51615386595647084  0.52688181701520143  0.53791996759765226
  0.54876429884582989  0.55967865246328807  0.57074094559959254  0.58199231752197600
  0.59334221739802029  0.60448741105211246  0.61506636391283287  0.62538911278408604
  0.63575257023997667  0.64609262573652637  0.65671024000391276  0.66718689052533986
  0.67769048181886826  0.68792614848686529  0.69849312980000866  0.70913585516732014
  0.71969016279129616  0.72956137902990770  0.73950659177528311  0.74907626182466591
  0.75850375096614375  0.76839909180585730  0.77909240356612564  0.79013624050500553
  0.80092631263625202  0.81139108722424247  0.82232038951848918  0.83305799915460965
  0.84363179899550755  0.85429661648436750  0.86476422749368409  0.87501937295091370
  0.88506438455493375  0.89563333365938469  0.90649665120953160  0.91708616780603402
  0.92718051864299245  0.93695878154411072  0.94667859187836689  0.95624168102252227
  0.96674470845438520  0.97706100382817651  0.98840840915069428  1.00000000000000000
 -0.00445621998075652  0.02168578662828710  0.03915932951504115  0.05377449717751865
  0.06736381221412474  0.08030405204365676  0.09294640371448019  0.10510963505822107
  0.11653299232518335  0.12772333586426127  0.13894501946107643  0.15013894619575122
  0.16101867185318819  0.17162934649939160  0.18211487523623973  0.19247121001550743
  0.20265941393045067  0.21277293925233259  0.22292331746505692  0.23332431595505213
  0.24360918314386212  0.25360165383124206  0.26307285587612372  0.27241079476546382
  0.28199767113287733  0.29169873877219182  0.30148024096493409  0.31113002109520621
  0.32060449997736834  0.33018586262525818  0.33977755900172613  0.34941532229761757
  0.35915984190669020  0.36864671240966396  0.37802773217518731  0.38748372976404533
  0.39716616197177751  0.40688300371916708  0.41633197378452824  0.42576830808619870
  0.43497304785448893  0.44440694235578737  0.45379731559562558  0.46282290689586697
  0.47198470567759082  0.48146376343963720  0.49114763141851692  0.50073143617198723
  0.50948171742896631  0.51837262112791116  0.52736931077314064  0.53684116979232366
  0.54619457257248538  0.55513597216410582  0.56330423167482824  0.57160980680688878
  0.58038490776887863  0.58976074280535706  0.59880933150691096  0.60749749004018372
  0.61614132713909386  0.62504833958242723  0.63453488019984250  0.64456878071309021
  0.65453604347818561  0.66405188717424302  0.67338701294298864  0.68288599386505766
  0.69229860252961872  0.70135731018279002  0.71061816705233483  0.72061791145789267
  0.73106744865989326  0.74096616924233671  0.75044689547770738  0.76033213845635561
  0.77047875549377942  0.78038265883900870  0.79005188492082312  0.80009211470134767
  0.81034266487818074  0.82101415300244418  0.83218368790737673  0.84410750887314756
  0.85565503862469761  0.86670451822175465  0.87799856956034183  0.89050231417985792
  0.90345730530797053  0.91626443905482291  0.92929155306246580  0.94244280570735128
  0.95572795978348157  0.96980452979671627  0.98466957079154094  1.00000000000000000
  0.00000012509273033  0.00000123314126563  0.00000171914178880  0.00000226631507110
  0.00000311624140228  0.00000428995715464  0.00000572909027059  0.00000731440534398
  0.00000933945577277  0.00001180504120654  0.00001457291632368  0.00001787477518363
  0.00002179206015544  0.00002623266062248  0.00003097631265226  0.00003633766674203
  0.00004239710766444  0.00004936130234064  0.00005701937623667  0.00006526098134350
  0.00007445350017410  0.00008406524757949  0.00009427115688822  0.00010496118808475
  0.00011615389217553  0.00012797365979777  0.00014001823384927  0.00015303223804308
  0.00016661238111240  0.00018091637102479  0.00019634488463992  0.00021201102576164
  0.00022785832607266  0.00024351287188376  0.00025968208477052  0.00027713863474069
  0.00029483895573480  0.00031293557485067  0.00033258464517617  0.00035242600604184
  0.00037225739639029  0.00039627060713188  0.00041977948040047  0.00044542502812312
  0.00047263431605881  0.00050200225628055  0.00053178507619811  0.00056508512645530
  0.00059901841362600  0.00063399001331601  0.00067025221451632  0.00070756363535238
  0.00074618484117381  0.00078630169605027  0.00082675429313303  0.00086684694597281
  0.00090757652816780  0.00094819968638895  0.00099112859493407  0.00103513362165438
  0.00108005622986139  0.00112611861217979  0.00117874827036354  0.00123520980625505
  0.00129363192063896  0.00135555726959557  0.00142351679525589  0.00149444192730431
  0.00155988305036276  0.00162033286371628  0.00167744784557095  0.00173814405089407
  0.00180181002974014  0.00186199261258895  0.00192483449844001  0.00199871055680294
  0.00208191846462765  0.00216721368226275  0.00225508895969263  0.00234793457377340
  0.00245189172858674  0.00258012575262097  0.00273299101388813  0.00287846456836628
  0.00305126204191475  0.00323518336415882  0.00347439755013250  0.00373139519507868
  0.00402437533812892  0.00442667261035266  0.00487473224999517  0.00532124923051307
  0.00683957343408698  0.00928306287390303  0.12659144830076807  1.00000000000000000
 -0.00224306478421830  0.00912105142899732  0.01899112385378343  0.02959200602610442
  0.04116194560008863  0.05318523098075631  0.06466427324455597  0.07555311594554916
  0.08614691456192294  0.09689827794289162  0.10819258714671234  0.11975597975211562
  0.13082856438211973  0.14142915060382036  0.15130479906908034  0.16077921779670901
  0.16972893599374828  0.17865945584223772  0.18798644084612892  0.19810523377695166
  0.20890783680224653  0.21970478859406120  0.23046723416745399  0.24147535445410723
  0.25255351152996514  0.26332601975035896  0.27384377916469554  0.28455263680648252
  0.29534971161936441  0.30623972089365259  0.31753018994973570  0.32884486444843697
  0.33996024279455517  0.35097024200080917  0.36201002256569409  0.37307127027288045
  0.38408255138966341  0.39463313463305272  0.40468739984335506  0.41457865699616314
  0.42466589941532162  0.43473501253152463  0.44487421835912860  0.45547709883132342
  0.46681282199550705  0.47836549695981528  0.48920357393259956  0.49930122872341054
  0.50982221496165658  0.52001434952943504  0.53051069885292745  0.54160471277785183
  0.55214051828665467  0.56204178640134173  0.57130523962162383  0.58087497288815315
  0.59101333804365730  0.60171250416649824  0.61293823842799300  0.62420502842121528
  0.63506479643886093  0.64595029692290118  0.65717271711777681  0.66860828982474507
  0.67986504307924511  0.69082201209651994  0.70175083569131047  0.71200923518057802
  0.72243022692436809  0.73354625320756239  0.74550780285879747  0.75697738508593870
  0.76768053651515133  0.77817428757588614  0.78836262251669675  0.79813536250619022
  0.80796184877612853  0.81817272993015444  0.82878446667338335  0.83960112834569822
  0.85028193854446077  0.86064619627900063  0.87079684479435437  0.88101551501480757
  0.89119889205089886  0.90099478578185532  0.91037980103540217  0.92026017755382561
  0.93115062027796991  0.94233408182421685  0.95297317535026316  0.96320909661384169
  0.97295225946927288  0.98259926750687177  0.99134644892917478  1.00000000000000000
 -0.00259307795291922  0.01045316853495724  0.02149856856644195  0.03272466933075563
  0.04402010827615441  0.05548962721837736  0.06639984818514051  0.07740254129452304
  0.08812798073930624  0.09900487716475605  0.10965384154320201  0.11995023875361471
  0.13002419474016624  0.13980578044464198  0.14953511760408486  0.15954811843220362
  0.16939469666256107  0.17915417708257986  0.18857114500366357  0.19779997173186520
  0.20737317083106208  0.21766651743844032  0.22818405061283240  0.23848044764407389
  0.24862062793925829  0.25910777223172166  0.26956606428094704  0.27939391087611959
  0.28889996932300244  0.29885338541923812  0.30881382483482034  0.31925503439739900
  0.32992206002748992  0.34123777209487488  0.35165336357280952  0.36233359716900398
  0.37314397810011080  0.38360240267972862  0.39409711630441574  0.40404129002011419
  0.41453800864210771  0.42546371096387214  0.43628282579452199  0.44698487269316417
  0.45764214830659750  0.46867140094323018  0.47999449047238013  0.49086823790148509
  0.50170099468638729  0.51273316870585284  0.52324149306002776  0.53343037712933061
  0.54346726624065977  0.55414795108889714  0.56474781986784572  0.57600243070565371
  0.58677289101922070  0.59788860111914555  0.60790903150823128  0.61814790034602396
  0.62833601606012579  0.63916035506363345  0.64999578150912907  0.66069830895422976
  0.67125915206396136  0.68214007322433412  0.69334518182460636  0.70449324721706252
  0.71512961337408476  0.72536540526876836  0.73537581914535288  0.74483618917083505
  0.75380444156727422  0.76257216650691728  0.77076387358787257  0.78061498792058492
  0.79111858552627357  0.80244238574636895  0.81390574077943045  0.82490903184249453
  0.83606738326408614  0.84730462209745971  0.85809239621354760  0.86843910192763785
  0.87873262118743123  0.88988167475894164  0.90130697176590424  0.91302015578768125
  0.92482335856045661  0.93652091122460945  0.94734705499315242  0.95815806940022230
  0.96897192494084328  0.97973233641064206  0.98992999953741834  1.00000000000000000
 -0.00153685857077773  0.00900303506088728  0.01862498818790677  0.02962261015454551
  0.04032031312733080  0.05126071388170446  0.06256083134670722  0.07407934295383722
  0.08586752455368404  0.09741931554056918  0.10920491246988046  0.12134469530329868
  0.13380259951853388  0.14613232143966676  0.15773542204386068  0.16877857388447162
  0.17898313983045300  0.18848032461481262  0.19814370420166977  0.20864466908672558
  0.22108554950669917  0.23387264066551738  0.24659644572336223  0.25881193295686189
  0.27046213531070212  0.28175875935418443  0.29281766527068531  0.30402918044329208
  0.31552442911459699  0.32734476446533800  0.33832614234390396  0.34850116972670209
  0.35858733474225257  0.36920173131652179  0.37936437763198261  0.38885288383331490
  0.39856097249021533  0.40922407884850326  0.42084826792451996  0.43224367201983982
  0.44291922570959846  0.45328652581606571  0.46365717033577253  0.47409945582804081
  0.48391804839474450  0.49364831118111563  0.50335588366023720  0.51333063633134379
  0.52339487475845503  0.53357536876087031  0.54374922889047117  0.55377204848292449
  0.56385368015226967  0.57383594898468604  0.58410939851511090  0.59371370811930091
  0.60353913114592594  0.61278825666062986  0.62203587385995307  0.63158455727127016
  0.64135747698232404  0.65154526595079554  0.66182619386150354  0.67245949536273442
  0.68231503724820997  0.69193510227643507  0.70122127548989810  0.71091907183190173
  0.72031982536824912  0.72988665241124173  0.74003096716569550  0.75090857751269724
  0.76242113174082093  0.77429001313538637  0.78620817225214001  0.79779290555028415
  0.80880961367209081  0.81980852727906317  0.83020301368004634  0.84013132785514655
  0.84957922932635077  0.85896495380988436  0.86832408646763903  0.87805370947672468
  0.88767915464527869  0.89702530241276202  0.90620618944354181  0.91562480608703112
  0.92567388790916694  0.93640140925722082  0.94719842973098778  0.95810294973745569
  0.96870679238802171  0.97924394723208064  0.98975610050205642  1.00000000000000000
 -0.00212473150513277  0.00883414122976232  0.01858927414064053  0.03002385539015277
  0.04197716620981244  0.05346239130732861  0.06467166673911612  0.07610590189416039
  0.08752581477393469  0.09925759421333794  0.11092287899400105  0.12284767491217587
  0.13392398386236742  0.14471499517918332  0.15519029492061812  0.16612675513780323
  0.17746297304806652  0.18822623542849887  0.19881442911785646  0.20911952994847494
  0.21945335773037758  0.22975645324930632  0.24026570115623025  0.25108936582221114
  0.26145764018238793  0.27152146781120906  0.28142873497239868  0.29169598945238456
  0.30320575958742091  0.31441432438107941  0.32584366287286659  0.33632063369931126
  0.34661415835580023  0.35703227501752943  0.36752465571504650  0.37799712163712912
  0.38796037087711954  0.39718274604579562  0.40578247733952999  0.41407448418141946
  0.42319221856120598  0.43263331734018734  0.44319553995172822  0.45411780848906497
  0.46511315103597384  0.47552745081836156  0.48611771032647028  0.49680232990700068
  0.50774781778198808  0.51899345157566967  0.52974131176742867  0.54050066897277282
  0.55141064708658616  0.56284237693714745  0.57441006266664341  0.58541770842432717
  0.59539108935364782  0.60513454317688009  0.61490987169027633  0.62486757572815410
  0.63526652823696506  0.64595314444120355  0.65671847826032592  0.66751529759077444
  0.67814807513530539  0.68875761606493180  0.69883901962093276  0.70859398384154315
  0.71829739974651086  0.72778585898241188  0.73756010315262321  0.74816885379818054
  0.75948864646184711  0.77119961040116858  0.78210766787294617  0.79271846781157540
  0.80353769228570149  0.81417603627102175  0.82445683627745903  0.83466637505151986
  0.84463683216948438  0.85450534086961549  0.86403696785534911  0.87349136923658421
  0.88292259199302547  0.89279068328752231  0.90308070874549251  0.91365354597362269
  0.92388339824617782  0.93416341106723455  0.94534868757801505  0.95671239029140576
  0.96746532117362194  0.97829234035376422  0.98880294329927210  1.00000000000000000
 -0.00226026665530400  0.00954503621656480  0.01974626545681308  0.02966710715143017
  0.04015673124532962  0.05034593367700260  0.06043068443786636  0.07029355677644525
  0.08033881879437303  0.09107431417254064  0.10191470317206638  0.11271349410015026
  0.12320911558799266  0.13461235038179689  0.14600868429532010  0.15757534632095418
  0.16893370230007398  0.18075232418167839  0.19230746640154422  0.20292891213287728
  0.21305794224491223  0.22296411791981488  0.23271313714699868  0.24238791754074315
  0.25222148986472548  0.26196072000142478  0.27179664185860702  0.28194188555938232
  0.29270469223328416  0.30380302275860505  0.31489528870128108  0.32595917622530890
  0.33693417624711341  0.34785251452362587  0.35881145387608415  0.36975429402285959
  0.38057875796100910  0.39133407964037709  0.40217701183666837  0.41296348191941590
  0.42328078000307079  0.43339563213439297  0.44415214145504894  0.45547886570989571
  0.46681602386880727  0.47781251664520424  0.48840421508276582  0.49858195997693400
  0.50845693852729712  0.51875221611159472  0.52935695402440497  0.53995176665138822
  0.55039106578459052  0.56053545205638156  0.57069495968665307  0.58073404212871060
  0.59055365212006961  0.60112922742511199  0.61245500801013886  0.62357474110380096
  0.63477727879819890  0.64610194186253200  0.65720618818403564  0.66736293364642763
  0.67736468137053674  0.68774106655512179  0.69803473153430828  0.70836935495750752
  0.71911008599314619  0.72999744646123499  0.74062448224003929  0.75092840850065268
  0.76156694655919777  0.77284805443343518  0.78442289168346624  0.79604455857250489
  0.80744613714540359  0.81836326417729965  0.82939015504564861  0.84031378867969797
  0.85107981515341524  0.86170937920425517  0.87237090070016010  0.88335909332736262
  0.89418450430103713  0.90487175625485472  0.91575413490362889  0.92584981744782557
  0.93604194174725486  0.94560511178830520  0.95539078744413197  0.96462402785592372
  0.97297943961846733  0.98127061945208727  0.99004677419102050  1.00000000000000000
 -0.02967358463522999  0.17277512748390120  0.19173618826650621  0.20415887722167625
  0.21494325447715168  0.22427146297924916  0.23358532052842734  0.24362925398770802
  0.25371387622720182  0.26367888586010224  0.27377665490008274  0.28345855592652319
  0.29325486159734482  0.30291811276356329  0.31214411743247772  0.32100267134756577
  0.32971477518256953  0.33881185700236693  0.34847047587535079  0.35857583848119962
  0.36880781366636300  0.37853420948001726  0.38782511604232339  0.39682668686509931
  0.40577934494715984  0.41484446359574700  0.42390381252650222  0.43324794709878472
  0.44224096811373914  0.45118268972748143  0.45979288593806800  0.46850848986888322
  0.47734989299772396  0.48602527393772704  0.49451737248975508  0.50295976021781053
  0.51144907725126998  0.52005693415136989  0.52859561123963505  0.53695702524366629
  0.54514341538089850  0.55307024466960630  0.56078993168349001  0.56841777417098993
  0.57588077686097550  0.58352211232781326  0.59115841865801921  0.59874484726737165
  0.60655675135344189  0.61440657081088490  0.62207535610002218  0.62960923240429467
  0.63728762664676808  0.64527161957906864  0.65334131156143072  0.66124104793039429
  0.66899944860872496  0.67660149200883324  0.68408336535856695  0.69159460984616150
  0.69927056999879611  0.70705547736834307  0.71464508038299113  0.72227198237319934
  0.72991069511546847  0.73760445648278528  0.74472179217904766  0.75173952563952939
  0.75854807351265363  0.76557687750937442  0.77299252788963257  0.78064968022917669
  0.78849226256153493  0.79660383521389933  0.80483720153106741  0.81289146197599416
  0.82012313211246912  0.82751115246710227  0.83506349895120713  0.84299690999856425
  0.85086871311125967  0.85862829838164967  0.86618158754766450  0.87364493336842686
  0.88110055710712420  0.88838882899891769  0.89578994642757270  0.90356254789331980
  0.91156394618621472  0.91997989640900135  0.92888504239418768  0.93812859209353916
  0.94848847951397186  0.96006172640354659  0.97601094017363421  1.00000000000000000
 -0.02155907709908822  0.13734473278247930  0.18961933393850428  0.22619548306835191
  0.25495469276354865  0.27895615408677626  0.30096165146367854  0.32047050710128777
  0.33778432442562489  0.35353954844697738  0.36751891131054082  0.38094599285523301
  0.39364910848567641  0.40559163359487810  0.41743409774784201  0.42987111187028532
  0.44161218161225152  0.45240561399274876  0.46224823706164542  0.47194499656448335
  0.48144571383181334  0.49062580235405828  0.49946969593962864  0.50801988022082945
  0.51624837784047972  0.52430331904763305  0.53210781836635079  0.53978178641589514
  0.54734558697279323  0.55471124110376813  0.56181829333414723  0.56884384694664292
  0.57582762192627002  0.58288101140038628  0.58980521077184789  0.59655821092426886
  0.60321833485203502  0.60963883626527471  0.61578237798522184  0.62172732137658493
  0.62761015292706313  0.63331460657521832  0.63881836771929934  0.64414038421010156
  0.64937968386134359  0.65482946279457166  0.66040379701585028  0.66562997057262496
  0.67034217473233526  0.67478106826108741  0.67910121563803971  0.68363792492160913
  0.68837199393087012  0.69284336259101220  0.69738199041036875  0.70208084668708337
  0.70689166358488775  0.71183574500037072  0.71674402722985542  0.72151741988579621
  0.72618872854089489  0.73073767574852599  0.73525823710650529  0.73986332765117990
  0.74454843761286882  0.74930739411334524  0.75426202251883767  0.75927825318432784
  0.76439301456148956  0.76955540842486614  0.77464069494469934  0.77962367998097015
  0.78449557959743543  0.78924488263708448  0.79407584502868744  0.79924206907032602
  0.80433193475655473  0.80937305603724652  0.81458503039784047  0.81994287274603894
  0.82545227440572577  0.83094660350741123  0.83653695287977103  0.84247660863237384
  0.84865691537823529  0.85532304296315331  0.86275688845739418  0.87063424748504759
  0.87876527512382530  0.88725355072480883  0.89569937048684545  0.90550660162089947
  0.91536125916689859  0.92891976527399001  0.94830437894992969  1.00000000000000000
   4.6084659676548525E-019  -1.0000000000000000     
 T T T T T T T T T T T T T T T T T T T T T F T T T T F T T T T T T T T T T F T T T T F T T T T T T T T T T T T T T T T T T T T T T T T T T T T T T T T T T T T T T T T T T F T T T T F T T T T T T T T T T F T T T T F T T T T T T T T T T T T T T T T T T T T T
  <DiscreteSampler_grid>
  grouped_processes
  1 # 1 for a reference and 2 for a running grid.
  10 # Attribute 'min_bin_probing_points' of the grid.
  1 # Attribute 'grid_mode' of the grid. 1=='default',2=='initialization'
  0.0000000000000000 # Attribute 'small_contrib_threshold' of the grid.
  0.5000000000000000 # Attribute 'damping_power' of the grid.
 # binID   n_entries weight   weight_sqr   abs_weight
    10   10   1.864329577200154E-007   1.147554617521062E-013   1.864329577200154E-007
    11   10   1.864329577200155E-007   1.147554617521064E-013   1.864329577200155E-007
    16   10   1.864329577200153E-007   1.147554617521062E-013   1.864329577200153E-007
    17   10   1.864329577200156E-007   1.147554617521065E-013   1.864329577200156E-007
    22   10   1.864329577200153E-007   1.147554617521062E-013   1.864329577200153E-007
    23   10   1.864329577200155E-007   1.147554617521064E-013   1.864329577200155E-007
    28   10   1.864329577200153E-007   1.147554617521061E-013   1.864329577200153E-007
    29   10   1.864329577200155E-007   1.147554617521064E-013   1.864329577200155E-007
  </DiscreteSampler_grid>
