  0.00191740485047533  0.00194635279628655  0.00198582814492797  0.00202507722893279
  0.00206319577917695  0.00210356506375503  0.00214520692920973  0.00218849288830540
  0.00223660771674642  0.00228816635928011  0.00234065423700153  0.00239374281045975
  0.00244600497381865  0.00249982757530444  0.00255581180856971  0.00261677277454587
  0.00268172477489037  0.00274599494865562  0.00281049033199592  0.00287457851381148
  0.00293891660011591  0.00300657280012122  0.00307696644670752  0.00314951828371687
  0.00322429146678236  0.00330082663371347  0.00337959525843328  0.00346242485589222
  0.00354880022701717  0.00363521077871708  0.00372531155212180  0.00381778601131997
  0.00391228214471951  0.00401053136005959  0.00411335945914742  0.00422093897694806
  0.00433532158566143  0.00445302891470124  0.00457666333728280  0.00470641735635241
  0.00483955930639215  0.00497502361444349  0.00511318635002602  0.00525527325257286
  0.00540306296912702  0.00555655311655167  0.00571791273649097  0.00588614203610034
  0.00606620397184574  0.00625000601796184  0.00644933012810690  0.00664647731058368
  0.00685069224155199  0.00705820911524738  0.00726922802426821  0.00749638412689969
  0.00774620886432934  0.00801193979384283  0.00829176559967733  0.00858298225707070
  0.00888870539004991  0.00920755095851454  0.00954214678271909  0.00989871999804317
  0.01026965672727618  0.01067875666539608  0.01111732908974637  0.01158587823129583
  0.01209906869366496  0.01264378090173870  0.01323748684892171  0.01387621309583781
  0.01457678177634781  0.01532271646981436  0.01611160937935648  0.01692994534179664
  0.01780488234284871  0.01876677077591813  0.01984173481678570  0.02104377327229067
  0.02236234635268400  0.02387304994390402  0.02558782591973656  0.02748196179634753
  0.02964722276096382  0.03220784974539098  0.03532638239254744  0.03916917018582331
  0.04383912410508269  0.04950821467600550  0.05670509981895779  0.06661248860943879
  0.08118199088533989  0.10638788554385140  0.17870354075326494  1.00000000000000000
  0.00418638651910915  0.00525356463118055  0.00595105008389227  0.00661376915307287
  0.00728482173178332  0.00800355964558685  0.00879066140612026  0.00956078438257520
  0.01032269426663593  0.01112869538541347  0.01197382522982742  0.01283533785912006
  0.01373874547196015  0.01471711632719558  0.01574653300296780  0.01684794688239924
  0.01802124602873259  0.01923652427229848  0.02048953896636081  0.02181117151026927
  0.02319616475055098  0.02461250845143421  0.02606792924671745  0.02757464381877479
  0.02913259708858627  0.03076868849259938  0.03248879663579518  0.03430394317971044
  0.03613303207700400  0.03796866385766816  0.03988705966354724  0.04198504167018535
  0.04412699882103976  0.04644802955783781  0.04882423643591507  0.05137982748670826
  0.05396791058454935  0.05664033905049626  0.05943097667836672  0.06224420078841157
  0.06512146097613987  0.06816348048548661  0.07132298865875751  0.07453791988443237
  0.07773223020871309  0.08103321752392424  0.08455149663012201  0.08821662832264854
  0.09199032774881863  0.09584799840841102  0.09979375770399469  0.10379338324897684
  0.10783622269026170  0.11199233223041753  0.11642367066419418  0.12116753265026371
  0.12607650550095884  0.13108343917767726  0.13639461864599151  0.14198448622756962
  0.14787436079487565  0.15409814003807509  0.16050737544134244  0.16718421656119692
  0.17396822819363908  0.18107861647197629  0.18866646182253510  0.19673471420408123
  0.20516433796314595  0.21397195608762490  0.22322966259069296  0.23290339975500554
  0.24277896081987427  0.25285275635993359  0.26347504248998749  0.27488503984411117
  0.28728389206458516  0.30007856592449628  0.31342855879422099  0.32705260331103625
  0.34202608090681907  0.35875504331814789  0.37726909174228257  0.39717320640731119
  0.41855314801933469  0.44118557917648193  0.46662204721903250  0.49605324886044305
  0.52750714692997702  0.56026136331253118  0.59665395555761069  0.63815608960900005
  0.68980998693019291  0.75359228630595076  0.84694289172120596  1.00000000000000000
 -0.00197571086288135  0.00812814472130648  0.01793876252005656  0.02820155362887659
  0.03883560907783307  0.04954556940547494  0.06028734091535402  0.07122239006131545
  0.08194009837327888  0.09235909180010839  0.10257496769333457  0.11284006749481026
  0.12337184499822060  0.13426529223054331  0.14532475149195667  0.15620406631192407
  0.16693730580268482  0.17739392739343054  0.18750696535604064  0.19775144208037856
  0.20792376054952158  0.21869805103824458  0.22954520681337240  0.24011474842626124
  0.25055034567947931  0.26068297282840319  0.27086842783456927  0.28080052090962232
  0.29099113046038511  0.30129902588611068  0.31130616526074589  0.32124764288928020
  0.33176989342607843  0.34255719285990160  0.35329430375108856  0.36350344413231100
  0.37372022883907202  0.38399167773576398  0.39479083017787509  0.40590664408300253
  0.41700428003258500  0.42769556962644378  0.43764408047744618  0.44764498444050849
  0.45785873171490277  0.46835301907903054  0.47881604645471221  0.48916422258580516
  0.50000171635256951  0.51117305587904172  0.52261219668021119  0.53364165417801124
  0.54466174988196925  0.55509342042448639  0.56517077898942125  0.57488861100635336
  0.58484880624336077  0.59525636797772019  0.60596934809827530  0.61681622177647544
  0.62773847057007270  0.63857823338631226  0.64954201280136614  0.66064577962619508
  0.67166055661565560  0.68244926615700863  0.69315909931230901  0.70387158954584239
  0.71426717637743087  0.72430500971057621  0.73401574320952268  0.74354228188899518
  0.75365742590125251  0.76386426514300987  0.77428214276063512  0.78453665321862143
  0.79470779519702828  0.80541104760789584  0.81575874916476399  0.82627502635830552
  0.83707555102078757  0.84797382111325825  0.85878890611973280  0.86930534816217897
  0.88034161217030227  0.89130969446342234  0.90200617889883949  0.91254259476427746
  0.92324842861085754  0.93457469126787229  0.94596499001939316  0.95677502994811425
  0.96739226493164010  0.97790579469270456  0.98896884419684672  1.00000000000000000
 -0.00232204141500441  0.00934614413596277  0.01957658984199492  0.03027014342531672
  0.04049271135066345  0.05053072226904366  0.06033609822614633  0.07031651177613249
  0.08029323246167117  0.09055113282942316  0.10100031838524479  0.11163521861329155
  0.12241207936308787  0.13297095067305603  0.14378385615469569  0.15490661838584208
  0.16606993241598300  0.17692646516266375  0.18789163662919053  0.19871257689233923
  0.20924429632109198  0.21907698092145608  0.22890547735491956  0.23885406283973337
  0.24898114757611223  0.25932365900210003  0.26985373152701803  0.28055927272336018
  0.29107964137693515  0.30176053794236096  0.31247229640552637  0.32329472135221682
  0.33429544139464512  0.34550795934023487  0.35697336688651854  0.36827879372628852
  0.37947975968572795  0.39064361737098641  0.40195365627245500  0.41364513106108280
  0.42535233087908397  0.43667643155956914  0.44772677242760567  0.45834935799565812
  0.46869935097468507  0.47896383395027209  0.48952720560625340  0.50023445232772557
  0.51065622815277945  0.52089499585776433  0.53131812785118926  0.54175613080658291
  0.55239859423734006  0.56308053750665088  0.57363242471067222  0.58401552609710217
  0.59408040761381564  0.60450545803046452  0.61477427767630977  0.62522549014986661
  0.63602944194924638  0.64701808095418845  0.65753520009752420  0.66741872490203080
  0.67743585014832197  0.68729921870196276  0.69752027081842827  0.70754679229063777
  0.71841781449504061  0.72954924124945797  0.74057264199522266  0.75153527010090149
  0.76237314982245574  0.77332946341309927  0.78364009866795503  0.79402853915357252
  0.80448940600190910  0.81532077879878950  0.82628516317840628  0.83663676859341385
  0.84647809293075460  0.85621533110416703  0.86619324384151231  0.87658685853416007
  0.88724379870682069  0.89742777654972106  0.90761910716769179  0.91747046779601260
  0.92705969436393432  0.93666804214840360  0.94652321175816967  0.95694497814509250
  0.96723785415775032  0.97796951797332432  0.98893616454216537  1.00000000000000000
 -0.00234459397920971  0.00949364179896315  0.01907296519143023  0.02917354519505493
  0.03909826158295443  0.04946351830751197  0.06007287315236036  0.07100267956133557
  0.08219011897360734  0.09337880364063525  0.10449960442588123  0.11460983965663187
  0.12469154107224201  0.13473459680653299  0.14567206445671180  0.15683795556220373
  0.16779417058643714  0.17834056781706986  0.18884268536549922  0.19928056195006094
  0.20979116855446348  0.22035610173757025  0.23094179393220290  0.24151075502160971
  0.25177826713869833  0.26137595171277572  0.27082830972418115  0.28047663608695717
  0.29034710459808227  0.30037179444904427  0.31048656413482650  0.32116633588726123
  0.33236519039910023  0.34380048410798125  0.35532657686481117  0.36662706837598846
  0.37772602360275592  0.38880331687503272  0.39955102582700391  0.40992471138304559
  0.42032257317928762  0.43110879653937184  0.44191358123177232  0.45272556799619829
  0.46396405951517861  0.47485597499654553  0.48520783770033155  0.49528046695166217
  0.50597316964399330  0.51663053491199040  0.52676166926483192  0.53656070826762137
  0.54618825671782556  0.55595839439827677  0.56614053812772303  0.57652174633746567
  0.58736550345117544  0.59821901285296275  0.60921585538832845  0.61998493696899903
  0.63059349833870548  0.64136416670826546  0.65253041081405228  0.66361397194988592
  0.67414053746830482  0.68395256835465335  0.69343569557564066  0.70295056527369737
  0.71272997359378343  0.72296000607912625  0.73315416238367404  0.74364644139198577
  0.75443132045196482  0.76550508605457634  0.77633883433242323  0.78692369050774247
  0.79708360231133102  0.80718240611211500  0.81716063938301009  0.82724924735091165
  0.83774741411435938  0.84862384601687169  0.85944993772107658  0.86994693421267688
  0.88029710415264073  0.89076825029568962  0.90143323221444649  0.91234543481812136
  0.92318957467800111  0.93390367358211546  0.94489403875174449  0.95647690773392069
  0.96815381498063868  0.97928472435306979  0.98979962580283010  1.00000000000000000
 -0.00231412107147971  0.00931190222796210  0.01923263853119419  0.02951216035181620
  0.03977504911134230  0.05039325306966583  0.06127777340911614  0.07225562623452214
  0.08293964174297498  0.09374931884595790  0.10458000280029366  0.11526024290962388
  0.12572184952478266  0.13610574370082865  0.14666453096887919  0.15717744662506244
  0.16793157688110846  0.17860140116142723  0.18925415365880541  0.19989633500343687
  0.21073735911598404  0.22192442849035049  0.23331508296511935  0.24437591799096361
  0.25510211573936470  0.26556643057457646  0.27578065643594724  0.28587077361002478
  0.29597534664146130  0.30619085222143627  0.31652464720696616  0.32675391501017464
  0.33730496508297070  0.34753281232591027  0.35773827962772653  0.36798341664693607
  0.37872297554124795  0.38936938702523188  0.39960586362060435  0.40926846412312329
  0.41908891315973668  0.42910187535373923  0.43953134191145754  0.45003836398247588
  0.46075517898607843  0.47191995926530161  0.48248886019752213  0.49297520831487640
  0.50330273745431087  0.51425119657697471  0.52483351545747792  0.53572313000560778
  0.54662945520438888  0.55761896297835944  0.56857527058375135  0.57937705043899212
  0.59013222988989689  0.60066081800989324  0.61124796908192980  0.62190197791924284
  0.63266651618995029  0.64367577167592027  0.65491351650694185  0.66615952708417003
  0.67711804389601915  0.68785467069646045  0.69839386384793078  0.70900694847716428
  0.71916414276681340  0.72947300593191111  0.73974194425779527  0.74984097836979413
  0.76000823257563088  0.77023536448043362  0.78083380173827432  0.79115010458962054
  0.80139705031084418  0.81153024951281905  0.82133040868057572  0.83105342194011700
  0.84100918276427794  0.85148289785625642  0.86229540112805381  0.87295065729336208
  0.88360020186111421  0.89414843280470291  0.90485247479562170  0.91539395891437736
  0.92581639868774601  0.93591290937685556  0.94590807745583816  0.95596210697128148
  0.96625925246248467  0.97693728528139567  0.98834822997943073  1.00000000000000000
 -0.00221225073007497  0.00937353336461096  0.01971647815468931  0.03011509546647224
  0.04083200782979660  0.05116415967606057  0.06162725200394002  0.07207116522880108
  0.08284904886143123  0.09369481997521080  0.10425402809360933  0.11520673601284138
  0.12609254926304969  0.13715868245885354  0.14842387178059005  0.15955737882588708
  0.17029937702167125  0.18110266276617817  0.19198928550956529  0.20288530239841579
  0.21344879778347498  0.22412468612443118  0.23479127212807865  0.24535688360656385
  0.25584013879051209  0.26600552451155079  0.27593471565926414  0.28577021123730373
  0.29608421283218911  0.30681164591741766  0.31759141188782597  0.32813664585010849
  0.33877944594879783  0.34958624264272087  0.36060978320437570  0.37159747871353077
  0.38227703937220109  0.39283982773718074  0.40355132135735855  0.41453776926758412
  0.42549900787119621  0.43625260555838219  0.44648922217786535  0.45613835827420901
  0.46577691139596078  0.47551205101343452  0.48568042877813655  0.49591114145923382
  0.50642669892475756  0.51676915290550529  0.52711732983830251  0.53756535930263771
  0.54820802550994197  0.55886604434070719  0.56943572067992754  0.58017257699852176
  0.59080002620414662  0.60124150334467596  0.61163316100789045  0.62214195726888011
  0.63284919469433176  0.64364522050077944  0.65460014675077882  0.66548329736164769
  0.67594710341176600  0.68628660672479680  0.69651633859835649  0.70675975144296799
  0.71680402064332882  0.72680426849192559  0.73713144495558558  0.74771920323676522
  0.75855691451509011  0.76938330140956845  0.78032036126846060  0.79128927545031302
  0.80220799003253329  0.81319917085257809  0.82417154098442935  0.83508902551413311
  0.84578835938683283  0.85623548891505996  0.86667320022783179  0.87707873693298799
  0.88733004090174650  0.89747838660848911  0.90790162223701776  0.91838781341966602
  0.92883816227288329  0.93927990973378928  0.94966688521246034  0.95964994256213187
  0.96941956343739866  0.97907676550798572  0.98950249976158533  1.00000000000000000
 -0.00252311610893391  0.01017649937858984  0.02021806081417291  0.03092077981828119
  0.04107234594161636  0.05184395303635999  0.06279395880066421  0.07422252916122961
  0.08566641931775976  0.09710533324126353  0.10816029050997208  0.11909833869722077
  0.12956759072654861  0.14028195512520447  0.15056252255181049  0.16092507340457354
  0.17100603821800070  0.18148228628967000  0.19251623271994309  0.20382446418963626
  0.21475692021807830  0.22483187654232870  0.23511681492911524  0.24577480374312186
  0.25663556014847055  0.26736221300684004  0.27756538324315061  0.28785093769500819
  0.29810630456694931  0.30792611359415617  0.31757844744956920  0.32739482218049704
  0.33731250950423453  0.34777128911567134  0.35843365641995584  0.36951400555281760
  0.38044708349404499  0.39116884831590792  0.40163548391504467  0.41199672912640273
  0.42239880926038803  0.43309449556938556  0.44377247587679591  0.45456553859024473
  0.46537514100436561  0.47622343971028064  0.48661491131470525  0.49673489755461953
  0.50699979245324744  0.51747729874418424  0.52781859411979259  0.53802063093993646
  0.54826413052647516  0.55855522469465069  0.56877908274171129  0.57915439505663635
  0.58984952553379943  0.60081868257427873  0.61161456823920946  0.62226790088127737
  0.63263281999289034  0.64289765706406676  0.65301161734457114  0.66367781445787055
  0.67489081836843201  0.68672720366177953  0.69815882483261948  0.70926595721229191
  0.71983756926774234  0.73018858229639538  0.74060760031983675  0.75070677744168279
  0.76068965255053833  0.77085645607356101  0.78165165139731618  0.79257144562452853
  0.80322876959376022  0.81367105514624716  0.82409463037647157  0.83484187490935835
  0.84561037900666169  0.85644885340652532  0.86677395664263956  0.87677675478949368
  0.88683371988524107  0.89709249215999765  0.90681883364372540  0.91666320721035810
  0.92683231085707685  0.93737141704729654  0.94752187752913031  0.95750819633888240
  0.96778158581789586  0.97829414030174300  0.98901036013918620  1.00000000000000000
   2.5990246625084506E-012  -1.0000000000000000     
 T T T T T T T T T T T T T T T T T T T T T T T T T T T T T T T T T T T T T T T T T T T T T T T T
